0 0.3154296875 0.5576171875 0.1064453125 0.1044921875
2 0.9013671875 0.1884765625 0.0966796875 0.1279296875
2 0.6826171875 0.216796875 0.0966796875 0.1201171875
2 0.2392578125 0.806640625 0.111328125 0.15625
0 0.103515625 0.1845703125 0.0888671875 0.111328125
2 0.5068359375 0.884765625 0.095703125 0.109375
2 0.498046875 0.6943359375 0.1044921875 0.0986328125
2 0.779296875 0.7236328125 0.091796875 0.109375
0 0.666015625 0.7119140625 0.0966796875 0.119140625
2 0.298828125 0.142578125 0.107421875 0.095703125
2 0.05859375 0.923828125 0.09375 0.123046875
0 0.740234375 0.8896484375 0.09375 0.1279296875
2 0.912109375 0.517578125 0.0888671875 0.1064453125
0 0.708984375 0.4873046875 0.103515625 0.119140625
2 0.482421875 0.4931640625 0.09375 0.1015625
2 0.154296875 0.5390625 0.0908203125 0.0966796875
2 0.1318359375 0.365234375 0.0830078125 0.103515625
2 0.876953125 0.92578125 0.078125 0.0986328125
2 0.47265625 0.26171875 0.1298828125 0.1142578125
2 0.2958984375 0.337890625 0.09375 0.126953125