0 0.654296875 0.513671875 0.0986328125 0.123046875
2 0.615234375 0.73046875 0.1201171875 0.150390625
0 0.8984375 0.552734375 0.1142578125 0.111328125
0 0.103515625 0.30859375 0.1044921875 0.107421875
0 0.7294921875 0.10546875 0.1201171875 0.1328125
2 0.419921875 0.8671875 0.0888671875 0.107421875
2 0.0966796875 0.115234375 0.109375 0.1298828125
0 0.15625 0.8349609375 0.109375 0.107421875
2 0.5546875 0.107421875 0.109375 0.1201171875
0 0.4404296875 0.6650390625 0.134765625 0.1279296875
0 0.7333984375 0.34765625 0.09375 0.0986328125
2 0.3955078125 0.3955078125 0.109375 0.1201171875
2 0.3662109375 0.1796875 0.095703125 0.1328125
0 0.2158203125 0.6357421875 0.1064453125 0.1044921875
2 0.8740234375 0.853515625 0.099609375 0.111328125
2 0.5615234375 0.306640625 0.0986328125 0.1064453125
0 0.2255859375 0.443359375 0.1044921875 0.1484375
0 0.2529296875 0.1494140625 0.0986328125 0.1533203125
2 0.873046875 0.1796875 0.078125 0.1220703125
0 0.908203125 0.376953125 0.1123046875 0.115234375