0 0.947265625 0.5908203125 0.1044921875 0.1298828125
0 0.9658203125 0.7744140625 0.068359375 0.1171875
2 0.07421875 0.541015625 0.1220703125 0.1640625
2 0.73046875 0.470703125 0.125 0.130859375
0 0.0615234375 0.26953125 0.123046875 0.154296875
0 0.89453125 0.2666015625 0.126953125 0.123046875
2 0.5556640625 0.7724609375 0.1142578125 0.123046875
0 0.8271484375 0.0732421875 0.1201171875 0.1328125
0 0.32421875 0.6298828125 0.1201171875 0.1611328125
2 0.2109375 0.8330078125 0.115234375 0.150390625
0 0.4228515625 0.923828125 0.103515625 0.1171875
2 0.6650390625 0.07421875 0.123046875 0.1142578125
2 0.72265625 0.2724609375 0.1064453125 0.1123046875
2 0.2041015625 0.1943359375 0.111328125 0.1484375
0 0.8408203125 0.8662109375 0.1220703125 0.138671875
2 0.31640625 0.4228515625 0.109375 0.125
2 0.7392578125 0.697265625 0.099609375 0.1044921875
2 0.5068359375 0.568359375 0.126953125 0.1171875
0 0.544921875 0.26171875 0.1201171875 0.130859375