2 0.7060546875 0.552734375 0.1044921875 0.130859375
2 0.826171875 0.759765625 0.111328125 0.1220703125
0 0.0673828125 0.3798828125 0.111328125 0.111328125
0 0.2451171875 0.466796875 0.095703125 0.1015625
2 0.41015625 0.15234375 0.095703125 0.1357421875
0 0.912109375 0.1240234375 0.1064453125 0.150390625
2 0.068359375 0.560546875 0.109375 0.109375
2 0.3828125 0.646484375 0.0830078125 0.123046875
2 0.6796875 0.3427734375 0.095703125 0.1015625
2 0.103515625 0.771484375 0.099609375 0.134765625
2 0.216796875 0.6826171875 0.119140625 0.1220703125
2 0.072265625 0.130859375 0.1142578125 0.140625
0 0.69140625 0.1025390625 0.107421875 0.111328125
0 0.6904296875 0.779296875 0.09375 0.1357421875
2 0.3916015625 0.9150390625 0.0986328125 0.126953125
0 0.203125 0.2900390625 0.107421875 0.119140625
2 0.240234375 0.892578125 0.0908203125 0.109375
2 0.5595703125 0.6943359375 0.091796875 0.1142578125
0 0.4189453125 0.3427734375 0.0986328125 0.123046875
0 0.873046875 0.5107421875 0.1015625 0.115234375