2 0.2978515625 0.56640625 0.1123046875 0.1376953125
2 0.193359375 0.7822265625 0.119140625 0.1298828125
0 0.923828125 0.349609375 0.119140625 0.119140625
0 0.751953125 0.4482421875 0.1015625 0.107421875
2 0.5654296875 0.146484375 0.103515625 0.142578125
0 0.0634765625 0.154296875 0.115234375 0.15625
2 0.9345703125 0.5302734375 0.1171875 0.1171875
2 0.626953125 0.638671875 0.0908203125 0.1298828125
2 0.310546875 0.3564453125 0.1015625 0.107421875
2 0.9140625 0.744140625 0.107421875 0.140625
2 0.794921875 0.662109375 0.126953125 0.1298828125
2 0.9013671875 0.1025390625 0.123046875 0.146484375
0 0.28125 0.1162109375 0.1142578125 0.119140625
0 0.3291015625 0.791015625 0.103515625 0.140625
2 0.6376953125 0.90625 0.107421875 0.1328125
0 0.78125 0.26953125 0.115234375 0.126953125
2 0.7861328125 0.873046875 0.0986328125 0.115234375
2 0.455078125 0.6982421875 0.099609375 0.1201171875
0 0.5703125 0.337890625 0.107421875 0.1298828125
0 0.1279296875 0.537109375 0.109375 0.1220703125