2 0.1396484375 0.716796875 0.1064453125 0.1171875
0 0.0927734375 0.208984375 0.1044921875 0.119140625
2 0.669921875 0.5751953125 0.0908203125 0.1435546875
0 0.9189453125 0.119140625 0.103515625 0.103515625
0 0.607421875 0.1240234375 0.1015625 0.1064453125
0 0.744140625 0.0791015625 0.09375 0.109375
2 0.9091796875 0.9091796875 0.099609375 0.1201171875
2 0.390625 0.1630859375 0.0888671875 0.109375
2 0.2431640625 0.1181640625 0.091796875 0.111328125
2 0.517578125 0.607421875 0.078125 0.119140625
2 0.404296875 0.890625 0.103515625 0.111328125
0 0.7333984375 0.7607421875 0.109375 0.1376953125
2 0.705078125 0.3330078125 0.095703125 0.1044921875
0 0.4404296875 0.42578125 0.091796875 0.1123046875
2 0.353515625 0.7001953125 0.1064453125 0.1171875
0 0.908203125 0.306640625 0.0966796875 0.1064453125
0 0.572265625 0.857421875 0.119140625 0.1142578125
0 0.1787109375 0.9013671875 0.0986328125 0.1015625
0 0.8525390625 0.5400390625 0.1142578125 0.125
2 0.166015625 0.388671875 0.0966796875 0.1142578125