0 0.521484375 0.9033203125 0.0966796875 0.107421875
0 0.611328125 0.130859375 0.0908203125 0.1298828125
2 0.892578125 0.3857421875 0.091796875 0.125
2 0.1416015625 0.171875 0.087890625 0.1015625
0 0.6611328125 0.6044921875 0.107421875 0.1328125
2 0.7265625 0.826171875 0.0986328125 0.125
0 0.4130859375 0.138671875 0.1064453125 0.1220703125
2 0.580078125 0.357421875 0.0966796875 0.119140625
2 0.130859375 0.65234375 0.09375 0.0986328125
2 0.4765625 0.7109375 0.0888671875 0.1142578125
2 0.1630859375 0.443359375 0.1015625 0.1142578125
0 0.3154296875 0.8359375 0.1044921875 0.1171875
2 0.931640625 0.66015625 0.083984375 0.1142578125
2 0.900390625 0.880859375 0.083984375 0.1279296875
2 0.1328125 0.9150390625 0.1064453125 0.1220703125
2 0.748046875 0.314453125 0.0830078125 0.103515625
2 0.7841796875 0.115234375 0.09375 0.111328125
2 0.9345703125 0.0966796875 0.107421875 0.107421875
0 0.318359375 0.548828125 0.134765625 0.125
0 0.3662109375 0.3359375 0.091796875 0.1220703125