0 0.58203125 0.0927734375 0.1015625 0.126953125
0 0.78125 0.119140625 0.0986328125 0.1044921875
2 0.91796875 0.8232421875 0.1015625 0.1142578125
2 0.2607421875 0.119140625 0.103515625 0.1044921875
0 0.1591796875 0.650390625 0.09375 0.119140625
0 0.8798828125 0.603515625 0.1201171875 0.1123046875
2 0.09375 0.1240234375 0.0908203125 0.111328125
0 0.48046875 0.396484375 0.115234375 0.1201171875
2 0.6474609375 0.51171875 0.0908203125 0.107421875
0 0.8125 0.3408203125 0.1064453125 0.125
2 0.087890625 0.837890625 0.0986328125 0.123046875
2 0.7099609375 0.869140625 0.09375 0.1015625
2 0.4990234375 0.7880859375 0.0986328125 0.123046875
0 0.1181640625 0.4013671875 0.1123046875 0.1220703125
2 0.451171875 0.109375 0.0908203125 0.1123046875
2 0.2607421875 0.419921875 0.0859375 0.1376953125
0 0.9501953125 0.083984375 0.099609375 0.1298828125
2 0.283203125 0.7919921875 0.0908203125 0.080078125
2 0.4140625 0.58984375 0.1015625 0.107421875
0 0.6494140625 0.3447265625 0.1064453125 0.0966796875