0 0.34375 0.5693359375 0.0888671875 0.1064453125
0 0.6650390625 0.8642578125 0.099609375 0.095703125
0 0.4296875 0.2666015625 0.103515625 0.126953125
0 0.0458984375 0.8720703125 0.091796875 0.107421875
2 0.279296875 0.078125 0.0908203125 0.1064453125
2 0.125 0.171875 0.0888671875 0.103515625
0 0.748046875 0.224609375 0.095703125 0.1201171875
2 0.1923828125 0.623046875 0.091796875 0.1201171875
2 0.330078125 0.8193359375 0.1123046875 0.138671875
2 0.787109375 0.416015625 0.099609375 0.109375
2 0.896484375 0.091796875 0.1142578125 0.109375
0 0.8623046875 0.66015625 0.119140625 0.111328125
2 0.517578125 0.8818359375 0.0859375 0.123046875
0 0.490234375 0.0849609375 0.095703125 0.1123046875
2 0.6708984375 0.671875 0.091796875 0.1279296875
2 0.537109375 0.59375 0.0859375 0.0859375
2 0.2099609375 0.3603515625 0.0966796875 0.1298828125
2 0.5810546875 0.3564453125 0.0966796875 0.1455078125
0 0.8720703125 0.853515625 0.103515625 0.150390625