0 0.751953125 0.8369140625 0.1142578125 0.1435546875
0 0.9033203125 0.6220703125 0.1123046875 0.1201171875
0 0.740234375 0.44140625 0.125 0.1435546875
0 0.892578125 0.400390625 0.1220703125 0.1328125
0 0.56640625 0.318359375 0.1220703125 0.1201171875
0 0.7158203125 0.1240234375 0.1044921875 0.1533203125
0 0.3291015625 0.2705078125 0.119140625 0.130859375
0 0.318359375 0.0771484375 0.115234375 0.125
0 0.1455078125 0.115234375 0.109375 0.140625
0 0.1748046875 0.560546875 0.107421875 0.138671875
0 0.390625 0.53515625 0.1044921875 0.1455078125
2 0.939453125 0.8701171875 0.1201171875 0.125
2 0.853515625 0.2177734375 0.103515625 0.138671875
2 0.7138671875 0.666015625 0.1220703125 0.126953125
2 0.5439453125 0.861328125 0.119140625 0.140625
2 0.388671875 0.88671875 0.130859375 0.1513671875
2 0.2421875 0.8232421875 0.099609375 0.1435546875
2 0.09765625 0.8330078125 0.095703125 0.140625
2 0.080078125 0.3505859375 0.1142578125 0.15625