0 0.9013671875 0.892578125 0.0986328125 0.1279296875
0 0.9501953125 0.677734375 0.099609375 0.1171875
2 0.0849609375 0.787109375 0.111328125 0.1123046875
2 0.5166015625 0.857421875 0.1044921875 0.0986328125
0 0.787109375 0.6640625 0.1044921875 0.1142578125
0 0.4560546875 0.658203125 0.0986328125 0.1142578125
0 0.287109375 0.138671875 0.109375 0.1123046875
2 0.0927734375 0.267578125 0.0966796875 0.095703125
2 0.658203125 0.67578125 0.0966796875 0.115234375
2 0.2626953125 0.783203125 0.0859375 0.0966796875
0 0.1611328125 0.607421875 0.099609375 0.119140625
2 0.4296875 0.4326171875 0.0888671875 0.1328125
0 0.626953125 0.166015625 0.0859375 0.1123046875
2 0.810546875 0.3349609375 0.0859375 0.1533203125
2 0.744140625 0.865234375 0.0908203125 0.0888671875
0 0.625 0.478515625 0.111328125 0.1123046875
2 0.291015625 0.3935546875 0.103515625 0.130859375
0 0.759765625 0.130859375 0.0888671875 0.1279296875
0 0.44140625 0.1904296875 0.1142578125 0.125
0 0.919921875 0.125 0.0986328125 0.107421875