0 0.0986328125 0.892578125 0.0986328125 0.1279296875
0 0.0498046875 0.677734375 0.099609375 0.1171875
2 0.9150390625 0.787109375 0.111328125 0.1123046875
2 0.4833984375 0.857421875 0.1044921875 0.0986328125
0 0.212890625 0.6640625 0.1044921875 0.1142578125
0 0.5439453125 0.658203125 0.0986328125 0.1142578125
0 0.712890625 0.138671875 0.109375 0.1123046875
2 0.9072265625 0.267578125 0.0966796875 0.095703125
2 0.341796875 0.67578125 0.0966796875 0.115234375
2 0.7373046875 0.783203125 0.0859375 0.0966796875
0 0.8388671875 0.607421875 0.099609375 0.119140625
2 0.5703125 0.4326171875 0.0888671875 0.1328125
0 0.373046875 0.166015625 0.0859375 0.1123046875
2 0.189453125 0.3349609375 0.0859375 0.1533203125
2 0.255859375 0.865234375 0.0908203125 0.0888671875
0 0.375 0.478515625 0.111328125 0.1123046875
2 0.708984375 0.3935546875 0.103515625 0.130859375
0 0.240234375 0.130859375 0.0888671875 0.1279296875
0 0.55859375 0.1904296875 0.1142578125 0.125
0 0.080078125 0.125 0.0986328125 0.107421875