0 0.8955078125 0.8369140625 0.0986328125 0.107421875
0 0.29296875 0.68359375 0.09375 0.1142578125
0 0.6484375 0.111328125 0.107421875 0.125
0 0.6064453125 0.560546875 0.095703125 0.1220703125
0 0.3876953125 0.3876953125 0.1044921875 0.103515625
2 0.5283203125 0.8544921875 0.1064453125 0.091796875
0 0.880859375 0.5771484375 0.103515625 0.1123046875
0 0.4638671875 0.205078125 0.091796875 0.119140625
0 0.068359375 0.5654296875 0.109375 0.1357421875
2 0.244140625 0.365234375 0.09375 0.1171875
2 0.4638671875 0.6103515625 0.123046875 0.130859375
0 0.271484375 0.1064453125 0.1015625 0.1171875
2 0.302734375 0.8583984375 0.080078125 0.125
0 0.587890625 0.3623046875 0.103515625 0.1044921875
2 0.7373046875 0.787109375 0.0966796875 0.1123046875
2 0.7919921875 0.068359375 0.09375 0.1298828125
2 0.119140625 0.134765625 0.1123046875 0.0888671875
2 0.0537109375 0.326171875 0.107421875 0.1142578125
2 0.134765625 0.8642578125 0.0888671875 0.0986328125