2 0.939453125 0.89453125 0.1015625 0.1015625
2 0.09765625 0.8740234375 0.0888671875 0.142578125
0 0.08203125 0.0869140625 0.1123046875 0.111328125
0 0.6005859375 0.669921875 0.09375 0.1171875
0 0.36328125 0.6123046875 0.0986328125 0.1142578125
2 0.2080078125 0.689453125 0.0966796875 0.126953125
2 0.857421875 0.3369140625 0.091796875 0.125
2 0.4599609375 0.2890625 0.1064453125 0.119140625
0 0.68359375 0.486328125 0.109375 0.1220703125
0 0.7958984375 0.083984375 0.0986328125 0.119140625
2 0.263671875 0.275390625 0.091796875 0.091796875
2 0.1279296875 0.470703125 0.0966796875 0.154296875
2 0.7587890625 0.857421875 0.0888671875 0.1123046875
2 0.2607421875 0.0654296875 0.0810546875 0.111328125
2 0.666015625 0.310546875 0.1142578125 0.125
2 0.486328125 0.109375 0.126953125 0.1220703125
2 0.099609375 0.298828125 0.1123046875 0.1455078125
0 0.4423828125 0.8984375 0.1044921875 0.142578125
2 0.2744140625 0.869140625 0.115234375 0.1376953125
2 0.8740234375 0.669921875 0.095703125 0.109375