0 0.439453125 0.8662109375 0.115234375 0.1298828125
2 0.517578125 0.208984375 0.115234375 0.115234375
2 0.376953125 0.1201171875 0.119140625 0.119140625
2 0.095703125 0.513671875 0.1064453125 0.1611328125
0 0.7119140625 0.1083984375 0.1328125 0.1201171875
0 0.9189453125 0.869140625 0.107421875 0.125
0 0.265625 0.845703125 0.107421875 0.1123046875
2 0.5595703125 0.4462890625 0.125 0.123046875
2 0.3896484375 0.62890625 0.087890625 0.1220703125
2 0.88671875 0.1748046875 0.0966796875 0.107421875
0 0.1904296875 0.1953125 0.1171875 0.1357421875
2 0.087890625 0.75390625 0.1171875 0.154296875
2 0.90234375 0.560546875 0.1142578125 0.103515625
2 0.6064453125 0.9130859375 0.0966796875 0.111328125
0 0.6953125 0.318359375 0.125 0.15625
2 0.7607421875 0.8779296875 0.0986328125 0.1123046875
0 0.2451171875 0.609375 0.1015625 0.1220703125
2 0.720703125 0.595703125 0.107421875 0.125
0 0.919921875 0.337890625 0.109375 0.123046875
2 0.3701171875 0.396484375 0.1171875 0.125