0 0.0625 0.8779296875 0.111328125 0.115234375
0 0.787109375 0.1318359375 0.1064453125 0.107421875
0 0.564453125 0.865234375 0.1220703125 0.119140625
2 0.5810546875 0.1015625 0.111328125 0.1298828125
0 0.767578125 0.748046875 0.107421875 0.1015625
2 0.251953125 0.158203125 0.0908203125 0.1171875
0 0.849609375 0.5380859375 0.1142578125 0.1142578125
2 0.2490234375 0.927734375 0.1142578125 0.125
2 0.609375 0.419921875 0.1123046875 0.126953125
2 0.2958984375 0.6552734375 0.0888671875 0.1357421875
0 0.4130859375 0.81640625 0.0966796875 0.138671875
2 0.4306640625 0.3310546875 0.1015625 0.1298828125
0 0.908203125 0.8779296875 0.0966796875 0.142578125
2 0.0908203125 0.166015625 0.0986328125 0.109375
2 0.14453125 0.6611328125 0.0810546875 0.0908203125
2 0.5830078125 0.62109375 0.095703125 0.0908203125
2 0.939453125 0.267578125 0.1015625 0.1015625
2 0.2587890625 0.4130859375 0.111328125 0.1279296875
2 0.43359375 0.1630859375 0.1044921875 0.1279296875