0 0.7841796875 0.2822265625 0.1044921875 0.109375
2 0.08984375 0.875 0.1015625 0.1435546875
0 0.802734375 0.5361328125 0.091796875 0.109375
2 0.111328125 0.3486328125 0.1142578125 0.1279296875
2 0.2724609375 0.1015625 0.087890625 0.0966796875
2 0.53125 0.646484375 0.09375 0.1142578125
0 0.869140625 0.0986328125 0.0908203125 0.1044921875
0 0.595703125 0.357421875 0.1015625 0.1328125
2 0.138671875 0.12109375 0.0908203125 0.1015625
2 0.607421875 0.1474609375 0.0859375 0.0810546875
0 0.9228515625 0.3369140625 0.103515625 0.1123046875
2 0.943359375 0.783203125 0.0859375 0.0986328125
0 0.1005859375 0.6064453125 0.1015625 0.1279296875
2 0.603515625 0.8974609375 0.1064453125 0.1015625
2 0.3193359375 0.6611328125 0.0859375 0.111328125
2 0.341796875 0.3359375 0.0986328125 0.134765625
2 0.458984375 0.869140625 0.091796875 0.146484375
2 0.767578125 0.7587890625 0.087890625 0.091796875
2 0.30078125 0.859375 0.095703125 0.123046875
0 0.43359375 0.0830078125 0.0966796875 0.103515625