2 0.701171875 0.669921875 0.1015625 0.1484375
2 0.501953125 0.693359375 0.0986328125 0.1328125
2 0.56640625 0.880859375 0.134765625 0.154296875
2 0.1533203125 0.064453125 0.103515625 0.123046875
2 0.3076171875 0.546875 0.125 0.134765625
0 0.8271484375 0.7177734375 0.09375 0.109375
0 0.2626953125 0.2705078125 0.1201171875 0.142578125
2 0.123046875 0.4931640625 0.0908203125 0.126953125
2 0.1044921875 0.3212890625 0.103515625 0.125
2 0.88671875 0.900390625 0.0966796875 0.1279296875
2 0.75390625 0.4091796875 0.125 0.140625
2 0.330078125 0.0791015625 0.09375 0.111328125
0 0.8955078125 0.1513671875 0.1142578125 0.1201171875
2 0.7265625 0.8671875 0.0986328125 0.115234375
2 0.572265625 0.416015625 0.0966796875 0.126953125
2 0.66015625 0.19921875 0.1220703125 0.125
2 0.482421875 0.2119140625 0.1171875 0.1171875
2 0.8994140625 0.439453125 0.126953125 0.126953125
0 0.158203125 0.7568359375 0.1201171875 0.123046875
0 0.302734375 0.7919921875 0.126953125 0.140625