2 0.0810546875 0.470703125 0.142578125 0.138671875
2 0.03515625 0.763671875 0.0703125 0.154296875
2 0.416015625 0.134765625 0.126953125 0.150390625
0 0.9306640625 0.2958984375 0.138671875 0.154296875
0 0.255859375 0.087890625 0.1298828125 0.130859375
0 0.8359375 0.716796875 0.130859375 0.150390625
0 0.6533203125 0.6943359375 0.1328125 0.134765625
2 0.3203125 0.8330078125 0.126953125 0.1484375
2 0.8388671875 0.919921875 0.1435546875 0.1591796875
2 0.392578125 0.640625 0.115234375 0.130859375
2 0.130859375 0.2802734375 0.1279296875 0.1279296875
0 0.341796875 0.3759765625 0.142578125 0.1669921875
2 0.673828125 0.4892578125 0.1328125 0.150390625
2 0.794921875 0.205078125 0.130859375 0.1455078125
0 0.8564453125 0.478515625 0.125 0.1328125
2 0.607421875 0.2880859375 0.130859375 0.146484375
2 0.5283203125 0.841796875 0.154296875 0.150390625
0 0.134765625 0.7958984375 0.1328125 0.142578125
2 0.6474609375 0.9033203125 0.1201171875 0.142578125
2 0.513671875 0.453125 0.125 0.142578125