0 0.3544921875 0.1728515625 0.1142578125 0.130859375
2 0.962890625 0.724609375 0.0732421875 0.1376953125
2 0.79296875 0.048828125 0.13671875 0.09765625
0 0.5048828125 0.1279296875 0.125 0.1201171875
0 0.3955078125 0.7724609375 0.1376953125 0.1591796875
2 0.8349609375 0.232421875 0.126953125 0.1435546875
2 0.5322265625 0.3408203125 0.1201171875 0.1689453125
2 0.8359375 0.8203125 0.1220703125 0.1376953125
2 0.6796875 0.86328125 0.111328125 0.1298828125
2 0.0673828125 0.45703125 0.125 0.1298828125
2 0.130859375 0.6552734375 0.1044921875 0.1201171875
0 0.3251953125 0.560546875 0.1298828125 0.1513671875
0 0.064453125 0.2412109375 0.1279296875 0.1669921875
0 0.259765625 0.9052734375 0.1376953125 0.1435546875
2 0.65234375 0.10546875 0.103515625 0.123046875
2 0.576171875 0.6142578125 0.1435546875 0.1533203125
2 0.1728515625 0.2861328125 0.0888671875 0.1220703125
2 0.7314453125 0.412109375 0.1201171875 0.146484375
0 0.8037109375 0.658203125 0.1328125 0.1435546875
2 0.8974609375 0.404296875 0.1357421875 0.1533203125