2 0.9384765625 0.6591796875 0.123046875 0.142578125
2 0.751953125 0.693359375 0.125 0.146484375
0 0.12890625 0.916015625 0.130859375 0.130859375
0 0.87890625 0.4140625 0.125 0.1484375
2 0.0703125 0.1904296875 0.1357421875 0.1455078125
0 0.4716796875 0.8974609375 0.115234375 0.1328125
2 0.6767578125 0.4697265625 0.125 0.1201171875
2 0.310546875 0.345703125 0.123046875 0.1640625
0 0.314453125 0.916015625 0.1376953125 0.134765625
0 0.365234375 0.630859375 0.115234375 0.142578125
2 0.509765625 0.2138671875 0.1328125 0.162109375
2 0.568359375 0.6845703125 0.125 0.134765625
2 0.2939453125 0.126953125 0.125 0.1328125
2 0.564453125 0.521484375 0.125 0.166015625
2 0.615234375 0.87109375 0.109375 0.1171875
2 0.6640625 0.2666015625 0.109375 0.1220703125
0 0.158203125 0.515625 0.1435546875 0.1484375
2 0.79296875 0.11328125 0.126953125 0.1435546875
2 0.220703125 0.6923828125 0.1123046875 0.119140625
2 0.6455078125 0.0556640625 0.140625 0.111328125