2 0.552734375 0.3779296875 0.1015625 0.111328125
0 0.1572265625 0.45703125 0.091796875 0.1123046875
0 0.341796875 0.587890625 0.1015625 0.1376953125
0 0.923828125 0.5595703125 0.109375 0.1220703125
2 0.1142578125 0.2255859375 0.111328125 0.1484375
0 0.462890625 0.873046875 0.1015625 0.1142578125
2 0.142578125 0.6083984375 0.1220703125 0.1279296875
2 0.740234375 0.8681640625 0.1142578125 0.125
0 0.744140625 0.416015625 0.099609375 0.107421875
0 0.9306640625 0.359375 0.107421875 0.1171875
0 0.31640625 0.166015625 0.09375 0.111328125
2 0.7939453125 0.1787109375 0.0830078125 0.0966796875
0 0.8916015625 0.8642578125 0.1015625 0.1201171875
2 0.4169921875 0.3740234375 0.0986328125 0.111328125
2 0.572265625 0.646484375 0.1201171875 0.1376953125
2 0.265625 0.912109375 0.0908203125 0.1123046875
2 0.7255859375 0.6376953125 0.0830078125 0.1015625
2 0.6220703125 0.1640625 0.078125 0.0908203125
2 0.498046875 0.16015625 0.0908203125 0.107421875
0 0.080078125 0.8212890625 0.1220703125 0.1171875