2 0.453125 0.3232421875 0.0986328125 0.1015625
0 0.158203125 0.6015625 0.099609375 0.0986328125
0 0.2529296875 0.884765625 0.09375 0.107421875
0 0.400390625 0.8798828125 0.1044921875 0.140625
0 0.263671875 0.1337890625 0.1064453125 0.103515625
2 0.5517578125 0.763671875 0.095703125 0.1123046875
2 0.673828125 0.474609375 0.0986328125 0.146484375
0 0.876953125 0.1494140625 0.0966796875 0.1279296875
2 0.6875 0.1357421875 0.1044921875 0.1220703125
2 0.1025390625 0.814453125 0.0908203125 0.125
2 0.123046875 0.115234375 0.107421875 0.1123046875
0 0.12109375 0.375 0.09375 0.107421875
0 0.4658203125 0.1181640625 0.1064453125 0.1220703125
2 0.861328125 0.525390625 0.109375 0.150390625
2 0.810546875 0.8857421875 0.099609375 0.1357421875
2 0.908203125 0.3310546875 0.1064453125 0.103515625
2 0.501953125 0.537109375 0.099609375 0.130859375
2 0.3642578125 0.6474609375 0.1123046875 0.1123046875
0 0.849609375 0.708984375 0.1015625 0.130859375
0 0.283203125 0.3603515625 0.09375 0.099609375