0 0.7841796875 0.7177734375 0.1044921875 0.109375
2 0.08984375 0.125 0.1015625 0.1435546875
0 0.802734375 0.4638671875 0.091796875 0.109375
2 0.111328125 0.6513671875 0.1142578125 0.1279296875
2 0.2724609375 0.8984375 0.087890625 0.0966796875
2 0.53125 0.353515625 0.09375 0.1142578125
0 0.869140625 0.9013671875 0.0908203125 0.1044921875
0 0.595703125 0.642578125 0.1015625 0.1328125
2 0.138671875 0.87890625 0.0908203125 0.1015625
2 0.607421875 0.8525390625 0.0859375 0.0810546875
0 0.9228515625 0.6630859375 0.103515625 0.1123046875
2 0.943359375 0.216796875 0.0859375 0.0986328125
0 0.1005859375 0.3935546875 0.1015625 0.1279296875
2 0.603515625 0.1025390625 0.1064453125 0.1015625
2 0.3193359375 0.3388671875 0.0859375 0.111328125
2 0.341796875 0.6640625 0.0986328125 0.134765625
2 0.458984375 0.130859375 0.091796875 0.146484375
2 0.767578125 0.2412109375 0.087890625 0.091796875
2 0.30078125 0.140625 0.095703125 0.123046875
0 0.43359375 0.9169921875 0.0966796875 0.103515625