0 0.5283203125 0.8701171875 0.1064453125 0.1201171875
2 0.5087890625 0.208984375 0.107421875 0.107421875
2 0.6552734375 0.1328125 0.109375 0.109375
2 0.9013671875 0.548828125 0.09375 0.1533203125
0 0.3232421875 0.091796875 0.125 0.109375
0 0.05078125 0.83203125 0.0986328125 0.1171875
0 0.703125 0.8642578125 0.099609375 0.1044921875
2 0.4453125 0.44140625 0.115234375 0.1142578125
2 0.5986328125 0.638671875 0.078125 0.115234375
2 0.142578125 0.142578125 0.0888671875 0.1015625
0 0.833984375 0.2236328125 0.1064453125 0.126953125
2 0.888671875 0.7890625 0.1044921875 0.146484375
2 0.09375 0.525390625 0.1064453125 0.095703125
2 0.357421875 0.90234375 0.087890625 0.1044921875
0 0.3212890625 0.3017578125 0.1123046875 0.146484375
2 0.20703125 0.853515625 0.0888671875 0.1064453125
0 0.744140625 0.630859375 0.091796875 0.115234375
2 0.271484375 0.576171875 0.0986328125 0.1171875
0 0.095703125 0.3017578125 0.099609375 0.115234375
2 0.638671875 0.408203125 0.107421875 0.1171875