0 0.1376953125 0.2646484375 0.1064453125 0.109375
0 0.529296875 0.7734375 0.095703125 0.140625
2 0.330078125 0.7646484375 0.09375 0.123046875
0 0.865234375 0.384765625 0.1044921875 0.109375
2 0.134765625 0.662109375 0.0966796875 0.1435546875
2 0.345703125 0.376953125 0.0888671875 0.111328125
0 0.162109375 0.4736328125 0.1064453125 0.1357421875
0 0.337890625 0.568359375 0.1015625 0.1279296875
2 0.6708984375 0.90625 0.099609375 0.1201171875
2 0.548828125 0.345703125 0.109375 0.095703125
2 0.1513671875 0.912109375 0.087890625 0.1123046875
0 0.4267578125 0.1865234375 0.0810546875 0.0888671875
2 0.7099609375 0.3916015625 0.1064453125 0.125
0 0.541015625 0.564453125 0.1064453125 0.1220703125
0 0.701171875 0.7060546875 0.09375 0.1015625
0 0.892578125 0.611328125 0.09375 0.1064453125
0 0.8291015625 0.1103515625 0.099609375 0.123046875
0 0.6015625 0.1015625 0.099609375 0.1455078125
2 0.2734375 0.1875 0.1142578125 0.111328125
0 0.837890625 0.8310546875 0.0908203125 0.0888671875