0 0.357421875 0.3310546875 0.0966796875 0.115234375
2 0.5009765625 0.9111328125 0.1044921875 0.123046875
0 0.7421875 0.818359375 0.1298828125 0.142578125
2 0.908203125 0.4404296875 0.111328125 0.150390625
0 0.123046875 0.650390625 0.123046875 0.119140625
2 0.716796875 0.373046875 0.111328125 0.107421875
0 0.4951171875 0.376953125 0.1044921875 0.142578125
2 0.173828125 0.224609375 0.0908203125 0.1142578125
2 0.3310546875 0.5048828125 0.1279296875 0.125
0 0.1455078125 0.453125 0.107421875 0.1220703125
2 0.130859375 0.9013671875 0.1015625 0.126953125
2 0.322265625 0.1376953125 0.095703125 0.1201171875
0 0.3330078125 0.72265625 0.1123046875 0.1357421875
0 0.837890625 0.15234375 0.1123046875 0.138671875
2 0.5068359375 0.1396484375 0.083984375 0.1064453125
0 0.572265625 0.619140625 0.1123046875 0.140625
0 0.3505859375 0.931640625 0.1171875 0.119140625
0 0.7744140625 0.5947265625 0.0966796875 0.1142578125
2 0.669921875 0.1494140625 0.1201171875 0.1279296875
0 0.8798828125 0.80859375 0.109375 0.1171875