0 0.7724609375 0.34765625 0.1064453125 0.099609375
0 0.7314453125 0.9072265625 0.1064453125 0.1357421875
0 0.236328125 0.5751953125 0.1123046875 0.1376953125
0 0.4091796875 0.58203125 0.0908203125 0.1201171875
2 0.1474609375 0.79296875 0.099609375 0.109375
2 0.814453125 0.5478515625 0.0908203125 0.1123046875
2 0.5458984375 0.708984375 0.0966796875 0.119140625
0 0.119140625 0.3828125 0.0986328125 0.126953125
2 0.263671875 0.2353515625 0.087890625 0.1220703125
0 0.072265625 0.56640625 0.1298828125 0.115234375
2 0.587890625 0.474609375 0.111328125 0.099609375
2 0.7978515625 0.7080078125 0.0830078125 0.0986328125
2 0.8818359375 0.8876953125 0.091796875 0.1142578125
0 0.607421875 0.1591796875 0.1044921875 0.1279296875
0 0.9296875 0.318359375 0.1123046875 0.1328125
2 0.9453125 0.12890625 0.109375 0.1142578125
2 0.353515625 0.921875 0.1142578125 0.1123046875
2 0.765625 0.1201171875 0.109375 0.1435546875
0 0.111328125 0.158203125 0.103515625 0.1298828125
2 0.4267578125 0.2724609375 0.1015625 0.1298828125