0 0.3798828125 0.669921875 0.0966796875 0.134765625
2 0.876953125 0.81640625 0.1142578125 0.0986328125
0 0.103515625 0.6123046875 0.111328125 0.109375
0 0.5810546875 0.380859375 0.1015625 0.125
0 0.162109375 0.404296875 0.103515625 0.1044921875
2 0.7890625 0.140625 0.107421875 0.134765625
0 0.9423828125 0.20703125 0.0986328125 0.125
2 0.3974609375 0.912109375 0.1171875 0.1064453125
2 0.6611328125 0.58203125 0.0986328125 0.0986328125
2 0.353515625 0.466796875 0.091796875 0.1298828125
0 0.466796875 0.1279296875 0.1064453125 0.123046875
2 0.09765625 0.8232421875 0.107421875 0.1328125
0 0.0947265625 0.1513671875 0.0966796875 0.125
2 0.900390625 0.431640625 0.1171875 0.1064453125
2 0.9150390625 0.626953125 0.091796875 0.103515625
0 0.5908203125 0.8212890625 0.099609375 0.1220703125
2 0.6259765625 0.1474609375 0.109375 0.1044921875
2 0.2978515625 0.177734375 0.0859375 0.0966796875
2 0.2568359375 0.8828125 0.091796875 0.0986328125
2 0.740234375 0.369140625 0.087890625 0.095703125