2 0.091796875 0.59765625 0.1298828125 0.15625
0 0.681640625 0.4013671875 0.115234375 0.1328125
2 0.30078125 0.7783203125 0.123046875 0.1357421875
0 0.1259765625 0.3984375 0.126953125 0.119140625
0 0.8779296875 0.708984375 0.111328125 0.126953125
2 0.798828125 0.9384765625 0.12109375 0.123046875
0 0.4931640625 0.330078125 0.1171875 0.1376953125
2 0.814453125 0.490234375 0.1171875 0.1201171875
0 0.119140625 0.794921875 0.119140625 0.1279296875
2 0.7021484375 0.71484375 0.119140625 0.1357421875
2 0.625 0.8798828125 0.125 0.1357421875
2 0.2705078125 0.2353515625 0.1279296875 0.140625
2 0.275390625 0.046875 0.119140625 0.09375
2 0.76171875 0.177734375 0.1220703125 0.119140625
2 0.90625 0.205078125 0.1201171875 0.123046875
2 0.478515625 0.8505859375 0.1328125 0.1279296875
2 0.4140625 0.111328125 0.1201171875 0.150390625
0 0.517578125 0.5751953125 0.1298828125 0.134765625
0 0.318359375 0.4521484375 0.1376953125 0.1435546875
2 0.5966796875 0.169921875 0.134765625 0.142578125