0 0.2890625 0.5185546875 0.109375 0.111328125
2 0.123046875 0.8330078125 0.1220703125 0.1220703125
0 0.3681640625 0.109375 0.1220703125 0.125
0 0.31640625 0.302734375 0.1064453125 0.140625
0 0.8828125 0.189453125 0.111328125 0.126953125
2 0.115234375 0.1064453125 0.1123046875 0.1328125
2 0.6884765625 0.333984375 0.1123046875 0.125
2 0.115234375 0.306640625 0.107421875 0.1220703125
2 0.65234375 0.5009765625 0.1015625 0.1279296875
2 0.10546875 0.529296875 0.103515625 0.119140625
2 0.4931640625 0.7041015625 0.1123046875 0.1279296875
0 0.671875 0.837890625 0.123046875 0.130859375
2 0.470703125 0.525390625 0.091796875 0.1044921875
2 0.42578125 0.9306640625 0.1328125 0.138671875
2 0.533203125 0.208984375 0.107421875 0.1376953125
2 0.724609375 0.14453125 0.1279296875 0.1455078125
0 0.9033203125 0.6201171875 0.1171875 0.130859375
0 0.869140625 0.8056640625 0.1123046875 0.1376953125
2 0.8134765625 0.384765625 0.1142578125 0.126953125
0 0.306640625 0.728515625 0.111328125 0.140625