0 0.1015625 0.61328125 0.1064453125 0.1201171875
0 0.5634765625 0.1552734375 0.0888671875 0.1201171875
2 0.1923828125 0.828125 0.103515625 0.119140625
0 0.556640625 0.908203125 0.0908203125 0.1357421875
0 0.3642578125 0.8671875 0.095703125 0.130859375
2 0.5947265625 0.357421875 0.103515625 0.142578125
0 0.896484375 0.0791015625 0.09375 0.1044921875
0 0.4443359375 0.451171875 0.09375 0.1376953125
2 0.28515625 0.59375 0.1142578125 0.1357421875
2 0.095703125 0.349609375 0.103515625 0.109375
2 0.4228515625 0.2373046875 0.09375 0.119140625
2 0.7587890625 0.55859375 0.0888671875 0.1142578125
2 0.5244140625 0.6875 0.0859375 0.125
0 0.728515625 0.7568359375 0.1015625 0.123046875
2 0.7275390625 0.099609375 0.0908203125 0.1044921875
2 0.2568359375 0.1376953125 0.099609375 0.109375
0 0.11328125 0.16015625 0.0966796875 0.1298828125
0 0.2197265625 0.3525390625 0.0908203125 0.109375
2 0.8896484375 0.80078125 0.0966796875 0.1142578125