0 0.5595703125 0.873046875 0.1123046875 0.138671875
0 0.19140625 0.896484375 0.1015625 0.103515625
0 0.25 0.1123046875 0.0986328125 0.115234375
2 0.390625 0.138671875 0.1044921875 0.1220703125
0 0.814453125 0.1337890625 0.111328125 0.125
2 0.451171875 0.69140625 0.125 0.1279296875
2 0.666015625 0.064453125 0.125 0.1279296875
2 0.1142578125 0.626953125 0.1171875 0.158203125
0 0.619140625 0.4111328125 0.099609375 0.119140625
2 0.0771484375 0.138671875 0.1044921875 0.1376953125
0 0.103515625 0.359375 0.1123046875 0.140625
2 0.900390625 0.720703125 0.115234375 0.1142578125
2 0.2783203125 0.484375 0.1064453125 0.1357421875
2 0.337890625 0.9072265625 0.095703125 0.109375
2 0.587890625 0.666015625 0.095703125 0.115234375
2 0.42578125 0.4521484375 0.1044921875 0.146484375
0 0.7734375 0.365234375 0.115234375 0.126953125
0 0.9482421875 0.447265625 0.103515625 0.1279296875
2 0.3134765625 0.66796875 0.130859375 0.1513671875
2 0.751953125 0.8173828125 0.111328125 0.154296875