2 0.90234375 0.529296875 0.1220703125 0.166015625
0 0.9384765625 0.17578125 0.1123046875 0.1123046875
2 0.26953125 0.26171875 0.1376953125 0.158203125
2 0.205078125 0.7255859375 0.138671875 0.1455078125
2 0.2626953125 0.546875 0.1298828125 0.140625
0 0.8408203125 0.91796875 0.1298828125 0.1455078125
2 0.751953125 0.564453125 0.109375 0.119140625
2 0.7939453125 0.1259765625 0.1220703125 0.103515625
2 0.5654296875 0.40234375 0.111328125 0.115234375
0 0.095703125 0.513671875 0.1171875 0.130859375
0 0.40234375 0.646484375 0.109375 0.1328125
0 0.5517578125 0.681640625 0.1123046875 0.1220703125
2 0.65234375 0.125 0.1201171875 0.119140625
2 0.4384765625 0.3037109375 0.123046875 0.134765625
2 0.771484375 0.3310546875 0.1044921875 0.115234375
0 0.0615234375 0.8349609375 0.123046875 0.158203125
0 0.70703125 0.79296875 0.1298828125 0.1328125
2 0.1318359375 0.19140625 0.119140625 0.1533203125
0 0.392578125 0.8701171875 0.125 0.123046875
0 0.4140625 0.111328125 0.1279296875 0.123046875