0 0.240234375 0.7470703125 0.1142578125 0.1201171875
2 0.869140625 0.083984375 0.115234375 0.1533203125
0 0.1943359375 0.49609375 0.1015625 0.119140625
2 0.9033203125 0.6103515625 0.1279296875 0.138671875
2 0.767578125 0.873046875 0.0966796875 0.1064453125
2 0.4541015625 0.357421875 0.1044921875 0.1220703125
0 0.1748046875 0.9384765625 0.1015625 0.1123046875
0 0.419921875 0.6513671875 0.1142578125 0.142578125
2 0.8984375 0.8388671875 0.099609375 0.109375
2 0.4296875 0.861328125 0.09375 0.0888671875
0 0.0966796875 0.7060546875 0.1142578125 0.1220703125
2 0.0380859375 0.2646484375 0.076171875 0.107421875
0 0.8857421875 0.3525390625 0.1142578125 0.1376953125
2 0.35546875 0.115234375 0.1171875 0.111328125
2 0.662109375 0.3212890625 0.0966796875 0.119140625
2 0.6748046875 0.646484375 0.1123046875 0.1435546875
2 0.501953125 0.1279296875 0.1064453125 0.154296875
2 0.20703125 0.271484375 0.0966796875 0.1015625
2 0.6611328125 0.1220703125 0.1064453125 0.1328125
0 0.609375 0.908203125 0.1064453125 0.1123046875