2 0.126953125 0.509765625 0.109375 0.1328125
2 0.845703125 0.900390625 0.103515625 0.1015625
2 0.0966796875 0.201171875 0.107421875 0.1123046875
0 0.6748046875 0.884765625 0.109375 0.107421875
0 0.8701171875 0.1904296875 0.103515625 0.1201171875
2 0.490234375 0.8154296875 0.103515625 0.134765625
2 0.302734375 0.162109375 0.087890625 0.1123046875
0 0.7177734375 0.359375 0.115234375 0.107421875
0 0.490234375 0.1396484375 0.107421875 0.111328125
0 0.5078125 0.326171875 0.0986328125 0.1298828125
2 0.080078125 0.71875 0.083984375 0.123046875
2 0.685546875 0.728515625 0.091796875 0.0986328125
2 0.859375 0.5908203125 0.0966796875 0.126953125
2 0.8857421875 0.376953125 0.1171875 0.154296875
2 0.103515625 0.9306640625 0.099609375 0.1201171875
0 0.708984375 0.1640625 0.1142578125 0.123046875
2 0.5419921875 0.498046875 0.0810546875 0.09375
0 0.302734375 0.560546875 0.1064453125 0.150390625
0 0.2705078125 0.8603515625 0.109375 0.1123046875
2 0.341796875 0.333984375 0.09375 0.1328125