2 0.5537109375 0.6083984375 0.130859375 0.126953125
2 0.365234375 0.607421875 0.1171875 0.134765625
0 0.3056640625 0.1552734375 0.115234375 0.1201171875
2 0.7197265625 0.9150390625 0.1279296875 0.1455078125
2 0.173828125 0.123046875 0.130859375 0.1513671875
2 0.7353515625 0.615234375 0.1220703125 0.1455078125
2 0.814453125 0.22265625 0.111328125 0.1357421875
0 0.3056640625 0.3984375 0.1220703125 0.1171875
2 0.6416015625 0.1494140625 0.1171875 0.107421875
0 0.4658203125 0.2216796875 0.1279296875 0.1435546875
0 0.083984375 0.7490234375 0.134765625 0.138671875
0 0.5283203125 0.8994140625 0.1171875 0.1513671875
2 0.734375 0.3916015625 0.1298828125 0.15625
2 0.23046875 0.8037109375 0.111328125 0.107421875
2 0.60546875 0.3427734375 0.107421875 0.123046875
2 0.119140625 0.30859375 0.09375 0.1044921875
2 0.1240234375 0.4970703125 0.134765625 0.1376953125
0 0.935546875 0.576171875 0.1279296875 0.154296875
0 0.9462890625 0.361328125 0.107421875 0.15234375