2 0.333984375 0.662109375 0.1064453125 0.1171875
0 0.6806640625 0.759765625 0.1064453125 0.1171875
0 0.708984375 0.9267578125 0.123046875 0.134765625
2 0.0771484375 0.83984375 0.1328125 0.134765625
2 0.6708984375 0.1689453125 0.109375 0.1123046875
0 0.189453125 0.646484375 0.1328125 0.1455078125
0 0.333984375 0.23828125 0.1142578125 0.123046875
2 0.513671875 0.892578125 0.1044921875 0.1376953125
2 0.7548828125 0.439453125 0.1201171875 0.1279296875
2 0.29296875 0.498046875 0.107421875 0.115234375
2 0.138671875 0.4091796875 0.1064453125 0.1513671875
2 0.87109375 0.759765625 0.130859375 0.134765625
2 0.4755859375 0.7099609375 0.095703125 0.1201171875
0 0.9267578125 0.4453125 0.1279296875 0.1484375
0 0.1875 0.12890625 0.130859375 0.1669921875
2 0.291015625 0.87890625 0.119140625 0.15625
2 0.8515625 0.9521484375 0.09375 0.095703125
2 0.8017578125 0.177734375 0.1044921875 0.1201171875
2 0.5439453125 0.5185546875 0.1044921875 0.115234375