2 0.2900390625 0.4658203125 0.115234375 0.138671875
2 0.1533203125 0.26953125 0.1201171875 0.130859375
0 0.9404296875 0.58203125 0.119140625 0.1201171875
0 0.7568359375 0.5107421875 0.103515625 0.109375
2 0.619140625 0.837890625 0.1064453125 0.1435546875
0 0.123046875 0.91015625 0.119140625 0.158203125
2 0.923828125 0.4013671875 0.119140625 0.119140625
2 0.603515625 0.34375 0.09375 0.1298828125
2 0.333984375 0.671875 0.103515625 0.109375
2 0.87109375 0.1943359375 0.111328125 0.142578125
2 0.7666015625 0.29296875 0.1298828125 0.130859375
2 0.947265625 0.830078125 0.1044921875 0.150390625
0 0.34375 0.912109375 0.115234375 0.1201171875
0 0.2861328125 0.2392578125 0.1044921875 0.142578125
2 0.572265625 0.0771484375 0.109375 0.134765625
0 0.814453125 0.68359375 0.1171875 0.1279296875
2 0.724609375 0.0869140625 0.099609375 0.1171875
2 0.423828125 0.3115234375 0.1015625 0.1220703125
0 0.5947265625 0.6494140625 0.109375 0.130859375
0 0.126953125 0.521484375 0.111328125 0.123046875