2 0.8623046875 0.72265625 0.119140625 0.158203125
2 0.224609375 0.3662109375 0.107421875 0.125
0 0.548828125 0.0673828125 0.1123046875 0.134765625
2 0.458984375 0.744140625 0.1123046875 0.1328125
2 0.048828125 0.3310546875 0.0966796875 0.119140625
2 0.7353515625 0.107421875 0.103515625 0.1044921875
2 0.728515625 0.51171875 0.095703125 0.107421875
2 0.6923828125 0.7783203125 0.103515625 0.1328125
2 0.5341796875 0.5625 0.103515625 0.109375
2 0.3525390625 0.154296875 0.095703125 0.099609375
2 0.326171875 0.873046875 0.1123046875 0.119140625
2 0.8740234375 0.2705078125 0.123046875 0.1513671875
2 0.189453125 0.935546875 0.1015625 0.1171875
0 0.8955078125 0.521484375 0.1201171875 0.125
2 0.34375 0.560546875 0.1123046875 0.140625
0 0.47265625 0.318359375 0.123046875 0.1484375
2 0.166015625 0.103515625 0.1044921875 0.1455078125
2 0.712890625 0.259765625 0.1142578125 0.107421875
2 0.19140625 0.66015625 0.1123046875 0.1484375
2 0.048828125 0.166015625 0.09765625 0.14453125