0 0.423828125 0.580078125 0.130859375 0.126953125
0 0.6591796875 0.5537109375 0.130859375 0.146484375
0 0.337890625 0.3330078125 0.154296875 0.162109375
2 0.748046875 0.240234375 0.140625 0.166015625
0 0.345703125 0.755859375 0.1201171875 0.126953125
2 0.462890625 0.8994140625 0.134765625 0.1357421875
2 0.900390625 0.650390625 0.134765625 0.1357421875
2 0.9580078125 0.4619140625 0.083984375 0.134765625
2 0.2607421875 0.5458984375 0.1513671875 0.150390625
2 0.544921875 0.162109375 0.1201171875 0.1376953125
0 0.052734375 0.546875 0.10546875 0.15625
0 0.1015625 0.3466796875 0.1171875 0.130859375
2 0.0517578125 0.7392578125 0.103515625 0.119140625
2 0.6240234375 0.962890625 0.1357421875 0.0732421875
2 0.5546875 0.4013671875 0.130859375 0.138671875
2 0.5888671875 0.736328125 0.103515625 0.107421875
2 0.8486328125 0.837890625 0.15625 0.146484375
0 0.111328125 0.1884765625 0.1142578125 0.1298828125
0 0.8955078125 0.263671875 0.1328125 0.1435546875
0 0.330078125 0.099609375 0.1220703125 0.140625