0 0.400390625 0.755859375 0.083984375 0.09375
2 0.55078125 0.17578125 0.109375 0.119140625
0 0.9111328125 0.591796875 0.103515625 0.115234375
0 0.1708984375 0.1796875 0.103515625 0.119140625
0 0.744140625 0.087890625 0.109375 0.107421875
0 0.70703125 0.3759765625 0.111328125 0.1298828125
2 0.2470703125 0.8779296875 0.087890625 0.107421875
2 0.5283203125 0.4248046875 0.099609375 0.099609375
0 0.072265625 0.849609375 0.119140625 0.125
2 0.888671875 0.353515625 0.1015625 0.0966796875
2 0.125 0.3818359375 0.1044921875 0.1220703125
0 0.798828125 0.7763671875 0.0966796875 0.130859375
2 0.7509765625 0.552734375 0.099609375 0.109375
2 0.212890625 0.6787109375 0.087890625 0.109375
2 0.544921875 0.6630859375 0.111328125 0.123046875
2 0.349609375 0.333984375 0.109375 0.1142578125
2 0.908203125 0.1259765625 0.125 0.087890625
2 0.3603515625 0.1328125 0.109375 0.109375
0 0.3955078125 0.5830078125 0.099609375 0.126953125
2 0.65625 0.857421875 0.109375 0.1435546875