2 0.1923828125 0.0537109375 0.123046875 0.107421875
2 0.314453125 0.30859375 0.1044921875 0.111328125
0 0.109375 0.474609375 0.138671875 0.1435546875
2 0.2294921875 0.564453125 0.126953125 0.1484375
0 0.833984375 0.759765625 0.1220703125 0.1279296875
2 0.2568359375 0.779296875 0.1142578125 0.126953125
0 0.712890625 0.2109375 0.1201171875 0.138671875
2 0.6318359375 0.689453125 0.1328125 0.140625
2 0.7529296875 0.927734375 0.119140625 0.14453125
2 0.8515625 0.4228515625 0.1455078125 0.140625
2 0.0439453125 0.724609375 0.087890625 0.138671875
2 0.603515625 0.9111328125 0.119140625 0.1142578125
2 0.505859375 0.1796875 0.103515625 0.115234375
2 0.4853515625 0.505859375 0.134765625 0.138671875
2 0.0830078125 0.298828125 0.103515625 0.1064453125
0 0.916015625 0.236328125 0.126953125 0.1484375
2 0.373046875 0.126953125 0.107421875 0.1201171875
2 0.4287109375 0.67578125 0.1435546875 0.1640625
2 0.392578125 0.8759765625 0.1328125 0.171875
2 0.673828125 0.416015625 0.115234375 0.1357421875