0 0.2705078125 0.736328125 0.1201171875 0.1201171875
2 0.0712890625 0.216796875 0.142578125 0.1533203125
0 0.1171875 0.8193359375 0.1171875 0.1123046875
2 0.2158203125 0.19140625 0.1201171875 0.15625
2 0.392578125 0.490234375 0.125 0.15625
0 0.4404296875 0.6953125 0.1220703125 0.1513671875
2 0.576171875 0.337890625 0.1357421875 0.1513671875
0 0.1611328125 0.9736328125 0.107421875 0.052734375
2 0.6328125 0.794921875 0.111328125 0.1328125
2 0.9423828125 0.767578125 0.115234375 0.13671875
2 0.1318359375 0.5146484375 0.1220703125 0.1279296875
2 0.3837890625 0.291015625 0.111328125 0.150390625
2 0.3134765625 0.912109375 0.1201171875 0.111328125
0 0.654296875 0.49609375 0.125 0.130859375
2 0.787109375 0.33984375 0.109375 0.1220703125
2 0.82421875 0.7841796875 0.1220703125 0.150390625
0 0.8369140625 0.123046875 0.1279296875 0.1376953125
0 0.4716796875 0.9140625 0.1298828125 0.1435546875
2 0.6318359375 0.1259765625 0.1376953125 0.1591796875