2 0.0693359375 0.3583984375 0.125 0.123046875
2 0.779296875 0.7568359375 0.1455078125 0.169921875
0 0.5830078125 0.05859375 0.126953125 0.115234375
0 0.87109375 0.513671875 0.123046875 0.1484375
0 0.2744140625 0.4248046875 0.1455078125 0.1513671875
2 0.150390625 0.802734375 0.1376953125 0.1640625
2 0.404296875 0.400390625 0.130859375 0.1689453125
2 0.130859375 0.544921875 0.1328125 0.1328125
2 0.7412109375 0.041015625 0.138671875 0.0810546875
2 0.5546875 0.3037109375 0.1220703125 0.1279296875
2 0.609375 0.4931640625 0.1201171875 0.146484375
0 0.466796875 0.6494140625 0.1328125 0.1376953125
2 0.314453125 0.8125 0.1298828125 0.115234375
0 0.0478515625 0.17578125 0.095703125 0.1484375
2 0.974609375 0.72265625 0.0498046875 0.1171875
2 0.787109375 0.291015625 0.115234375 0.1123046875
0 0.4658203125 0.865234375 0.1435546875 0.1611328125
2 0.2275390625 0.2021484375 0.1376953125 0.1669921875
0 0.3125 0.642578125 0.1328125 0.1357421875
0 0.3798828125 0.1328125 0.1328125 0.126953125