0 0.26171875 0.380859375 0.1171875 0.1220703125
0 0.0595703125 0.826171875 0.119140625 0.130859375
2 0.4716796875 0.0966796875 0.103515625 0.1171875
2 0.892578125 0.26171875 0.1064453125 0.125
0 0.1728515625 0.169921875 0.1123046875 0.1123046875
2 0.3427734375 0.1904296875 0.126953125 0.134765625
0 0.673828125 0.759765625 0.126953125 0.140625
0 0.1015625 0.408203125 0.1279296875 0.1298828125
0 0.509765625 0.400390625 0.1044921875 0.134765625
2 0.6181640625 0.9541015625 0.107421875 0.091796875
0 0.4208984375 0.6357421875 0.1171875 0.1298828125
2 0.255859375 0.8876953125 0.119140625 0.111328125
0 0.7333984375 0.4990234375 0.107421875 0.1201171875
2 0.884765625 0.494140625 0.1064453125 0.1142578125
2 0.4033203125 0.91796875 0.125 0.1357421875
2 0.716796875 0.173828125 0.1279296875 0.134765625
2 0.8857421875 0.681640625 0.1142578125 0.1591796875
2 0.080078125 0.63671875 0.1279296875 0.1376953125
0 0.2109375 0.65234375 0.1171875 0.154296875
0 0.865234375 0.8935546875 0.119140625 0.1435546875