0 0.662109375 0.0751953125 0.1015625 0.1279296875
2 0.5517578125 0.283203125 0.1171875 0.1298828125
0 0.2744140625 0.3134765625 0.119140625 0.1171875
0 0.47265625 0.083984375 0.0986328125 0.1015625
2 0.1484375 0.7744140625 0.0908203125 0.1123046875
2 0.8818359375 0.8330078125 0.1171875 0.126953125
0 0.087890625 0.373046875 0.1201171875 0.119140625
0 0.9375 0.083984375 0.091796875 0.107421875
2 0.5927734375 0.884765625 0.09375 0.166015625
0 0.93359375 0.328125 0.095703125 0.107421875
2 0.7666015625 0.2841796875 0.107421875 0.111328125
2 0.30859375 0.810546875 0.09375 0.138671875
2 0.923828125 0.619140625 0.1015625 0.09375
2 0.119140625 0.58984375 0.0810546875 0.1142578125
2 0.126953125 0.130859375 0.0908203125 0.0966796875
2 0.525390625 0.5634765625 0.0986328125 0.1279296875
0 0.2412109375 0.572265625 0.091796875 0.119140625
2 0.3427734375 0.115234375 0.083984375 0.103515625
2 0.4453125 0.818359375 0.0908203125 0.125
2 0.736328125 0.63671875 0.0888671875 0.115234375