2 0.7607421875 0.216796875 0.1064453125 0.1220703125
2 0.4716796875 0.591796875 0.095703125 0.1171875
0 0.9052734375 0.083984375 0.103515625 0.1015625
0 0.388671875 0.34765625 0.1044921875 0.1201171875
0 0.796875 0.859375 0.09375 0.1044921875
2 0.07421875 0.78515625 0.1064453125 0.130859375
2 0.580078125 0.77734375 0.09375 0.0966796875
2 0.333984375 0.607421875 0.1064453125 0.109375
2 0.9140625 0.298828125 0.1044921875 0.1435546875
2 0.556640625 0.12109375 0.095703125 0.1357421875
0 0.5517578125 0.2978515625 0.123046875 0.1142578125
0 0.296875 0.1689453125 0.1142578125 0.1357421875
0 0.6748046875 0.564453125 0.0986328125 0.126953125
2 0.857421875 0.4990234375 0.0859375 0.09375
2 0.1162109375 0.5283203125 0.1044921875 0.115234375
0 0.11328125 0.1611328125 0.109375 0.1201171875
2 0.173828125 0.373046875 0.095703125 0.1298828125
0 0.810546875 0.640625 0.1064453125 0.1298828125
0 0.240234375 0.876953125 0.0986328125 0.0966796875