2 0.142578125 0.0751953125 0.130859375 0.150390625
0 0.095703125 0.4697265625 0.125 0.1328125
0 0.3671875 0.419921875 0.1201171875 0.1376953125
2 0.380859375 0.1865234375 0.125 0.1669921875
2 0.8740234375 0.6181640625 0.1376953125 0.1611328125
0 0.0361328125 0.771484375 0.072265625 0.142578125
2 0.7900390625 0.9501953125 0.130859375 0.099609375
0 0.82421875 0.8203125 0.130859375 0.1279296875
2 0.408203125 0.8232421875 0.142578125 0.1669921875
0 0.1259765625 0.2822265625 0.125 0.1484375
2 0.9384765625 0.423828125 0.123046875 0.13671875
0 0.712890625 0.1630859375 0.126953125 0.134765625
0 0.8642578125 0.1943359375 0.111328125 0.125
0 0.126953125 0.8408203125 0.126953125 0.130859375
2 0.673828125 0.400390625 0.107421875 0.107421875
2 0.431640625 0.6298828125 0.1201171875 0.1328125
0 0.634765625 0.8876953125 0.115234375 0.134765625
2 0.2490234375 0.654296875 0.123046875 0.130859375
2 0.548828125 0.1689453125 0.1328125 0.142578125
0 0.6259765625 0.5546875 0.119140625 0.140625