0 0.109375 0.9013671875 0.1201171875 0.099609375
0 0.2373046875 0.6455078125 0.1171875 0.115234375
0 0.5654296875 0.9072265625 0.1064453125 0.109375
2 0.6025390625 0.09375 0.0986328125 0.103515625
2 0.416015625 0.1865234375 0.119140625 0.1328125
0 0.837890625 0.4111328125 0.125 0.1279296875
0 0.89453125 0.6220703125 0.1142578125 0.1376953125
2 0.3759765625 0.830078125 0.0888671875 0.1064453125
2 0.087890625 0.4599609375 0.1064453125 0.1201171875
0 0.64453125 0.416015625 0.109375 0.150390625
0 0.1005859375 0.71484375 0.1044921875 0.123046875
2 0.671875 0.6376953125 0.1044921875 0.119140625
2 0.4306640625 0.55859375 0.107421875 0.125
2 0.232421875 0.1064453125 0.109375 0.146484375
2 0.8564453125 0.1474609375 0.1298828125 0.1484375
2 0.099609375 0.1298828125 0.103515625 0.1376953125
0 0.8955078125 0.84765625 0.0986328125 0.1064453125
0 0.4892578125 0.33984375 0.099609375 0.1328125
0 0.251953125 0.330078125 0.1171875 0.125
0 0.728515625 0.9169921875 0.1298828125 0.1484375