0 0.6875 0.869140625 0.126953125 0.130859375
0 0.220703125 0.0654296875 0.125 0.130859375
2 0.244140625 0.7392578125 0.1279296875 0.1591796875
2 0.6748046875 0.6298828125 0.142578125 0.154296875
2 0.923828125 0.41015625 0.107421875 0.134765625
2 0.4072265625 0.337890625 0.125 0.1357421875
0 0.8955078125 0.7490234375 0.119140625 0.1328125
0 0.8076171875 0.2392578125 0.1357421875 0.154296875
0 0.0693359375 0.5859375 0.125 0.1279296875
2 0.298828125 0.533203125 0.1064453125 0.115234375
0 0.5126953125 0.181640625 0.115234375 0.123046875
2 0.9736328125 0.2197265625 0.052734375 0.138671875
2 0.51953125 0.849609375 0.109375 0.1279296875
0 0.0546875 0.8310546875 0.109375 0.140625
2 0.822265625 0.94140625 0.1142578125 0.1171875
2 0.3603515625 0.80078125 0.123046875 0.125
2 0.7880859375 0.4306640625 0.119140625 0.138671875
0 0.1494140625 0.322265625 0.1201171875 0.1279296875
0 0.5205078125 0.5673828125 0.1123046875 0.126953125
0 0.6513671875 0.203125 0.1376953125 0.1533203125