0 0.708984375 0.064453125 0.1298828125 0.1279296875
0 0.900390625 0.4404296875 0.140625 0.1376953125
0 0.666015625 0.3505859375 0.1201171875 0.150390625
0 0.4326171875 0.66796875 0.125 0.1669921875
0 0.2587890625 0.6728515625 0.1298828125 0.126953125
0 0.052734375 0.392578125 0.10546875 0.1484375
0 0.4736328125 0.91015625 0.123046875 0.125
0 0.4755859375 0.4228515625 0.1201171875 0.1455078125
0 0.029296875 0.2001953125 0.05859375 0.138671875
0 0.1748046875 0.9423828125 0.140625 0.115234375
0 0.314453125 0.8994140625 0.111328125 0.126953125
2 0.11328125 0.572265625 0.1044921875 0.130859375
2 0.5615234375 0.0947265625 0.130859375 0.1435546875
2 0.798828125 0.2626953125 0.1123046875 0.146484375
2 0.8212890625 0.7109375 0.115234375 0.142578125
2 0.6357421875 0.8671875 0.125 0.1455078125
2 0.626953125 0.673828125 0.099609375 0.138671875
2 0.390625 0.208984375 0.111328125 0.1279296875
0 0.162109375 0.2490234375 0.1015625 0.158203125
0 0.302734375 0.423828125 0.107421875 0.125