2 0.96484375 0.80859375 0.0703125 0.123046875
2 0.810546875 0.197265625 0.146484375 0.1513671875
0 0.7734375 0.6298828125 0.1279296875 0.125
0 0.849609375 0.833984375 0.119140625 0.119140625
0 0.15234375 0.666015625 0.142578125 0.1376953125
2 0.923828125 0.458984375 0.125 0.123046875
0 0.923828125 0.646484375 0.119140625 0.1220703125
0 0.51953125 0.7939453125 0.119140625 0.134765625
0 0.330078125 0.9228515625 0.1123046875 0.1171875
0 0.189453125 0.9462890625 0.1201171875 0.107421875
2 0.384765625 0.271484375 0.1376953125 0.1640625
2 0.5244140625 0.2373046875 0.126953125 0.15625
2 0.703125 0.435546875 0.1357421875 0.1611328125
2 0.044921875 0.2509765625 0.0888671875 0.138671875
2 0.232421875 0.4423828125 0.1044921875 0.1298828125
2 0.701171875 0.83984375 0.0986328125 0.1123046875
0 0.341796875 0.724609375 0.1220703125 0.1376953125
2 0.541015625 0.5869140625 0.1484375 0.150390625
2 0.0869140625 0.5205078125 0.1328125 0.1357421875
0 0.197265625 0.169921875 0.1279296875 0.1376953125