2 0.9453125 0.298828125 0.109375 0.166015625
0 0.736328125 0.228515625 0.154296875 0.1669921875
0 0.41796875 0.884765625 0.119140625 0.140625
2 0.5595703125 0.22265625 0.138671875 0.140625
2 0.640625 0.9462890625 0.109375 0.107421875
2 0.869140625 0.76171875 0.123046875 0.1357421875
2 0.923828125 0.541015625 0.140625 0.1376953125
0 0.1103515625 0.369140625 0.134765625 0.140625
2 0.5576171875 0.6796875 0.1142578125 0.1328125
2 0.3681640625 0.2177734375 0.1376953125 0.140625
0 0.376953125 0.697265625 0.111328125 0.130859375
2 0.3037109375 0.43359375 0.1142578125 0.1201171875
2 0.251953125 0.8408203125 0.1201171875 0.1298828125
2 0.22265625 0.087890625 0.1201171875 0.1279296875
0 0.0478515625 0.8212890625 0.095703125 0.1171875
2 0.7666015625 0.96875 0.123046875 0.0625
0 0.5009765625 0.431640625 0.1328125 0.1376953125
0 0.197265625 0.619140625 0.134765625 0.134765625
0 0.7216796875 0.73046875 0.1298828125 0.154296875
0 0.751953125 0.47265625 0.130859375 0.138671875