0 0.3125 0.869140625 0.126953125 0.130859375
0 0.779296875 0.0654296875 0.125 0.130859375
2 0.755859375 0.7392578125 0.1279296875 0.1591796875
2 0.3251953125 0.6298828125 0.142578125 0.154296875
2 0.076171875 0.41015625 0.107421875 0.134765625
2 0.5927734375 0.337890625 0.125 0.1357421875
0 0.1044921875 0.7490234375 0.119140625 0.1328125
0 0.1923828125 0.2392578125 0.1357421875 0.154296875
0 0.9306640625 0.5859375 0.125 0.1279296875
2 0.701171875 0.533203125 0.1064453125 0.115234375
0 0.4873046875 0.181640625 0.115234375 0.123046875
2 0.0263671875 0.2197265625 0.052734375 0.138671875
2 0.48046875 0.849609375 0.109375 0.1279296875
0 0.9453125 0.8310546875 0.109375 0.140625
2 0.177734375 0.94140625 0.1142578125 0.1171875
2 0.6396484375 0.80078125 0.123046875 0.125
2 0.2119140625 0.4306640625 0.119140625 0.138671875
0 0.8505859375 0.322265625 0.1201171875 0.1279296875
0 0.4794921875 0.5673828125 0.1123046875 0.126953125
0 0.3486328125 0.203125 0.1376953125 0.1533203125