0 0.775390625 0.18359375 0.09375 0.1201171875
2 0.9443359375 0.181640625 0.111328125 0.134765625
2 0.8671875 0.626953125 0.103515625 0.126953125
2 0.8671875 0.853515625 0.126953125 0.1201171875
0 0.72265625 0.8046875 0.103515625 0.1376953125
2 0.69921875 0.578125 0.1044921875 0.119140625
0 0.412109375 0.115234375 0.103515625 0.1171875
2 0.7451171875 0.36328125 0.107421875 0.1142578125
2 0.1953125 0.619140625 0.1064453125 0.140625
2 0.4853515625 0.666015625 0.0966796875 0.1064453125
2 0.34765625 0.87890625 0.095703125 0.130859375
2 0.431640625 0.39453125 0.1201171875 0.1220703125
2 0.544921875 0.8623046875 0.126953125 0.146484375
2 0.2314453125 0.087890625 0.1142578125 0.111328125
2 0.1826171875 0.865234375 0.0966796875 0.103515625
2 0.591796875 0.1962890625 0.09375 0.107421875
0 0.0732421875 0.404296875 0.1201171875 0.1279296875
0 0.02734375 0.849609375 0.0546875 0.1435546875
0 0.927734375 0.3681640625 0.1279296875 0.1171875
2 0.2314453125 0.314453125 0.126953125 0.1484375