0 0.525390625 0.142578125 0.1044921875 0.125
2 0.123046875 0.876953125 0.103515625 0.130859375
2 0.0625 0.1572265625 0.125 0.1328125
0 0.369140625 0.15234375 0.115234375 0.111328125
0 0.69140625 0.720703125 0.125 0.150390625
2 0.09375 0.3623046875 0.115234375 0.1357421875
2 0.4150390625 0.361328125 0.1064453125 0.162109375
2 0.2939453125 0.916015625 0.111328125 0.1298828125
2 0.455078125 0.9033203125 0.1015625 0.123046875
2 0.8916015625 0.3115234375 0.115234375 0.1201171875
2 0.900390625 0.51953125 0.095703125 0.1142578125
0 0.685546875 0.498046875 0.119140625 0.142578125
0 0.828125 0.1064453125 0.1279296875 0.158203125
0 0.8642578125 0.798828125 0.126953125 0.134765625
2 0.2216796875 0.181640625 0.09375 0.1171875
2 0.466796875 0.6328125 0.1328125 0.1435546875
2 0.734375 0.1865234375 0.080078125 0.1171875
2 0.251953125 0.4970703125 0.109375 0.140625
0 0.2685546875 0.751953125 0.1220703125 0.134765625
2 0.0927734375 0.5458984375 0.125 0.1435546875