2 0.1318359375 0.2958984375 0.1015625 0.1015625
2 0.333984375 0.2646484375 0.126953125 0.1435546875
2 0.521484375 0.294921875 0.109375 0.1064453125
2 0.7021484375 0.130859375 0.0703125 0.119140625
2 0.87109375 0.1787109375 0.091796875 0.1123046875
2 0.4921875 0.427734375 0.107421875 0.126953125
2 0.12890625 0.482421875 0.087890625 0.1015625
2 0.228515625 0.9296875 0.083984375 0.126953125
2 0.3515625 0.9013671875 0.087890625 0.1298828125
2 0.8505859375 0.876953125 0.0888671875 0.1142578125
2 0.6650390625 0.900390625 0.1044921875 0.140625
2 0.755859375 0.634765625 0.0986328125 0.1142578125
2 0.931640625 0.6650390625 0.0830078125 0.103515625
2 0.279296875 0.6826171875 0.09375 0.1455078125
0 0.154296875 0.701171875 0.0966796875 0.1357421875
0 0.5546875 0.638671875 0.0908203125 0.123046875
0 0.5205078125 0.873046875 0.091796875 0.1123046875
0 0.681640625 0.404296875 0.109375 0.1142578125
0 0.9248046875 0.384765625 0.1064453125 0.134765625
0 0.33203125 0.4833984375 0.1064453125 0.1298828125