0 0.814453125 0.18359375 0.1455078125 0.138671875
0 0.2470703125 0.779296875 0.1279296875 0.134765625
0 0.0693359375 0.787109375 0.1357421875 0.1435546875
0 0.4990234375 0.751953125 0.134765625 0.1298828125
0 0.365234375 0.572265625 0.126953125 0.1298828125
2 0.474609375 0.3720703125 0.111328125 0.1328125
0 0.81640625 0.9384765625 0.1142578125 0.123046875
2 0.5625 0.1240234375 0.126953125 0.1298828125
0 0.962890625 0.2734375 0.07421875 0.14453125
0 0.17578125 0.080078125 0.126953125 0.150390625
2 0.1318359375 0.2802734375 0.109375 0.1376953125
0 0.4814453125 0.9189453125 0.119140625 0.1279296875
2 0.6572265625 0.9423828125 0.111328125 0.115234375
0 0.658203125 0.6875 0.109375 0.109375
2 0.822265625 0.6279296875 0.1201171875 0.1376953125
2 0.6396484375 0.341796875 0.1044921875 0.140625
2 0.333984375 0.3623046875 0.109375 0.1171875
2 0.1083984375 0.4853515625 0.107421875 0.0986328125
2 0.826171875 0.427734375 0.119140625 0.1220703125
2 0.3251953125 0.1181640625 0.1376953125 0.15625