2 0.6279296875 0.130859375 0.1376953125 0.1455078125
0 0.1376953125 0.8388671875 0.130859375 0.134765625
0 0.7734375 0.521484375 0.1220703125 0.123046875
0 0.453125 0.912109375 0.1142578125 0.1123046875
0 0.8330078125 0.9541015625 0.126953125 0.091796875
0 0.73046875 0.3037109375 0.1201171875 0.1298828125
2 0.634765625 0.7021484375 0.107421875 0.1142578125
2 0.666015625 0.9130859375 0.115234375 0.140625
0 0.1142578125 0.6083984375 0.140625 0.166015625
2 0.8955078125 0.3466796875 0.119140625 0.1484375
2 0.3583984375 0.4208984375 0.1435546875 0.123046875
0 0.5625 0.525390625 0.109375 0.1123046875
2 0.88671875 0.56640625 0.115234375 0.142578125
0 0.337890625 0.0751953125 0.123046875 0.125
0 0.552734375 0.322265625 0.1201171875 0.146484375
2 0.80078125 0.79296875 0.1357421875 0.146484375
0 0.3095703125 0.73828125 0.119140625 0.130859375
2 0.1494140625 0.236328125 0.1015625 0.1171875
2 0.490234375 0.693359375 0.1064453125 0.1328125
2 0.1845703125 0.0673828125 0.1298828125 0.125