2 0.3076171875 0.921875 0.1279296875 0.15625
2 0.5556640625 0.1337890625 0.125 0.1435546875
0 0.494140625 0.5693359375 0.1171875 0.125
2 0.341796875 0.52734375 0.119140625 0.138671875
2 0.8603515625 0.099609375 0.1376953125 0.1748046875
0 0.568359375 0.3603515625 0.119140625 0.146484375
2 0.7939453125 0.396484375 0.0986328125 0.126953125
0 0.294921875 0.767578125 0.115234375 0.1171875
2 0.791015625 0.8671875 0.119140625 0.1142578125
2 0.4716796875 0.810546875 0.103515625 0.1123046875
2 0.3916015625 0.3291015625 0.109375 0.1142578125
2 0.701171875 0.69140625 0.099609375 0.111328125
2 0.3095703125 0.150390625 0.1298828125 0.125
2 0.181640625 0.23828125 0.083984375 0.111328125
0 0.1259765625 0.685546875 0.1279296875 0.1357421875
0 0.947265625 0.8759765625 0.1044921875 0.1328125
0 0.1630859375 0.40234375 0.103515625 0.1328125
2 0.158203125 0.9384765625 0.1064453125 0.123046875
0 0.87890625 0.6259765625 0.125 0.1455078125
0 0.048828125 0.212890625 0.0966796875 0.126953125