0 0.7392578125 0.1123046875 0.1015625 0.1220703125
0 0.78125 0.5615234375 0.091796875 0.1220703125
0 0.224609375 0.509765625 0.1142578125 0.1328125
2 0.119140625 0.1103515625 0.0908203125 0.1064453125
2 0.552734375 0.888671875 0.103515625 0.099609375
2 0.2265625 0.8046875 0.0966796875 0.140625
2 0.9033203125 0.4033203125 0.1015625 0.1201171875
2 0.498046875 0.3310546875 0.1015625 0.146484375
2 0.365234375 0.3349609375 0.1171875 0.1171875
0 0.9365234375 0.8623046875 0.0888671875 0.111328125
2 0.5302734375 0.115234375 0.091796875 0.111328125
2 0.9111328125 0.197265625 0.1015625 0.1220703125
2 0.70703125 0.7685546875 0.109375 0.109375
2 0.6865234375 0.33984375 0.1015625 0.1015625
2 0.9248046875 0.6044921875 0.1015625 0.1435546875
0 0.3974609375 0.8681640625 0.091796875 0.1171875
0 0.1923828125 0.30078125 0.095703125 0.119140625
0 0.513671875 0.583984375 0.103515625 0.107421875
2 0.2890625 0.1337890625 0.1064453125 0.130859375
2 0.3603515625 0.599609375 0.0908203125 0.1220703125