0 0.3603515625 0.654296875 0.1123046875 0.1455078125
2 0.8349609375 0.8603515625 0.125 0.111328125
0 0.091796875 0.5634765625 0.1220703125 0.1220703125
0 0.595703125 0.392578125 0.115234375 0.1357421875
0 0.1767578125 0.3642578125 0.115234375 0.1171875
2 0.830078125 0.1787109375 0.123046875 0.146484375
0 0.9580078125 0.2626953125 0.083984375 0.134765625
2 0.3486328125 0.896484375 0.1298828125 0.1201171875
2 0.650390625 0.6005859375 0.111328125 0.109375
2 0.3583984375 0.4482421875 0.1064453125 0.140625
0 0.5126953125 0.126953125 0.1220703125 0.134765625
2 0.060546875 0.7705078125 0.12109375 0.142578125
0 0.1396484375 0.1044921875 0.111328125 0.1357421875
2 0.9052734375 0.48046875 0.1279296875 0.119140625
2 0.896484375 0.6767578125 0.1044921875 0.1142578125
0 0.55078125 0.830078125 0.1142578125 0.1328125
2 0.66796875 0.166015625 0.1220703125 0.1171875
2 0.337890625 0.15625 0.0966796875 0.1064453125
2 0.212890625 0.849609375 0.103515625 0.107421875
2 0.75390625 0.3994140625 0.0986328125 0.1044921875