2 0.9501953125 0.1669921875 0.099609375 0.146484375
0 0.900390625 0.568359375 0.1015625 0.1123046875
0 0.6484375 0.4541015625 0.09375 0.119140625
2 0.69140625 0.224609375 0.091796875 0.150390625
2 0.1083984375 0.5244140625 0.107421875 0.138671875
0 0.912109375 0.8828125 0.1064453125 0.1201171875
2 0.1064453125 0.8759765625 0.1142578125 0.091796875
0 0.107421875 0.732421875 0.109375 0.1044921875
2 0.5107421875 0.8359375 0.111328125 0.1455078125
0 0.916015625 0.37890625 0.0966796875 0.1298828125
2 0.087890625 0.3203125 0.1044921875 0.115234375
0 0.375 0.1220703125 0.103515625 0.1123046875
0 0.220703125 0.115234375 0.087890625 0.107421875
0 0.779296875 0.9208984375 0.103515625 0.109375
2 0.3544921875 0.361328125 0.0888671875 0.0908203125
2 0.53515625 0.642578125 0.095703125 0.1142578125
0 0.275390625 0.8427734375 0.0908203125 0.1171875
2 0.7060546875 0.7099609375 0.0986328125 0.109375
2 0.533203125 0.166015625 0.107421875 0.1201171875
0 0.365234375 0.5224609375 0.091796875 0.123046875