0 0.802734375 0.0771484375 0.1220703125 0.1279296875
0 0.2548828125 0.3720703125 0.1171875 0.1328125
0 0.73828125 0.841796875 0.134765625 0.146484375
0 0.587890625 0.4150390625 0.1220703125 0.140625
0 0.41796875 0.63671875 0.126953125 0.125
2 0.44140625 0.1494140625 0.125 0.115234375
0 0.8515625 0.3330078125 0.126953125 0.134765625
0 0.537109375 0.794921875 0.119140625 0.1376953125
0 0.0673828125 0.5400390625 0.134765625 0.158203125
2 0.283203125 0.6923828125 0.119140625 0.1357421875
2 0.4384765625 0.4013671875 0.150390625 0.15625
0 0.373046875 0.9345703125 0.126953125 0.130859375
2 0.220703125 0.2001953125 0.107421875 0.140625
0 0.6181640625 0.6123046875 0.125 0.126953125
2 0.6611328125 0.1630859375 0.1220703125 0.1328125
2 0.8876953125 0.84765625 0.1220703125 0.1484375
2 0.2177734375 0.9443359375 0.1298828125 0.111328125
2 0.109375 0.77734375 0.1328125 0.1376953125
2 0.0576171875 0.2353515625 0.109375 0.115234375