2 0.15625 0.8671875 0.0986328125 0.1279296875
2 0.0908203125 0.279296875 0.1015625 0.1201171875
0 0.595703125 0.2685546875 0.09375 0.119140625
0 0.9111328125 0.0556640625 0.087890625 0.111328125
2 0.359375 0.744140625 0.099609375 0.1171875
0 0.8115234375 0.25390625 0.109375 0.146484375
2 0.9326171875 0.87109375 0.130859375 0.115234375
0 0.7734375 0.861328125 0.09375 0.1123046875
0 0.439453125 0.484375 0.123046875 0.123046875
2 0.5869140625 0.4677734375 0.0859375 0.1328125
2 0.4150390625 0.236328125 0.1015625 0.1123046875
2 0.259765625 0.412109375 0.078125 0.1328125
0 0.134765625 0.4521484375 0.109375 0.1123046875
2 0.841796875 0.5390625 0.1044921875 0.1435546875
2 0.134765625 0.6982421875 0.109375 0.1142578125
2 0.1953125 0.0712890625 0.111328125 0.107421875
2 0.509765625 0.669921875 0.1064453125 0.130859375
2 0.677734375 0.681640625 0.099609375 0.1123046875
0 0.513671875 0.880859375 0.1015625 0.109375
2 0.7099609375 0.0888671875 0.1123046875 0.1201171875