0 0.888671875 0.892578125 0.103515625 0.099609375
0 0.787109375 0.6533203125 0.09375 0.1015625
0 0.396484375 0.6591796875 0.09375 0.1357421875
2 0.29296875 0.099609375 0.140625 0.150390625
2 0.4658203125 0.431640625 0.1044921875 0.1015625
0 0.8896484375 0.18359375 0.0966796875 0.099609375
2 0.09765625 0.4228515625 0.095703125 0.142578125
2 0.9384765625 0.7080078125 0.107421875 0.1201171875
2 0.2607421875 0.3115234375 0.099609375 0.1298828125
2 0.1337890625 0.666015625 0.103515625 0.1279296875
2 0.3818359375 0.8642578125 0.099609375 0.115234375
2 0.5419921875 0.83984375 0.09375 0.1201171875
2 0.4873046875 0.1357421875 0.1328125 0.123046875
0 0.15625 0.900390625 0.103515625 0.115234375
2 0.6044921875 0.650390625 0.0859375 0.1123046875
0 0.658203125 0.4345703125 0.103515625 0.125
0 0.759765625 0.2392578125 0.1064453125 0.1220703125
2 0.6982421875 0.884765625 0.109375 0.1533203125
0 0.111328125 0.0986328125 0.109375 0.123046875