2 0.431640625 0.833984375 0.1123046875 0.119140625
0 0.0576171875 0.27734375 0.115234375 0.1298828125
2 0.810546875 0.818359375 0.1279296875 0.146484375
2 0.8994140625 0.5595703125 0.115234375 0.123046875
2 0.4736328125 0.546875 0.1298828125 0.138671875
0 0.572265625 0.3330078125 0.1357421875 0.125
0 0.412109375 0.326171875 0.125 0.1328125
0 0.5869140625 0.1220703125 0.1123046875 0.130859375
2 0.2529296875 0.462890625 0.123046875 0.1591796875
2 0.1611328125 0.9345703125 0.111328125 0.130859375
2 0.77734375 0.05859375 0.1171875 0.1171875
2 0.9462890625 0.8232421875 0.107421875 0.134765625
0 0.423828125 0.1328125 0.1220703125 0.1279296875
2 0.755859375 0.591796875 0.099609375 0.138671875
0 0.203125 0.1650390625 0.125 0.138671875
0 0.1513671875 0.716796875 0.1357421875 0.1533203125
2 0.08984375 0.515625 0.1220703125 0.162109375
2 0.736328125 0.3544921875 0.109375 0.1220703125
0 0.294921875 0.8837890625 0.123046875 0.1220703125
0 0.59765625 0.7099609375 0.119140625 0.142578125