0 0.8818359375 0.1396484375 0.111328125 0.099609375
2 0.533203125 0.8076171875 0.0966796875 0.138671875
0 0.73828125 0.126953125 0.1064453125 0.0986328125
0 0.3671875 0.6494140625 0.0986328125 0.111328125
0 0.361328125 0.193359375 0.1064453125 0.1435546875
2 0.8359375 0.521484375 0.09375 0.1328125
0 0.5693359375 0.3369140625 0.1015625 0.125
0 0.1650390625 0.78515625 0.09375 0.1328125
2 0.755859375 0.7431640625 0.1357421875 0.138671875
0 0.5927734375 0.5390625 0.0966796875 0.1357421875
2 0.240234375 0.3779296875 0.1171875 0.1435546875
2 0.076171875 0.337890625 0.111328125 0.1220703125
2 0.400390625 0.439453125 0.087890625 0.1142578125
2 0.3359375 0.87109375 0.1142578125 0.119140625
2 0.56640625 0.09765625 0.0986328125 0.103515625
2 0.71875 0.3369140625 0.0908203125 0.1015625
0 0.8984375 0.283203125 0.0966796875 0.1171875
2 0.146484375 0.119140625 0.091796875 0.1376953125
0 0.2333984375 0.5927734375 0.099609375 0.123046875
0 0.9140625 0.796875 0.0986328125 0.125