0 0.6767578125 0.25 0.125 0.126953125
0 0.478515625 0.6533203125 0.115234375 0.1123046875
2 0.0830078125 0.193359375 0.1357421875 0.158203125
2 0.291015625 0.5634765625 0.115234375 0.1376953125
0 0.8056640625 0.08203125 0.1142578125 0.1376953125
0 0.6748046875 0.65234375 0.1298828125 0.1279296875
0 0.2021484375 0.8896484375 0.1328125 0.125
0 0.322265625 0.3701171875 0.1142578125 0.1357421875
0 0.15234375 0.64453125 0.1201171875 0.140625
2 0.7294921875 0.42578125 0.119140625 0.1201171875
0 0.109375 0.474609375 0.1142578125 0.123046875
0 0.291015625 0.171875 0.126953125 0.125
2 0.564453125 0.916015625 0.1171875 0.1533203125
0 0.9052734375 0.515625 0.1201171875 0.140625
2 0.4794921875 0.427734375 0.1044921875 0.119140625
2 0.84375 0.30859375 0.1123046875 0.1298828125
2 0.9453125 0.861328125 0.109375 0.1357421875
0 0.341796875 0.810546875 0.1298828125 0.162109375
2 0.5068359375 0.1376953125 0.1279296875 0.140625
2 0.7216796875 0.802734375 0.1298828125 0.142578125