2 0.5400390625 0.103515625 0.1220703125 0.134765625
0 0.5234375 0.28515625 0.0966796875 0.1123046875
0 0.12890625 0.201171875 0.0966796875 0.1220703125
0 0.6025390625 0.611328125 0.0908203125 0.1142578125
0 0.3095703125 0.630859375 0.1123046875 0.1220703125
2 0.099609375 0.603515625 0.087890625 0.09375
2 0.7919921875 0.609375 0.0986328125 0.111328125
2 0.451171875 0.490234375 0.0908203125 0.125
2 0.818359375 0.7958984375 0.1064453125 0.1376953125
2 0.7294921875 0.138671875 0.099609375 0.1123046875
0 0.935546875 0.130859375 0.109375 0.119140625
2 0.9267578125 0.484375 0.091796875 0.0810546875
2 0.9404296875 0.337890625 0.0810546875 0.087890625
2 0.236328125 0.8154296875 0.099609375 0.091796875
2 0.732421875 0.380859375 0.099609375 0.1044921875
0 0.576171875 0.8818359375 0.1044921875 0.1376953125
0 0.353515625 0.294921875 0.0966796875 0.1298828125
2 0.1005859375 0.4052734375 0.115234375 0.1015625
0 0.310546875 0.07421875 0.109375 0.125