2 0.0537109375 0.11328125 0.103515625 0.103515625
2 0.896484375 0.119140625 0.0908203125 0.1435546875
0 0.9248046875 0.90625 0.1142578125 0.1123046875
0 0.396484375 0.3310546875 0.0966796875 0.119140625
0 0.634765625 0.384765625 0.099609375 0.115234375
2 0.7890625 0.306640625 0.0986328125 0.1279296875
2 0.146484375 0.669921875 0.09375 0.126953125
2 0.5439453125 0.7099609375 0.107421875 0.1201171875
0 0.31640625 0.517578125 0.111328125 0.123046875
0 0.2109375 0.921875 0.1015625 0.1201171875
2 0.740234375 0.720703125 0.09375 0.09375
2 0.873046875 0.5224609375 0.099609375 0.15625
2 0.2353515625 0.146484375 0.0908203125 0.1142578125
2 0.7470703125 0.9306640625 0.0830078125 0.1123046875
2 0.3369140625 0.693359375 0.115234375 0.126953125
2 0.521484375 0.890625 0.1279296875 0.123046875
2 0.904296875 0.6943359375 0.1142578125 0.146484375
0 0.55078125 0.1005859375 0.107421875 0.1435546875
2 0.7197265625 0.126953125 0.1171875 0.138671875
2 0.123046875 0.3359375 0.0966796875 0.111328125