0 0.12109375 0.3486328125 0.1142578125 0.1201171875
2 0.638671875 0.953125 0.1220703125 0.09375
0 0.7529296875 0.3330078125 0.138671875 0.15625
2 0.5615234375 0.240234375 0.1376953125 0.150390625
2 0.212890625 0.6220703125 0.1201171875 0.1328125
0 0.876953125 0.4873046875 0.126953125 0.1279296875
2 0.251953125 0.458984375 0.1064453125 0.1298828125
0 0.810546875 0.654296875 0.1171875 0.115234375
2 0.05859375 0.591796875 0.1171875 0.1220703125
0 0.80859375 0.935546875 0.1298828125 0.1279296875
0 0.4658203125 0.470703125 0.1279296875 0.138671875
2 0.2021484375 0.830078125 0.126953125 0.1328125
2 0.384765625 0.275390625 0.125 0.1455078125
2 0.0302734375 0.806640625 0.060546875 0.1298828125
2 0.431640625 0.0908203125 0.1328125 0.140625
2 0.48828125 0.818359375 0.126953125 0.125
2 0.94921875 0.3095703125 0.1015625 0.1748046875
0 0.359375 0.669921875 0.125 0.142578125
0 0.2294921875 0.103515625 0.1328125 0.166015625
0 0.6220703125 0.537109375 0.1220703125 0.1484375