2 0.873046875 0.1455078125 0.1328125 0.138671875
2 0.7177734375 0.40234375 0.1015625 0.1201171875
0 0.3544921875 0.107421875 0.1142578125 0.1298828125
2 0.8662109375 0.8154296875 0.111328125 0.150390625
2 0.59375 0.7958984375 0.1201171875 0.146484375
2 0.8798828125 0.36328125 0.126953125 0.1279296875
2 0.05078125 0.595703125 0.1015625 0.125
2 0.4287109375 0.8857421875 0.1064453125 0.138671875
2 0.421875 0.576171875 0.087890625 0.09375
2 0.5830078125 0.1904296875 0.099609375 0.126953125
2 0.6142578125 0.568359375 0.109375 0.134765625
0 0.880859375 0.611328125 0.111328125 0.134765625
2 0.29296875 0.826171875 0.1142578125 0.123046875
0 0.095703125 0.26171875 0.1220703125 0.125
2 0.123046875 0.7900390625 0.1064453125 0.0908203125
0 0.271484375 0.2734375 0.107421875 0.1123046875
0 0.2470703125 0.5498046875 0.107421875 0.142578125
2 0.1865234375 0.060546875 0.1171875 0.1201171875
0 0.5439453125 0.380859375 0.1044921875 0.130859375
2 0.728515625 0.09375 0.1201171875 0.1142578125