2 0.138671875 0.88671875 0.1201171875 0.1591796875
0 0.15234375 0.6640625 0.1171875 0.123046875
0 0.943359375 0.8095703125 0.1123046875 0.130859375
2 0.4775390625 0.869140625 0.115234375 0.1376953125
2 0.5361328125 0.408203125 0.1044921875 0.125
2 0.7578125 0.0810546875 0.115234375 0.1484375
2 0.0478515625 0.447265625 0.095703125 0.1376953125
0 0.6796875 0.849609375 0.1201171875 0.1357421875
2 0.3427734375 0.9189453125 0.1220703125 0.1328125
0 0.2275390625 0.439453125 0.1123046875 0.146484375
2 0.6982421875 0.4375 0.111328125 0.1298828125
0 0.4130859375 0.65234375 0.1220703125 0.1328125
0 0.0478515625 0.1767578125 0.095703125 0.115234375
0 0.7939453125 0.7314453125 0.126953125 0.15625
2 0.1904296875 0.255859375 0.103515625 0.1044921875
2 0.5810546875 0.64453125 0.111328125 0.134765625
2 0.3671875 0.462890625 0.1279296875 0.138671875
2 0.568359375 0.1943359375 0.138671875 0.1513671875
0 0.86328125 0.314453125 0.119140625 0.125
0 0.38671875 0.287109375 0.119140625 0.123046875