2 0.09765625 0.52734375 0.1015625 0.1533203125
0 0.111328125 0.8818359375 0.099609375 0.099609375
2 0.76171875 0.7041015625 0.119140625 0.142578125
2 0.7607421875 0.2353515625 0.1220703125 0.1298828125
2 0.728515625 0.419921875 0.1142578125 0.126953125
0 0.1044921875 0.1337890625 0.1142578125 0.130859375
2 0.2421875 0.470703125 0.0966796875 0.1064453125
2 0.2607421875 0.912109375 0.111328125 0.0888671875
2 0.4482421875 0.6064453125 0.0986328125 0.1015625
0 0.8994140625 0.4306640625 0.1015625 0.119140625
0 0.576171875 0.341796875 0.09375 0.1201171875
0 0.423828125 0.326171875 0.0986328125 0.109375
2 0.4013671875 0.892578125 0.107421875 0.1064453125
2 0.587890625 0.685546875 0.107421875 0.1201171875
2 0.25390625 0.705078125 0.091796875 0.1044921875
0 0.89453125 0.107421875 0.115234375 0.1435546875
0 0.25390625 0.2392578125 0.115234375 0.119140625
2 0.9072265625 0.7548828125 0.099609375 0.140625
0 0.5556640625 0.1181640625 0.109375 0.109375
0 0.638671875 0.873046875 0.1142578125 0.107421875