0 0.9013671875 0.4873046875 0.1142578125 0.115234375
2 0.900390625 0.689453125 0.134765625 0.1279296875
0 0.3671875 0.3759765625 0.0908203125 0.115234375
2 0.2880859375 0.5576171875 0.123046875 0.138671875
0 0.5361328125 0.5634765625 0.095703125 0.1171875
0 0.6884765625 0.1904296875 0.107421875 0.103515625
0 0.25390625 0.1845703125 0.107421875 0.130859375
2 0.1376953125 0.8818359375 0.0966796875 0.1015625
2 0.8876953125 0.310546875 0.099609375 0.087890625
2 0.88671875 0.9091796875 0.0986328125 0.1201171875
0 0.408203125 0.814453125 0.1142578125 0.1201171875
2 0.52734375 0.3115234375 0.0966796875 0.103515625
0 0.5361328125 0.822265625 0.1015625 0.1142578125
2 0.51953125 0.1357421875 0.1015625 0.1064453125
0 0.1396484375 0.5126953125 0.103515625 0.130859375
2 0.71875 0.9111328125 0.1015625 0.0830078125
2 0.716796875 0.564453125 0.0986328125 0.109375
2 0.705078125 0.7333984375 0.0859375 0.1064453125
2 0.6904296875 0.39453125 0.1015625 0.107421875
0 0.1181640625 0.185546875 0.107421875 0.125