2 0.1357421875 0.142578125 0.1064453125 0.1376953125
0 0.3330078125 0.11328125 0.111328125 0.1201171875
0 0.490234375 0.4609375 0.0908203125 0.107421875
0 0.744140625 0.71484375 0.0966796875 0.103515625
2 0.107421875 0.6767578125 0.0908203125 0.1142578125
0 0.865234375 0.3271484375 0.103515625 0.1142578125
0 0.1298828125 0.3818359375 0.109375 0.1328125
0 0.6640625 0.44921875 0.103515625 0.109375
2 0.9052734375 0.787109375 0.111328125 0.1123046875
0 0.47265625 0.8837890625 0.1015625 0.111328125
0 0.236328125 0.900390625 0.109375 0.1171875
0 0.8916015625 0.115234375 0.099609375 0.1142578125
0 0.2919921875 0.462890625 0.1015625 0.126953125
2 0.7080078125 0.1884765625 0.1044921875 0.107421875
2 0.6689453125 0.90625 0.1123046875 0.0966796875
2 0.91796875 0.529296875 0.087890625 0.095703125
2 0.099609375 0.873046875 0.1142578125 0.1123046875
2 0.2626953125 0.7001953125 0.0859375 0.1044921875
2 0.568359375 0.708984375 0.1015625 0.1220703125
0 0.5498046875 0.236328125 0.1044921875 0.142578125