0 0.29296875 0.74609375 0.1044921875 0.0986328125
2 0.564453125 0.32421875 0.111328125 0.103515625
0 0.4248046875 0.1201171875 0.1064453125 0.126953125
2 0.8291015625 0.2705078125 0.09375 0.119140625
0 0.8154296875 0.609375 0.091796875 0.107421875
0 0.59375 0.134765625 0.1123046875 0.1123046875
0 0.25390625 0.326171875 0.099609375 0.111328125
0 0.802734375 0.908203125 0.103515625 0.119140625
2 0.095703125 0.595703125 0.1123046875 0.1064453125
2 0.1318359375 0.810546875 0.107421875 0.1123046875
0 0.2666015625 0.1396484375 0.09375 0.107421875
0 0.619140625 0.779296875 0.111328125 0.1357421875
2 0.6171875 0.552734375 0.099609375 0.103515625
2 0.896484375 0.0966796875 0.095703125 0.1376953125
2 0.2919921875 0.9296875 0.109375 0.109375
2 0.443359375 0.8447265625 0.09375 0.1064453125
2 0.375 0.484375 0.095703125 0.095703125
0 0.095703125 0.3515625 0.1044921875 0.1123046875
2 0.4052734375 0.353515625 0.1044921875 0.0966796875
0 0.056640625 0.1787109375 0.0986328125 0.126953125