0 0.5263671875 0.123046875 0.1015625 0.130859375
0 0.158203125 0.1318359375 0.09375 0.095703125
0 0.2841796875 0.908203125 0.0908203125 0.107421875
2 0.4228515625 0.869140625 0.09375 0.115234375
0 0.8447265625 0.837890625 0.1015625 0.1171875
2 0.435546875 0.3134765625 0.115234375 0.1171875
2 0.7041015625 0.9296875 0.1142578125 0.1376953125
2 0.1044921875 0.408203125 0.1044921875 0.150390625
0 0.6259765625 0.578125 0.0908203125 0.111328125
2 0.1103515625 0.896484375 0.09375 0.1298828125
0 0.1181640625 0.673828125 0.1015625 0.1328125
2 0.8798828125 0.244140625 0.107421875 0.1064453125
2 0.2802734375 0.53515625 0.095703125 0.1279296875
2 0.302734375 0.1083984375 0.0859375 0.1015625
2 0.572265625 0.326171875 0.0859375 0.109375
2 0.4306640625 0.5537109375 0.091796875 0.140625
0 0.7841796875 0.611328125 0.1064453125 0.119140625
0 0.9521484375 0.5146484375 0.095703125 0.1220703125
2 0.298828125 0.349609375 0.119140625 0.140625
2 0.72265625 0.162109375 0.0986328125 0.146484375