2 0.2646484375 0.1943359375 0.115234375 0.1298828125
2 0.5205078125 0.59375 0.1044921875 0.125
0 0.1318359375 0.0537109375 0.111328125 0.107421875
0 0.6240234375 0.357421875 0.1142578125 0.1298828125
0 0.1728515625 0.83203125 0.103515625 0.111328125
2 0.8994140625 0.8212890625 0.1171875 0.140625
2 0.396484375 0.76953125 0.1015625 0.1044921875
2 0.6552734375 0.62109375 0.115234375 0.1171875
2 0.10546875 0.263671875 0.1171875 0.1513671875
2 0.4765625 0.1171875 0.1064453125 0.142578125
0 0.466796875 0.2939453125 0.1328125 0.125
0 0.7314453125 0.1875 0.125 0.1455078125
0 0.3203125 0.548828125 0.109375 0.134765625
2 0.1435546875 0.4677734375 0.09375 0.099609375
2 0.8798828125 0.5615234375 0.1142578125 0.123046875
0 0.9150390625 0.1962890625 0.119140625 0.1298828125
2 0.8369140625 0.4013671875 0.1064453125 0.1376953125
0 0.177734375 0.61328125 0.1171875 0.138671875
0 0.7265625 0.8984375 0.1064453125 0.1044921875