2 0.787109375 0.3740234375 0.1220703125 0.134765625
0 0.2939453125 0.724609375 0.1201171875 0.138671875
2 0.1796875 0.076171875 0.13671875 0.15234375
0 0.94140625 0.4287109375 0.1171875 0.142578125
2 0.056640625 0.7802734375 0.11328125 0.126953125
2 0.44921875 0.7021484375 0.1171875 0.1376953125
2 0.8037109375 0.9140625 0.1220703125 0.1533203125
0 0.130859375 0.5556640625 0.134765625 0.1640625
2 0.2919921875 0.2041015625 0.111328125 0.1328125
2 0.748046875 0.66015625 0.115234375 0.126953125
2 0.435546875 0.908203125 0.1298828125 0.142578125
2 0.572265625 0.3642578125 0.130859375 0.1435546875
0 0.3359375 0.490234375 0.138671875 0.158203125
0 0.8486328125 0.1767578125 0.125 0.140625
2 0.130859375 0.283203125 0.1220703125 0.146484375
2 0.8779296875 0.6044921875 0.1376953125 0.1689453125
0 0.439453125 0.248046875 0.134765625 0.1328125
2 0.9609375 0.2373046875 0.078125 0.15625
0 0.650390625 0.1494140625 0.1376953125 0.150390625
2 0.666015625 0.9013671875 0.130859375 0.1435546875