2 0.0810546875 0.3515625 0.1123046875 0.140625
2 0.4453125 0.376953125 0.0986328125 0.111328125
0 0.1982421875 0.7548828125 0.103515625 0.1142578125
0 0.494140625 0.9072265625 0.115234375 0.1142578125
2 0.2978515625 0.482421875 0.1044921875 0.1279296875
0 0.8701171875 0.6015625 0.1123046875 0.134765625
2 0.498046875 0.205078125 0.111328125 0.1044921875
2 0.716796875 0.595703125 0.0986328125 0.1064453125
0 0.1044921875 0.1318359375 0.111328125 0.1279296875
2 0.8642578125 0.8720703125 0.107421875 0.1142578125
2 0.712890625 0.1328125 0.09375 0.1220703125
0 0.544921875 0.6025390625 0.0966796875 0.1435546875
2 0.3330078125 0.6728515625 0.09375 0.1298828125
2 0.3251953125 0.8603515625 0.091796875 0.0908203125
2 0.115234375 0.5400390625 0.095703125 0.109375
0 0.734375 0.3798828125 0.1064453125 0.107421875
0 0.244140625 0.2666015625 0.0966796875 0.1123046875
0 0.927734375 0.208984375 0.091796875 0.1357421875
0 0.9052734375 0.4384765625 0.1044921875 0.1171875
0 0.6982421875 0.8193359375 0.1015625 0.1328125