0 0.48828125 0.1259765625 0.1279296875 0.1357421875
0 0.865234375 0.4716796875 0.125 0.126953125
0 0.560546875 0.6298828125 0.1201171875 0.1455078125
2 0.8671875 0.7041015625 0.1201171875 0.150390625
2 0.05078125 0.728515625 0.1015625 0.138671875
0 0.623046875 0.1845703125 0.1201171875 0.1279296875
2 0.447265625 0.330078125 0.123046875 0.150390625
2 0.162109375 0.09765625 0.119140625 0.1357421875
2 0.1376953125 0.3203125 0.115234375 0.140625
0 0.802734375 0.955078125 0.1123046875 0.0888671875
2 0.330078125 0.857421875 0.1171875 0.123046875
2 0.775390625 0.212890625 0.115234375 0.1201171875
2 0.1005859375 0.498046875 0.123046875 0.1591796875
0 0.23828125 0.6376953125 0.1328125 0.142578125
0 0.95703125 0.232421875 0.0859375 0.138671875
2 0.650390625 0.85546875 0.109375 0.125
2 0.4677734375 0.896484375 0.1279296875 0.1513671875
0 0.4384765625 0.529296875 0.1279296875 0.158203125
2 0.669921875 0.451171875 0.1171875 0.125
2 0.3095703125 0.150390625 0.125 0.154296875