0 0.09375 0.71484375 0.1015625 0.109375
2 0.1064453125 0.9052734375 0.1064453125 0.1513671875
0 0.490234375 0.7216796875 0.099609375 0.126953125
2 0.26953125 0.330078125 0.099609375 0.1455078125
0 0.107421875 0.4541015625 0.0908203125 0.1171875
2 0.875 0.6552734375 0.1171875 0.142578125
2 0.951171875 0.8759765625 0.095703125 0.1220703125
0 0.7177734375 0.1572265625 0.1279296875 0.1171875
0 0.3662109375 0.1064453125 0.1142578125 0.123046875
0 0.47265625 0.5146484375 0.103515625 0.1064453125
2 0.548828125 0.8837890625 0.1142578125 0.111328125
2 0.6806640625 0.3583984375 0.109375 0.130859375
2 0.625 0.5703125 0.107421875 0.1064453125
2 0.2568359375 0.580078125 0.1123046875 0.142578125
2 0.326171875 0.8984375 0.0966796875 0.126953125
2 0.916015625 0.30859375 0.087890625 0.0888671875
2 0.728515625 0.8955078125 0.0966796875 0.1298828125
2 0.900390625 0.099609375 0.087890625 0.109375
2 0.205078125 0.171875 0.099609375 0.1015625
0 0.525390625 0.3046875 0.1015625 0.125