0 0.0654296875 0.52734375 0.1064453125 0.1044921875
2 0.7021484375 0.865234375 0.1201171875 0.123046875
0 0.4921875 0.916015625 0.125 0.1376953125
0 0.861328125 0.4267578125 0.134765625 0.1298828125
0 0.951171875 0.806640625 0.0966796875 0.142578125
0 0.255859375 0.966796875 0.1220703125 0.0654296875
2 0.734375 0.669921875 0.1298828125 0.130859375
0 0.46484375 0.732421875 0.1279296875 0.142578125
2 0.599609375 0.2060546875 0.1220703125 0.146484375
2 0.369140625 0.1318359375 0.1376953125 0.1435546875
0 0.728515625 0.060546875 0.125 0.1201171875
2 0.833984375 0.234375 0.1201171875 0.1279296875
2 0.908203125 0.6572265625 0.119140625 0.1201171875
0 0.2705078125 0.7216796875 0.115234375 0.1435546875
2 0.025390625 0.279296875 0.0498046875 0.154296875
2 0.2060546875 0.3359375 0.1298828125 0.150390625
2 0.0908203125 0.6923828125 0.109375 0.115234375
2 0.2724609375 0.5478515625 0.1220703125 0.130859375
2 0.669921875 0.470703125 0.1455078125 0.1435546875
2 0.392578125 0.498046875 0.1328125 0.1640625