0 0.103515625 0.505859375 0.0986328125 0.1279296875
0 0.935546875 0.22265625 0.1015625 0.1328125
0 0.611328125 0.388671875 0.1064453125 0.1015625
0 0.2841796875 0.4013671875 0.09375 0.1220703125
2 0.7978515625 0.525390625 0.0986328125 0.1298828125
2 0.166015625 0.697265625 0.1123046875 0.1298828125
2 0.583984375 0.5791015625 0.109375 0.1298828125
2 0.775390625 0.201171875 0.087890625 0.111328125
2 0.2939453125 0.8779296875 0.0908203125 0.134765625
0 0.4013671875 0.67578125 0.1044921875 0.1201171875
2 0.5283203125 0.1123046875 0.103515625 0.103515625
2 0.9404296875 0.435546875 0.0966796875 0.0859375
0 0.908203125 0.861328125 0.1201171875 0.126953125
2 0.427734375 0.3955078125 0.083984375 0.1015625
0 0.115234375 0.1181640625 0.1123046875 0.134765625
0 0.1044921875 0.298828125 0.126953125 0.1376953125
2 0.5625 0.8310546875 0.103515625 0.111328125
2 0.7724609375 0.744140625 0.0966796875 0.1357421875
2 0.138671875 0.8955078125 0.0908203125 0.103515625
2 0.373046875 0.1328125 0.0966796875 0.1064453125