2 0.16015625 0.748046875 0.115234375 0.125
0 0.0693359375 0.24609375 0.1142578125 0.1279296875
2 0.67578125 0.560546875 0.1015625 0.1513671875
0 0.884765625 0.083984375 0.1123046875 0.1123046875
0 0.57421875 0.1162109375 0.109375 0.1142578125
0 0.70703125 0.0595703125 0.103515625 0.115234375
2 0.943359375 0.8720703125 0.109375 0.1279296875
2 0.361328125 0.173828125 0.0986328125 0.115234375
2 0.2109375 0.142578125 0.099609375 0.119140625
2 0.5263671875 0.6064453125 0.087890625 0.125
2 0.439453125 0.8974609375 0.1123046875 0.119140625
0 0.755859375 0.740234375 0.1201171875 0.146484375
2 0.689453125 0.3154296875 0.103515625 0.1123046875
0 0.4345703125 0.431640625 0.1015625 0.1201171875
2 0.3720703125 0.7119140625 0.115234375 0.126953125
0 0.888671875 0.271484375 0.1044921875 0.1142578125
0 0.603515625 0.849609375 0.1279296875 0.123046875
0 0.21484375 0.927734375 0.1064453125 0.109375
0 0.8544921875 0.5087890625 0.123046875 0.1357421875
2 0.158203125 0.4189453125 0.1064453125 0.1220703125