0 0.4658203125 0.2783203125 0.099609375 0.099609375
2 0.3369140625 0.4638671875 0.103515625 0.111328125
2 0.056640625 0.8134765625 0.103515625 0.146484375
0 0.4365234375 0.865234375 0.1044921875 0.1201171875
0 0.181640625 0.4873046875 0.095703125 0.1279296875
0 0.828125 0.3876953125 0.126953125 0.125
2 0.248046875 0.86328125 0.1123046875 0.109375
2 0.4775390625 0.083984375 0.115234375 0.1015625
2 0.654296875 0.8447265625 0.109375 0.126953125
0 0.6806640625 0.1396484375 0.09375 0.0966796875
0 0.126953125 0.267578125 0.119140625 0.1298828125
2 0.822265625 0.115234375 0.119140625 0.111328125
0 0.2568359375 0.298828125 0.0966796875 0.091796875
0 0.791015625 0.90625 0.1015625 0.125
0 0.505859375 0.6640625 0.095703125 0.126953125
0 0.4833984375 0.4619140625 0.1201171875 0.130859375
2 0.3271484375 0.6923828125 0.109375 0.0986328125
0 0.783203125 0.71484375 0.109375 0.1123046875
2 0.666015625 0.478515625 0.1044921875 0.1328125
2 0.1552734375 0.078125 0.103515625 0.103515625