2 0.302734375 0.484375 0.1298828125 0.162109375
2 0.8369140625 0.9140625 0.1220703125 0.142578125
2 0.29296875 0.2607421875 0.119140625 0.115234375
2 0.625 0.669921875 0.107421875 0.1171875
0 0.091796875 0.5771484375 0.1201171875 0.1142578125
0 0.431640625 0.08984375 0.115234375 0.1142578125
2 0.1640625 0.0263671875 0.12890625 0.052734375
2 0.080078125 0.3125 0.115234375 0.126953125
0 0.041015625 0.779296875 0.0810546875 0.125
0 0.462890625 0.330078125 0.119140625 0.1220703125
2 0.69921875 0.4736328125 0.1201171875 0.154296875
2 0.80859375 0.18359375 0.107421875 0.138671875
2 0.4765625 0.619140625 0.125 0.1298828125
2 0.392578125 0.849609375 0.1064453125 0.123046875
0 0.94140625 0.1787109375 0.1171875 0.126953125
2 0.6298828125 0.154296875 0.134765625 0.1279296875
0 0.6171875 0.865234375 0.111328125 0.115234375
2 0.857421875 0.640625 0.1220703125 0.138671875
2 0.224609375 0.689453125 0.1298828125 0.154296875
0 0.916015625 0.41015625 0.1142578125 0.138671875