0 0.9599609375 0.8291015625 0.080078125 0.142578125
0 0.0537109375 0.228515625 0.107421875 0.1220703125
2 0.4912109375 0.822265625 0.1171875 0.138671875
2 0.1220703125 0.640625 0.1171875 0.1376953125
0 0.814453125 0.0537109375 0.1279296875 0.107421875
2 0.1240234375 0.9287109375 0.1201171875 0.142578125
0 0.638671875 0.05078125 0.1142578125 0.1015625
0 0.2431640625 0.142578125 0.123046875 0.1201171875
0 0.7841796875 0.84765625 0.1044921875 0.1142578125
0 0.126953125 0.3818359375 0.1298828125 0.1533203125
0 0.279296875 0.326171875 0.130859375 0.1591796875
0 0.8720703125 0.2177734375 0.115234375 0.123046875
2 0.7431640625 0.61328125 0.1123046875 0.1328125
0 0.724609375 0.3720703125 0.1171875 0.142578125
0 0.919921875 0.416015625 0.1279296875 0.1298828125
0 0.34765625 0.576171875 0.125 0.15625
2 0.927734375 0.625 0.1220703125 0.125
0 0.298828125 0.8974609375 0.109375 0.1279296875
0 0.4130859375 0.1259765625 0.109375 0.1279296875
2 0.4970703125 0.44140625 0.1220703125 0.154296875