0 0.34765625 0.4228515625 0.09375 0.111328125
0 0.68359375 0.1455078125 0.1044921875 0.1015625
0 0.4169921875 0.7294921875 0.109375 0.130859375
0 0.06640625 0.1044921875 0.0986328125 0.1123046875
2 0.2568359375 0.9091796875 0.095703125 0.109375
2 0.1083984375 0.8076171875 0.09375 0.107421875
0 0.7333984375 0.7880859375 0.099609375 0.125
2 0.19921875 0.361328125 0.0986328125 0.123046875
2 0.3466796875 0.171875 0.119140625 0.1455078125
2 0.783203125 0.599609375 0.1064453125 0.1142578125
2 0.875 0.9287109375 0.119140625 0.115234375
0 0.8701171875 0.359375 0.123046875 0.1171875
2 0.537109375 0.119140625 0.091796875 0.126953125
0 0.46875 0.9140625 0.1015625 0.1171875
2 0.6796875 0.337890625 0.0986328125 0.1328125
2 0.541015625 0.408203125 0.0908203125 0.0908203125
2 0.203125 0.6240234375 0.103515625 0.134765625
2 0.5732421875 0.6474609375 0.103515625 0.150390625
0 0.8896484375 0.1669921875 0.111328125 0.154296875