0 0.599609375 0.1279296875 0.119140625 0.1279296875
0 0.78125 0.9404296875 0.1279296875 0.119140625
2 0.3291015625 0.8447265625 0.1357421875 0.162109375
0 0.1630859375 0.796875 0.140625 0.1455078125
0 0.953125 0.4345703125 0.09375 0.1279296875
2 0.7724609375 0.166015625 0.1171875 0.142578125
2 0.232421875 0.53515625 0.1279296875 0.1689453125
2 0.3876953125 0.3095703125 0.1142578125 0.1201171875
0 0.1123046875 0.384765625 0.1328125 0.134765625
0 0.595703125 0.3037109375 0.1328125 0.138671875
2 0.2255859375 0.201171875 0.126953125 0.119140625
2 0.798828125 0.3857421875 0.115234375 0.1357421875
2 0.044921875 0.744140625 0.0888671875 0.123046875
0 0.44140625 0.1201171875 0.1220703125 0.140625
2 0.46484375 0.546875 0.107421875 0.111328125
0 0.296875 0.060546875 0.140625 0.1201171875
2 0.5986328125 0.876953125 0.107421875 0.1171875
2 0.931640625 0.201171875 0.1357421875 0.1435546875
2 0.650390625 0.5439453125 0.119140625 0.1298828125
2 0.80078125 0.7470703125 0.142578125 0.1455078125