2 0.875 0.1005859375 0.1201171875 0.1142578125
0 0.08984375 0.068359375 0.1201171875 0.1357421875
0 0.0712890625 0.3466796875 0.1220703125 0.1142578125
0 0.2578125 0.150390625 0.1201171875 0.130859375
0 0.5546875 0.615234375 0.109375 0.138671875
0 0.09765625 0.8662109375 0.1201171875 0.130859375
0 0.408203125 0.1279296875 0.109375 0.138671875
2 0.75390625 0.29296875 0.111328125 0.1064453125
2 0.541015625 0.8232421875 0.099609375 0.138671875
0 0.580078125 0.287109375 0.119140625 0.1142578125
2 0.4287109375 0.3515625 0.1220703125 0.126953125
0 0.623046875 0.103515625 0.099609375 0.1142578125
0 0.703125 0.58984375 0.115234375 0.1455078125
2 0.357421875 0.619140625 0.1201171875 0.158203125
0 0.90625 0.3701171875 0.119140625 0.1328125
0 0.0888671875 0.638671875 0.115234375 0.1171875
0 0.837890625 0.892578125 0.1044921875 0.1328125
0 0.3349609375 0.8408203125 0.1064453125 0.138671875
2 0.8642578125 0.6611328125 0.1201171875 0.140625
0 0.224609375 0.3310546875 0.109375 0.123046875