0 0.2265625 0.07421875 0.1201171875 0.123046875
0 0.296875 0.697265625 0.1142578125 0.125
2 0.7255859375 0.2109375 0.1220703125 0.125
0 0.357421875 0.537109375 0.1220703125 0.125
0 0.90234375 0.2890625 0.140625 0.138671875
2 0.125 0.8505859375 0.1513671875 0.158203125
2 0.150390625 0.2724609375 0.115234375 0.123046875
0 0.3984375 0.3369140625 0.130859375 0.125
0 0.6845703125 0.42578125 0.1064453125 0.1142578125
2 0.1337890625 0.69140625 0.1279296875 0.1279296875
2 0.5732421875 0.2421875 0.1123046875 0.134765625
0 0.873046875 0.498046875 0.125 0.126953125
2 0.8798828125 0.72265625 0.111328125 0.125
0 0.177734375 0.4873046875 0.1298828125 0.134765625
2 0.517578125 0.755859375 0.115234375 0.111328125
2 0.8134765625 0.857421875 0.111328125 0.099609375
2 0.525390625 0.482421875 0.1064453125 0.1220703125
2 0.7021484375 0.7099609375 0.134765625 0.15625
0 0.5458984375 0.93359375 0.126953125 0.1328125
2 0.4150390625 0.1484375 0.126953125 0.146484375