0 0.5419921875 0.197265625 0.1142578125 0.125
0 0.724609375 0.1259765625 0.109375 0.1455078125
0 0.875 0.1328125 0.091796875 0.1484375
0 0.7197265625 0.3359375 0.1064453125 0.1484375
0 0.5341796875 0.419921875 0.103515625 0.140625
0 0.2958984375 0.4765625 0.1123046875 0.140625
0 0.564453125 0.59375 0.103515625 0.142578125
0 0.83984375 0.615234375 0.109375 0.146484375
0 0.595703125 0.876953125 0.111328125 0.130859375
0 0.416015625 0.92578125 0.1328125 0.1376953125
0 0.318359375 0.7548828125 0.1064453125 0.142578125
0 0.1826171875 0.7255859375 0.1123046875 0.1328125
2 0.376953125 0.125 0.111328125 0.1279296875
2 0.197265625 0.103515625 0.1015625 0.154296875
2 0.23046875 0.3046875 0.1044921875 0.1298828125
2 0.154296875 0.478515625 0.115234375 0.138671875
2 0.28125 0.923828125 0.109375 0.1513671875
2 0.767578125 0.880859375 0.1220703125 0.125
2 0.9326171875 0.8828125 0.1201171875 0.1328125
2 0.8955078125 0.361328125 0.115234375 0.119140625