2 0.4541015625 0.9072265625 0.115234375 0.1064453125
0 0.7919921875 0.4365234375 0.1142578125 0.123046875
0 0.115234375 0.833984375 0.1142578125 0.119140625
0 0.912109375 0.8828125 0.107421875 0.103515625
2 0.447265625 0.5068359375 0.1015625 0.1298828125
0 0.6572265625 0.56640625 0.109375 0.103515625
2 0.634765625 0.912109375 0.111328125 0.1142578125
0 0.1923828125 0.4111328125 0.1064453125 0.1171875
0 0.58984375 0.716796875 0.09375 0.0986328125
0 0.283203125 0.2001953125 0.1123046875 0.1044921875
2 0.865234375 0.1396484375 0.1142578125 0.126953125
2 0.439453125 0.134765625 0.103515625 0.1298828125
0 0.26171875 0.8466796875 0.107421875 0.1357421875
2 0.427734375 0.654296875 0.1123046875 0.111328125
2 0.7109375 0.189453125 0.111328125 0.130859375
2 0.9462890625 0.4345703125 0.0986328125 0.1220703125
2 0.5478515625 0.318359375 0.107421875 0.1220703125
2 0.859375 0.6806640625 0.083984375 0.0908203125
2 0.125 0.2216796875 0.0888671875 0.1044921875
2 0.1669921875 0.5888671875 0.0908203125 0.1064453125