0 0.9599609375 0.1708984375 0.080078125 0.142578125
0 0.0537109375 0.771484375 0.107421875 0.1220703125
2 0.4912109375 0.177734375 0.1171875 0.138671875
2 0.1220703125 0.359375 0.1171875 0.1376953125
0 0.814453125 0.9462890625 0.1279296875 0.107421875
2 0.1240234375 0.0712890625 0.1201171875 0.142578125
0 0.638671875 0.94921875 0.1142578125 0.1015625
0 0.2431640625 0.857421875 0.123046875 0.1201171875
0 0.7841796875 0.15234375 0.1044921875 0.1142578125
0 0.126953125 0.6181640625 0.1298828125 0.1533203125
0 0.279296875 0.673828125 0.130859375 0.1591796875
0 0.8720703125 0.7822265625 0.115234375 0.123046875
2 0.7431640625 0.38671875 0.1123046875 0.1328125
0 0.724609375 0.6279296875 0.1171875 0.142578125
0 0.919921875 0.583984375 0.1279296875 0.1298828125
0 0.34765625 0.423828125 0.125 0.15625
2 0.927734375 0.375 0.1220703125 0.125
0 0.298828125 0.1025390625 0.109375 0.1279296875
0 0.4130859375 0.8740234375 0.109375 0.1279296875
2 0.4970703125 0.55859375 0.1220703125 0.154296875