0 0.291015625 0.935546875 0.1298828125 0.1279296875
0 0.099609375 0.5595703125 0.140625 0.1376953125
0 0.333984375 0.6494140625 0.1201171875 0.150390625
0 0.5673828125 0.33203125 0.125 0.1669921875
0 0.7412109375 0.3271484375 0.1298828125 0.126953125
0 0.947265625 0.607421875 0.10546875 0.1484375
0 0.5263671875 0.08984375 0.123046875 0.125
0 0.5244140625 0.5771484375 0.1201171875 0.1455078125
0 0.970703125 0.7998046875 0.05859375 0.138671875
0 0.8251953125 0.0576171875 0.140625 0.115234375
0 0.685546875 0.1005859375 0.111328125 0.126953125
2 0.88671875 0.427734375 0.1044921875 0.130859375
2 0.4384765625 0.9052734375 0.130859375 0.1435546875
2 0.201171875 0.7373046875 0.1123046875 0.146484375
2 0.1787109375 0.2890625 0.115234375 0.142578125
2 0.3642578125 0.1328125 0.125 0.1455078125
2 0.373046875 0.326171875 0.099609375 0.138671875
2 0.609375 0.791015625 0.111328125 0.1279296875
0 0.837890625 0.7509765625 0.1015625 0.158203125
0 0.697265625 0.576171875 0.107421875 0.125