0 0.2919921875 0.908203125 0.0986328125 0.126953125
0 0.0654296875 0.2314453125 0.109375 0.109375
2 0.892578125 0.205078125 0.109375 0.111328125
2 0.505859375 0.716796875 0.095703125 0.1142578125
0 0.125 0.6953125 0.103515625 0.111328125
2 0.9130859375 0.6552734375 0.1044921875 0.119140625
2 0.591796875 0.9267578125 0.087890625 0.111328125
0 0.0908203125 0.45703125 0.107421875 0.134765625
2 0.4150390625 0.9150390625 0.1064453125 0.146484375
2 0.5087890625 0.111328125 0.095703125 0.109375
0 0.7548828125 0.423828125 0.126953125 0.123046875
2 0.80859375 0.845703125 0.09375 0.123046875
2 0.357421875 0.224609375 0.0986328125 0.1064453125
0 0.91796875 0.36328125 0.109375 0.115234375
2 0.134765625 0.908203125 0.1142578125 0.1513671875
0 0.576171875 0.509765625 0.109375 0.109375
2 0.705078125 0.251953125 0.0986328125 0.115234375
2 0.6640625 0.7021484375 0.1123046875 0.150390625
0 0.310546875 0.701171875 0.103515625 0.111328125
2 0.396484375 0.4921875 0.103515625 0.0966796875