0 0.90234375 0.1357421875 0.1298828125 0.1357421875
0 0.697265625 0.685546875 0.1220703125 0.1298828125
0 0.7255859375 0.9296875 0.1123046875 0.1279296875
0 0.0478515625 0.806640625 0.095703125 0.1376953125
2 0.7197265625 0.5048828125 0.1015625 0.134765625
0 0.080078125 0.501953125 0.1142578125 0.1220703125
0 0.568359375 0.33203125 0.0986328125 0.1142578125
0 0.255859375 0.0751953125 0.1123046875 0.1171875
0 0.435546875 0.876953125 0.126953125 0.1298828125
2 0.271484375 0.298828125 0.1064453125 0.126953125
2 0.412109375 0.6123046875 0.0986328125 0.1171875
2 0.755859375 0.154296875 0.095703125 0.109375
2 0.291015625 0.8349609375 0.1201171875 0.166015625
0 0.103515625 0.296875 0.1123046875 0.1279296875
2 0.8505859375 0.85546875 0.1015625 0.119140625
2 0.712890625 0.294921875 0.1142578125 0.107421875
2 0.548828125 0.701171875 0.1298828125 0.1435546875
0 0.45703125 0.1123046875 0.107421875 0.125
2 0.2392578125 0.484375 0.1044921875 0.162109375
2 0.8779296875 0.6748046875 0.115234375 0.1171875