2 0.3203125 0.310546875 0.1015625 0.150390625
2 0.626953125 0.158203125 0.107421875 0.1142578125
2 0.3076171875 0.529296875 0.1220703125 0.1123046875
2 0.5185546875 0.8720703125 0.1142578125 0.1298828125
2 0.1318359375 0.28125 0.1201171875 0.150390625
2 0.5830078125 0.357421875 0.1015625 0.109375
0 0.3544921875 0.77734375 0.115234375 0.146484375
2 0.8642578125 0.84375 0.103515625 0.109375
2 0.7900390625 0.505859375 0.1064453125 0.1123046875
0 0.1689453125 0.81640625 0.1123046875 0.1357421875
2 0.66796875 0.880859375 0.107421875 0.123046875
0 0.958984375 0.298828125 0.0810546875 0.1513671875
0 0.130859375 0.591796875 0.1064453125 0.1142578125
2 0.5146484375 0.544921875 0.107421875 0.1435546875
2 0.8203125 0.119140625 0.1171875 0.109375
2 0.779296875 0.306640625 0.103515625 0.123046875
0 0.431640625 0.0859375 0.109375 0.123046875
0 0.916015625 0.546875 0.115234375 0.140625
0 0.2412109375 0.0478515625 0.1171875 0.095703125