2 0.431640625 0.166015625 0.1123046875 0.119140625
0 0.0576171875 0.72265625 0.115234375 0.1298828125
2 0.810546875 0.181640625 0.1279296875 0.146484375
2 0.8994140625 0.4404296875 0.115234375 0.123046875
2 0.4736328125 0.453125 0.1298828125 0.138671875
0 0.572265625 0.6669921875 0.1357421875 0.125
0 0.412109375 0.673828125 0.125 0.1328125
0 0.5869140625 0.8779296875 0.1123046875 0.130859375
2 0.2529296875 0.537109375 0.123046875 0.1591796875
2 0.1611328125 0.0654296875 0.111328125 0.130859375
2 0.77734375 0.94140625 0.1171875 0.1171875
2 0.9462890625 0.1767578125 0.107421875 0.134765625
0 0.423828125 0.8671875 0.1220703125 0.1279296875
2 0.755859375 0.408203125 0.099609375 0.138671875
0 0.203125 0.8349609375 0.125 0.138671875
0 0.1513671875 0.283203125 0.1357421875 0.1533203125
2 0.08984375 0.484375 0.1220703125 0.162109375
2 0.736328125 0.6455078125 0.109375 0.1220703125
0 0.294921875 0.1162109375 0.123046875 0.1220703125
0 0.59765625 0.2900390625 0.119140625 0.142578125