0 0.267578125 0.466796875 0.111328125 0.130859375
2 0.7041015625 0.5126953125 0.111328125 0.1201171875
2 0.466796875 0.8974609375 0.123046875 0.1484375
2 0.052734375 0.556640625 0.1044921875 0.115234375
0 0.6083984375 0.169921875 0.1298828125 0.158203125
0 0.673828125 0.91796875 0.1201171875 0.1171875
0 0.291015625 0.681640625 0.115234375 0.130859375
0 0.6728515625 0.732421875 0.1279296875 0.1357421875
2 0.8388671875 0.669921875 0.123046875 0.1279296875
2 0.169921875 0.083984375 0.109375 0.115234375
0 0.5439453125 0.5703125 0.1298828125 0.134765625
0 0.0810546875 0.294921875 0.1044921875 0.1220703125
0 0.87890625 0.2041015625 0.1298828125 0.1357421875
2 0.0537109375 0.779296875 0.107421875 0.1611328125
2 0.8740234375 0.875 0.1064453125 0.1357421875
2 0.3330078125 0.8603515625 0.111328125 0.119140625
2 0.45703125 0.3779296875 0.126953125 0.1298828125
0 0.91796875 0.4306640625 0.123046875 0.158203125
2 0.3681640625 0.1142578125 0.126953125 0.125