0 0.451171875 0.935546875 0.123046875 0.123046875
0 0.9140625 0.322265625 0.115234375 0.119140625
0 0.9013671875 0.529296875 0.119140625 0.134765625
2 0.181640625 0.78125 0.107421875 0.126953125
2 0.1083984375 0.216796875 0.1142578125 0.138671875
0 0.2841796875 0.943359375 0.115234375 0.1123046875
2 0.4765625 0.126953125 0.125 0.123046875
0 0.4052734375 0.7236328125 0.138671875 0.1484375
2 0.7763671875 0.873046875 0.109375 0.134765625
0 0.8251953125 0.1015625 0.1298828125 0.1455078125
0 0.265625 0.173828125 0.1201171875 0.1171875
0 0.572265625 0.7119140625 0.1064453125 0.1298828125
0 0.6220703125 0.9150390625 0.1123046875 0.1201171875
2 0.513671875 0.3740234375 0.126953125 0.1435546875
2 0.279296875 0.5322265625 0.1279296875 0.126953125
0 0.080078125 0.435546875 0.1220703125 0.15625
2 0.615234375 0.109375 0.1015625 0.119140625
2 0.7734375 0.3876953125 0.103515625 0.1064453125
2 0.724609375 0.595703125 0.125 0.1533203125
0 0.927734375 0.73046875 0.123046875 0.158203125