2 0.873046875 0.50390625 0.107421875 0.130859375
2 0.1611328125 0.90625 0.099609375 0.099609375
2 0.8974609375 0.193359375 0.1064453125 0.111328125
0 0.33203125 0.888671875 0.107421875 0.1064453125
0 0.1240234375 0.197265625 0.1015625 0.119140625
2 0.5146484375 0.8154296875 0.1015625 0.1328125
2 0.69140625 0.158203125 0.0859375 0.1123046875
0 0.279296875 0.36328125 0.1142578125 0.1064453125
0 0.5029296875 0.1396484375 0.1064453125 0.109375
0 0.4892578125 0.326171875 0.0966796875 0.126953125
2 0.923828125 0.7119140625 0.0830078125 0.1220703125
2 0.318359375 0.7314453125 0.0908203125 0.0986328125
2 0.142578125 0.5966796875 0.095703125 0.125
2 0.111328125 0.3837890625 0.115234375 0.1533203125
2 0.904296875 0.923828125 0.0986328125 0.119140625
0 0.2861328125 0.16796875 0.1123046875 0.1220703125
2 0.4580078125 0.4990234375 0.080078125 0.09375
0 0.6982421875 0.5576171875 0.103515625 0.1484375
0 0.736328125 0.8564453125 0.107421875 0.111328125
2 0.654296875 0.3310546875 0.0908203125 0.130859375