0 0.744140625 0.0537109375 0.134765625 0.107421875
2 0.904296875 0.544921875 0.1201171875 0.1328125
0 0.3388671875 0.24609375 0.126953125 0.138671875
0 0.9580078125 0.7587890625 0.083984375 0.126953125
0 0.2392578125 0.5224609375 0.1171875 0.1328125
2 0.2578125 0.77734375 0.1328125 0.1484375
2 0.3876953125 0.6923828125 0.1357421875 0.1435546875
2 0.75390625 0.7021484375 0.1220703125 0.130859375
0 0.583984375 0.53125 0.115234375 0.1328125
2 0.509765625 0.322265625 0.115234375 0.115234375
0 0.0986328125 0.6083984375 0.119140625 0.1279296875
2 0.462890625 0.119140625 0.111328125 0.107421875
2 0.177734375 0.28125 0.1220703125 0.1533203125
0 0.5703125 0.728515625 0.130859375 0.1513671875
2 0.443359375 0.8603515625 0.1328125 0.1298828125
2 0.7236328125 0.4345703125 0.1220703125 0.1376953125
2 0.828125 0.2275390625 0.119140625 0.138671875
2 0.68359375 0.23828125 0.109375 0.142578125
0 0.4091796875 0.4736328125 0.1142578125 0.119140625
2 0.0361328125 0.4375 0.072265625 0.1220703125