0 0.439453125 0.591796875 0.1171875 0.111328125
0 0.666015625 0.525390625 0.1142578125 0.1328125
0 0.3115234375 0.36328125 0.134765625 0.1455078125
2 0.6982421875 0.201171875 0.119140625 0.1513671875
0 0.392578125 0.779296875 0.1044921875 0.1142578125
2 0.533203125 0.900390625 0.119140625 0.1201171875
2 0.9208984375 0.5791015625 0.1171875 0.1201171875
2 0.9560546875 0.380859375 0.087890625 0.125
2 0.2724609375 0.5869140625 0.134765625 0.1328125
2 0.486328125 0.16015625 0.103515625 0.125
0 0.0595703125 0.625 0.1044921875 0.1455078125
0 0.0810546875 0.4189453125 0.1015625 0.119140625
2 0.099609375 0.814453125 0.0888671875 0.107421875
2 0.7080078125 0.953125 0.125 0.09375
2 0.537109375 0.3935546875 0.115234375 0.125
2 0.6279296875 0.716796875 0.0888671875 0.0966796875
2 0.90234375 0.7724609375 0.138671875 0.1279296875
0 0.064453125 0.259765625 0.0986328125 0.119140625
0 0.84765625 0.1982421875 0.115234375 0.1298828125
0 0.263671875 0.134765625 0.1044921875 0.1279296875