0 0.6474609375 0.548828125 0.123046875 0.142578125
2 0.560546875 0.7509765625 0.150390625 0.173828125
0 0.876953125 0.640625 0.1357421875 0.1328125
0 0.15625 0.224609375 0.126953125 0.1279296875
0 0.8125 0.1669921875 0.146484375 0.15625
2 0.33984375 0.83984375 0.111328125 0.125
2 0.1943359375 0.0556640625 0.1357421875 0.111328125
0 0.08984375 0.7490234375 0.1298828125 0.1298828125
2 0.6416015625 0.130859375 0.1328125 0.140625
0 0.404296875 0.646484375 0.1591796875 0.154296875
0 0.76171875 0.404296875 0.1123046875 0.115234375
2 0.421875 0.3740234375 0.1328125 0.140625
2 0.4423828125 0.158203125 0.1220703125 0.150390625
0 0.1923828125 0.568359375 0.126953125 0.125
2 0.78515625 0.927734375 0.1220703125 0.1298828125
2 0.603515625 0.3251953125 0.1201171875 0.126953125
0 0.2451171875 0.3837890625 0.134765625 0.1669921875
0 0.337890625 0.1025390625 0.1298828125 0.169921875
2 0.935546875 0.271484375 0.103515625 0.1357421875
0 0.9248046875 0.4716796875 0.134765625 0.1376953125