0 0.556640625 0.505859375 0.0986328125 0.099609375
0 0.892578125 0.3779296875 0.1044921875 0.126953125
2 0.724609375 0.427734375 0.103515625 0.125
2 0.27734375 0.861328125 0.099609375 0.115234375
2 0.2861328125 0.2890625 0.119140625 0.1171875
0 0.4873046875 0.1005859375 0.123046875 0.109375
2 0.5419921875 0.291015625 0.119140625 0.109375
2 0.232421875 0.431640625 0.115234375 0.150390625
2 0.345703125 0.6630859375 0.103515625 0.107421875
2 0.294921875 0.0712890625 0.1142578125 0.1044921875
2 0.73046875 0.6171875 0.1142578125 0.140625
2 0.9208984375 0.6064453125 0.0986328125 0.1142578125
0 0.111328125 0.1748046875 0.103515625 0.1279296875
2 0.7177734375 0.8388671875 0.0810546875 0.1044921875
2 0.3974609375 0.4658203125 0.125 0.123046875
0 0.515625 0.841796875 0.1064453125 0.134765625
2 0.732421875 0.1123046875 0.1123046875 0.1171875
0 0.865234375 0.9130859375 0.111328125 0.125
0 0.1708984375 0.685546875 0.107421875 0.1279296875
2 0.947265625 0.1279296875 0.1044921875 0.1376953125