2 0.955078125 0.392578125 0.0888671875 0.1328125
2 0.1494140625 0.884765625 0.1015625 0.1142578125
0 0.875 0.9462890625 0.146484375 0.107421875
2 0.7626953125 0.1806640625 0.099609375 0.1357421875
2 0.4248046875 0.7158203125 0.123046875 0.154296875
2 0.4716796875 0.1396484375 0.0966796875 0.1328125
2 0.568359375 0.716796875 0.109375 0.1328125
0 0.490234375 0.4599609375 0.111328125 0.1171875
2 0.1181640625 0.3330078125 0.103515625 0.1142578125
2 0.279296875 0.853515625 0.1123046875 0.1123046875
2 0.193359375 0.5986328125 0.126953125 0.1376953125
2 0.330078125 0.4306640625 0.1015625 0.1591796875
0 0.685546875 0.470703125 0.1328125 0.1484375
2 0.6220703125 0.1484375 0.126953125 0.138671875
2 0.8818359375 0.755859375 0.119140625 0.1533203125
2 0.29296875 0.1806640625 0.109375 0.142578125
2 0.6962890625 0.8408203125 0.1279296875 0.1220703125
2 0.4599609375 0.91796875 0.130859375 0.1455078125
2 0.947265625 0.193359375 0.1044921875 0.111328125
0 0.1650390625 0.076171875 0.1201171875 0.1435546875