2 0.88671875 0.6650390625 0.1220703125 0.1298828125
0 0.8623046875 0.1552734375 0.119140625 0.1328125
2 0.341796875 0.59765625 0.109375 0.154296875
0 0.044921875 0.1796875 0.08984375 0.1171875
0 0.341796875 0.142578125 0.1142578125 0.119140625
0 0.19921875 0.1171875 0.107421875 0.1201171875
2 0.1513671875 0.947265625 0.115234375 0.1044921875
2 0.5615234375 0.1513671875 0.103515625 0.1201171875
2 0.701171875 0.0859375 0.1064453125 0.1220703125
2 0.498046875 0.609375 0.09375 0.1279296875
2 0.6484375 0.873046875 0.1171875 0.123046875
0 0.3046875 0.791015625 0.126953125 0.1513671875
2 0.2734375 0.36328125 0.107421875 0.1171875
0 0.548828125 0.41796875 0.1064453125 0.125
2 0.6728515625 0.677734375 0.1201171875 0.130859375
0 0.0693359375 0.365234375 0.109375 0.1171875
0 0.478515625 0.8642578125 0.1328125 0.1298828125
0 0.8740234375 0.853515625 0.111328125 0.1142578125
0 0.15625 0.587890625 0.1298828125 0.140625
2 0.814453125 0.34375 0.111328125 0.125