0 0.638671875 0.31640625 0.130859375 0.1279296875
0 0.8046875 0.5390625 0.1064453125 0.130859375
2 0.775390625 0.751953125 0.109375 0.123046875
0 0.9326171875 0.7236328125 0.115234375 0.126953125
2 0.208984375 0.3525390625 0.134765625 0.1376953125
0 0.859375 0.353515625 0.115234375 0.1201171875
0 0.1171875 0.6162109375 0.1201171875 0.125
0 0.228515625 0.1064453125 0.126953125 0.1220703125
0 0.435546875 0.6474609375 0.109375 0.1142578125
2 0.6142578125 0.810546875 0.119140625 0.123046875
0 0.630859375 0.0673828125 0.1220703125 0.134765625
2 0.810546875 0.134765625 0.119140625 0.140625
0 0.6689453125 0.6171875 0.1142578125 0.1220703125
0 0.412109375 0.103515625 0.1171875 0.126953125
2 0.0576171875 0.24609375 0.115234375 0.1455078125
2 0.240234375 0.580078125 0.119140625 0.130859375
0 0.46875 0.4296875 0.107421875 0.126953125
2 0.421875 0.880859375 0.1220703125 0.138671875
2 0.0458984375 0.4033203125 0.0888671875 0.103515625
2 0.2177734375 0.798828125 0.134765625 0.1533203125