2 0.923828125 0.6337890625 0.1171875 0.1435546875
2 0.55859375 0.62109375 0.1015625 0.1142578125
0 0.7919921875 0.2353515625 0.1064453125 0.1171875
0 0.4912109375 0.0927734375 0.1201171875 0.119140625
2 0.703125 0.509765625 0.107421875 0.130859375
0 0.126953125 0.412109375 0.115234375 0.1376953125
2 0.5126953125 0.794921875 0.1142578125 0.107421875
2 0.2802734375 0.412109375 0.1015625 0.109375
0 0.908203125 0.853515625 0.115234375 0.130859375
2 0.123046875 0.1416015625 0.1123046875 0.1171875
2 0.30078125 0.8740234375 0.0966796875 0.125
0 0.451171875 0.3994140625 0.1015625 0.146484375
2 0.6611328125 0.322265625 0.0986328125 0.1328125
2 0.662109375 0.1337890625 0.09375 0.09375
2 0.8837890625 0.447265625 0.0986328125 0.1123046875
0 0.2705078125 0.6279296875 0.109375 0.111328125
0 0.763671875 0.724609375 0.099609375 0.115234375
0 0.0830078125 0.8056640625 0.0966796875 0.138671875
0 0.0966796875 0.576171875 0.107421875 0.1201171875
0 0.291015625 0.1875 0.1044921875 0.1357421875