0 0.6484375 0.505859375 0.1044921875 0.138671875
0 0.0732421875 0.5830078125 0.111328125 0.125
2 0.6962890625 0.8505859375 0.1064453125 0.1171875
0 0.76953125 0.6611328125 0.1064453125 0.1328125
0 0.5263671875 0.3388671875 0.1142578125 0.1220703125
2 0.5849609375 0.15625 0.1201171875 0.1220703125
0 0.3515625 0.193359375 0.146484375 0.150390625
2 0.287109375 0.4560546875 0.1064453125 0.1220703125
2 0.748046875 0.12109375 0.0859375 0.1357421875
2 0.439453125 0.56640625 0.1015625 0.1279296875
2 0.134765625 0.298828125 0.0966796875 0.1015625
2 0.27734375 0.892578125 0.1015625 0.1435546875
2 0.9326171875 0.111328125 0.107421875 0.109375
2 0.837890625 0.92578125 0.083984375 0.103515625
2 0.470703125 0.888671875 0.1123046875 0.111328125
2 0.283203125 0.677734375 0.109375 0.109375
0 0.0712890625 0.095703125 0.095703125 0.119140625
0 0.755859375 0.333984375 0.1015625 0.115234375
2 0.888671875 0.353515625 0.1201171875 0.115234375