2 0.251953125 0.69140625 0.0966796875 0.1142578125
0 0.646484375 0.232421875 0.09375 0.1201171875
2 0.912109375 0.8369140625 0.1064453125 0.138671875
0 0.0830078125 0.677734375 0.103515625 0.1201171875
2 0.8662109375 0.119140625 0.1015625 0.1064453125
2 0.5 0.291015625 0.091796875 0.1201171875
2 0.1044921875 0.171875 0.091796875 0.1357421875
0 0.8447265625 0.357421875 0.103515625 0.1435546875
2 0.7734375 0.736328125 0.0859375 0.115234375
2 0.220703125 0.404296875 0.09375 0.107421875
2 0.4638671875 0.087890625 0.103515625 0.1201171875
2 0.462890625 0.6494140625 0.1044921875 0.123046875
0 0.662109375 0.4697265625 0.109375 0.1357421875
0 0.240234375 0.8984375 0.099609375 0.1201171875
2 0.9111328125 0.6201171875 0.09375 0.1279296875
2 0.107421875 0.490234375 0.1044921875 0.1484375
0 0.6201171875 0.7294921875 0.1123046875 0.109375
2 0.083984375 0.8740234375 0.115234375 0.1328125
0 0.4384765625 0.876953125 0.109375 0.126953125
2 0.2421875 0.150390625 0.1044921875 0.1220703125