0 0.111328125 0.107421875 0.103515625 0.099609375
0 0.212890625 0.3466796875 0.09375 0.1015625
0 0.603515625 0.3408203125 0.09375 0.1357421875
2 0.70703125 0.900390625 0.140625 0.150390625
2 0.5341796875 0.568359375 0.1044921875 0.1015625
0 0.1103515625 0.81640625 0.0966796875 0.099609375
2 0.90234375 0.5771484375 0.095703125 0.142578125
2 0.0615234375 0.2919921875 0.107421875 0.1201171875
2 0.7392578125 0.6884765625 0.099609375 0.1298828125
2 0.8662109375 0.333984375 0.103515625 0.1279296875
2 0.6181640625 0.1357421875 0.099609375 0.115234375
2 0.4580078125 0.16015625 0.09375 0.1201171875
2 0.5126953125 0.8642578125 0.1328125 0.123046875
0 0.84375 0.099609375 0.103515625 0.115234375
2 0.3955078125 0.349609375 0.0859375 0.1123046875
0 0.341796875 0.5654296875 0.103515625 0.125
0 0.240234375 0.7607421875 0.1064453125 0.1220703125
2 0.3017578125 0.115234375 0.109375 0.1533203125
0 0.888671875 0.9013671875 0.109375 0.123046875