2 0.857421875 0.9248046875 0.130859375 0.150390625
0 0.904296875 0.5302734375 0.125 0.1328125
0 0.6328125 0.580078125 0.1201171875 0.1376953125
2 0.619140625 0.8134765625 0.125 0.1669921875
2 0.1259765625 0.3818359375 0.1376953125 0.1611328125
0 0.9638671875 0.228515625 0.072265625 0.142578125
2 0.2099609375 0.0498046875 0.130859375 0.099609375
0 0.17578125 0.1796875 0.130859375 0.1279296875
2 0.591796875 0.1767578125 0.142578125 0.1669921875
0 0.8740234375 0.7177734375 0.125 0.1484375
2 0.0615234375 0.576171875 0.123046875 0.13671875
0 0.287109375 0.8369140625 0.126953125 0.134765625
0 0.1357421875 0.8056640625 0.111328125 0.125
0 0.873046875 0.1591796875 0.126953125 0.130859375
2 0.326171875 0.599609375 0.107421875 0.107421875
2 0.568359375 0.3701171875 0.1201171875 0.1328125
0 0.365234375 0.1123046875 0.115234375 0.134765625
2 0.7509765625 0.345703125 0.123046875 0.130859375
2 0.451171875 0.8310546875 0.1328125 0.142578125
0 0.3740234375 0.4453125 0.119140625 0.140625