2 0.1943359375 0.9287109375 0.1298828125 0.142578125
0 0.810546875 0.0322265625 0.123046875 0.064453125
0 0.3388671875 0.931640625 0.1220703125 0.1298828125
2 0.869140625 0.599609375 0.126953125 0.123046875
2 0.8369140625 0.3974609375 0.146484375 0.1533203125
2 0.59375 0.587890625 0.1201171875 0.1298828125
2 0.5966796875 0.060546875 0.1123046875 0.1201171875
2 0.439453125 0.0771484375 0.1064453125 0.1171875
2 0.5224609375 0.2646484375 0.126953125 0.138671875
0 0.294921875 0.71484375 0.123046875 0.125
2 0.943359375 0.806640625 0.1123046875 0.1357421875
2 0.142578125 0.162109375 0.1220703125 0.138671875
2 0.359375 0.26953125 0.138671875 0.1591796875
0 0.41796875 0.583984375 0.1220703125 0.126953125
2 0.638671875 0.7685546875 0.109375 0.115234375
2 0.501953125 0.88671875 0.099609375 0.109375
0 0.724609375 0.201171875 0.1279296875 0.140625
0 0.2109375 0.4189453125 0.1328125 0.1513671875
0 0.1337890625 0.6630859375 0.1357421875 0.1484375
0 0.0615234375 0.3916015625 0.115234375 0.1279296875