2 0.2421875 0.322265625 0.103515625 0.119140625
0 0.66015625 0.759765625 0.099609375 0.125
2 0.89453125 0.142578125 0.1123046875 0.1435546875
0 0.07421875 0.3447265625 0.109375 0.125
2 0.8857421875 0.861328125 0.1064453125 0.111328125
2 0.5107421875 0.708984375 0.0966796875 0.123046875
2 0.123046875 0.8486328125 0.0986328125 0.138671875
0 0.8515625 0.625 0.111328125 0.1484375
2 0.7607421875 0.2490234375 0.091796875 0.119140625
2 0.2265625 0.6103515625 0.0986328125 0.1123046875
2 0.486328125 0.9130859375 0.109375 0.125
2 0.455078125 0.353515625 0.111328125 0.1279296875
0 0.6630859375 0.521484375 0.115234375 0.140625
0 0.2197265625 0.115234375 0.1044921875 0.125
2 0.904296875 0.3583984375 0.099609375 0.1328125
2 0.1083984375 0.5302734375 0.111328125 0.1533203125
0 0.607421875 0.263671875 0.1171875 0.1142578125
2 0.064453125 0.1484375 0.1220703125 0.138671875
0 0.4189453125 0.126953125 0.115234375 0.1328125
2 0.2607421875 0.8623046875 0.111328125 0.126953125