0 0.3544921875 0.638671875 0.0966796875 0.1171875
0 0.7646484375 0.8486328125 0.103515625 0.107421875
0 0.3876953125 0.880859375 0.099609375 0.1064453125
0 0.837890625 0.099609375 0.107421875 0.1455078125
2 0.880859375 0.595703125 0.1064453125 0.150390625
2 0.359375 0.427734375 0.107421875 0.1533203125
2 0.44921875 0.2373046875 0.111328125 0.09375
2 0.7607421875 0.322265625 0.111328125 0.09375
2 0.2802734375 0.150390625 0.0859375 0.138671875
2 0.90625 0.33203125 0.099609375 0.138671875
0 0.572265625 0.818359375 0.095703125 0.0986328125
2 0.6220703125 0.265625 0.111328125 0.119140625
2 0.1044921875 0.154296875 0.099609375 0.126953125
2 0.740234375 0.607421875 0.087890625 0.1171875
2 0.1865234375 0.48828125 0.107421875 0.130859375
0 0.6748046875 0.119140625 0.1044921875 0.109375
0 0.529296875 0.52734375 0.0986328125 0.111328125
2 0.142578125 0.693359375 0.1064453125 0.125
2 0.1416015625 0.857421875 0.1064453125 0.0986328125
2 0.884765625 0.8720703125 0.1171875 0.138671875