0 0.89453125 0.5625 0.115234375 0.1123046875
2 0.2490234375 0.630859375 0.0986328125 0.1455078125
0 0.4111328125 0.869140625 0.1171875 0.125
0 0.5732421875 0.2900390625 0.119140625 0.1201171875
0 0.373046875 0.4541015625 0.1044921875 0.109375
2 0.837890625 0.3603515625 0.099609375 0.1044921875
2 0.4013671875 0.66015625 0.091796875 0.1123046875
0 0.8203125 0.138671875 0.109375 0.103515625
0 0.11328125 0.65234375 0.095703125 0.109375
0 0.7841796875 0.8955078125 0.119140625 0.123046875
0 0.5634765625 0.4794921875 0.109375 0.1064453125
2 0.064453125 0.3125 0.107421875 0.1044921875
0 0.1513671875 0.818359375 0.095703125 0.123046875
2 0.7568359375 0.6474609375 0.1044921875 0.1171875
0 0.5771484375 0.0693359375 0.0986328125 0.1123046875
2 0.568359375 0.865234375 0.099609375 0.119140625
2 0.2333984375 0.083984375 0.115234375 0.115234375
2 0.404296875 0.232421875 0.1015625 0.115234375
2 0.572265625 0.6650390625 0.119140625 0.1328125
0 0.212890625 0.287109375 0.103515625 0.126953125