0 0.7314453125 0.2900390625 0.125 0.1220703125
0 0.8173828125 0.8447265625 0.1328125 0.15625
0 0.259765625 0.6328125 0.138671875 0.1591796875
0 0.4306640625 0.599609375 0.115234375 0.1376953125
2 0.22265625 0.865234375 0.1220703125 0.1279296875
2 0.8173828125 0.4755859375 0.1142578125 0.1298828125
2 0.591796875 0.693359375 0.1220703125 0.1376953125
0 0.1025390625 0.4716796875 0.123046875 0.1435546875
2 0.2099609375 0.294921875 0.1123046875 0.1376953125
0 0.09765625 0.6611328125 0.1513671875 0.140625
2 0.580078125 0.455078125 0.1298828125 0.1220703125
2 0.8369140625 0.634765625 0.1015625 0.1142578125
2 0.9501953125 0.7900390625 0.099609375 0.130859375
0 0.52734375 0.1435546875 0.1298828125 0.1484375
0 0.8779296875 0.2265625 0.138671875 0.154296875
2 0.849609375 0.052734375 0.1328125 0.10546875
2 0.451171875 0.9384765625 0.1357421875 0.123046875
2 0.673828125 0.076171875 0.1376953125 0.1513671875
0 0.0546875 0.25390625 0.109375 0.1484375
2 0.376953125 0.294921875 0.1279296875 0.1484375