0 0.076171875 0.19921875 0.107421875 0.115234375
0 0.6904296875 0.298828125 0.103515625 0.1220703125
0 0.3857421875 0.900390625 0.1171875 0.1328125
0 0.388671875 0.4482421875 0.1064453125 0.1298828125
0 0.6220703125 0.6025390625 0.1123046875 0.1123046875
2 0.44140625 0.1494140625 0.1123046875 0.1015625
0 0.11328125 0.4560546875 0.1123046875 0.1201171875
0 0.5615234375 0.791015625 0.1015625 0.126953125
0 0.923828125 0.396484375 0.1201171875 0.1435546875
2 0.767578125 0.611328125 0.103515625 0.125
2 0.5263671875 0.3876953125 0.134765625 0.142578125
0 0.7626953125 0.873046875 0.111328125 0.125
2 0.666015625 0.1259765625 0.0908203125 0.130859375
0 0.4248046875 0.64453125 0.1123046875 0.1123046875
2 0.23828125 0.234375 0.1064453125 0.1201171875
2 0.2451171875 0.9423828125 0.103515625 0.115234375
2 0.9111328125 0.830078125 0.119140625 0.0986328125
2 0.9501953125 0.6337890625 0.099609375 0.123046875
2 0.83203125 0.10546875 0.0966796875 0.1044921875