2 0.259765625 0.3583984375 0.1064453125 0.1064453125
0 0.083984375 0.4658203125 0.103515625 0.119140625
2 0.9296875 0.861328125 0.1201171875 0.1376953125
0 0.2783203125 0.8994140625 0.1279296875 0.123046875
2 0.4326171875 0.1669921875 0.107421875 0.1357421875
0 0.93359375 0.6259765625 0.1142578125 0.1044921875
0 0.12109375 0.947265625 0.1201171875 0.1044921875
2 0.4853515625 0.36328125 0.109375 0.115234375
2 0.8525390625 0.482421875 0.125 0.140625
0 0.560546875 0.560546875 0.123046875 0.142578125
2 0.8017578125 0.22265625 0.1142578125 0.111328125
2 0.0947265625 0.1943359375 0.1220703125 0.126953125
2 0.732421875 0.5205078125 0.1064453125 0.142578125
2 0.416015625 0.728515625 0.119140625 0.1484375
2 0.61328125 0.1201171875 0.111328125 0.1123046875
2 0.62890625 0.875 0.1044921875 0.1220703125
2 0.142578125 0.716796875 0.1142578125 0.0986328125
2 0.341796875 0.55859375 0.1123046875 0.126953125
2 0.7724609375 0.759765625 0.1279296875 0.140625
2 0.4443359375 0.9111328125 0.140625 0.1611328125