0 0.7138671875 0.326171875 0.125 0.1357421875
0 0.912109375 0.3759765625 0.140625 0.1591796875
2 0.5166015625 0.3388671875 0.123046875 0.1640625
2 0.2529296875 0.9619140625 0.134765625 0.076171875
2 0.869140625 0.1845703125 0.1298828125 0.1328125
0 0.2685546875 0.7822265625 0.126953125 0.1357421875
2 0.0947265625 0.4990234375 0.1123046875 0.1220703125
2 0.6953125 0.107421875 0.1201171875 0.125
2 0.3837890625 0.5703125 0.130859375 0.140625
0 0.533203125 0.1455078125 0.1201171875 0.123046875
2 0.099609375 0.2275390625 0.123046875 0.1328125
2 0.2265625 0.1826171875 0.0966796875 0.1201171875
2 0.955078125 0.7626953125 0.08984375 0.119140625
2 0.748046875 0.515625 0.138671875 0.166015625
0 0.2978515625 0.384765625 0.1435546875 0.1513671875
2 0.44140625 0.8349609375 0.1142578125 0.1455078125
2 0.94140625 0.56640625 0.1171875 0.1201171875
2 0.63671875 0.8974609375 0.1376953125 0.146484375
0 0.7841796875 0.8046875 0.1279296875 0.130859375
2 0.580078125 0.6279296875 0.150390625 0.1328125