2 0.9462890625 0.337890625 0.0888671875 0.123046875
2 0.1982421875 0.9248046875 0.0908203125 0.103515625
0 0.927734375 0.912109375 0.1328125 0.1201171875
2 0.7216796875 0.150390625 0.0859375 0.126953125
2 0.451171875 0.7236328125 0.1064453125 0.1435546875
2 0.427734375 0.146484375 0.0830078125 0.125
2 0.59375 0.7060546875 0.095703125 0.1220703125
0 0.4853515625 0.4619140625 0.099609375 0.1064453125
2 0.1005859375 0.380859375 0.091796875 0.103515625
2 0.32421875 0.8779296875 0.1015625 0.1015625
2 0.20703125 0.634765625 0.1123046875 0.125
2 0.322265625 0.451171875 0.083984375 0.150390625
0 0.6806640625 0.447265625 0.1171875 0.1357421875
2 0.578125 0.1357421875 0.1123046875 0.126953125
2 0.91015625 0.70703125 0.1015625 0.142578125
2 0.255859375 0.2080078125 0.095703125 0.130859375
2 0.736328125 0.814453125 0.1171875 0.107421875
2 0.51171875 0.919921875 0.115234375 0.1328125
2 0.90625 0.140625 0.09375 0.099609375
0 0.115234375 0.1201171875 0.1064453125 0.130859375