2 0.087890625 0.912109375 0.1171875 0.1279296875
0 0.7353515625 0.7587890625 0.09375 0.115234375
0 0.939453125 0.359375 0.107421875 0.1142578125
2 0.123046875 0.3251953125 0.0986328125 0.1123046875
0 0.7451171875 0.3564453125 0.0908203125 0.107421875
2 0.279296875 0.9013671875 0.0986328125 0.1201171875
2 0.521484375 0.646484375 0.099609375 0.1201171875
2 0.708984375 0.9375 0.1201171875 0.1201171875
0 0.6875 0.560546875 0.099609375 0.123046875
2 0.650390625 0.130859375 0.115234375 0.1328125
2 0.494140625 0.146484375 0.0859375 0.09375
2 0.306640625 0.54296875 0.0986328125 0.099609375
0 0.8505859375 0.8466796875 0.099609375 0.109375
0 0.89453125 0.115234375 0.1123046875 0.1279296875
2 0.8505859375 0.5498046875 0.1123046875 0.140625
2 0.556640625 0.369140625 0.115234375 0.130859375
2 0.3818359375 0.37109375 0.0888671875 0.095703125
0 0.103515625 0.591796875 0.099609375 0.126953125
2 0.5166015625 0.9130859375 0.111328125 0.1376953125
2 0.3125 0.1640625 0.099609375 0.107421875