0 0.943359375 0.404296875 0.1123046875 0.1533203125
0 0.8291015625 0.599609375 0.111328125 0.146484375
0 0.8251953125 0.908203125 0.1279296875 0.1484375
0 0.3115234375 0.634765625 0.1044921875 0.119140625
0 0.4921875 0.1357421875 0.1220703125 0.1357421875
0 0.1015625 0.2451171875 0.107421875 0.126953125
0 0.1025390625 0.732421875 0.1279296875 0.140625
2 0.9287109375 0.1826171875 0.1376953125 0.1611328125
2 0.7705078125 0.345703125 0.1201171875 0.1513671875
2 0.6201171875 0.302734375 0.1171875 0.146484375
2 0.3115234375 0.251953125 0.109375 0.123046875
2 0.1494140625 0.060546875 0.1044921875 0.1201171875
2 0.462890625 0.451171875 0.1298828125 0.1357421875
2 0.298828125 0.4326171875 0.111328125 0.123046875
2 0.1240234375 0.5166015625 0.111328125 0.1455078125
2 0.4775390625 0.6259765625 0.119140625 0.1201171875
2 0.6650390625 0.5576171875 0.1142578125 0.138671875
2 0.646484375 0.7626953125 0.1201171875 0.1328125
2 0.505859375 0.935546875 0.0966796875 0.1142578125
2 0.2861328125 0.84375 0.1201171875 0.1357421875