2 0.3642578125 0.8662109375 0.109375 0.134765625
0 0.259765625 0.345703125 0.09375 0.103515625
0 0.7265625 0.3564453125 0.1298828125 0.1171875
0 0.8974609375 0.330078125 0.126953125 0.1171875
0 0.525390625 0.755859375 0.111328125 0.111328125
0 0.658203125 0.1689453125 0.0986328125 0.115234375
0 0.703125 0.8671875 0.103515625 0.1064453125
0 0.818359375 0.134765625 0.099609375 0.1015625
0 0.44921875 0.498046875 0.1279296875 0.1298828125
0 0.1064453125 0.6005859375 0.109375 0.1142578125
2 0.583984375 0.5107421875 0.119140625 0.123046875
2 0.20703125 0.1552734375 0.0966796875 0.123046875
2 0.1015625 0.310546875 0.091796875 0.1015625
0 0.9404296875 0.548828125 0.0888671875 0.107421875
2 0.7861328125 0.6513671875 0.091796875 0.1171875
2 0.189453125 0.8740234375 0.1015625 0.1298828125
2 0.87890625 0.853515625 0.095703125 0.1298828125
2 0.2822265625 0.658203125 0.109375 0.1328125
2 0.4365234375 0.3193359375 0.1123046875 0.111328125
0 0.48046875 0.142578125 0.115234375 0.1220703125