0 0.33203125 0.5341796875 0.1171875 0.123046875
0 0.7421875 0.5361328125 0.1044921875 0.140625
2 0.4736328125 0.8876953125 0.1015625 0.134765625
2 0.310546875 0.09375 0.1064453125 0.109375
0 0.296875 0.3515625 0.1123046875 0.115234375
2 0.9296875 0.46875 0.115234375 0.1044921875
2 0.458984375 0.162109375 0.1044921875 0.1142578125
0 0.7412109375 0.7958984375 0.123046875 0.1357421875
2 0.2470703125 0.8583984375 0.099609375 0.109375
2 0.5048828125 0.41015625 0.09375 0.125
2 0.671875 0.2587890625 0.1201171875 0.158203125
0 0.150390625 0.673828125 0.103515625 0.1123046875
0 0.068359375 0.8662109375 0.1123046875 0.1123046875
2 0.91796875 0.91796875 0.107421875 0.115234375
2 0.099609375 0.5029296875 0.0888671875 0.1044921875
0 0.9072265625 0.1865234375 0.115234375 0.1142578125
2 0.1279296875 0.0830078125 0.0966796875 0.1171875
2 0.9150390625 0.640625 0.1298828125 0.1201171875
2 0.5498046875 0.642578125 0.111328125 0.1298828125
2 0.1044921875 0.287109375 0.0986328125 0.1328125