2 0.2421875 0.677734375 0.103515625 0.119140625
0 0.66015625 0.240234375 0.099609375 0.125
2 0.89453125 0.857421875 0.1123046875 0.1435546875
0 0.07421875 0.6552734375 0.109375 0.125
2 0.8857421875 0.138671875 0.1064453125 0.111328125
2 0.5107421875 0.291015625 0.0966796875 0.123046875
2 0.123046875 0.1513671875 0.0986328125 0.138671875
0 0.8515625 0.375 0.111328125 0.1484375
2 0.7607421875 0.7509765625 0.091796875 0.119140625
2 0.2265625 0.3896484375 0.0986328125 0.1123046875
2 0.486328125 0.0869140625 0.109375 0.125
2 0.455078125 0.646484375 0.111328125 0.1279296875
0 0.6630859375 0.478515625 0.115234375 0.140625
0 0.2197265625 0.884765625 0.1044921875 0.125
2 0.904296875 0.6416015625 0.099609375 0.1328125
2 0.1083984375 0.4697265625 0.111328125 0.1533203125
0 0.607421875 0.736328125 0.1171875 0.1142578125
2 0.064453125 0.8515625 0.1220703125 0.138671875
0 0.4189453125 0.873046875 0.115234375 0.1328125
2 0.2607421875 0.1376953125 0.111328125 0.126953125