2 0.5927734375 0.5771484375 0.134765625 0.1298828125
2 0.419921875 0.65234375 0.1201171875 0.1357421875
0 0.181640625 0.2646484375 0.1171875 0.123046875
2 0.869140625 0.7900390625 0.1328125 0.1484375
2 0.0576171875 0.287109375 0.115234375 0.1533203125
2 0.76171875 0.509765625 0.125 0.1484375
2 0.6748046875 0.119140625 0.1142578125 0.138671875
0 0.28125 0.486328125 0.125 0.1201171875
2 0.486328125 0.1220703125 0.119140625 0.111328125
0 0.35546875 0.259765625 0.130859375 0.146484375
0 0.220703125 0.896484375 0.1376953125 0.142578125
0 0.6884765625 0.853515625 0.1220703125 0.1533203125
2 0.669921875 0.3056640625 0.1328125 0.158203125
2 0.3779296875 0.8876953125 0.1142578125 0.111328125
2 0.5322265625 0.314453125 0.111328125 0.125
2 0.0732421875 0.48046875 0.095703125 0.1064453125
2 0.1552734375 0.650390625 0.1376953125 0.140625
0 0.9296875 0.392578125 0.134765625 0.158203125
0 0.86328125 0.1884765625 0.130859375 0.154296875