2 0.4638671875 0.6591796875 0.1123046875 0.1123046875
2 0.6962890625 0.1279296875 0.1015625 0.146484375
0 0.6787109375 0.740234375 0.115234375 0.1123046875
2 0.1962890625 0.1708984375 0.126953125 0.146484375
0 0.8017578125 0.505859375 0.119140625 0.1328125
0 0.5439453125 0.388671875 0.134765625 0.1357421875
2 0.865234375 0.1572265625 0.0986328125 0.123046875
2 0.697265625 0.3134765625 0.1171875 0.1044921875
0 0.3564453125 0.23828125 0.1171875 0.123046875
2 0.283203125 0.951171875 0.1064453125 0.0966796875
2 0.5078125 0.158203125 0.1142578125 0.119140625
0 0.1396484375 0.619140625 0.125 0.134765625
0 0.818359375 0.771484375 0.109375 0.115234375
2 0.3076171875 0.6865234375 0.140625 0.1376953125
0 0.9501953125 0.7490234375 0.099609375 0.126953125
0 0.9345703125 0.5458984375 0.111328125 0.1328125
0 0.3173828125 0.4375 0.1298828125 0.138671875
2 0.048828125 0.298828125 0.0966796875 0.140625
0 0.509765625 0.916015625 0.1328125 0.15625
2 0.912109375 0.3623046875 0.130859375 0.123046875