2 0.7421875 0.5576171875 0.115234375 0.142578125
0 0.3212890625 0.869140625 0.119140625 0.140625
2 0.8828125 0.3935546875 0.123046875 0.140625
0 0.6689453125 0.353515625 0.1142578125 0.140625
0 0.197265625 0.115234375 0.1220703125 0.15625
0 0.5166015625 0.8662109375 0.1220703125 0.1376953125
0 0.51171875 0.580078125 0.126953125 0.138671875
2 0.3935546875 0.447265625 0.1015625 0.142578125
2 0.0556640625 0.798828125 0.111328125 0.1201171875
0 0.1171875 0.505859375 0.115234375 0.1201171875
2 0.8212890625 0.150390625 0.119140625 0.125
0 0.31640625 0.67578125 0.1123046875 0.1142578125
2 0.35546875 0.083984375 0.1298828125 0.142578125
2 0.5107421875 0.171875 0.1298828125 0.1357421875
2 0.666015625 0.9482421875 0.1171875 0.103515625
2 0.8564453125 0.8779296875 0.1220703125 0.119140625
0 0.7177734375 0.7578125 0.119140625 0.1328125
2 0.171875 0.3525390625 0.111328125 0.1279296875
2 0.955078125 0.21484375 0.0888671875 0.1142578125