2 0.515625 0.2861328125 0.146484375 0.146484375
2 0.111328125 0.8330078125 0.107421875 0.123046875
2 0.205078125 0.189453125 0.1201171875 0.1220703125
2 0.466796875 0.669921875 0.109375 0.1201171875
0 0.259765625 0.845703125 0.126953125 0.134765625
0 0.912109375 0.4921875 0.115234375 0.134765625
0 0.076171875 0.6240234375 0.1123046875 0.1376953125
2 0.427734375 0.916015625 0.107421875 0.109375
0 0.75390625 0.5361328125 0.1279296875 0.146484375
2 0.724609375 0.2509765625 0.1171875 0.1298828125
2 0.8623046875 0.8671875 0.1015625 0.099609375
0 0.2822265625 0.638671875 0.115234375 0.1298828125
2 0.1171875 0.3759765625 0.111328125 0.138671875
0 0.408203125 0.4658203125 0.1123046875 0.1201171875
0 0.6220703125 0.6904296875 0.1044921875 0.115234375
2 0.701171875 0.935546875 0.1279296875 0.1279296875
0 0.9462890625 0.2158203125 0.107421875 0.130859375
0 0.3876953125 0.2275390625 0.1123046875 0.138671875
0 0.5693359375 0.494140625 0.111328125 0.126953125
2 0.939453125 0.70703125 0.0859375 0.1328125