2 0.369140625 0.9267578125 0.087890625 0.0859375
0 0.3994140625 0.1259765625 0.107421875 0.134765625
2 0.431640625 0.6328125 0.0966796875 0.125
2 0.06640625 0.421875 0.1171875 0.119140625
2 0.521484375 0.875 0.1015625 0.099609375
0 0.9150390625 0.091796875 0.1015625 0.119140625
2 0.8515625 0.8369140625 0.1044921875 0.119140625
0 0.2919921875 0.6650390625 0.1064453125 0.134765625
2 0.826171875 0.28515625 0.095703125 0.1044921875
0 0.6103515625 0.6201171875 0.109375 0.109375
2 0.685546875 0.9267578125 0.1064453125 0.1279296875
2 0.779296875 0.1171875 0.0859375 0.091796875
2 0.095703125 0.65625 0.0908203125 0.123046875
2 0.48046875 0.337890625 0.0966796875 0.109375
0 0.64453125 0.310546875 0.107421875 0.1171875
2 0.5537109375 0.1220703125 0.1015625 0.107421875
0 0.2265625 0.4140625 0.0986328125 0.1201171875
2 0.15625 0.255859375 0.109375 0.109375
2 0.2119140625 0.869140625 0.083984375 0.0859375
0 0.8828125 0.640625 0.1142578125 0.1171875