0 0.5966796875 0.845703125 0.1142578125 0.1357421875
0 0.7734375 0.876953125 0.107421875 0.15625
0 0.9443359375 0.8408203125 0.0986328125 0.1279296875
0 0.3056640625 0.560546875 0.1123046875 0.1328125
0 0.150390625 0.513671875 0.115234375 0.154296875
0 0.291015625 0.125 0.107421875 0.142578125
0 0.5263671875 0.318359375 0.1123046875 0.123046875
0 0.654296875 0.14453125 0.1044921875 0.146484375
0 0.76171875 0.4013671875 0.1123046875 0.1123046875
0 0.8984375 0.388671875 0.109375 0.142578125
2 0.212890625 0.8857421875 0.103515625 0.119140625
2 0.44140625 0.85546875 0.1123046875 0.1123046875
2 0.84765625 0.6552734375 0.087890625 0.119140625
2 0.2880859375 0.3056640625 0.0986328125 0.103515625
2 0.11328125 0.2685546875 0.103515625 0.1298828125
2 0.123046875 0.0888671875 0.0986328125 0.1123046875
2 0.865234375 0.212890625 0.0966796875 0.1376953125
0 0.5166015625 0.607421875 0.1044921875 0.134765625
0 0.48046875 0.10546875 0.1123046875 0.130859375
0 0.67578125 0.63671875 0.099609375 0.1591796875