2 0.1083984375 0.626953125 0.1044921875 0.1171875
0 0.9228515625 0.318359375 0.103515625 0.1328125
0 0.927734375 0.5087890625 0.1015625 0.1328125
0 0.765625 0.126953125 0.1220703125 0.126953125
2 0.4482421875 0.4599609375 0.09375 0.126953125
0 0.7578125 0.662109375 0.0908203125 0.1220703125
0 0.34765625 0.7470703125 0.107421875 0.1015625
2 0.892578125 0.7109375 0.0859375 0.1171875
2 0.900390625 0.1181640625 0.0888671875 0.134765625
2 0.2109375 0.3583984375 0.1015625 0.1123046875
2 0.6083984375 0.115234375 0.1142578125 0.1279296875
2 0.787109375 0.357421875 0.0986328125 0.1279296875
0 0.5615234375 0.6328125 0.1123046875 0.111328125
2 0.53125 0.912109375 0.0859375 0.109375
2 0.373046875 0.931640625 0.0908203125 0.095703125
0 0.2431640625 0.1689453125 0.095703125 0.1123046875
2 0.7392578125 0.8203125 0.0810546875 0.083984375
0 0.439453125 0.2353515625 0.111328125 0.111328125
0 0.1630859375 0.869140625 0.0966796875 0.107421875
2 0.634765625 0.4697265625 0.107421875 0.103515625