0 0.8017578125 0.5615234375 0.119140625 0.119140625
2 0.404296875 0.7822265625 0.091796875 0.1435546875
0 0.072265625 0.916015625 0.0888671875 0.1064453125
2 0.1298828125 0.1357421875 0.09375 0.1220703125
2 0.34765625 0.30078125 0.0888671875 0.115234375
0 0.7626953125 0.7685546875 0.087890625 0.1220703125
0 0.216796875 0.525390625 0.109375 0.115234375
2 0.880859375 0.3974609375 0.0908203125 0.0986328125
2 0.57421875 0.673828125 0.087890625 0.1435546875
2 0.6650390625 0.4462890625 0.0986328125 0.134765625
2 0.662109375 0.236328125 0.1044921875 0.103515625
2 0.423828125 0.5625 0.0859375 0.0966796875
2 0.9267578125 0.94140625 0.103515625 0.1015625
2 0.396484375 0.1201171875 0.095703125 0.099609375
0 0.076171875 0.3544921875 0.111328125 0.111328125
2 0.869140625 0.1416015625 0.1064453125 0.1220703125
2 0.4755859375 0.34375 0.099609375 0.1123046875
2 0.060546875 0.6640625 0.09375 0.0908203125
0 0.6171875 0.8916015625 0.103515625 0.115234375
0 0.201171875 0.865234375 0.103515625 0.130859375