0 0.830078125 0.8271484375 0.1171875 0.1357421875
2 0.33984375 0.923828125 0.1484375 0.1513671875
0 0.1513671875 0.806640625 0.1279296875 0.130859375
2 0.74609375 0.63671875 0.1123046875 0.1142578125
0 0.537109375 0.09765625 0.1376953125 0.140625
2 0.130859375 0.39453125 0.1298828125 0.1689453125
0 0.3984375 0.2607421875 0.130859375 0.130859375
0 0.734375 0.45703125 0.1279296875 0.125
2 0.4765625 0.4912109375 0.138671875 0.1513671875
2 0.28515625 0.654296875 0.125 0.1328125
2 0.4765625 0.912109375 0.1171875 0.1220703125
2 0.900390625 0.259765625 0.115234375 0.125
0 0.1650390625 0.20703125 0.146484375 0.1611328125
2 0.666015625 0.283203125 0.1455078125 0.1591796875
2 0.974609375 0.720703125 0.05078125 0.109375
2 0.7958984375 0.0498046875 0.1328125 0.099609375
2 0.23046875 0.9814453125 0.1328125 0.037109375
2 0.943359375 0.5400390625 0.1123046875 0.1298828125
2 0.142578125 0.642578125 0.134765625 0.1435546875
2 0.599609375 0.7138671875 0.130859375 0.142578125