2 0.1962890625 0.0908203125 0.125 0.1513671875
0 0.3955078125 0.091796875 0.1279296875 0.1357421875
0 0.49609375 0.4599609375 0.1064453125 0.1201171875
0 0.70703125 0.75 0.111328125 0.115234375
2 0.083984375 0.61328125 0.1064453125 0.126953125
0 0.888671875 0.38671875 0.119140625 0.1279296875
0 0.15234375 0.326171875 0.1279296875 0.146484375
0 0.669921875 0.4755859375 0.119140625 0.123046875
2 0.85546875 0.8466796875 0.126953125 0.1279296875
0 0.4130859375 0.8740234375 0.1171875 0.125
0 0.1767578125 0.853515625 0.125 0.1328125
0 0.9443359375 0.181640625 0.111328125 0.1279296875
0 0.30078125 0.431640625 0.1201171875 0.140625
2 0.75390625 0.224609375 0.1201171875 0.1220703125
2 0.603515625 0.927734375 0.126953125 0.1123046875
2 0.908203125 0.5947265625 0.099609375 0.1064453125
2 0.056640625 0.806640625 0.1123046875 0.1279296875
2 0.234375 0.66015625 0.1015625 0.115234375
2 0.5341796875 0.716796875 0.119140625 0.1376953125
0 0.5908203125 0.248046875 0.125 0.15625