0 0.599609375 0.8720703125 0.119140625 0.1279296875
0 0.78125 0.0595703125 0.1279296875 0.119140625
2 0.3291015625 0.1552734375 0.1357421875 0.162109375
0 0.1630859375 0.203125 0.140625 0.1455078125
0 0.953125 0.5654296875 0.09375 0.1279296875
2 0.7724609375 0.833984375 0.1171875 0.142578125
2 0.232421875 0.46484375 0.1279296875 0.1689453125
2 0.3876953125 0.6904296875 0.1142578125 0.1201171875
0 0.1123046875 0.615234375 0.1328125 0.134765625
0 0.595703125 0.6962890625 0.1328125 0.138671875
2 0.2255859375 0.798828125 0.126953125 0.119140625
2 0.798828125 0.6142578125 0.115234375 0.1357421875
2 0.044921875 0.255859375 0.0888671875 0.123046875
0 0.44140625 0.8798828125 0.1220703125 0.140625
2 0.46484375 0.453125 0.107421875 0.111328125
0 0.296875 0.939453125 0.140625 0.1201171875
2 0.5986328125 0.123046875 0.107421875 0.1171875
2 0.931640625 0.798828125 0.1357421875 0.1435546875
2 0.650390625 0.4560546875 0.119140625 0.1298828125
2 0.80078125 0.2529296875 0.142578125 0.1455078125