0 0.677734375 0.3525390625 0.109375 0.1044921875
0 0.080078125 0.3583984375 0.099609375 0.107421875
0 0.0654296875 0.123046875 0.099609375 0.1357421875
0 0.572265625 0.11328125 0.0966796875 0.1015625
0 0.51171875 0.828125 0.109375 0.130859375
0 0.064453125 0.5517578125 0.109375 0.1123046875
0 0.908203125 0.0859375 0.1142578125 0.119140625
2 0.673828125 0.8720703125 0.0830078125 0.134765625
0 0.216796875 0.751953125 0.1044921875 0.1142578125
0 0.3056640625 0.134765625 0.095703125 0.109375
0 0.7373046875 0.189453125 0.1044921875 0.123046875
0 0.642578125 0.6005859375 0.1171875 0.1435546875
0 0.353515625 0.7080078125 0.0986328125 0.1015625
2 0.865234375 0.6513671875 0.1015625 0.0908203125
0 0.884765625 0.4775390625 0.1171875 0.1435546875
2 0.2216796875 0.568359375 0.0908203125 0.0986328125
2 0.8330078125 0.873046875 0.095703125 0.109375
2 0.359375 0.376953125 0.109375 0.1328125
2 0.3515625 0.9423828125 0.115234375 0.1015625
2 0.5107421875 0.298828125 0.091796875 0.1142578125