0 0.7392578125 0.861328125 0.1015625 0.1201171875
0 0.912109375 0.150390625 0.0966796875 0.109375
0 0.662109375 0.376953125 0.1015625 0.123046875
0 0.419921875 0.1552734375 0.09375 0.099609375
0 0.8896484375 0.525390625 0.111328125 0.107421875
2 0.2763671875 0.3759765625 0.09375 0.115234375
2 0.576171875 0.091796875 0.087890625 0.1142578125
0 0.3701171875 0.59765625 0.1044921875 0.1279296875
2 0.10546875 0.3837890625 0.083984375 0.09375
2 0.55078125 0.845703125 0.0986328125 0.0986328125
2 0.548828125 0.6279296875 0.0986328125 0.146484375
2 0.1318359375 0.6904296875 0.095703125 0.1220703125
2 0.4091796875 0.83203125 0.09375 0.150390625
2 0.8212890625 0.3671875 0.091796875 0.134765625
2 0.1337890625 0.1611328125 0.1298828125 0.1201171875
0 0.466796875 0.3779296875 0.1015625 0.1064453125
2 0.9189453125 0.7958984375 0.0986328125 0.109375
2 0.1484375 0.8603515625 0.1279296875 0.1328125
2 0.740234375 0.0615234375 0.0859375 0.103515625
2 0.736328125 0.666015625 0.103515625 0.146484375