0 0.171875 0.8876953125 0.1064453125 0.103515625
0 0.7841796875 0.845703125 0.0986328125 0.125
0 0.6044921875 0.650390625 0.09375 0.1064453125
0 0.400390625 0.71875 0.1064453125 0.099609375
0 0.783203125 0.619140625 0.0986328125 0.095703125
0 0.9169921875 0.8623046875 0.0859375 0.0888671875
2 0.5703125 0.8623046875 0.09375 0.1142578125
0 0.10546875 0.23828125 0.109375 0.1171875
0 0.33984375 0.912109375 0.103515625 0.125
2 0.255859375 0.126953125 0.091796875 0.130859375
2 0.884765625 0.1298828125 0.1064453125 0.1376953125
2 0.6611328125 0.3515625 0.0908203125 0.115234375
0 0.197265625 0.51953125 0.099609375 0.1201171875
0 0.693359375 0.1689453125 0.1123046875 0.1142578125
0 0.4462890625 0.4423828125 0.1123046875 0.130859375
2 0.259765625 0.3349609375 0.1201171875 0.1123046875
2 0.9228515625 0.65625 0.115234375 0.109375
0 0.427734375 0.130859375 0.107421875 0.125
0 0.8232421875 0.40234375 0.109375 0.1201171875
0 0.1201171875 0.6884765625 0.091796875 0.126953125