2 0.16796875 0.7646484375 0.111328125 0.1513671875
2 0.7568359375 0.333984375 0.1015625 0.1201171875
0 0.3994140625 0.07421875 0.1064453125 0.1328125
2 0.5703125 0.7373046875 0.1064453125 0.1279296875
2 0.9306640625 0.2763671875 0.0986328125 0.1142578125
2 0.21875 0.138671875 0.0986328125 0.099609375
2 0.2744140625 0.5400390625 0.0908203125 0.103515625
2 0.3427734375 0.798828125 0.0966796875 0.1279296875
2 0.4736328125 0.56640625 0.0986328125 0.1044921875
2 0.6044921875 0.138671875 0.0908203125 0.095703125
2 0.71875 0.849609375 0.1064453125 0.1142578125
2 0.1005859375 0.318359375 0.1171875 0.1455078125
2 0.861328125 0.89453125 0.095703125 0.1142578125
0 0.1103515625 0.5693359375 0.115234375 0.119140625
2 0.662109375 0.541015625 0.1064453125 0.1357421875
0 0.505859375 0.31640625 0.1171875 0.1435546875
2 0.7841796875 0.0693359375 0.099609375 0.138671875
2 0.259765625 0.2880859375 0.109375 0.1015625
2 0.826171875 0.6220703125 0.1064453125 0.1435546875
2 0.9140625 0.111328125 0.109375 0.138671875