0 0.4091796875 0.84765625 0.1123046875 0.134765625
0 0.232421875 0.880859375 0.1044921875 0.1533203125
0 0.0615234375 0.8486328125 0.0966796875 0.126953125
0 0.6953125 0.5576171875 0.111328125 0.130859375
0 0.849609375 0.5068359375 0.1123046875 0.1533203125
0 0.703125 0.12109375 0.1064453125 0.140625
0 0.470703125 0.318359375 0.111328125 0.1220703125
0 0.33984375 0.1474609375 0.1015625 0.1455078125
0 0.236328125 0.40625 0.111328125 0.111328125
0 0.099609375 0.3955078125 0.1064453125 0.140625
2 0.7939453125 0.880859375 0.1015625 0.1171875
2 0.564453125 0.8544921875 0.109375 0.111328125
2 0.1552734375 0.662109375 0.0859375 0.1171875
2 0.708984375 0.3017578125 0.0966796875 0.1015625
2 0.8828125 0.26171875 0.1015625 0.1279296875
2 0.8701171875 0.0830078125 0.0966796875 0.111328125
2 0.130859375 0.21875 0.095703125 0.1357421875
0 0.4853515625 0.607421875 0.1015625 0.1328125
0 0.5126953125 0.10546875 0.111328125 0.1298828125
0 0.326171875 0.6396484375 0.0966796875 0.158203125