2 0.693359375 0.341796875 0.1142578125 0.126953125
0 0.1689453125 0.248046875 0.109375 0.1142578125
0 0.3740234375 0.06640625 0.1201171875 0.1279296875
2 0.71484375 0.8701171875 0.111328125 0.1220703125
2 0.2919921875 0.482421875 0.1123046875 0.115234375
0 0.787109375 0.1416015625 0.115234375 0.115234375
0 0.5283203125 0.8896484375 0.119140625 0.1279296875
0 0.8486328125 0.498046875 0.1220703125 0.1220703125
0 0.0703125 0.4296875 0.115234375 0.150390625
0 0.37109375 0.337890625 0.123046875 0.130859375
2 0.142578125 0.0576171875 0.09375 0.115234375
2 0.88671875 0.767578125 0.1171875 0.1015625
2 0.5341796875 0.1591796875 0.111328125 0.1484375
0 0.392578125 0.8203125 0.123046875 0.150390625
2 0.873046875 0.919921875 0.1123046875 0.1220703125
0 0.2119140625 0.7041015625 0.126953125 0.1513671875
0 0.0439453125 0.7607421875 0.087890625 0.1376953125
2 0.9384765625 0.251953125 0.123046875 0.1328125
0 0.517578125 0.357421875 0.138671875 0.140625
0 0.521484375 0.638671875 0.1298828125 0.142578125