2 0.9462890625 0.88671875 0.103515625 0.103515625
2 0.103515625 0.880859375 0.0908203125 0.1435546875
0 0.0751953125 0.09375 0.1142578125 0.1123046875
0 0.603515625 0.6689453125 0.0966796875 0.119140625
0 0.365234375 0.615234375 0.099609375 0.115234375
2 0.2109375 0.693359375 0.0986328125 0.1279296875
2 0.853515625 0.330078125 0.09375 0.126953125
2 0.4560546875 0.2900390625 0.107421875 0.1201171875
0 0.68359375 0.482421875 0.111328125 0.123046875
0 0.7890625 0.078125 0.1015625 0.1201171875
2 0.259765625 0.279296875 0.09375 0.09375
2 0.126953125 0.4775390625 0.099609375 0.15625
2 0.7646484375 0.853515625 0.0908203125 0.1142578125
2 0.2529296875 0.0693359375 0.0830078125 0.1123046875
2 0.6630859375 0.306640625 0.115234375 0.126953125
2 0.478515625 0.109375 0.1279296875 0.123046875
2 0.095703125 0.3056640625 0.1142578125 0.146484375
0 0.44921875 0.8994140625 0.107421875 0.1435546875
2 0.2802734375 0.873046875 0.1171875 0.138671875
2 0.876953125 0.6640625 0.0966796875 0.111328125