0 0.5634765625 0.4892578125 0.130859375 0.138671875
2 0.251953125 0.146484375 0.1533203125 0.150390625
0 0.326171875 0.9296875 0.123046875 0.140625
0 0.7744140625 0.826171875 0.134765625 0.1298828125
2 0.513671875 0.21484375 0.107421875 0.1123046875
0 0.3173828125 0.4482421875 0.1201171875 0.134765625
2 0.06640625 0.28515625 0.111328125 0.1201171875
2 0.83984375 0.068359375 0.1220703125 0.1220703125
0 0.390625 0.6708984375 0.1142578125 0.125
2 0.6455078125 0.6767578125 0.115234375 0.1201171875
0 0.9404296875 0.689453125 0.119140625 0.140625
0 0.775390625 0.59765625 0.138671875 0.142578125
0 0.2392578125 0.751953125 0.1328125 0.130859375
2 0.6875 0.1455078125 0.134765625 0.1142578125
0 0.8935546875 0.275390625 0.126953125 0.134765625
2 0.6279296875 0.8701171875 0.1142578125 0.1220703125
2 0.7041015625 0.3134765625 0.123046875 0.1298828125
2 0.0615234375 0.5009765625 0.123046875 0.134765625
2 0.486328125 0.912109375 0.150390625 0.15625
0 0.9375 0.4951171875 0.125 0.134765625