0 0.681640625 0.5029296875 0.103515625 0.1298828125
2 0.3330078125 0.1328125 0.103515625 0.1376953125
2 0.8642578125 0.939453125 0.1123046875 0.115234375
0 0.166015625 0.0908203125 0.107421875 0.130859375
0 0.787109375 0.294921875 0.1064453125 0.1064453125
0 0.8671875 0.6728515625 0.140625 0.123046875
2 0.0517578125 0.884765625 0.103515625 0.140625
2 0.220703125 0.814453125 0.125 0.123046875
2 0.861328125 0.474609375 0.1201171875 0.138671875
2 0.94140625 0.205078125 0.109375 0.1357421875
2 0.55859375 0.716796875 0.109375 0.119140625
2 0.1689453125 0.3017578125 0.109375 0.1220703125
2 0.6220703125 0.23046875 0.1171875 0.1123046875
2 0.0830078125 0.640625 0.099609375 0.1123046875
0 0.4462890625 0.2646484375 0.1298828125 0.1357421875
0 0.392578125 0.7900390625 0.109375 0.142578125
0 0.294921875 0.59375 0.1279296875 0.134765625
0 0.580078125 0.9267578125 0.103515625 0.107421875
0 0.720703125 0.693359375 0.134765625 0.1328125
0 0.517578125 0.513671875 0.119140625 0.134765625