2 0.4462890625 0.3916015625 0.130859375 0.126953125
2 0.634765625 0.392578125 0.1171875 0.134765625
0 0.6943359375 0.8447265625 0.115234375 0.1201171875
2 0.2802734375 0.0849609375 0.1279296875 0.1455078125
2 0.826171875 0.876953125 0.130859375 0.1513671875
2 0.2646484375 0.384765625 0.1220703125 0.1455078125
2 0.185546875 0.77734375 0.111328125 0.1357421875
0 0.6943359375 0.6015625 0.1220703125 0.1171875
2 0.3583984375 0.8505859375 0.1171875 0.107421875
0 0.5341796875 0.7783203125 0.1279296875 0.1435546875
0 0.916015625 0.2509765625 0.134765625 0.138671875
0 0.4716796875 0.1005859375 0.1171875 0.1513671875
2 0.265625 0.6083984375 0.1298828125 0.15625
2 0.76953125 0.1962890625 0.111328125 0.107421875
2 0.39453125 0.6572265625 0.107421875 0.123046875
2 0.880859375 0.69140625 0.09375 0.1044921875
2 0.8759765625 0.5029296875 0.134765625 0.1376953125
0 0.064453125 0.423828125 0.1279296875 0.154296875
0 0.0537109375 0.638671875 0.107421875 0.15234375