2 0.130859375 0.9482421875 0.134765625 0.103515625
2 0.33203125 0.857421875 0.1201171875 0.1376953125
2 0.330078125 0.6689453125 0.1064453125 0.1220703125
2 0.3291015625 0.4814453125 0.1123046875 0.1298828125
2 0.619140625 0.638671875 0.1142578125 0.1533203125
2 0.90625 0.828125 0.1201171875 0.1376953125
2 0.853515625 0.318359375 0.1142578125 0.1328125
2 0.662109375 0.1796875 0.0908203125 0.1044921875
2 0.220703125 0.23828125 0.1171875 0.1298828125
2 0.126953125 0.73046875 0.1171875 0.130859375
0 0.0986328125 0.283203125 0.123046875 0.1357421875
0 0.1796875 0.529296875 0.1015625 0.1298828125
0 0.4833984375 0.4873046875 0.111328125 0.1279296875
0 0.705078125 0.3544921875 0.1142578125 0.1123046875
0 0.904296875 0.51171875 0.119140625 0.1298828125
0 0.787109375 0.6318359375 0.1142578125 0.1123046875
0 0.65234375 0.81640625 0.111328125 0.138671875
0 0.484375 0.876953125 0.1220703125 0.125
0 0.5234375 0.15625 0.1123046875 0.134765625
0 0.841796875 0.0859375 0.095703125 0.115234375