0 0.455078125 0.60546875 0.109375 0.1044921875
0 0.404296875 0.8544921875 0.107421875 0.126953125
2 0.310546875 0.2783203125 0.1123046875 0.1171875
2 0.919921875 0.505859375 0.123046875 0.1064453125
2 0.115234375 0.3623046875 0.109375 0.1279296875
2 0.5654296875 0.177734375 0.1201171875 0.126953125
0 0.322265625 0.083984375 0.1142578125 0.1533203125
0 0.7353515625 0.224609375 0.1123046875 0.1123046875
0 0.591796875 0.7392578125 0.111328125 0.111328125
2 0.7802734375 0.478515625 0.103515625 0.119140625
2 0.466796875 0.408203125 0.115234375 0.1328125
2 0.15625 0.1142578125 0.109375 0.134765625
2 0.6328125 0.458984375 0.119140625 0.1513671875
0 0.732421875 0.681640625 0.1044921875 0.1142578125
2 0.166015625 0.8037109375 0.115234375 0.1064453125
0 0.7392578125 0.859375 0.1220703125 0.123046875
0 0.10546875 0.556640625 0.115234375 0.1201171875
0 0.8994140625 0.7646484375 0.1142578125 0.134765625
0 0.892578125 0.166015625 0.107421875 0.115234375
2 0.298828125 0.6533203125 0.1044921875 0.134765625