0 0.443359375 0.498046875 0.09375 0.095703125
0 0.115234375 0.642578125 0.099609375 0.1220703125
2 0.279296875 0.583984375 0.0966796875 0.1201171875
2 0.703125 0.1279296875 0.09375 0.111328125
2 0.724609375 0.69921875 0.1123046875 0.111328125
0 0.533203125 0.8974609375 0.119140625 0.1044921875
2 0.46875 0.7099609375 0.1142578125 0.103515625
2 0.7705078125 0.5537109375 0.107421875 0.1455078125
2 0.6455078125 0.3291015625 0.0986328125 0.1015625
2 0.7275390625 0.91796875 0.109375 0.0986328125
2 0.263671875 0.3955078125 0.107421875 0.1357421875
2 0.07421875 0.416015625 0.091796875 0.109375
0 0.904296875 0.8037109375 0.0966796875 0.1220703125
2 0.2646484375 0.1728515625 0.076171875 0.099609375
2 0.603515625 0.529296875 0.119140625 0.1171875
0 0.466796875 0.16015625 0.099609375 0.1298828125
2 0.287109375 0.8994140625 0.1064453125 0.1123046875
0 0.1142578125 0.1064453125 0.1064453125 0.1201171875
0 0.818359375 0.296875 0.1015625 0.123046875
2 0.0712890625 0.89453125 0.1015625 0.1328125