0 0.6484375 0.4951171875 0.095703125 0.1328125
0 0.080078125 0.6123046875 0.103515625 0.119140625
2 0.720703125 0.8359375 0.0986328125 0.111328125
0 0.779296875 0.6416015625 0.0986328125 0.125
0 0.515625 0.337890625 0.1064453125 0.1142578125
2 0.560546875 0.150390625 0.1123046875 0.115234375
0 0.330078125 0.2041015625 0.1376953125 0.140625
2 0.28515625 0.470703125 0.0986328125 0.115234375
2 0.720703125 0.1044921875 0.076171875 0.130859375
2 0.443359375 0.5703125 0.09375 0.1220703125
2 0.12109375 0.32421875 0.0908203125 0.0966796875
2 0.3056640625 0.9072265625 0.0908203125 0.138671875
2 0.904296875 0.0830078125 0.1015625 0.103515625
2 0.8671875 0.900390625 0.078125 0.0986328125
2 0.498046875 0.888671875 0.1064453125 0.1044921875
2 0.296875 0.693359375 0.103515625 0.103515625
0 0.0439453125 0.126953125 0.087890625 0.1123046875
0 0.744140625 0.31640625 0.09375 0.109375
2 0.8779296875 0.3271484375 0.1123046875 0.109375