0 0.130859375 0.384765625 0.095703125 0.130859375
2 0.7802734375 0.1416015625 0.0986328125 0.1142578125
0 0.9306640625 0.3662109375 0.1298828125 0.119140625
2 0.5703125 0.1337890625 0.1044921875 0.1044921875
0 0.15234375 0.9140625 0.1142578125 0.1123046875
2 0.6728515625 0.482421875 0.09375 0.095703125
0 0.5380859375 0.876953125 0.1044921875 0.138671875
0 0.44140625 0.3154296875 0.091796875 0.109375
0 0.5224609375 0.498046875 0.0986328125 0.099609375
0 0.333984375 0.9150390625 0.0966796875 0.1142578125
2 0.2529296875 0.4833984375 0.0986328125 0.138671875
2 0.5224609375 0.6875 0.09375 0.109375
2 0.759765625 0.75390625 0.095703125 0.125
0 0.162109375 0.193359375 0.1123046875 0.1328125
0 0.3486328125 0.6708984375 0.0859375 0.123046875
2 0.9267578125 0.830078125 0.095703125 0.130859375
0 0.119140625 0.7421875 0.0966796875 0.1142578125
2 0.919921875 0.1396484375 0.095703125 0.1279296875
2 0.919921875 0.6474609375 0.0859375 0.0859375
2 0.3759765625 0.107421875 0.0908203125 0.1123046875