0 0.4130859375 0.8037109375 0.1064453125 0.119140625
0 0.2744140625 0.263671875 0.1044921875 0.115234375
2 0.41015625 0.0908203125 0.107421875 0.1044921875
0 0.9462890625 0.4130859375 0.0966796875 0.1142578125
0 0.216796875 0.65234375 0.111328125 0.130859375
2 0.2490234375 0.86328125 0.1171875 0.123046875
0 0.677734375 0.625 0.1142578125 0.126953125
2 0.6298828125 0.884765625 0.1201171875 0.1484375
2 0.572265625 0.1337890625 0.115234375 0.1201171875
2 0.6884765625 0.44921875 0.1123046875 0.109375
2 0.951171875 0.1748046875 0.09765625 0.123046875
2 0.8505859375 0.630859375 0.1171875 0.1328125
2 0.150390625 0.060546875 0.130859375 0.1201171875
2 0.2578125 0.4736328125 0.103515625 0.1279296875
2 0.4921875 0.634765625 0.1015625 0.0986328125
2 0.80078125 0.2734375 0.123046875 0.1357421875
2 0.119140625 0.4423828125 0.1044921875 0.125
0 0.064453125 0.8642578125 0.1279296875 0.125
2 0.8818359375 0.876953125 0.1220703125 0.150390625
0 0.529296875 0.341796875 0.115234375 0.146484375