0 0.70703125 0.74609375 0.1044921875 0.0986328125
2 0.435546875 0.32421875 0.111328125 0.103515625
0 0.5751953125 0.1201171875 0.1064453125 0.126953125
2 0.1708984375 0.2705078125 0.09375 0.119140625
0 0.1845703125 0.609375 0.091796875 0.107421875
0 0.40625 0.134765625 0.1123046875 0.1123046875
0 0.74609375 0.326171875 0.099609375 0.111328125
0 0.197265625 0.908203125 0.103515625 0.119140625
2 0.904296875 0.595703125 0.1123046875 0.1064453125
2 0.8681640625 0.810546875 0.107421875 0.1123046875
0 0.7333984375 0.1396484375 0.09375 0.107421875
0 0.380859375 0.779296875 0.111328125 0.1357421875
2 0.3828125 0.552734375 0.099609375 0.103515625
2 0.103515625 0.0966796875 0.095703125 0.1376953125
2 0.7080078125 0.9296875 0.109375 0.109375
2 0.556640625 0.8447265625 0.09375 0.1064453125
2 0.625 0.484375 0.095703125 0.095703125
0 0.904296875 0.3515625 0.1044921875 0.1123046875
2 0.5947265625 0.353515625 0.1044921875 0.0966796875
0 0.943359375 0.1787109375 0.0986328125 0.126953125