2 0.751953125 0.068359375 0.123046875 0.1357421875
2 0.9423828125 0.62109375 0.115234375 0.13671875
0 0.458984375 0.7470703125 0.1171875 0.134765625
0 0.201171875 0.9814453125 0.111328125 0.037109375
2 0.58203125 0.2294921875 0.1220703125 0.134765625
0 0.251953125 0.810546875 0.1376953125 0.166015625
2 0.03515625 0.236328125 0.0703125 0.140625
0 0.15234375 0.2099609375 0.115234375 0.1298828125
0 0.5615234375 0.501953125 0.146484375 0.1455078125
2 0.4228515625 0.55078125 0.1123046875 0.146484375
2 0.642578125 0.73828125 0.123046875 0.1298828125
2 0.75390625 0.53125 0.1044921875 0.1455078125
0 0.8671875 0.4638671875 0.130859375 0.1328125
2 0.158203125 0.5390625 0.1328125 0.1611328125
2 0.8115234375 0.224609375 0.130859375 0.134765625
2 0.8935546875 0.849609375 0.1298828125 0.1279296875
2 0.4521484375 0.337890625 0.130859375 0.150390625
2 0.28515625 0.3623046875 0.1220703125 0.130859375
0 0.4013671875 0.1328125 0.1220703125 0.1279296875
2 0.3876953125 0.9384765625 0.134765625 0.123046875