0 0.3427734375 0.3564453125 0.111328125 0.1279296875
0 0.1181640625 0.3212890625 0.119140625 0.115234375
2 0.302734375 0.84375 0.1220703125 0.134765625
2 0.21875 0.5107421875 0.1142578125 0.125
2 0.59765625 0.1787109375 0.123046875 0.140625
0 0.9326171875 0.1953125 0.126953125 0.130859375
2 0.2265625 0.0986328125 0.1513671875 0.1591796875
2 0.9189453125 0.419921875 0.109375 0.1298828125
0 0.677734375 0.9072265625 0.1123046875 0.1279296875
2 0.814453125 0.712890625 0.119140625 0.134765625
0 0.498046875 0.658203125 0.125 0.154296875
2 0.662109375 0.685546875 0.115234375 0.140625
2 0.73828125 0.498046875 0.1171875 0.111328125
2 0.3623046875 0.673828125 0.109375 0.1328125
2 0.478515625 0.8125 0.130859375 0.125
0 0.5234375 0.4384765625 0.134765625 0.1484375
0 0.0615234375 0.4990234375 0.123046875 0.1298828125
2 0.041015625 0.7119140625 0.0810546875 0.1171875
2 0.46484375 0.076171875 0.1357421875 0.1513671875
2 0.7265625 0.212890625 0.0908203125 0.1142578125