0 0.8310546875 0.8857421875 0.111328125 0.1123046875
2 0.8642578125 0.095703125 0.140625 0.142578125
2 0.3359375 0.935546875 0.123046875 0.1142578125
0 0.080078125 0.595703125 0.1044921875 0.1376953125
0 0.6640625 0.470703125 0.1220703125 0.123046875
2 0.880859375 0.2978515625 0.1201171875 0.123046875
0 0.267578125 0.154296875 0.125 0.125
2 0.279296875 0.7373046875 0.099609375 0.125
2 0.8486328125 0.5283203125 0.1220703125 0.1376953125
0 0.91015625 0.697265625 0.125 0.1376953125
0 0.138671875 0.359375 0.1357421875 0.1533203125
0 0.568359375 0.2666015625 0.115234375 0.1279296875
2 0.564453125 0.93359375 0.126953125 0.115234375
2 0.1337890625 0.9482421875 0.1142578125 0.103515625
0 0.052734375 0.1484375 0.10546875 0.1171875
2 0.1015625 0.7783203125 0.1123046875 0.1357421875
2 0.419921875 0.3935546875 0.125 0.1298828125
0 0.724609375 0.69921875 0.134765625 0.15625
2 0.431640625 0.58984375 0.109375 0.1328125
0 0.736328125 0.189453125 0.109375 0.125