2 0.7509765625 0.90234375 0.1357421875 0.138671875
0 0.439453125 0.318359375 0.1201171875 0.126953125
2 0.63671875 0.2099609375 0.1298828125 0.146484375
0 0.8466796875 0.173828125 0.1279296875 0.142578125
2 0.38671875 0.90625 0.1298828125 0.126953125
2 0.22265625 0.6337890625 0.1142578125 0.125
2 0.283203125 0.4189453125 0.103515625 0.1044921875
0 0.734375 0.619140625 0.1171875 0.1142578125
0 0.857421875 0.4326171875 0.1171875 0.1123046875
2 0.5068359375 0.498046875 0.119140625 0.166015625
0 0.5576171875 0.779296875 0.1064453125 0.1142578125
2 0.3916015625 0.6982421875 0.1064453125 0.1123046875
2 0.326171875 0.1181640625 0.1279296875 0.1279296875
2 0.1669921875 0.806640625 0.099609375 0.1123046875
2 0.0927734375 0.533203125 0.107421875 0.1298828125
0 0.669921875 0.3818359375 0.1142578125 0.146484375
2 0.494140625 0.10546875 0.1201171875 0.15625
2 0.150390625 0.0712890625 0.115234375 0.138671875
2 0.87890625 0.6220703125 0.115234375 0.1357421875
2 0.123046875 0.3466796875 0.1123046875 0.1328125