2 0.103515625 0.8701171875 0.09375 0.140625
0 0.322265625 0.4072265625 0.099609375 0.1015625
0 0.4677734375 0.4404296875 0.091796875 0.119140625
2 0.087890625 0.685546875 0.107421875 0.1279296875
0 0.41015625 0.634765625 0.1015625 0.1044921875
0 0.880859375 0.435546875 0.095703125 0.119140625
2 0.072265625 0.2119140625 0.109375 0.119140625
2 0.6025390625 0.603515625 0.091796875 0.1220703125
2 0.3359375 0.857421875 0.107421875 0.1279296875
0 0.6923828125 0.419921875 0.099609375 0.103515625
2 0.279296875 0.150390625 0.1220703125 0.1484375
0 0.5927734375 0.2333984375 0.1142578125 0.123046875
2 0.8779296875 0.197265625 0.119140625 0.1220703125
2 0.435546875 0.216796875 0.095703125 0.1064453125
2 0.275390625 0.5849609375 0.091796875 0.1142578125
2 0.818359375 0.892578125 0.1142578125 0.126953125
2 0.53125 0.89453125 0.099609375 0.1123046875
0 0.162109375 0.4169921875 0.099609375 0.1328125
0 0.6748046875 0.859375 0.099609375 0.1142578125
0 0.8076171875 0.6103515625 0.1044921875 0.1328125