0 0.576171875 0.419921875 0.130859375 0.126953125
0 0.3408203125 0.4462890625 0.130859375 0.146484375
0 0.662109375 0.6669921875 0.154296875 0.162109375
2 0.251953125 0.759765625 0.140625 0.166015625
0 0.654296875 0.244140625 0.1201171875 0.126953125
2 0.537109375 0.1005859375 0.134765625 0.1357421875
2 0.099609375 0.349609375 0.134765625 0.1357421875
2 0.0419921875 0.5380859375 0.083984375 0.134765625
2 0.7392578125 0.4541015625 0.1513671875 0.150390625
2 0.455078125 0.837890625 0.1201171875 0.1376953125
0 0.947265625 0.453125 0.10546875 0.15625
0 0.8984375 0.6533203125 0.1171875 0.130859375
2 0.9482421875 0.2607421875 0.103515625 0.119140625
2 0.3759765625 0.037109375 0.1357421875 0.0732421875
2 0.4453125 0.5986328125 0.130859375 0.138671875
2 0.4111328125 0.263671875 0.103515625 0.107421875
2 0.1513671875 0.162109375 0.15625 0.146484375
0 0.888671875 0.8115234375 0.1142578125 0.1298828125
0 0.1044921875 0.736328125 0.1328125 0.1435546875
0 0.669921875 0.900390625 0.1220703125 0.140625