0 0.7607421875 0.10546875 0.111328125 0.1220703125
0 0.0927734375 0.876953125 0.1142578125 0.1513671875
2 0.9208984375 0.6435546875 0.1201171875 0.150390625
0 0.4306640625 0.4453125 0.1123046875 0.138671875
2 0.939453125 0.107421875 0.1044921875 0.142578125
0 0.498046875 0.8125 0.1044921875 0.130859375
2 0.8232421875 0.837890625 0.1142578125 0.154296875
2 0.8359375 0.271484375 0.087890625 0.109375
2 0.611328125 0.259765625 0.0986328125 0.103515625
0 0.2646484375 0.412109375 0.107421875 0.1357421875
0 0.6181640625 0.0908203125 0.103515625 0.142578125
2 0.103515625 0.521484375 0.1171875 0.1279296875
2 0.271484375 0.115234375 0.109375 0.134765625
0 0.3154296875 0.87109375 0.103515625 0.1064453125
0 0.748046875 0.5498046875 0.091796875 0.123046875
0 0.103515625 0.2099609375 0.115234375 0.142578125
2 0.591796875 0.5859375 0.123046875 0.1513671875
2 0.248046875 0.6455078125 0.1142578125 0.125
0 0.396484375 0.228515625 0.1171875 0.134765625
2 0.6611328125 0.818359375 0.1220703125 0.1328125