2 0.509765625 0.8701171875 0.0908203125 0.1064453125
0 0.337890625 0.318359375 0.103515625 0.1015625
0 0.4697265625 0.443359375 0.099609375 0.1064453125
0 0.1142578125 0.615234375 0.09375 0.1044921875
0 0.0673828125 0.119140625 0.1015625 0.107421875
0 0.7646484375 0.380859375 0.1015625 0.1142578125
0 0.22265625 0.107421875 0.087890625 0.1044921875
2 0.580078125 0.1787109375 0.1064453125 0.1484375
0 0.431640625 0.6435546875 0.1044921875 0.1171875
0 0.841796875 0.828125 0.1064453125 0.1298828125
2 0.6259765625 0.4599609375 0.0830078125 0.109375
2 0.732421875 0.140625 0.0966796875 0.0986328125
0 0.8798828125 0.1806640625 0.1123046875 0.107421875
0 0.85546875 0.6318359375 0.109375 0.1220703125
2 0.13671875 0.32421875 0.091796875 0.1357421875
2 0.361328125 0.0986328125 0.091796875 0.1064453125
2 0.2998046875 0.6533203125 0.0908203125 0.1142578125
2 0.685546875 0.66796875 0.130859375 0.123046875
2 0.0771484375 0.859375 0.083984375 0.1064453125
0 0.3603515625 0.8876953125 0.1015625 0.1357421875