2 0.9189453125 0.529296875 0.142578125 0.138671875
2 0.96484375 0.236328125 0.0703125 0.154296875
2 0.583984375 0.865234375 0.126953125 0.150390625
0 0.0693359375 0.7041015625 0.138671875 0.154296875
0 0.744140625 0.912109375 0.1298828125 0.130859375
0 0.1640625 0.283203125 0.130859375 0.150390625
0 0.3466796875 0.3056640625 0.1328125 0.134765625
2 0.6796875 0.1669921875 0.126953125 0.1484375
2 0.1611328125 0.080078125 0.1435546875 0.1591796875
2 0.607421875 0.359375 0.115234375 0.130859375
2 0.869140625 0.7197265625 0.1279296875 0.1279296875
0 0.658203125 0.6240234375 0.142578125 0.1669921875
2 0.326171875 0.5107421875 0.1328125 0.150390625
2 0.205078125 0.794921875 0.130859375 0.1455078125
0 0.1435546875 0.521484375 0.125 0.1328125
2 0.392578125 0.7119140625 0.130859375 0.146484375
2 0.4716796875 0.158203125 0.154296875 0.150390625
0 0.865234375 0.2041015625 0.1328125 0.142578125
2 0.3525390625 0.0966796875 0.1201171875 0.142578125
2 0.486328125 0.546875 0.125 0.142578125