2 0.1337890625 0.3134765625 0.1220703125 0.130859375
0 0.888671875 0.7451171875 0.1220703125 0.146484375
0 0.923828125 0.55859375 0.1201171875 0.146484375
0 0.7041015625 0.91015625 0.138671875 0.1435546875
2 0.443359375 0.53125 0.1123046875 0.138671875
0 0.779296875 0.3798828125 0.107421875 0.134765625
0 0.388671875 0.232421875 0.1220703125 0.1171875
2 0.919921875 0.353515625 0.103515625 0.1279296875
2 0.8359375 0.93359375 0.109375 0.1328125
2 0.1923828125 0.5947265625 0.1171875 0.126953125
2 0.546875 0.8974609375 0.130859375 0.1435546875
2 0.76171875 0.685546875 0.1171875 0.140625
0 0.58203125 0.3779296875 0.1279296875 0.126953125
2 0.595703125 0.09765625 0.1015625 0.1220703125
2 0.4423828125 0.0537109375 0.1044921875 0.107421875
0 0.1943359375 0.787109375 0.1123046875 0.125
2 0.7861328125 0.220703125 0.09375 0.095703125
0 0.3984375 0.751953125 0.126953125 0.126953125
0 0.224609375 0.08203125 0.1123046875 0.1220703125
2 0.62890625 0.5517578125 0.1220703125 0.119140625