0 0.869140625 0.1025390625 0.1201171875 0.126953125
0 0.712890625 0.66796875 0.111328125 0.1201171875
0 0.7626953125 0.908203125 0.1015625 0.1201171875
0 0.0654296875 0.8447265625 0.1044921875 0.1298828125
2 0.71875 0.486328125 0.0908203125 0.126953125
0 0.0810546875 0.5390625 0.1044921875 0.1142578125
0 0.5537109375 0.326171875 0.0908203125 0.1064453125
0 0.2197265625 0.09765625 0.1044921875 0.107421875
0 0.46875 0.880859375 0.1171875 0.1201171875
2 0.2548828125 0.318359375 0.0966796875 0.119140625
2 0.4228515625 0.619140625 0.0888671875 0.109375
2 0.724609375 0.1328125 0.087890625 0.103515625
2 0.3203125 0.8525390625 0.107421875 0.15625
0 0.087890625 0.33203125 0.103515625 0.1201171875
2 0.880859375 0.8232421875 0.091796875 0.111328125
2 0.693359375 0.2763671875 0.1064453125 0.0986328125
2 0.5654296875 0.6962890625 0.1171875 0.134765625
0 0.423828125 0.1181640625 0.0986328125 0.1171875
2 0.2392578125 0.5068359375 0.0908203125 0.154296875
2 0.892578125 0.6416015625 0.107421875 0.107421875