0 0.880859375 0.7255859375 0.1015625 0.1298828125
0 0.560546875 0.7861328125 0.099609375 0.1298828125
0 0.5673828125 0.0966796875 0.1044921875 0.134765625
2 0.3466796875 0.609375 0.109375 0.103515625
0 0.369140625 0.34765625 0.099609375 0.1171875
2 0.85546875 0.51171875 0.1015625 0.1376953125
2 0.7255859375 0.1220703125 0.0986328125 0.123046875
2 0.0625 0.220703125 0.0888671875 0.111328125
2 0.2060546875 0.4091796875 0.099609375 0.0986328125
2 0.154296875 0.78515625 0.111328125 0.123046875
0 0.703125 0.5283203125 0.099609375 0.1279296875
2 0.53515625 0.3173828125 0.0966796875 0.115234375
2 0.5634765625 0.5234375 0.1064453125 0.115234375
2 0.3828125 0.138671875 0.09375 0.0888671875
2 0.0732421875 0.462890625 0.09375 0.1376953125
0 0.71875 0.330078125 0.1015625 0.111328125
0 0.8212890625 0.9091796875 0.1123046875 0.130859375
2 0.8828125 0.1650390625 0.0986328125 0.1376953125
2 0.21484375 0.2646484375 0.095703125 0.1171875
0 0.4345703125 0.796875 0.0966796875 0.1123046875