0 0.9326171875 0.1796875 0.134765625 0.146484375
0 0.6767578125 0.705078125 0.1328125 0.138671875
0 0.6787109375 0.94140625 0.123046875 0.1171875
0 0.0361328125 0.755859375 0.072265625 0.146484375
2 0.716796875 0.5283203125 0.1123046875 0.142578125
0 0.0810546875 0.458984375 0.125 0.130859375
0 0.5859375 0.33984375 0.109375 0.1220703125
0 0.30078125 0.0576171875 0.12109375 0.115234375
0 0.396484375 0.8671875 0.1376953125 0.138671875
2 0.2939453125 0.275390625 0.1171875 0.134765625
2 0.4013671875 0.6025390625 0.107421875 0.125
2 0.791015625 0.1826171875 0.1044921875 0.1171875
2 0.255859375 0.8115234375 0.1357421875 0.173828125
0 0.126953125 0.255859375 0.123046875 0.1376953125
2 0.8115234375 0.8896484375 0.111328125 0.126953125
2 0.732421875 0.318359375 0.123046875 0.1171875
2 0.52734375 0.705078125 0.140625 0.1533203125
0 0.498046875 0.1103515625 0.119140625 0.134765625
2 0.2421875 0.45703125 0.119140625 0.1689453125
2 0.857421875 0.712890625 0.125 0.126953125