0 0.78125 0.5009765625 0.0966796875 0.107421875
0 0.8115234375 0.3271484375 0.091796875 0.1123046875
2 0.908203125 0.896484375 0.095703125 0.1376953125
2 0.5654296875 0.8505859375 0.1015625 0.1435546875
0 0.26953125 0.30859375 0.1064453125 0.123046875
0 0.0947265625 0.1279296875 0.1201171875 0.1376953125
0 0.462890625 0.662109375 0.1064453125 0.123046875
0 0.470703125 0.283203125 0.1015625 0.130859375
0 0.0654296875 0.5810546875 0.103515625 0.107421875
2 0.1982421875 0.84375 0.1123046875 0.123046875
2 0.91015625 0.658203125 0.083984375 0.125
2 0.0908203125 0.365234375 0.09375 0.119140625
0 0.720703125 0.6650390625 0.099609375 0.1201171875
0 0.765625 0.861328125 0.0966796875 0.1044921875
2 0.662109375 0.318359375 0.107421875 0.1142578125
2 0.638671875 0.1416015625 0.103515625 0.126953125
2 0.337890625 0.892578125 0.095703125 0.111328125
0 0.4951171875 0.4638671875 0.0966796875 0.126953125
0 0.8388671875 0.1318359375 0.0966796875 0.1142578125
2 0.2275390625 0.646484375 0.0966796875 0.1123046875