2 0.8916015625 0.373046875 0.1044921875 0.1171875
0 0.0771484375 0.681640625 0.103515625 0.1328125
0 0.072265625 0.4912109375 0.1015625 0.1328125
0 0.234375 0.873046875 0.1220703125 0.126953125
2 0.5517578125 0.5400390625 0.09375 0.126953125
0 0.2421875 0.337890625 0.0908203125 0.1220703125
0 0.65234375 0.2529296875 0.107421875 0.1015625
2 0.107421875 0.2890625 0.0859375 0.1171875
2 0.099609375 0.8818359375 0.0888671875 0.134765625
2 0.7890625 0.6416015625 0.1015625 0.1123046875
2 0.3916015625 0.884765625 0.1142578125 0.1279296875
2 0.212890625 0.642578125 0.0986328125 0.1279296875
0 0.4384765625 0.3671875 0.1123046875 0.111328125
2 0.46875 0.087890625 0.0859375 0.109375
2 0.626953125 0.068359375 0.0908203125 0.095703125
0 0.7568359375 0.8310546875 0.095703125 0.1123046875
2 0.2607421875 0.1796875 0.0810546875 0.083984375
0 0.560546875 0.7646484375 0.111328125 0.111328125
0 0.8369140625 0.130859375 0.0966796875 0.107421875
2 0.365234375 0.5302734375 0.107421875 0.103515625