0 0.521484375 0.30859375 0.0908203125 0.109375
0 0.099609375 0.333984375 0.1015625 0.125
0 0.5478515625 0.08984375 0.095703125 0.1015625
2 0.455078125 0.712890625 0.111328125 0.1142578125
2 0.2958984375 0.6337890625 0.1142578125 0.123046875
2 0.7001953125 0.14453125 0.087890625 0.138671875
2 0.8984375 0.5888671875 0.1201171875 0.1044921875
0 0.669921875 0.3720703125 0.099609375 0.1142578125
2 0.8662109375 0.818359375 0.111328125 0.1015625
2 0.2099609375 0.126953125 0.091796875 0.103515625
2 0.052734375 0.52734375 0.087890625 0.125
0 0.5068359375 0.4970703125 0.095703125 0.123046875
2 0.845703125 0.267578125 0.09375 0.103515625
2 0.0517578125 0.1181640625 0.0810546875 0.0908203125
2 0.3642578125 0.2109375 0.107421875 0.123046875
0 0.7412109375 0.55859375 0.1044921875 0.1015625
0 0.103515625 0.8515625 0.1044921875 0.119140625
0 0.3125 0.818359375 0.1142578125 0.1171875
0 0.6220703125 0.822265625 0.1142578125 0.1201171875
0 0.28125 0.4189453125 0.095703125 0.1015625