2 0.0830078125 0.095703125 0.1044921875 0.1044921875
2 0.1328125 0.732421875 0.123046875 0.1279296875
0 0.259765625 0.31640625 0.109375 0.1064453125
0 0.228515625 0.1005859375 0.099609375 0.099609375
0 0.8740234375 0.41015625 0.1220703125 0.115234375
2 0.0771484375 0.4521484375 0.1064453125 0.103515625
0 0.115234375 0.267578125 0.099609375 0.103515625
0 0.5419921875 0.208984375 0.0966796875 0.1171875
0 0.75390625 0.1220703125 0.095703125 0.099609375
0 0.8984375 0.1181640625 0.099609375 0.111328125
2 0.564453125 0.748046875 0.109375 0.1455078125
2 0.421875 0.751953125 0.099609375 0.1376953125
2 0.287109375 0.521484375 0.109375 0.142578125
2 0.912109375 0.841796875 0.1064453125 0.1201171875
2 0.7490234375 0.611328125 0.0830078125 0.115234375
2 0.373046875 0.1259765625 0.0810546875 0.0986328125
0 0.701171875 0.3134765625 0.099609375 0.1201171875
2 0.478515625 0.4072265625 0.125 0.126953125
2 0.908203125 0.56640625 0.111328125 0.115234375
0 0.728515625 0.884765625 0.1064453125 0.119140625