0 0.130859375 0.7451171875 0.095703125 0.125
0 0.4541015625 0.7890625 0.09375 0.125
0 0.412109375 0.1005859375 0.0986328125 0.1298828125
2 0.658203125 0.6015625 0.1044921875 0.0986328125
0 0.623046875 0.3408203125 0.09375 0.1123046875
2 0.1455078125 0.5302734375 0.095703125 0.1328125
2 0.2548828125 0.134765625 0.09375 0.119140625
2 0.921875 0.197265625 0.0830078125 0.1064453125
2 0.7880859375 0.39453125 0.095703125 0.09375
2 0.8603515625 0.7666015625 0.1044921875 0.119140625
0 0.298828125 0.5390625 0.09375 0.123046875
2 0.455078125 0.3193359375 0.0908203125 0.1123046875
2 0.4384765625 0.5263671875 0.1015625 0.109375
2 0.5986328125 0.1337890625 0.0888671875 0.083984375
2 0.923828125 0.439453125 0.087890625 0.1328125
0 0.2724609375 0.341796875 0.0966796875 0.1064453125
0 0.201171875 0.92578125 0.1064453125 0.126953125
2 0.099609375 0.185546875 0.091796875 0.134765625
2 0.7724609375 0.25 0.0908203125 0.1142578125
0 0.5810546875 0.79296875 0.0908203125 0.107421875