2 0.623046875 0.87109375 0.1044921875 0.130859375
0 0.7451171875 0.3544921875 0.0908203125 0.099609375
0 0.279296875 0.3486328125 0.126953125 0.1142578125
0 0.1083984375 0.3154296875 0.123046875 0.1142578125
0 0.4658203125 0.7548828125 0.107421875 0.107421875
0 0.353515625 0.1630859375 0.095703125 0.1123046875
0 0.2841796875 0.8603515625 0.099609375 0.103515625
0 0.1943359375 0.123046875 0.0966796875 0.0986328125
0 0.55078125 0.4990234375 0.125 0.125
0 0.8896484375 0.615234375 0.1064453125 0.111328125
2 0.416015625 0.5078125 0.1142578125 0.119140625
2 0.8046875 0.166015625 0.09375 0.1201171875
2 0.904296875 0.3251953125 0.0888671875 0.099609375
0 0.0576171875 0.533203125 0.0859375 0.1064453125
2 0.208984375 0.6416015625 0.087890625 0.1142578125
2 0.796875 0.884765625 0.0966796875 0.126953125
2 0.1083984375 0.8408203125 0.0908203125 0.126953125
2 0.712890625 0.666015625 0.1044921875 0.1298828125
2 0.5693359375 0.322265625 0.109375 0.107421875
0 0.5322265625 0.142578125 0.1123046875 0.119140625