0 0.0986328125 0.494140625 0.115234375 0.1171875
2 0.1025390625 0.6962890625 0.1357421875 0.1298828125
0 0.630859375 0.373046875 0.091796875 0.1171875
2 0.712890625 0.5537109375 0.126953125 0.140625
0 0.46484375 0.564453125 0.0966796875 0.119140625
0 0.306640625 0.193359375 0.109375 0.1044921875
0 0.740234375 0.1806640625 0.109375 0.1328125
2 0.869140625 0.8759765625 0.0986328125 0.103515625
2 0.109375 0.3173828125 0.1015625 0.0888671875
2 0.1201171875 0.916015625 0.099609375 0.1220703125
0 0.59765625 0.8125 0.115234375 0.1220703125
2 0.4697265625 0.3125 0.0986328125 0.1044921875
0 0.4697265625 0.822265625 0.103515625 0.115234375
2 0.474609375 0.13671875 0.103515625 0.107421875
0 0.8603515625 0.505859375 0.1044921875 0.1328125
2 0.2880859375 0.9150390625 0.1015625 0.083984375
2 0.283203125 0.568359375 0.099609375 0.111328125
2 0.298828125 0.7373046875 0.087890625 0.107421875
2 0.3076171875 0.3974609375 0.103515625 0.109375
0 0.876953125 0.1796875 0.109375 0.126953125