2 0.2978515625 0.572265625 0.1435546875 0.138671875
0 0.830078125 0.1904296875 0.1123046875 0.140625
0 0.693359375 0.1484375 0.1142578125 0.1123046875
2 0.572265625 0.884765625 0.1533203125 0.1669921875
0 0.771484375 0.3837890625 0.1171875 0.1201171875
0 0.423828125 0.0859375 0.146484375 0.158203125
2 0.169921875 0.142578125 0.1357421875 0.1455078125
2 0.056640625 0.7666015625 0.1123046875 0.1328125
2 0.6669921875 0.623046875 0.119140625 0.1298828125
0 0.2890625 0.3193359375 0.1279296875 0.1533203125
2 0.94921875 0.255859375 0.1015625 0.109375
2 0.9052734375 0.552734375 0.123046875 0.130859375
2 0.1435546875 0.517578125 0.1279296875 0.115234375
0 0.4619140625 0.533203125 0.1220703125 0.1435546875
0 0.3623046875 0.900390625 0.119140625 0.1220703125
0 0.1943359375 0.8466796875 0.1201171875 0.1298828125
2 0.634765625 0.3349609375 0.111328125 0.134765625
2 0.8486328125 0.7236328125 0.119140625 0.126953125
0 0.4697265625 0.310546875 0.1328125 0.130859375
2 0.7587890625 0.9384765625 0.119140625 0.123046875