0 0.712890625 0.8935546875 0.1142578125 0.1123046875
0 0.54296875 0.583984375 0.107421875 0.1171875
2 0.91796875 0.8564453125 0.1123046875 0.119140625
0 0.8818359375 0.51171875 0.109375 0.130859375
0 0.556640625 0.1875 0.1171875 0.1220703125
2 0.869140625 0.080078125 0.1015625 0.1357421875
0 0.7236328125 0.7275390625 0.119140625 0.1220703125
2 0.90625 0.318359375 0.1015625 0.119140625
2 0.18359375 0.6162109375 0.1142578125 0.1123046875
0 0.1416015625 0.1708984375 0.1171875 0.1123046875
0 0.740234375 0.0986328125 0.1201171875 0.1328125
2 0.298828125 0.8037109375 0.1220703125 0.1484375
2 0.701171875 0.5439453125 0.0859375 0.111328125
0 0.3427734375 0.134765625 0.130859375 0.1376953125
2 0.4912109375 0.412109375 0.103515625 0.126953125
0 0.326171875 0.431640625 0.115234375 0.130859375
2 0.7587890625 0.330078125 0.107421875 0.1357421875
0 0.158203125 0.361328125 0.111328125 0.1376953125
0 0.15625 0.833984375 0.115234375 0.146484375
2 0.53125 0.818359375 0.119140625 0.119140625