2 0.759765625 0.673828125 0.1064453125 0.103515625
2 0.87890625 0.3798828125 0.1044921875 0.1064453125
0 0.083984375 0.8603515625 0.1064453125 0.1298828125
0 0.2900390625 0.37890625 0.0986328125 0.119140625
2 0.158203125 0.634765625 0.095703125 0.130859375
2 0.5234375 0.4140625 0.1064453125 0.126953125
2 0.880859375 0.111328125 0.095703125 0.1044921875
2 0.904296875 0.59375 0.0986328125 0.123046875
2 0.2861328125 0.849609375 0.0908203125 0.095703125
0 0.4873046875 0.630859375 0.099609375 0.1376953125
2 0.267578125 0.119140625 0.087890625 0.109375
0 0.701171875 0.8984375 0.09375 0.1064453125
2 0.4873046875 0.837890625 0.091796875 0.111328125
2 0.283203125 0.5380859375 0.1220703125 0.115234375
0 0.107421875 0.09375 0.1044921875 0.115234375
0 0.89453125 0.865234375 0.115234375 0.1298828125
0 0.4560546875 0.189453125 0.0966796875 0.1376953125
2 0.6748046875 0.3818359375 0.123046875 0.1357421875
0 0.6826171875 0.111328125 0.109375 0.130859375
0 0.1142578125 0.3857421875 0.103515625 0.134765625