0 0.111328125 0.5751953125 0.119140625 0.1435546875
0 0.880859375 0.1513671875 0.1220703125 0.146484375
0 0.5908203125 0.3701171875 0.1220703125 0.119140625
0 0.2705078125 0.4404296875 0.1142578125 0.1357421875
2 0.7978515625 0.47265625 0.119140625 0.1435546875
2 0.205078125 0.751953125 0.1328125 0.146484375
2 0.5966796875 0.5634765625 0.1298828125 0.146484375
2 0.71875 0.158203125 0.1044921875 0.125
2 0.3623046875 0.908203125 0.1123046875 0.1484375
0 0.43359375 0.689453125 0.123046875 0.1357421875
2 0.4599609375 0.11328125 0.119140625 0.119140625
2 0.9228515625 0.359375 0.109375 0.1015625
0 0.9462890625 0.7841796875 0.107421875 0.146484375
2 0.4111328125 0.4091796875 0.099609375 0.1142578125
0 0.060546875 0.189453125 0.1201171875 0.1513671875
0 0.076171875 0.37109375 0.1484375 0.158203125
2 0.619140625 0.8154296875 0.1201171875 0.126953125
2 0.810546875 0.693359375 0.119140625 0.150390625
2 0.2119140625 0.9462890625 0.107421875 0.107421875
2 0.310546875 0.16015625 0.1142578125 0.1220703125