0 0.9609375 0.794921875 0.078125 0.1376953125
0 0.5048828125 0.8642578125 0.1328125 0.1357421875
0 0.8095703125 0.15234375 0.1357421875 0.154296875
0 0.822265625 0.7666015625 0.126953125 0.123046875
2 0.529296875 0.103515625 0.1298828125 0.142578125
0 0.1953125 0.462890625 0.1220703125 0.1279296875
2 0.2392578125 0.2158203125 0.1376953125 0.146484375
2 0.3798828125 0.939453125 0.1220703125 0.1171875
2 0.939453125 0.607421875 0.1201171875 0.1376953125
0 0.2177734375 0.7177734375 0.126953125 0.126953125
2 0.1923828125 0.8935546875 0.1142578125 0.1357421875
2 0.419921875 0.541015625 0.119140625 0.1376953125
0 0.359375 0.142578125 0.1220703125 0.142578125
0 0.6953125 0.8359375 0.1220703125 0.142578125
2 0.0703125 0.4794921875 0.134765625 0.171875
0 0.857421875 0.3837890625 0.130859375 0.1533203125
2 0.60546875 0.646484375 0.119140625 0.125
2 0.4267578125 0.3515625 0.1142578125 0.126953125
2 0.63671875 0.318359375 0.119140625 0.1279296875
2 0.037109375 0.3095703125 0.0732421875 0.1376953125