2 0.416015625 0.3154296875 0.115234375 0.1220703125
0 0.447265625 0.8310546875 0.111328125 0.1201171875
0 0.9189453125 0.625 0.1044921875 0.1171875
0 0.275390625 0.28125 0.103515625 0.115234375
0 0.759765625 0.8115234375 0.107421875 0.1279296875
2 0.0712890625 0.328125 0.1015625 0.111328125
2 0.0625 0.1474609375 0.109375 0.1201171875
2 0.1650390625 0.88671875 0.107421875 0.1220703125
2 0.203125 0.6552734375 0.1064453125 0.109375
2 0.6494140625 0.412109375 0.109375 0.1015625
2 0.521484375 0.5888671875 0.115234375 0.1298828125
0 0.58984375 0.798828125 0.115234375 0.142578125
2 0.576171875 0.1796875 0.1220703125 0.1328125
0 0.3486328125 0.607421875 0.1142578125 0.1123046875
0 0.705078125 0.599609375 0.103515625 0.115234375
2 0.935546875 0.837890625 0.1279296875 0.1484375
2 0.841796875 0.443359375 0.111328125 0.1044921875
0 0.85546875 0.1171875 0.134765625 0.1513671875
0 0.3779296875 0.064453125 0.123046875 0.1220703125
2 0.74609375 0.06640625 0.1123046875 0.1279296875