0 0.2490234375 0.5908203125 0.1123046875 0.1171875
0 0.8662109375 0.611328125 0.1201171875 0.1142578125
2 0.533203125 0.8212890625 0.0986328125 0.091796875
2 0.087890625 0.5927734375 0.103515625 0.123046875
2 0.0498046875 0.4208984375 0.099609375 0.138671875
2 0.375 0.8017578125 0.09375 0.115234375
0 0.900390625 0.2392578125 0.1142578125 0.1328125
0 0.583984375 0.60546875 0.0966796875 0.1015625
2 0.056640625 0.787109375 0.1044921875 0.107421875
2 0.2763671875 0.09375 0.0859375 0.0966796875
0 0.595703125 0.271484375 0.103515625 0.1142578125
2 0.1044921875 0.2041015625 0.103515625 0.115234375
2 0.763671875 0.8408203125 0.1015625 0.126953125
2 0.427734375 0.615234375 0.0908203125 0.1044921875
0 0.2587890625 0.3798828125 0.1015625 0.125
0 0.4150390625 0.2734375 0.1064453125 0.111328125
2 0.6416015625 0.0654296875 0.1015625 0.109375
2 0.4111328125 0.103515625 0.1015625 0.115234375
2 0.240234375 0.86328125 0.0966796875 0.1611328125