0 0.099609375 0.857421875 0.107421875 0.1357421875
0 0.111328125 0.662109375 0.111328125 0.1279296875
0 0.2490234375 0.8076171875 0.0986328125 0.1513671875
0 0.4599609375 0.892578125 0.0810546875 0.123046875
0 0.435546875 0.1025390625 0.0966796875 0.1064453125
0 0.9130859375 0.345703125 0.078125 0.1328125
0 0.7509765625 0.322265625 0.0810546875 0.1357421875
0 0.5888671875 0.365234375 0.1015625 0.1044921875
0 0.568359375 0.580078125 0.099609375 0.091796875
0 0.916015625 0.7646484375 0.091796875 0.0830078125
0 0.8330078125 0.552734375 0.0986328125 0.1044921875
2 0.30859375 0.62890625 0.1064453125 0.109375
2 0.2568359375 0.3388671875 0.0830078125 0.1279296875
2 0.40234375 0.263671875 0.080078125 0.0830078125
2 0.095703125 0.248046875 0.0908203125 0.1142578125
2 0.2763671875 0.115234375 0.091796875 0.111328125
2 0.9404296875 0.1201171875 0.0888671875 0.115234375
2 0.7861328125 0.814453125 0.0654296875 0.150390625
2 0.62109375 0.859375 0.1064453125 0.125
2 0.6162109375 0.1787109375 0.083984375 0.115234375