2 0.8916015625 0.78515625 0.119140625 0.158203125
0 0.2060546875 0.8896484375 0.095703125 0.115234375
0 0.3564453125 0.2861328125 0.09375 0.0908203125
2 0.509765625 0.59375 0.095703125 0.119140625
2 0.853515625 0.1435546875 0.0908203125 0.1142578125
2 0.181640625 0.37890625 0.091796875 0.125
0 0.5234375 0.2099609375 0.0966796875 0.1298828125
2 0.416015625 0.8515625 0.1064453125 0.130859375
2 0.67578125 0.111328125 0.083984375 0.109375
0 0.669921875 0.58203125 0.0986328125 0.140625
2 0.728515625 0.927734375 0.087890625 0.1044921875
2 0.3193359375 0.458984375 0.109375 0.1328125
2 0.3369140625 0.6611328125 0.1015625 0.119140625
2 0.787109375 0.349609375 0.119140625 0.1279296875
0 0.9091796875 0.5810546875 0.1015625 0.1123046875
2 0.525390625 0.4423828125 0.09375 0.1015625
2 0.060546875 0.861328125 0.1123046875 0.1220703125
2 0.1337890625 0.1298828125 0.1171875 0.1435546875
2 0.375 0.123046875 0.109375 0.0986328125
2 0.0595703125 0.654296875 0.1171875 0.140625