2 0.1201171875 0.091796875 0.0966796875 0.123046875
2 0.5341796875 0.349609375 0.1044921875 0.1220703125
2 0.373046875 0.3134765625 0.1015625 0.1171875
2 0.6416015625 0.8251953125 0.099609375 0.103515625
0 0.439453125 0.0986328125 0.099609375 0.123046875
0 0.6943359375 0.3173828125 0.095703125 0.103515625
2 0.1025390625 0.6240234375 0.091796875 0.126953125
0 0.83203125 0.2890625 0.099609375 0.1015625
2 0.654296875 0.1044921875 0.0888671875 0.123046875
2 0.31640625 0.5751953125 0.0908203125 0.1123046875
0 0.4599609375 0.552734375 0.09375 0.111328125
2 0.3251953125 0.775390625 0.1015625 0.134765625
2 0.8759765625 0.7490234375 0.123046875 0.142578125
0 0.7001953125 0.5283203125 0.09375 0.123046875
0 0.130859375 0.814453125 0.1015625 0.1171875
0 0.8828125 0.548828125 0.1044921875 0.1435546875
2 0.2587890625 0.1083984375 0.091796875 0.109375
0 0.123046875 0.43359375 0.1064453125 0.1044921875
2 0.8916015625 0.064453125 0.0986328125 0.109375