2 0.37890625 0.697265625 0.1064453125 0.1171875
0 0.73828125 0.7080078125 0.1064453125 0.1171875
0 0.8056640625 0.86328125 0.123046875 0.134765625
2 0.171875 0.931640625 0.1328125 0.134765625
2 0.5859375 0.13671875 0.109375 0.1123046875
0 0.2333984375 0.7177734375 0.1328125 0.1455078125
0 0.275390625 0.2861328125 0.1142578125 0.123046875
2 0.607421875 0.8779296875 0.1044921875 0.1376953125
2 0.732421875 0.3798828125 0.1201171875 0.1279296875
2 0.298828125 0.548828125 0.107421875 0.115234375
2 0.126953125 0.4990234375 0.1064453125 0.1513671875
2 0.9228515625 0.662109375 0.130859375 0.134765625
2 0.52734375 0.7099609375 0.095703125 0.1201171875
0 0.900390625 0.34375 0.1279296875 0.1484375
0 0.107421875 0.2158203125 0.130859375 0.1669921875
2 0.388671875 0.91796875 0.119140625 0.15625
2 0.9521484375 0.8564453125 0.09375 0.0986328125
2 0.71484375 0.1142578125 0.1044921875 0.1201171875
2 0.5478515625 0.5078125 0.1044921875 0.115234375