0 0.4482421875 0.8837890625 0.107421875 0.130859375
0 0.2841796875 0.603515625 0.1142578125 0.1279296875
2 0.423828125 0.103515625 0.1279296875 0.130859375
2 0.6083984375 0.939453125 0.111328125 0.1171875
2 0.154296875 0.404296875 0.125 0.1689453125
2 0.076171875 0.806640625 0.1064453125 0.1064453125
0 0.5888671875 0.69140625 0.1044921875 0.1298828125
2 0.94921875 0.158203125 0.1015625 0.1201171875
2 0.447265625 0.6884765625 0.1044921875 0.1201171875
0 0.9052734375 0.849609375 0.1064453125 0.1279296875
2 0.8779296875 0.6142578125 0.1171875 0.1328125
0 0.6318359375 0.21484375 0.103515625 0.123046875
2 0.279296875 0.8740234375 0.1142578125 0.126953125
0 0.15625 0.123046875 0.1201171875 0.123046875
2 0.0986328125 0.611328125 0.111328125 0.1201171875
0 0.587890625 0.4638671875 0.1142578125 0.1201171875
2 0.4267578125 0.310546875 0.1142578125 0.1298828125
0 0.7607421875 0.841796875 0.1142578125 0.1357421875
0 0.9404296875 0.3505859375 0.119140625 0.1328125
0 0.765625 0.212890625 0.103515625 0.1123046875