2 0.921875 0.134765625 0.0986328125 0.1123046875
2 0.583984375 0.158203125 0.119140625 0.1220703125
2 0.7490234375 0.107421875 0.1064453125 0.1064453125
0 0.919921875 0.6611328125 0.115234375 0.1142578125
2 0.873046875 0.4892578125 0.0888671875 0.1279296875
0 0.40625 0.2822265625 0.1044921875 0.1123046875
2 0.0751953125 0.0908203125 0.099609375 0.126953125
0 0.697265625 0.3603515625 0.0966796875 0.1015625
0 0.751953125 0.7119140625 0.0908203125 0.1171875
0 0.099609375 0.3330078125 0.0810546875 0.0986328125
2 0.3330078125 0.7412109375 0.1064453125 0.1044921875
2 0.689453125 0.533203125 0.087890625 0.1201171875
0 0.1484375 0.5654296875 0.103515625 0.1455078125
0 0.2626953125 0.171875 0.103515625 0.125
2 0.4873046875 0.544921875 0.09375 0.0966796875
0 0.6650390625 0.904296875 0.1123046875 0.126953125
2 0.3134765625 0.45703125 0.09375 0.1044921875
0 0.5029296875 0.845703125 0.107421875 0.1123046875
0 0.9140625 0.876953125 0.109375 0.134765625
2 0.09765625 0.7998046875 0.1201171875 0.1220703125