0 0.88671875 0.4775390625 0.123046875 0.150390625
2 0.314453125 0.083984375 0.123046875 0.134765625
0 0.115234375 0.2666015625 0.1533203125 0.1455078125
2 0.5205078125 0.126953125 0.126953125 0.126953125
0 0.736328125 0.9580078125 0.13671875 0.083984375
2 0.3369140625 0.4404296875 0.1142578125 0.1142578125
0 0.3720703125 0.857421875 0.134765625 0.1591796875
0 0.6015625 0.3349609375 0.115234375 0.1279296875
0 0.478515625 0.4921875 0.119140625 0.1201171875
0 0.5595703125 0.9384765625 0.1220703125 0.123046875
2 0.744140625 0.5439453125 0.1279296875 0.158203125
2 0.4326171875 0.6767578125 0.119140625 0.1279296875
2 0.1865234375 0.68359375 0.1220703125 0.1435546875
0 0.9013671875 0.2841796875 0.140625 0.154296875
0 0.60546875 0.7021484375 0.1142578125 0.140625
2 0.033203125 0.7158203125 0.06640625 0.150390625
0 0.8115234375 0.8271484375 0.1201171875 0.1328125
2 0.1787109375 0.060546875 0.123046875 0.12109375
2 0.056640625 0.541015625 0.103515625 0.1044921875
2 0.7158203125 0.1484375 0.115234375 0.1298828125