2 0.32421875 0.677734375 0.103515625 0.115234375
0 0.85546875 0.716796875 0.0986328125 0.103515625
0 0.669921875 0.91796875 0.109375 0.1171875
2 0.248046875 0.154296875 0.099609375 0.1123046875
2 0.708984375 0.4951171875 0.103515625 0.1064453125
0 0.251953125 0.88671875 0.1044921875 0.1044921875
0 0.431640625 0.115234375 0.107421875 0.1171875
0 0.154296875 0.5390625 0.111328125 0.111328125
0 0.9345703125 0.525390625 0.103515625 0.140625
0 0.6455078125 0.6474609375 0.111328125 0.1201171875
2 0.9033203125 0.9033203125 0.083984375 0.1064453125
2 0.087890625 0.2744140625 0.107421875 0.0908203125
2 0.501953125 0.841796875 0.0966796875 0.140625
0 0.572265625 0.169921875 0.109375 0.138671875
2 0.083984375 0.1220703125 0.099609375 0.1123046875
0 0.765625 0.267578125 0.1123046875 0.140625
0 0.9423828125 0.1923828125 0.103515625 0.1279296875
2 0.0810546875 0.79296875 0.1279296875 0.119140625
0 0.4970703125 0.642578125 0.125 0.1279296875
0 0.4638671875 0.3642578125 0.1171875 0.130859375