2 0.8955078125 0.12109375 0.125 0.119140625
0 0.1142578125 0.0595703125 0.1279296875 0.119140625
0 0.080078125 0.32421875 0.126953125 0.119140625
0 0.2763671875 0.138671875 0.126953125 0.1376953125
0 0.548828125 0.6181640625 0.1171875 0.1435546875
0 0.0791015625 0.8447265625 0.126953125 0.1376953125
0 0.427734375 0.1240234375 0.115234375 0.1435546875
2 0.7646484375 0.306640625 0.115234375 0.1123046875
2 0.5244140625 0.8251953125 0.107421875 0.142578125
0 0.5908203125 0.2919921875 0.123046875 0.1201171875
2 0.4365234375 0.34765625 0.1279296875 0.1328125
0 0.642578125 0.1103515625 0.1044921875 0.119140625
0 0.6982421875 0.599609375 0.1220703125 0.150390625
2 0.3515625 0.611328125 0.1279296875 0.162109375
0 0.912109375 0.3916015625 0.125 0.138671875
0 0.08203125 0.6171875 0.1201171875 0.1220703125
0 0.8173828125 0.91015625 0.111328125 0.1376953125
0 0.3173828125 0.8310546875 0.1123046875 0.1435546875
2 0.8544921875 0.6796875 0.1279296875 0.146484375
0 0.234375 0.3173828125 0.115234375 0.1279296875