2 0.1123046875 0.734375 0.1044921875 0.103515625
2 0.7138671875 0.1865234375 0.1142578125 0.146484375
0 0.6796875 0.912109375 0.107421875 0.095703125
0 0.8583984375 0.404296875 0.0966796875 0.130859375
0 0.296875 0.6240234375 0.119140625 0.1298828125
2 0.0908203125 0.283203125 0.107421875 0.142578125
2 0.4296875 0.619140625 0.1015625 0.150390625
2 0.1298828125 0.5400390625 0.111328125 0.109375
2 0.8447265625 0.921875 0.115234375 0.1142578125
2 0.59765625 0.6787109375 0.099609375 0.109375
2 0.607421875 0.482421875 0.09375 0.1298828125
0 0.4345703125 0.361328125 0.109375 0.1171875
2 0.248046875 0.2373046875 0.111328125 0.09375
0 0.115234375 0.9228515625 0.103515625 0.1298828125
2 0.94140625 0.169921875 0.091796875 0.099609375
2 0.826171875 0.638671875 0.0966796875 0.09375
0 0.384765625 0.15234375 0.1171875 0.1376953125
2 0.3017578125 0.8515625 0.1064453125 0.1484375
0 0.28515625 0.4033203125 0.109375 0.115234375
0 0.4658203125 0.884765625 0.1123046875 0.1044921875