2 0.423828125 0.333984375 0.1142578125 0.1171875
0 0.181640625 0.6591796875 0.115234375 0.1142578125
0 0.3232421875 0.921875 0.1123046875 0.1220703125
0 0.466796875 0.8916015625 0.1279296875 0.15625
0 0.203125 0.1806640625 0.123046875 0.1201171875
2 0.5966796875 0.75 0.1123046875 0.126953125
2 0.666015625 0.4453125 0.1220703125 0.162109375
0 0.810546875 0.0888671875 0.1171875 0.142578125
2 0.62109375 0.1083984375 0.123046875 0.1376953125
2 0.1630859375 0.87890625 0.1123046875 0.138671875
2 0.0625 0.185546875 0.125 0.1298828125
0 0.10546875 0.443359375 0.111328125 0.1220703125
0 0.400390625 0.1298828125 0.125 0.1376953125
2 0.8603515625 0.4619140625 0.134765625 0.1669921875
2 0.873046875 0.826171875 0.1220703125 0.1513671875
2 0.873046875 0.2626953125 0.1220703125 0.119140625
2 0.5087890625 0.5361328125 0.1220703125 0.1455078125
2 0.3916015625 0.6689453125 0.1298828125 0.1298828125
0 0.880859375 0.6455078125 0.123046875 0.1484375
0 0.2626953125 0.400390625 0.111328125 0.115234375