0 0.322265625 0.314453125 0.107421875 0.109375
0 0.861328125 0.751953125 0.111328125 0.1591796875
0 0.177734375 0.4951171875 0.1220703125 0.134765625
0 0.685546875 0.580078125 0.09375 0.126953125
0 0.3056640625 0.087890625 0.0888671875 0.1171875
0 0.3837890625 0.865234375 0.1015625 0.103515625
0 0.7021484375 0.341796875 0.0986328125 0.123046875
0 0.763671875 0.1396484375 0.115234375 0.1171875
0 0.220703125 0.873046875 0.107421875 0.142578125
2 0.5390625 0.1376953125 0.1201171875 0.111328125
2 0.9130859375 0.208984375 0.099609375 0.1298828125
0 0.0986328125 0.0595703125 0.1064453125 0.119140625
2 0.125 0.283203125 0.095703125 0.123046875
2 0.4853515625 0.39453125 0.0859375 0.1171875
2 0.5380859375 0.791015625 0.0986328125 0.115234375
2 0.240234375 0.6728515625 0.0830078125 0.1201171875
2 0.1142578125 0.6904296875 0.1123046875 0.142578125
0 0.46875 0.5625 0.1171875 0.130859375
0 0.6953125 0.8779296875 0.0966796875 0.1298828125
0 0.904296875 0.5341796875 0.1044921875 0.1376953125