0 0.259765625 0.1142578125 0.123046875 0.1435546875
2 0.408203125 0.2978515625 0.140625 0.150390625
0 0.685546875 0.2734375 0.1376953125 0.1376953125
0 0.447265625 0.0859375 0.115234375 0.1171875
2 0.8974609375 0.7021484375 0.111328125 0.1279296875
2 0.1884765625 0.8994140625 0.1376953125 0.1455078125
0 0.8798828125 0.296875 0.140625 0.138671875
0 0.0234375 0.1748046875 0.046875 0.1220703125
2 0.482421875 0.896484375 0.125 0.1796875
0 0.048828125 0.4150390625 0.09765625 0.123046875
2 0.197265625 0.3388671875 0.126953125 0.1298828125
2 0.7470703125 0.767578125 0.1171875 0.1533203125
2 0.107421875 0.697265625 0.1171875 0.111328125
2 0.8916015625 0.515625 0.1015625 0.1279296875
2 0.7958984375 0.06640625 0.1064453125 0.1123046875
2 0.486328125 0.5673828125 0.1201171875 0.1435546875
0 0.767578125 0.521484375 0.1123046875 0.134765625
2 0.580078125 0.0927734375 0.1015625 0.1171875
2 0.6142578125 0.8017578125 0.1123046875 0.140625
2 0.2939453125 0.6796875 0.109375 0.130859375