0 0.810546875 0.724609375 0.1015625 0.0986328125
0 0.9091796875 0.248046875 0.099609375 0.095703125
2 0.892578125 0.5302734375 0.0908203125 0.115234375
2 0.720703125 0.328125 0.109375 0.1123046875
0 0.453125 0.873046875 0.1142578125 0.130859375
0 0.2744140625 0.74609375 0.1171875 0.130859375
0 0.5263671875 0.5859375 0.111328125 0.1142578125
2 0.294921875 0.935546875 0.130859375 0.1171875
2 0.1416015625 0.154296875 0.0888671875 0.1064453125
2 0.265625 0.1416015625 0.1064453125 0.1220703125
2 0.78125 0.927734375 0.087890625 0.1376953125
0 0.0810546875 0.841796875 0.099609375 0.1123046875
2 0.12109375 0.33203125 0.1064453125 0.1298828125
2 0.623046875 0.892578125 0.0888671875 0.095703125
0 0.462890625 0.2958984375 0.0986328125 0.134765625
2 0.3369140625 0.533203125 0.099609375 0.111328125
2 0.107421875 0.64453125 0.111328125 0.123046875
2 0.5302734375 0.1220703125 0.123046875 0.1201171875
2 0.927734375 0.9130859375 0.1044921875 0.1123046875
0 0.7294921875 0.111328125 0.1015625 0.1376953125