2 0.2626953125 0.19921875 0.130859375 0.140625
0 0.4580078125 0.642578125 0.130859375 0.146484375
0 0.470703125 0.259765625 0.119140625 0.140625
0 0.68359375 0.369140625 0.109375 0.111328125
2 0.7529296875 0.5576171875 0.125 0.1435546875
0 0.521484375 0.4482421875 0.111328125 0.109375
0 0.298828125 0.568359375 0.125 0.150390625
0 0.0927734375 0.525390625 0.138671875 0.1357421875
0 0.3310546875 0.93359375 0.119140625 0.119140625
0 0.1591796875 0.765625 0.134765625 0.1328125
0 0.5166015625 0.814453125 0.123046875 0.138671875
2 0.673828125 0.0625 0.1064453125 0.125
2 0.884765625 0.4375 0.1064453125 0.1279296875
2 0.0732421875 0.208984375 0.130859375 0.150390625
0 0.7841796875 0.810546875 0.1044921875 0.126953125
0 0.1748046875 0.96875 0.1279296875 0.0625
0 0.9501953125 0.8056640625 0.099609375 0.123046875
2 0.880859375 0.2041015625 0.115234375 0.1611328125
2 0.3056640625 0.74609375 0.1201171875 0.1328125
0 0.298828125 0.373046875 0.1328125 0.1357421875