2 0.64453125 0.681640625 0.095703125 0.1064453125
0 0.2890625 0.7353515625 0.095703125 0.1064453125
0 0.2412109375 0.8974609375 0.109375 0.1220703125
2 0.8779296875 0.888671875 0.1201171875 0.1201171875
2 0.3701171875 0.150390625 0.0986328125 0.1015625
0 0.791015625 0.68359375 0.1171875 0.1328125
0 0.6962890625 0.259765625 0.1015625 0.1123046875
2 0.439453125 0.888671875 0.0908203125 0.1279296875
2 0.2548828125 0.408203125 0.1064453125 0.115234375
2 0.705078125 0.5234375 0.095703125 0.1064453125
2 0.869140625 0.4541015625 0.0888671875 0.142578125
2 0.099609375 0.712890625 0.119140625 0.1201171875
2 0.498046875 0.7119140625 0.0830078125 0.1123046875
0 0.083984375 0.3935546875 0.1123046875 0.1357421875
0 0.85546875 0.169921875 0.1142578125 0.154296875
2 0.6611328125 0.9013671875 0.1015625 0.1455078125
2 0.0947265625 0.908203125 0.083984375 0.0888671875
2 0.240234375 0.142578125 0.091796875 0.111328125
2 0.4541015625 0.513671875 0.091796875 0.1064453125