0 0.712890625 0.580078125 0.1279296875 0.134765625
0 0.505859375 0.9111328125 0.134765625 0.1455078125
0 0.9736328125 0.826171875 0.052734375 0.146484375
2 0.033203125 0.162109375 0.06640625 0.11328125
2 0.0751953125 0.404296875 0.109375 0.140625
2 0.85546875 0.802734375 0.125 0.1298828125
0 0.87109375 0.583984375 0.1201171875 0.140625
0 0.7060546875 0.3798828125 0.111328125 0.130859375
0 0.224609375 0.5654296875 0.1123046875 0.1201171875
2 0.5185546875 0.3095703125 0.1220703125 0.123046875
0 0.9091796875 0.3466796875 0.134765625 0.1591796875
2 0.6884765625 0.8818359375 0.1142578125 0.109375
2 0.412109375 0.51171875 0.1064453125 0.1171875
2 0.2568359375 0.2470703125 0.1376953125 0.154296875
0 0.302734375 0.9462890625 0.1279296875 0.107421875
2 0.23046875 0.724609375 0.1142578125 0.1220703125
2 0.7255859375 0.0908203125 0.1357421875 0.1533203125
0 0.5673828125 0.1376953125 0.1376953125 0.177734375
2 0.3916015625 0.728515625 0.119140625 0.1533203125
2 0.5458984375 0.68359375 0.140625 0.140625