0 0.7109375 0.5185546875 0.109375 0.111328125
2 0.876953125 0.8330078125 0.1220703125 0.1220703125
0 0.6318359375 0.109375 0.1220703125 0.125
0 0.68359375 0.302734375 0.1064453125 0.140625
0 0.1171875 0.189453125 0.111328125 0.126953125
2 0.884765625 0.1064453125 0.1123046875 0.1328125
2 0.3115234375 0.333984375 0.1123046875 0.125
2 0.884765625 0.306640625 0.107421875 0.1220703125
2 0.34765625 0.5009765625 0.1015625 0.1279296875
2 0.89453125 0.529296875 0.103515625 0.119140625
2 0.5068359375 0.7041015625 0.1123046875 0.1279296875
0 0.328125 0.837890625 0.123046875 0.130859375
2 0.529296875 0.525390625 0.091796875 0.1044921875
2 0.57421875 0.9306640625 0.1328125 0.138671875
2 0.466796875 0.208984375 0.107421875 0.1376953125
2 0.275390625 0.14453125 0.1279296875 0.1455078125
0 0.0966796875 0.6201171875 0.1171875 0.130859375
0 0.130859375 0.8056640625 0.1123046875 0.1376953125
2 0.1865234375 0.384765625 0.1142578125 0.126953125
0 0.693359375 0.728515625 0.111328125 0.140625