0 0.734375 0.484375 0.099609375 0.123046875
2 0.298828125 0.5302734375 0.1015625 0.1123046875
2 0.4501953125 0.1044921875 0.109375 0.138671875
2 0.9345703125 0.349609375 0.1142578125 0.1044921875
0 0.462890625 0.845703125 0.115234375 0.1484375
0 0.2431640625 0.126953125 0.111328125 0.107421875
0 0.666015625 0.2783203125 0.103515625 0.123046875
0 0.283203125 0.30859375 0.115234375 0.126953125
2 0.1328125 0.404296875 0.1123046875 0.1171875
2 0.9091796875 0.837890625 0.099609375 0.1064453125
0 0.443359375 0.4404296875 0.119140625 0.125
0 0.9521484375 0.6142578125 0.09375 0.1142578125
0 0.1904296875 0.8681640625 0.1171875 0.126953125
2 0.8857421875 0.1328125 0.111328125 0.1513671875
2 0.056640625 0.2109375 0.09375 0.1279296875
2 0.587890625 0.1123046875 0.1015625 0.111328125
2 0.5673828125 0.6103515625 0.115234375 0.1201171875
0 0.1064453125 0.6552734375 0.109375 0.1484375
2 0.708984375 0.8505859375 0.115234375 0.115234375