0 0.890625 0.0986328125 0.1201171875 0.099609375
0 0.7626953125 0.3544921875 0.1171875 0.115234375
0 0.4345703125 0.0927734375 0.1064453125 0.109375
2 0.3974609375 0.90625 0.0986328125 0.103515625
2 0.583984375 0.8134765625 0.119140625 0.1328125
0 0.162109375 0.5888671875 0.125 0.1279296875
0 0.10546875 0.3779296875 0.1142578125 0.1376953125
2 0.6240234375 0.169921875 0.0888671875 0.1064453125
2 0.912109375 0.5400390625 0.1064453125 0.1201171875
0 0.35546875 0.583984375 0.109375 0.150390625
0 0.8994140625 0.28515625 0.1044921875 0.123046875
2 0.328125 0.3623046875 0.1044921875 0.119140625
2 0.5693359375 0.44140625 0.107421875 0.125
2 0.767578125 0.8935546875 0.109375 0.146484375
2 0.1435546875 0.8525390625 0.1298828125 0.1484375
2 0.900390625 0.8701171875 0.103515625 0.1376953125
0 0.1044921875 0.15234375 0.0986328125 0.1064453125
0 0.5107421875 0.66015625 0.099609375 0.1328125
0 0.748046875 0.669921875 0.1171875 0.125
0 0.271484375 0.0830078125 0.1298828125 0.1484375