2 0.2646484375 0.8056640625 0.115234375 0.1298828125
2 0.5205078125 0.40625 0.1044921875 0.125
0 0.1318359375 0.9462890625 0.111328125 0.107421875
0 0.6240234375 0.642578125 0.1142578125 0.1298828125
0 0.1728515625 0.16796875 0.103515625 0.111328125
2 0.8994140625 0.1787109375 0.1171875 0.140625
2 0.396484375 0.23046875 0.1015625 0.1044921875
2 0.6552734375 0.37890625 0.115234375 0.1171875
2 0.10546875 0.736328125 0.1171875 0.1513671875
2 0.4765625 0.8828125 0.1064453125 0.142578125
0 0.466796875 0.7060546875 0.1328125 0.125
0 0.7314453125 0.8125 0.125 0.1455078125
0 0.3203125 0.451171875 0.109375 0.134765625
2 0.1435546875 0.5322265625 0.09375 0.099609375
2 0.8798828125 0.4384765625 0.1142578125 0.123046875
0 0.9150390625 0.8037109375 0.119140625 0.1298828125
2 0.8369140625 0.5986328125 0.1064453125 0.1376953125
0 0.177734375 0.38671875 0.1171875 0.138671875
0 0.7265625 0.1015625 0.1064453125 0.1044921875