0 0.177734375 0.353515625 0.119140625 0.1357421875
0 0.4931640625 0.759765625 0.123046875 0.1220703125
2 0.841796875 0.173828125 0.1279296875 0.162109375
0 0.1611328125 0.814453125 0.123046875 0.126953125
0 0.828125 0.408203125 0.140625 0.134765625
2 0.3212890625 0.66015625 0.1201171875 0.123046875
0 0.6484375 0.3896484375 0.123046875 0.134765625
0 0.357421875 0.404296875 0.130859375 0.1376953125
2 0.6953125 0.205078125 0.1376953125 0.1376953125
2 0.5498046875 0.5537109375 0.126953125 0.1376953125
2 0.9541015625 0.408203125 0.091796875 0.130859375
2 0.650390625 0.748046875 0.1279296875 0.1279296875
2 0.1953125 0.5439453125 0.123046875 0.130859375
2 0.458984375 0.0556640625 0.130859375 0.111328125
0 0.052734375 0.751953125 0.1044921875 0.15625
0 0.345703125 0.853515625 0.1328125 0.140625
2 0.8798828125 0.65625 0.119140625 0.146484375
2 0.2744140625 0.16015625 0.1591796875 0.1767578125
2 0.494140625 0.9404296875 0.125 0.119140625
2 0.7890625 0.8681640625 0.1201171875 0.130859375