0 0.376953125 0.33203125 0.0986328125 0.1357421875
2 0.87109375 0.177734375 0.115234375 0.099609375
0 0.1015625 0.39453125 0.1123046875 0.111328125
0 0.583984375 0.6171875 0.103515625 0.126953125
0 0.1640625 0.6015625 0.1044921875 0.1064453125
2 0.794921875 0.853515625 0.109375 0.1357421875
0 0.947265625 0.78515625 0.099609375 0.126953125
2 0.390625 0.0888671875 0.119140625 0.107421875
2 0.6591796875 0.4150390625 0.1015625 0.099609375
2 0.353515625 0.5361328125 0.09375 0.130859375
0 0.4736328125 0.873046875 0.109375 0.125
2 0.091796875 0.18359375 0.109375 0.134765625
0 0.1005859375 0.85546875 0.0986328125 0.126953125
2 0.900390625 0.5615234375 0.119140625 0.107421875
2 0.912109375 0.365234375 0.09375 0.1044921875
0 0.5849609375 0.177734375 0.1015625 0.123046875
2 0.6318359375 0.849609375 0.1123046875 0.1064453125
2 0.302734375 0.8251953125 0.087890625 0.0966796875
2 0.25 0.1220703125 0.09375 0.099609375
2 0.7421875 0.626953125 0.0888671875 0.0966796875