0 0.6904296875 0.544921875 0.111328125 0.1279296875
0 0.75390625 0.77734375 0.130859375 0.140625
0 0.271484375 0.734375 0.140625 0.1484375
2 0.841796875 0.560546875 0.123046875 0.1435546875
2 0.7373046875 0.201171875 0.109375 0.134765625
2 0.8544921875 0.123046875 0.140625 0.166015625
2 0.8837890625 0.3603515625 0.1220703125 0.1171875
2 0.4306640625 0.7080078125 0.125 0.134765625
2 0.416015625 0.4052734375 0.1220703125 0.1298828125
0 0.2451171875 0.9384765625 0.138671875 0.123046875
2 0.9326171875 0.7998046875 0.125 0.1279296875
2 0.6259765625 0.8828125 0.1376953125 0.146484375
0 0.4375 0.8974609375 0.119140625 0.134765625
2 0.5458984375 0.33203125 0.1171875 0.1328125
2 0.5693359375 0.6103515625 0.115234375 0.123046875
2 0.5048828125 0.115234375 0.125 0.1689453125
2 0.359375 0.1884765625 0.0966796875 0.1142578125
2 0.095703125 0.552734375 0.1533203125 0.1689453125
2 0.28125 0.525390625 0.1201171875 0.126953125
0 0.08203125 0.29296875 0.126953125 0.140625