0 0.728515625 0.8515625 0.0859375 0.1142578125
2 0.900390625 0.876953125 0.1123046875 0.126953125
2 0.880859375 0.4248046875 0.095703125 0.1201171875
2 0.9130859375 0.201171875 0.1201171875 0.1142578125
0 0.7626953125 0.2294921875 0.09375 0.130859375
2 0.7080078125 0.4501953125 0.0966796875 0.1123046875
0 0.3583984375 0.8681640625 0.095703125 0.1123046875
2 0.724609375 0.669921875 0.1015625 0.107421875
2 0.21484375 0.3388671875 0.0966796875 0.134765625
2 0.5078125 0.3330078125 0.0908203125 0.099609375
2 0.40234375 0.103515625 0.087890625 0.125
2 0.4169921875 0.5947265625 0.1123046875 0.115234375
2 0.5947265625 0.146484375 0.1171875 0.138671875
2 0.1767578125 0.87109375 0.107421875 0.103515625
2 0.236328125 0.09375 0.0908203125 0.0966796875
2 0.548828125 0.8134765625 0.087890625 0.103515625
0 0.064453125 0.53515625 0.1123046875 0.1220703125
0 0.0576171875 0.083984375 0.091796875 0.138671875
0 0.9052734375 0.689453125 0.1220703125 0.109375
2 0.2080078125 0.646484375 0.1171875 0.140625