0 0.9423828125 0.234375 0.115234375 0.1435546875
0 0.572265625 0.7509765625 0.119140625 0.1171875
2 0.5361328125 0.9423828125 0.126953125 0.115234375
2 0.275390625 0.193359375 0.1279296875 0.140625
0 0.515625 0.1796875 0.1279296875 0.138671875
2 0.6484375 0.3447265625 0.126953125 0.1484375
2 0.349609375 0.8759765625 0.1201171875 0.1279296875
0 0.3193359375 0.669921875 0.1015625 0.109375
0 0.857421875 0.50390625 0.125 0.142578125
2 0.1806640625 0.8759765625 0.123046875 0.138671875
2 0.095703125 0.5166015625 0.099609375 0.119140625
2 0.7724609375 0.740234375 0.099609375 0.119140625
0 0.3505859375 0.498046875 0.1220703125 0.1328125
2 0.0615234375 0.720703125 0.0966796875 0.1064453125
0 0.4892578125 0.54296875 0.1171875 0.138671875
0 0.7978515625 0.185546875 0.1220703125 0.125
2 0.7197265625 0.9345703125 0.1328125 0.130859375
0 0.142578125 0.0654296875 0.123046875 0.130859375
0 0.6435546875 0.5859375 0.115234375 0.1357421875
0 0.091796875 0.3408203125 0.1279296875 0.1357421875