2 0.3154296875 0.91796875 0.1357421875 0.1279296875
2 0.876953125 0.888671875 0.0986328125 0.1376953125
0 0.6328125 0.4921875 0.109375 0.111328125
0 0.4140625 0.1416015625 0.1044921875 0.1298828125
2 0.197265625 0.51953125 0.0830078125 0.1171875
2 0.923828125 0.37890625 0.0908203125 0.123046875
2 0.09375 0.138671875 0.095703125 0.1201171875
0 0.1552734375 0.8994140625 0.09375 0.1298828125
2 0.904296875 0.162109375 0.0908203125 0.099609375
0 0.630859375 0.208984375 0.0986328125 0.1015625
2 0.0888671875 0.6669921875 0.1064453125 0.1123046875
0 0.4765625 0.89453125 0.1044921875 0.1171875
0 0.787109375 0.3701171875 0.099609375 0.130859375
0 0.8388671875 0.572265625 0.1044921875 0.1484375
2 0.392578125 0.33984375 0.1064453125 0.123046875
2 0.3115234375 0.6875 0.107421875 0.1328125
2 0.474609375 0.7109375 0.0888671875 0.1044921875