0 0.9384765625 0.193359375 0.123046875 0.1484375
0 0.90625 0.3857421875 0.125 0.140625
0 0.787109375 0.224609375 0.115234375 0.1611328125
0 0.587890625 0.115234375 0.095703125 0.1328125
0 0.515625 0.90234375 0.109375 0.1171875
0 0.0712890625 0.6025390625 0.09375 0.140625
0 0.2294921875 0.646484375 0.0966796875 0.1455078125
0 0.3955078125 0.623046875 0.1123046875 0.115234375
0 0.44140625 0.412109375 0.111328125 0.103515625
0 0.119140625 0.1865234375 0.1015625 0.09375
0 0.17578125 0.408203125 0.109375 0.115234375
2 0.705078125 0.3955078125 0.119140625 0.1220703125
2 0.7216796875 0.689453125 0.0986328125 0.1376953125
2 0.568359375 0.7470703125 0.0888671875 0.091796875
2 0.87109375 0.798828125 0.103515625 0.123046875
2 0.6748046875 0.9091796875 0.1044921875 0.1220703125
2 0.033203125 0.822265625 0.06640625 0.125
2 0.2548828125 0.1533203125 0.0830078125 0.15625
2 0.423828125 0.12890625 0.1201171875 0.1376953125
2 0.345703125 0.8046875 0.0986328125 0.125