0 0.119140625 0.2744140625 0.1015625 0.1298828125
0 0.439453125 0.2138671875 0.099609375 0.1298828125
0 0.4326171875 0.9033203125 0.1044921875 0.134765625
2 0.6533203125 0.390625 0.109375 0.103515625
0 0.630859375 0.65234375 0.099609375 0.1171875
2 0.14453125 0.48828125 0.1015625 0.1376953125
2 0.2744140625 0.8779296875 0.0986328125 0.123046875
2 0.9375 0.779296875 0.0888671875 0.111328125
2 0.7939453125 0.5908203125 0.099609375 0.0986328125
2 0.845703125 0.21484375 0.111328125 0.123046875
0 0.296875 0.4716796875 0.099609375 0.1279296875
2 0.46484375 0.6826171875 0.0966796875 0.115234375
2 0.4365234375 0.4765625 0.1064453125 0.115234375
2 0.6171875 0.861328125 0.09375 0.0888671875
2 0.9267578125 0.537109375 0.09375 0.1376953125
0 0.28125 0.669921875 0.1015625 0.111328125
0 0.1787109375 0.0908203125 0.1123046875 0.130859375
2 0.1171875 0.8349609375 0.0986328125 0.1376953125
2 0.78515625 0.7353515625 0.095703125 0.1171875
0 0.5654296875 0.203125 0.0966796875 0.1123046875