0 0.4140625 0.294921875 0.1015625 0.119140625
0 0.294921875 0.5126953125 0.0986328125 0.0986328125
2 0.892578125 0.390625 0.0986328125 0.109375
0 0.091796875 0.509765625 0.0986328125 0.1328125
2 0.2490234375 0.8583984375 0.1064453125 0.1201171875
2 0.19921875 0.3125 0.1015625 0.126953125
2 0.1015625 0.771484375 0.095703125 0.107421875
0 0.263671875 0.0947265625 0.1171875 0.1220703125
2 0.826171875 0.189453125 0.1142578125 0.1142578125
0 0.5537109375 0.8603515625 0.0986328125 0.115234375
0 0.439453125 0.4658203125 0.0986328125 0.1279296875
0 0.3984375 0.7177734375 0.095703125 0.1279296875
0 0.841796875 0.638671875 0.107421875 0.1298828125
2 0.41796875 0.0986328125 0.1015625 0.125
0 0.6552734375 0.615234375 0.09375 0.1220703125
0 0.7509765625 0.412109375 0.107421875 0.1142578125
2 0.869140625 0.8876953125 0.0751953125 0.0888671875
0 0.115234375 0.109375 0.111328125 0.109375
2 0.69140625 0.8671875 0.1064453125 0.134765625
0 0.5498046875 0.205078125 0.095703125 0.109375