0 0.521484375 0.4951171875 0.1064453125 0.1435546875
2 0.0908203125 0.173828125 0.1279296875 0.134765625
2 0.5751953125 0.8876953125 0.1220703125 0.1435546875
0 0.4033203125 0.7197265625 0.1044921875 0.1357421875
0 0.7783203125 0.658203125 0.1123046875 0.1376953125
2 0.6943359375 0.4150390625 0.0966796875 0.140625
0 0.0771484375 0.892578125 0.099609375 0.1376953125
0 0.41015625 0.9248046875 0.1142578125 0.1201171875
0 0.224609375 0.5830078125 0.1015625 0.107421875
2 0.3623046875 0.49609375 0.109375 0.1328125
0 0.849609375 0.3125 0.107421875 0.107421875
2 0.6142578125 0.67578125 0.111328125 0.1064453125
0 0.9169921875 0.841796875 0.107421875 0.1142578125
2 0.7275390625 0.9033203125 0.0908203125 0.1044921875
2 0.224609375 0.3564453125 0.1123046875 0.1513671875
2 0.224609375 0.8671875 0.095703125 0.0908203125
2 0.060546875 0.53125 0.1201171875 0.125
2 0.396484375 0.248046875 0.1171875 0.1171875
0 0.7783203125 0.099609375 0.130859375 0.1611328125
0 0.6201171875 0.150390625 0.111328125 0.134765625