0 0.078125 0.1298828125 0.1044921875 0.1328125
0 0.046875 0.345703125 0.09375 0.123046875
2 0.8994140625 0.1923828125 0.115234375 0.1171875
2 0.46484375 0.14453125 0.109375 0.103515625
0 0.205078125 0.3515625 0.109375 0.119140625
0 0.53515625 0.3388671875 0.103515625 0.1201171875
0 0.732421875 0.849609375 0.115234375 0.119140625
2 0.9189453125 0.7109375 0.1015625 0.1015625
2 0.333984375 0.3330078125 0.103515625 0.1201171875
2 0.72265625 0.205078125 0.0908203125 0.099609375
0 0.8330078125 0.375 0.1064453125 0.123046875
2 0.5732421875 0.5634765625 0.095703125 0.1376953125
0 0.3916015625 0.8408203125 0.0908203125 0.115234375
2 0.1982421875 0.681640625 0.09375 0.15625
2 0.236328125 0.1484375 0.095703125 0.09375
0 0.376953125 0.52734375 0.1171875 0.1171875
2 0.71484375 0.595703125 0.109375 0.1357421875
0 0.259765625 0.8818359375 0.095703125 0.1328125
0 0.5751953125 0.806640625 0.1201171875 0.1298828125
0 0.099609375 0.896484375 0.103515625 0.1123046875