0 0.4560546875 0.814453125 0.1123046875 0.109375
0 0.244140625 0.1533203125 0.083984375 0.123046875
2 0.9365234375 0.16015625 0.107421875 0.1142578125
0 0.2412109375 0.66796875 0.09375 0.1015625
0 0.447265625 0.533203125 0.0986328125 0.1044921875
2 0.224609375 0.873046875 0.115234375 0.0966796875
2 0.7919921875 0.126953125 0.0986328125 0.140625
0 0.9462890625 0.53515625 0.099609375 0.109375
0 0.40234375 0.3154296875 0.1015625 0.1015625
0 0.6044921875 0.525390625 0.099609375 0.1142578125
2 0.48046875 0.107421875 0.0986328125 0.126953125
2 0.8779296875 0.876953125 0.091796875 0.111328125
2 0.2431640625 0.486328125 0.0908203125 0.1142578125
2 0.1123046875 0.158203125 0.0986328125 0.107421875
0 0.5830078125 0.32421875 0.1015625 0.142578125
2 0.095703125 0.345703125 0.0859375 0.083984375
0 0.1103515625 0.5380859375 0.1220703125 0.1435546875
2 0.65234375 0.8486328125 0.103515625 0.1142578125
0 0.765625 0.4375 0.103515625 0.134765625