0 0.1767578125 0.693359375 0.119140625 0.1533203125
0 0.419921875 0.5419921875 0.1171875 0.1142578125
2 0.3994140625 0.3203125 0.125 0.123046875
2 0.806640625 0.8857421875 0.115234375 0.1533203125
0 0.5576171875 0.6953125 0.1142578125 0.1357421875
0 0.90234375 0.5244140625 0.1142578125 0.1171875
2 0.841796875 0.693359375 0.1279296875 0.154296875
2 0.068359375 0.564453125 0.126953125 0.1376953125
2 0.220703125 0.0712890625 0.1279296875 0.142578125
2 0.90625 0.3291015625 0.1220703125 0.1455078125
2 0.5546875 0.900390625 0.1171875 0.125
2 0.111328125 0.3525390625 0.126953125 0.115234375
0 0.37109375 0.740234375 0.1279296875 0.1298828125
2 0.0322265625 0.7236328125 0.064453125 0.119140625
2 0.2705078125 0.517578125 0.103515625 0.1044921875
0 0.4814453125 0.099609375 0.123046875 0.150390625
0 0.7529296875 0.18359375 0.111328125 0.125
0 0.7294921875 0.529296875 0.142578125 0.1533203125
2 0.6142578125 0.326171875 0.134765625 0.1328125
2 0.2724609375 0.2607421875 0.130859375 0.123046875