2 0.5732421875 0.595703125 0.1123046875 0.107421875
2 0.388671875 0.630859375 0.095703125 0.119140625
0 0.2431640625 0.19921875 0.0966796875 0.1044921875
2 0.794921875 0.865234375 0.1064453125 0.1279296875
2 0.107421875 0.1923828125 0.107421875 0.1328125
2 0.7529296875 0.568359375 0.0986328125 0.1298828125
2 0.755859375 0.16796875 0.0888671875 0.1220703125
0 0.2900390625 0.4375 0.1064453125 0.099609375
2 0.572265625 0.12890625 0.1015625 0.0908203125
0 0.4130859375 0.2333984375 0.1064453125 0.126953125
0 0.138671875 0.82421875 0.1142578125 0.1201171875
0 0.603515625 0.88671875 0.09375 0.1357421875
2 0.708984375 0.3486328125 0.1044921875 0.138671875
2 0.2939453125 0.849609375 0.095703125 0.091796875
2 0.5732421875 0.326171875 0.0888671875 0.107421875
2 0.0888671875 0.384765625 0.078125 0.091796875
2 0.130859375 0.568359375 0.1142578125 0.119140625
0 0.943359375 0.4912109375 0.1064453125 0.1376953125
0 0.923828125 0.2783203125 0.1044921875 0.1357421875