0 0.560546875 0.1337890625 0.115234375 0.1298828125
2 0.482421875 0.791015625 0.115234375 0.115234375
2 0.623046875 0.8798828125 0.119140625 0.119140625
2 0.904296875 0.486328125 0.1064453125 0.1611328125
0 0.2880859375 0.8916015625 0.1328125 0.1201171875
0 0.0810546875 0.130859375 0.107421875 0.125
0 0.734375 0.154296875 0.107421875 0.1123046875
2 0.4404296875 0.5537109375 0.125 0.123046875
2 0.6103515625 0.37109375 0.087890625 0.1220703125
2 0.11328125 0.8251953125 0.0966796875 0.107421875
0 0.8095703125 0.8046875 0.1171875 0.1357421875
2 0.912109375 0.24609375 0.1171875 0.154296875
2 0.09765625 0.439453125 0.1142578125 0.103515625
2 0.3935546875 0.0869140625 0.0966796875 0.111328125
0 0.3046875 0.681640625 0.125 0.15625
2 0.2392578125 0.1220703125 0.0986328125 0.1123046875
0 0.7548828125 0.390625 0.1015625 0.1220703125
2 0.279296875 0.404296875 0.107421875 0.125
0 0.080078125 0.662109375 0.109375 0.123046875
2 0.6298828125 0.603515625 0.1171875 0.125