0 0.435546875 0.49609375 0.107421875 0.1171875
2 0.662109375 0.900390625 0.1279296875 0.125
0 0.767578125 0.1181640625 0.0986328125 0.125
0 0.306640625 0.12109375 0.1142578125 0.107421875
2 0.421875 0.775390625 0.0888671875 0.095703125
0 0.666015625 0.591796875 0.0966796875 0.115234375
2 0.8740234375 0.806640625 0.0888671875 0.103515625
2 0.072265625 0.84375 0.103515625 0.1015625
0 0.6455078125 0.357421875 0.091796875 0.1064453125
2 0.3984375 0.294921875 0.095703125 0.1015625
0 0.1064453125 0.21484375 0.109375 0.1201171875
0 0.25390625 0.3427734375 0.115234375 0.1201171875
0 0.810546875 0.3125 0.111328125 0.109375
2 0.2373046875 0.802734375 0.119140625 0.0908203125
0 0.0654296875 0.630859375 0.1044921875 0.1142578125
2 0.458984375 0.1103515625 0.09375 0.103515625
2 0.259765625 0.6357421875 0.1015625 0.109375
2 0.9296875 0.595703125 0.1015625 0.1171875
2 0.6064453125 0.1025390625 0.123046875 0.1328125
0 0.068359375 0.404296875 0.1142578125 0.1123046875