0 0.509765625 0.927734375 0.1064453125 0.126953125
0 0.9091796875 0.728515625 0.1123046875 0.111328125
2 0.7685546875 0.8525390625 0.1220703125 0.1640625
2 0.5615234375 0.1181640625 0.1064453125 0.1123046875
2 0.7529296875 0.083984375 0.103515625 0.1220703125
0 0.685546875 0.310546875 0.123046875 0.1201171875
2 0.162109375 0.9326171875 0.119140625 0.1064453125
2 0.8759765625 0.4970703125 0.0986328125 0.123046875
2 0.1201171875 0.7900390625 0.1044921875 0.1357421875
0 0.3271484375 0.6533203125 0.115234375 0.1064453125
0 0.40234375 0.392578125 0.1171875 0.125
2 0.0537109375 0.328125 0.107421875 0.140625
2 0.87109375 0.2841796875 0.0966796875 0.103515625
2 0.533203125 0.6845703125 0.138671875 0.146484375
2 0.1796875 0.5166015625 0.1015625 0.123046875
0 0.2265625 0.291015625 0.107421875 0.138671875
0 0.693359375 0.6328125 0.1123046875 0.126953125
0 0.3369140625 0.9384765625 0.1171875 0.123046875
0 0.404296875 0.140625 0.1279296875 0.162109375
2 0.0537109375 0.1328125 0.107421875 0.125