0 0.337890625 0.9248046875 0.1015625 0.1279296875
2 0.4482421875 0.716796875 0.1171875 0.1298828125
0 0.7255859375 0.6865234375 0.119140625 0.1171875
0 0.52734375 0.916015625 0.0986328125 0.1015625
2 0.8515625 0.2255859375 0.0908203125 0.1123046875
2 0.1181640625 0.1669921875 0.1171875 0.126953125
0 0.912109375 0.626953125 0.1201171875 0.119140625
0 0.0625 0.916015625 0.091796875 0.107421875
2 0.4072265625 0.115234375 0.09375 0.166015625
0 0.06640625 0.671875 0.095703125 0.107421875
2 0.2333984375 0.7158203125 0.107421875 0.111328125
2 0.69140625 0.189453125 0.09375 0.138671875
2 0.076171875 0.380859375 0.1015625 0.09375
2 0.880859375 0.41015625 0.0810546875 0.1142578125
2 0.873046875 0.869140625 0.0908203125 0.0966796875
2 0.474609375 0.4365234375 0.0986328125 0.1279296875
0 0.7587890625 0.427734375 0.091796875 0.119140625
2 0.6572265625 0.884765625 0.083984375 0.103515625
2 0.5546875 0.181640625 0.0908203125 0.125
2 0.263671875 0.36328125 0.0888671875 0.115234375