2 0.580078125 0.3583984375 0.111328125 0.1123046875
2 0.2041015625 0.798828125 0.099609375 0.1455078125
0 0.3994140625 0.21875 0.1142578125 0.111328125
2 0.6943359375 0.904296875 0.125 0.1455078125
0 0.212890625 0.40625 0.1171875 0.130859375
0 0.4248046875 0.59375 0.130859375 0.134765625
2 0.05078125 0.7216796875 0.0966796875 0.1220703125
2 0.255859375 0.62109375 0.115234375 0.103515625
0 0.560546875 0.7919921875 0.115234375 0.1220703125
2 0.8427734375 0.1220703125 0.1044921875 0.115234375
2 0.392578125 0.82421875 0.1123046875 0.1171875
0 0.87890625 0.4912109375 0.123046875 0.1328125
0 0.275390625 0.1474609375 0.107421875 0.1142578125
2 0.73828125 0.376953125 0.1376953125 0.1357421875
0 0.130859375 0.126953125 0.1201171875 0.125
0 0.09765625 0.3291015625 0.109375 0.130859375
0 0.6572265625 0.61328125 0.1279296875 0.1376953125
2 0.8857421875 0.828125 0.125 0.138671875
0 0.6123046875 0.099609375 0.1298828125 0.154296875
2 0.06640625 0.5107421875 0.1298828125 0.1220703125