0 0.248046875 0.4150390625 0.103515625 0.107421875
0 0.099609375 0.88671875 0.126953125 0.115234375
2 0.416015625 0.1044921875 0.0908203125 0.1064453125
2 0.8564453125 0.208984375 0.0908203125 0.1142578125
0 0.1298828125 0.2177734375 0.099609375 0.099609375
2 0.3017578125 0.2158203125 0.111328125 0.1201171875
0 0.708984375 0.732421875 0.109375 0.1279296875
0 0.0927734375 0.4638671875 0.1123046875 0.115234375
0 0.49609375 0.400390625 0.0888671875 0.123046875
2 0.681640625 0.9443359375 0.095703125 0.099609375
0 0.4404296875 0.6455078125 0.1015625 0.1171875
2 0.3125 0.91796875 0.1064453125 0.0986328125
0 0.7314453125 0.466796875 0.09375 0.109375
2 0.8798828125 0.44140625 0.09375 0.1015625
2 0.462890625 0.927734375 0.109375 0.123046875
2 0.6689453125 0.146484375 0.1123046875 0.1201171875
2 0.908203125 0.626953125 0.095703125 0.146484375
2 0.103515625 0.693359375 0.1123046875 0.123046875
0 0.2353515625 0.69140625 0.0986328125 0.1435546875
0 0.916015625 0.8388671875 0.1015625 0.130859375