2 0.537109375 0.7119140625 0.138671875 0.138671875
2 0.796875 0.0830078125 0.1015625 0.119140625
2 0.861328125 0.73046875 0.1142578125 0.115234375
2 0.4921875 0.3271484375 0.103515625 0.1142578125
0 0.6494140625 0.10546875 0.119140625 0.1279296875
0 0.1015625 0.607421875 0.109375 0.1298828125
0 0.880859375 0.2763671875 0.1044921875 0.130859375
2 0.4697265625 0.0791015625 0.103515625 0.1044921875
0 0.2451171875 0.5263671875 0.1201171875 0.140625
2 0.341796875 0.7958984375 0.111328125 0.123046875
2 0.0595703125 0.2314453125 0.095703125 0.095703125
0 0.677734375 0.3134765625 0.109375 0.123046875
2 0.9013671875 0.52734375 0.103515625 0.134765625
0 0.5966796875 0.5107421875 0.1064453125 0.115234375
0 0.3359375 0.3447265625 0.0986328125 0.109375
2 0.1962890625 0.119140625 0.1201171875 0.1376953125
0 0.1298828125 0.8828125 0.111328125 0.125
0 0.6748046875 0.7373046875 0.1044921875 0.134765625
0 0.43359375 0.5224609375 0.103515625 0.1201171875
2 0.03125 0.40625 0.0625 0.1279296875