0 0.900390625 0.1044921875 0.0908203125 0.1171875
0 0.072265625 0.357421875 0.0966796875 0.140625
0 0.4697265625 0.4296875 0.130859375 0.126953125
2 0.54296875 0.205078125 0.1279296875 0.142578125
2 0.646484375 0.5595703125 0.0966796875 0.1357421875
2 0.3056640625 0.5625 0.1044921875 0.119140625
2 0.466796875 0.89453125 0.0986328125 0.130859375
0 0.244140625 0.7373046875 0.1044921875 0.111328125
2 0.1240234375 0.1611328125 0.099609375 0.1455078125
2 0.7158203125 0.890625 0.095703125 0.1328125
2 0.861328125 0.6650390625 0.1044921875 0.119140625
2 0.509765625 0.6787109375 0.1142578125 0.1376953125
2 0.779296875 0.29296875 0.115234375 0.1220703125
0 0.0927734375 0.76953125 0.1064453125 0.1142578125
2 0.751953125 0.134765625 0.103515625 0.0986328125
2 0.27734375 0.2919921875 0.130859375 0.125
0 0.060546875 0.5693359375 0.1142578125 0.150390625
2 0.322265625 0.1103515625 0.1044921875 0.111328125
2 0.8603515625 0.857421875 0.103515625 0.123046875
0 0.8388671875 0.498046875 0.109375 0.1064453125