2 0.8603515625 0.716796875 0.1064453125 0.1171875
0 0.9072265625 0.208984375 0.1044921875 0.119140625
2 0.330078125 0.5751953125 0.0908203125 0.1435546875
0 0.0810546875 0.119140625 0.103515625 0.103515625
0 0.392578125 0.1240234375 0.1015625 0.1064453125
0 0.255859375 0.0791015625 0.09375 0.109375
2 0.0908203125 0.9091796875 0.099609375 0.1201171875
2 0.609375 0.1630859375 0.0888671875 0.109375
2 0.7568359375 0.1181640625 0.091796875 0.111328125
2 0.482421875 0.607421875 0.078125 0.119140625
2 0.595703125 0.890625 0.103515625 0.111328125
0 0.2666015625 0.7607421875 0.109375 0.1376953125
2 0.294921875 0.3330078125 0.095703125 0.1044921875
0 0.5595703125 0.42578125 0.091796875 0.1123046875
2 0.646484375 0.7001953125 0.1064453125 0.1171875
0 0.091796875 0.306640625 0.0966796875 0.1064453125
0 0.427734375 0.857421875 0.119140625 0.1142578125
0 0.8212890625 0.9013671875 0.0986328125 0.1015625
0 0.1474609375 0.5400390625 0.1142578125 0.125
2 0.833984375 0.388671875 0.0966796875 0.1142578125