2 0.7744140625 0.349609375 0.115234375 0.1123046875
2 0.8671875 0.6533203125 0.1142578125 0.115234375
0 0.1171875 0.1044921875 0.115234375 0.138671875
0 0.2802734375 0.6025390625 0.107421875 0.126953125
2 0.171875 0.3359375 0.1064453125 0.138671875
2 0.515625 0.587890625 0.1171875 0.134765625
2 0.845703125 0.9208984375 0.103515625 0.1123046875
2 0.9111328125 0.4423828125 0.109375 0.130859375
2 0.3173828125 0.1337890625 0.099609375 0.103515625
0 0.4990234375 0.369140625 0.111328125 0.1455078125
2 0.236328125 0.859375 0.095703125 0.1171875
0 0.734375 0.1201171875 0.1015625 0.1142578125
2 0.517578125 0.162109375 0.099609375 0.1171875
2 0.287109375 0.443359375 0.1328125 0.125
0 0.07421875 0.8701171875 0.1142578125 0.125
0 0.9248046875 0.1708984375 0.125 0.138671875
0 0.4296875 0.806640625 0.107421875 0.1455078125
2 0.6640625 0.6328125 0.134765625 0.146484375
0 0.6484375 0.9033203125 0.1220703125 0.140625
0 0.10546875 0.580078125 0.1142578125 0.142578125