0 0.318359375 0.318359375 0.1064453125 0.1064453125
0 0.865234375 0.7451171875 0.109375 0.158203125
0 0.177734375 0.5009765625 0.1201171875 0.1328125
0 0.6865234375 0.576171875 0.091796875 0.125
0 0.298828125 0.0908203125 0.087890625 0.115234375
0 0.3896484375 0.8681640625 0.0986328125 0.1015625
0 0.69921875 0.3388671875 0.0966796875 0.1220703125
0 0.7578125 0.134765625 0.1142578125 0.115234375
0 0.2265625 0.8779296875 0.1064453125 0.138671875
2 0.533203125 0.13671875 0.119140625 0.109375
2 0.908203125 0.2021484375 0.0986328125 0.1279296875
0 0.091796875 0.064453125 0.1044921875 0.119140625
2 0.12109375 0.2900390625 0.09375 0.1220703125
2 0.4833984375 0.39453125 0.083984375 0.115234375
2 0.54296875 0.7900390625 0.0966796875 0.1142578125
2 0.244140625 0.677734375 0.0810546875 0.119140625
2 0.1171875 0.697265625 0.111328125 0.140625
0 0.4697265625 0.5634765625 0.115234375 0.1298828125
0 0.701171875 0.875 0.095703125 0.1279296875
0 0.904296875 0.52734375 0.103515625 0.1357421875