0 0.083984375 0.900390625 0.1171875 0.111328125
0 0.248046875 0.51953125 0.099609375 0.099609375
0 0.548828125 0.876953125 0.109375 0.1171875
2 0.9228515625 0.29296875 0.119140625 0.134765625
0 0.4580078125 0.6533203125 0.1064453125 0.1171875
2 0.849609375 0.806640625 0.1044921875 0.1220703125
2 0.27734375 0.22265625 0.1142578125 0.138671875
2 0.81640625 0.5244140625 0.0966796875 0.130859375
2 0.0947265625 0.52734375 0.1015625 0.1279296875
0 0.2421875 0.9091796875 0.0966796875 0.103515625
0 0.3818359375 0.4384765625 0.0986328125 0.109375
0 0.751953125 0.2080078125 0.1015625 0.1142578125
2 0.7060546875 0.8115234375 0.1064453125 0.1220703125
2 0.439453125 0.1865234375 0.1123046875 0.107421875
2 0.3935546875 0.9248046875 0.0810546875 0.0966796875
2 0.220703125 0.740234375 0.095703125 0.1279296875
2 0.5908203125 0.484375 0.0966796875 0.109375
2 0.103515625 0.322265625 0.103515625 0.111328125
2 0.6015625 0.1640625 0.107421875 0.1171875
2 0.1064453125 0.142578125 0.111328125 0.1142578125