0 0.3544921875 0.8271484375 0.1142578125 0.130859375
2 0.962890625 0.275390625 0.0732421875 0.1376953125
2 0.79296875 0.951171875 0.13671875 0.09765625
0 0.5048828125 0.8720703125 0.125 0.1201171875
0 0.3955078125 0.2275390625 0.1376953125 0.1591796875
2 0.8349609375 0.767578125 0.126953125 0.1435546875
2 0.5322265625 0.6591796875 0.1201171875 0.1689453125
2 0.8359375 0.1796875 0.1220703125 0.1376953125
2 0.6796875 0.13671875 0.111328125 0.1298828125
2 0.0673828125 0.54296875 0.125 0.1298828125
2 0.130859375 0.3447265625 0.1044921875 0.1201171875
0 0.3251953125 0.439453125 0.1298828125 0.1513671875
0 0.064453125 0.7587890625 0.1279296875 0.1669921875
0 0.259765625 0.0947265625 0.1376953125 0.1435546875
2 0.65234375 0.89453125 0.103515625 0.123046875
2 0.576171875 0.3857421875 0.1435546875 0.1533203125
2 0.1728515625 0.7138671875 0.0888671875 0.1220703125
2 0.7314453125 0.587890625 0.1201171875 0.146484375
0 0.8037109375 0.341796875 0.1328125 0.1435546875
2 0.8974609375 0.595703125 0.1357421875 0.1533203125