0 0.068359375 0.443359375 0.0966796875 0.0986328125
0 0.505859375 0.107421875 0.1279296875 0.138671875
0 0.1689453125 0.146484375 0.1142578125 0.123046875
0 0.244140625 0.890625 0.109375 0.134765625
0 0.744140625 0.4453125 0.1171875 0.154296875
0 0.416015625 0.923828125 0.126953125 0.1279296875
0 0.36328125 0.255859375 0.119140625 0.1142578125
0 0.69921875 0.2685546875 0.099609375 0.099609375
0 0.8671875 0.1455078125 0.111328125 0.1435546875
2 0.52734375 0.2880859375 0.119140625 0.1142578125
2 0.810546875 0.58984375 0.103515625 0.109375
0 0.5625 0.505859375 0.130859375 0.150390625
2 0.0341796875 0.212890625 0.068359375 0.140625
0 0.072265625 0.728515625 0.111328125 0.142578125
2 0.9326171875 0.8701171875 0.134765625 0.140625
2 0.482421875 0.6982421875 0.109375 0.1220703125
2 0.9072265625 0.3330078125 0.109375 0.0966796875
2 0.6455078125 0.84375 0.134765625 0.130859375
0 0.2431640625 0.6669921875 0.111328125 0.123046875
2 0.29296875 0.4326171875 0.138671875 0.1455078125