2 0.126953125 0.50390625 0.107421875 0.130859375
2 0.8388671875 0.90625 0.099609375 0.099609375
2 0.1025390625 0.193359375 0.1064453125 0.111328125
0 0.66796875 0.888671875 0.107421875 0.1064453125
0 0.8759765625 0.197265625 0.1015625 0.119140625
2 0.4853515625 0.8154296875 0.1015625 0.1328125
2 0.30859375 0.158203125 0.0859375 0.1123046875
0 0.720703125 0.36328125 0.1142578125 0.1064453125
0 0.4970703125 0.1396484375 0.1064453125 0.109375
0 0.5107421875 0.326171875 0.0966796875 0.126953125
2 0.076171875 0.7119140625 0.0830078125 0.1220703125
2 0.681640625 0.7314453125 0.0908203125 0.0986328125
2 0.857421875 0.5966796875 0.095703125 0.125
2 0.888671875 0.3837890625 0.115234375 0.1533203125
2 0.095703125 0.923828125 0.0986328125 0.119140625
0 0.7138671875 0.16796875 0.1123046875 0.1220703125
2 0.5419921875 0.4990234375 0.080078125 0.09375
0 0.3017578125 0.5576171875 0.103515625 0.1484375
0 0.263671875 0.8564453125 0.107421875 0.111328125
2 0.345703125 0.3310546875 0.0908203125 0.130859375