2 0.857421875 0.13671875 0.107421875 0.138671875
0 0.66015625 0.1103515625 0.1123046875 0.1220703125
0 0.509765625 0.4609375 0.091796875 0.109375
0 0.259765625 0.71875 0.0986328125 0.1044921875
2 0.896484375 0.669921875 0.091796875 0.115234375
0 0.130859375 0.333984375 0.1044921875 0.115234375
0 0.8681640625 0.3759765625 0.111328125 0.134765625
0 0.3349609375 0.4521484375 0.1044921875 0.111328125
2 0.099609375 0.7939453125 0.1123046875 0.1142578125
0 0.5341796875 0.8828125 0.103515625 0.1123046875
0 0.771484375 0.8955078125 0.111328125 0.119140625
0 0.1015625 0.123046875 0.1015625 0.115234375
0 0.70703125 0.458984375 0.1044921875 0.1279296875
2 0.287109375 0.1923828125 0.1064453125 0.109375
2 0.337890625 0.9091796875 0.1142578125 0.0986328125
2 0.0830078125 0.537109375 0.0888671875 0.095703125
2 0.90625 0.8662109375 0.115234375 0.1142578125
2 0.740234375 0.6962890625 0.087890625 0.1044921875
2 0.435546875 0.7099609375 0.103515625 0.125
0 0.4453125 0.2373046875 0.1064453125 0.1435546875