0 0.478515625 0.7763671875 0.111328125 0.134765625
0 0.8134765625 0.0771484375 0.1376953125 0.1533203125
0 0.8642578125 0.486328125 0.138671875 0.1435546875
0 0.619140625 0.06640625 0.1279296875 0.1328125
0 0.3076171875 0.7099609375 0.1171875 0.1357421875
2 0.048828125 0.3955078125 0.0966796875 0.162109375
0 0.0546875 0.2041015625 0.109375 0.1455078125
2 0.2568359375 0.255859375 0.1611328125 0.154296875
0 0.099609375 0.654296875 0.130859375 0.138671875
2 0.6669921875 0.8154296875 0.115234375 0.1513671875
2 0.322265625 0.927734375 0.1201171875 0.1220703125
2 0.8583984375 0.7802734375 0.107421875 0.1279296875
2 0.6103515625 0.294921875 0.1279296875 0.1171875
2 0.7080078125 0.5791015625 0.126953125 0.1376953125
0 0.841796875 0.255859375 0.140625 0.142578125
0 0.236328125 0.5009765625 0.1328125 0.1328125
2 0.392578125 0.126953125 0.1123046875 0.126953125
2 0.1767578125 0.939453125 0.138671875 0.12109375
0 0.474609375 0.5302734375 0.1220703125 0.1455078125
2 0.421875 0.318359375 0.1435546875 0.15625