0 0.6201171875 0.669921875 0.0966796875 0.134765625
2 0.123046875 0.81640625 0.1142578125 0.0986328125
0 0.896484375 0.6123046875 0.111328125 0.109375
0 0.4189453125 0.380859375 0.1015625 0.125
0 0.837890625 0.404296875 0.103515625 0.1044921875
2 0.2109375 0.140625 0.107421875 0.134765625
0 0.0576171875 0.20703125 0.0986328125 0.125
2 0.6025390625 0.912109375 0.1171875 0.1064453125
2 0.3388671875 0.58203125 0.0986328125 0.0986328125
2 0.646484375 0.466796875 0.091796875 0.1298828125
0 0.533203125 0.1279296875 0.1064453125 0.123046875
2 0.90234375 0.8232421875 0.107421875 0.1328125
0 0.9052734375 0.1513671875 0.0966796875 0.125
2 0.099609375 0.431640625 0.1171875 0.1064453125
2 0.0849609375 0.626953125 0.091796875 0.103515625
0 0.4091796875 0.8212890625 0.099609375 0.1220703125
2 0.3740234375 0.1474609375 0.109375 0.1044921875
2 0.7021484375 0.177734375 0.0859375 0.0966796875
2 0.7431640625 0.8828125 0.091796875 0.0986328125
2 0.259765625 0.369140625 0.087890625 0.095703125