0 0.740234375 0.908203125 0.1044921875 0.1171875
0 0.11328125 0.1025390625 0.1064453125 0.146484375
2 0.927734375 0.3779296875 0.1123046875 0.1455078125
0 0.427734375 0.55078125 0.1064453125 0.134765625
2 0.9189453125 0.9150390625 0.0966796875 0.1376953125
0 0.513671875 0.1875 0.0986328125 0.126953125
2 0.8408203125 0.1787109375 0.1064453125 0.150390625
2 0.8232421875 0.74609375 0.0830078125 0.1064453125
2 0.599609375 0.7451171875 0.09375 0.0986328125
0 0.2607421875 0.5751953125 0.1015625 0.130859375
0 0.595703125 0.9150390625 0.095703125 0.1376953125
2 0.1044921875 0.4580078125 0.111328125 0.1220703125
2 0.251953125 0.873046875 0.103515625 0.1298828125
0 0.3349609375 0.119140625 0.0986328125 0.1015625
0 0.7509765625 0.462890625 0.0859375 0.1201171875
0 0.087890625 0.7685546875 0.107421875 0.1376953125
2 0.5966796875 0.4189453125 0.115234375 0.1455078125
2 0.255859375 0.341796875 0.109375 0.119140625
0 0.3818359375 0.7666015625 0.111328125 0.1298828125
2 0.677734375 0.189453125 0.1142578125 0.126953125