0 0.3291015625 0.294921875 0.1298828125 0.134765625
0 0.8720703125 0.490234375 0.134765625 0.1298828125
0 0.412109375 0.095703125 0.111328125 0.1455078125
0 0.6640625 0.607421875 0.115234375 0.138671875
0 0.8701171875 0.701171875 0.119140625 0.1455078125
0 0.5478515625 0.3544921875 0.1298828125 0.134765625
0 0.5068359375 0.572265625 0.119140625 0.1435546875
2 0.1640625 0.275390625 0.126953125 0.1123046875
0 0.7587890625 0.3046875 0.126953125 0.1435546875
2 0.271484375 0.091796875 0.119140625 0.1279296875
0 0.912109375 0.265625 0.1220703125 0.140625
2 0.05859375 0.806640625 0.1142578125 0.1220703125
0 0.087890625 0.634765625 0.1220703125 0.15625
0 0.1484375 0.44921875 0.1123046875 0.109375
2 0.26953125 0.7197265625 0.123046875 0.154296875
2 0.8359375 0.927734375 0.1376953125 0.1435546875
0 0.5751953125 0.123046875 0.140625 0.1533203125
2 0.609375 0.8701171875 0.123046875 0.1357421875
2 0.318359375 0.5419921875 0.140625 0.1435546875
2 0.4208984375 0.9111328125 0.1142578125 0.1201171875