0 0.220703125 0.673828125 0.107421875 0.107421875
2 0.150390625 0.123046875 0.1298828125 0.1376953125
0 0.052734375 0.716796875 0.1044921875 0.099609375
2 0.298828125 0.1318359375 0.1015625 0.146484375
2 0.3974609375 0.4638671875 0.107421875 0.1455078125
0 0.3955078125 0.6748046875 0.1044921875 0.140625
2 0.6123046875 0.361328125 0.119140625 0.138671875
0 0.05078125 0.912109375 0.091796875 0.109375
2 0.5576171875 0.818359375 0.0966796875 0.1220703125
2 0.869140625 0.869140625 0.1064453125 0.126953125
2 0.138671875 0.42578125 0.107421875 0.115234375
2 0.4375 0.2685546875 0.091796875 0.140625
2 0.2197265625 0.85546875 0.109375 0.0986328125
0 0.650390625 0.533203125 0.1123046875 0.1171875
2 0.8173828125 0.4140625 0.095703125 0.111328125
2 0.74609375 0.8544921875 0.1044921875 0.138671875
0 0.91796875 0.2158203125 0.1123046875 0.125
0 0.373046875 0.89453125 0.1142578125 0.1298828125
2 0.71875 0.1689453125 0.1201171875 0.146484375