2 0.537109375 0.2880859375 0.138671875 0.138671875
2 0.796875 0.9169921875 0.1015625 0.119140625
2 0.861328125 0.26953125 0.1142578125 0.115234375
2 0.4921875 0.6728515625 0.103515625 0.1142578125
0 0.6494140625 0.89453125 0.119140625 0.1279296875
0 0.1015625 0.392578125 0.109375 0.1298828125
0 0.880859375 0.7236328125 0.1044921875 0.130859375
2 0.4697265625 0.9208984375 0.103515625 0.1044921875
0 0.2451171875 0.4736328125 0.1201171875 0.140625
2 0.341796875 0.2041015625 0.111328125 0.123046875
2 0.0595703125 0.7685546875 0.095703125 0.095703125
0 0.677734375 0.6865234375 0.109375 0.123046875
2 0.9013671875 0.47265625 0.103515625 0.134765625
0 0.5966796875 0.4892578125 0.1064453125 0.115234375
0 0.3359375 0.6552734375 0.0986328125 0.109375
2 0.1962890625 0.880859375 0.1201171875 0.1376953125
0 0.1298828125 0.1171875 0.111328125 0.125
0 0.6748046875 0.2626953125 0.1044921875 0.134765625
0 0.43359375 0.4775390625 0.103515625 0.1201171875
2 0.03125 0.59375 0.0625 0.1279296875