2 0.099609375 0.54296875 0.126953125 0.1669921875
0 0.0546875 0.1923828125 0.109375 0.115234375
2 0.72265625 0.25390625 0.142578125 0.1611328125
2 0.802734375 0.7158203125 0.142578125 0.1484375
2 0.7392578125 0.5390625 0.1328125 0.1435546875
0 0.1748046875 0.927734375 0.134765625 0.1435546875
2 0.2509765625 0.5732421875 0.1123046875 0.1220703125
2 0.193359375 0.1357421875 0.125 0.1064453125
2 0.4306640625 0.404296875 0.1142578125 0.1171875
0 0.9052734375 0.4990234375 0.1201171875 0.134765625
0 0.603515625 0.642578125 0.1123046875 0.134765625
0 0.455078125 0.6845703125 0.115234375 0.125
2 0.3349609375 0.130859375 0.123046875 0.1220703125
2 0.5546875 0.3017578125 0.126953125 0.1376953125
2 0.2216796875 0.341796875 0.107421875 0.119140625
0 0.943359375 0.818359375 0.1123046875 0.1611328125
0 0.302734375 0.7998046875 0.1328125 0.1357421875
2 0.8564453125 0.177734375 0.123046875 0.15625
0 0.62109375 0.8662109375 0.1279296875 0.126953125
0 0.572265625 0.1083984375 0.130859375 0.126953125