2 0.146484375 0.873046875 0.126953125 0.1328125
2 0.287109375 0.6083984375 0.095703125 0.115234375
0 0.666015625 0.884765625 0.107421875 0.123046875
2 0.1171875 0.2041015625 0.1044921875 0.1455078125
2 0.390625 0.208984375 0.1123046875 0.142578125
2 0.1279296875 0.65625 0.1201171875 0.123046875
2 0.943359375 0.380859375 0.095703125 0.1201171875
2 0.55078125 0.111328125 0.099609375 0.134765625
2 0.57421875 0.419921875 0.083984375 0.0908203125
2 0.43359375 0.8134765625 0.095703125 0.1220703125
2 0.3828125 0.4375 0.103515625 0.1298828125
0 0.1142578125 0.4091796875 0.1044921875 0.1298828125
2 0.689453125 0.1640625 0.107421875 0.1171875
0 0.916015625 0.716796875 0.115234375 0.119140625
2 0.861328125 0.1904296875 0.103515625 0.0859375
0 0.740234375 0.7138671875 0.103515625 0.1064453125
0 0.75 0.4365234375 0.1015625 0.1376953125
2 0.8349609375 0.9287109375 0.111328125 0.125
0 0.462890625 0.6220703125 0.0986328125 0.126953125
2 0.2939453125 0.91796875 0.115234375 0.107421875