0 0.5107421875 0.6123046875 0.126953125 0.140625
0 0.060546875 0.4267578125 0.1201171875 0.1533203125
0 0.822265625 0.205078125 0.1279296875 0.1220703125
0 0.7314453125 0.5703125 0.1298828125 0.1484375
2 0.9111328125 0.431640625 0.1298828125 0.130859375
0 0.5634765625 0.818359375 0.1298828125 0.146484375
2 0.244140625 0.294921875 0.1142578125 0.134765625
2 0.1708984375 0.8642578125 0.154296875 0.1533203125
2 0.869140625 0.779296875 0.1171875 0.119140625
2 0.3310546875 0.9453125 0.1220703125 0.109375
2 0.0498046875 0.220703125 0.099609375 0.1611328125
2 0.333984375 0.4970703125 0.1064453125 0.1171875
2 0.7939453125 0.0458984375 0.115234375 0.091796875
2 0.6845703125 0.7705078125 0.109375 0.111328125
2 0.388671875 0.10546875 0.1044921875 0.1171875
2 0.1845703125 0.6396484375 0.142578125 0.140625
2 0.5791015625 0.3916015625 0.138671875 0.1591796875
0 0.369140625 0.6962890625 0.1123046875 0.1201171875
2 0.67578125 0.0576171875 0.1171875 0.115234375