0 0.583984375 0.5810546875 0.119140625 0.1376953125
0 0.802734375 0.873046875 0.1357421875 0.1533203125
0 0.232421875 0.6455078125 0.130859375 0.158203125
0 0.623046875 0.1572265625 0.125 0.140625
2 0.427734375 0.3154296875 0.1357421875 0.140625
2 0.880859375 0.419921875 0.111328125 0.126953125
2 0.107421875 0.396484375 0.123046875 0.1279296875
2 0.4462890625 0.099609375 0.1279296875 0.1171875
0 0.63671875 0.892578125 0.134765625 0.1455078125
0 0.2783203125 0.4814453125 0.123046875 0.1298828125
0 0.82421875 0.185546875 0.119140625 0.1533203125
0 0.267578125 0.193359375 0.1357421875 0.162109375
2 0.6826171875 0.416015625 0.1123046875 0.1279296875
0 0.0751953125 0.5966796875 0.1279296875 0.1279296875
2 0.896484375 0.662109375 0.126953125 0.140625
2 0.1025390625 0.802734375 0.1328125 0.138671875
2 0.2626953125 0.8505859375 0.1435546875 0.1640625
2 0.46484375 0.7578125 0.1123046875 0.1357421875
2 0.728515625 0.669921875 0.1298828125 0.1376953125
2 0.96875 0.255859375 0.0625 0.1689453125