0 0.318359375 0.3642578125 0.1123046875 0.111328125
2 0.8955078125 0.3681640625 0.1220703125 0.111328125
0 0.853515625 0.810546875 0.1123046875 0.126953125
2 0.6796875 0.642578125 0.109375 0.1201171875
2 0.083984375 0.80078125 0.1123046875 0.1669921875
0 0.408203125 0.876953125 0.1220703125 0.1435546875
2 0.7119140625 0.13671875 0.107421875 0.126953125
0 0.1689453125 0.453125 0.109375 0.1328125
2 0.357421875 0.607421875 0.103515625 0.126953125
2 0.8408203125 0.595703125 0.126953125 0.1142578125
2 0.9306640625 0.1494140625 0.0986328125 0.1171875
2 0.712890625 0.326171875 0.099609375 0.1142578125
2 0.12109375 0.291015625 0.0986328125 0.109375
2 0.6669921875 0.8359375 0.1123046875 0.134765625
2 0.1337890625 0.080078125 0.1220703125 0.119140625
2 0.3017578125 0.1455078125 0.0888671875 0.1123046875
2 0.529296875 0.48046875 0.142578125 0.1435546875
2 0.4990234375 0.275390625 0.095703125 0.103515625
2 0.5107421875 0.6923828125 0.107421875 0.125
0 0.240234375 0.802734375 0.1201171875 0.150390625