0 0.142578125 0.904296875 0.119140625 0.1142578125
0 0.310546875 0.9140625 0.099609375 0.115234375
2 0.6259765625 0.2265625 0.1044921875 0.1533203125
0 0.8125 0.693359375 0.125 0.1328125
0 0.6513671875 0.45703125 0.125 0.142578125
2 0.099609375 0.1328125 0.099609375 0.1279296875
0 0.455078125 0.7060546875 0.109375 0.1044921875
2 0.6123046875 0.791015625 0.1064453125 0.1171875
2 0.107421875 0.697265625 0.1123046875 0.123046875
2 0.134765625 0.416015625 0.0810546875 0.1201171875
0 0.9521484375 0.275390625 0.095703125 0.1328125
0 0.48046875 0.23828125 0.0986328125 0.1171875
2 0.25 0.111328125 0.126953125 0.115234375
2 0.298828125 0.6826171875 0.099609375 0.1376953125
2 0.7685546875 0.890625 0.091796875 0.091796875
0 0.791015625 0.224609375 0.111328125 0.1171875
0 0.9345703125 0.9091796875 0.0966796875 0.1044921875
2 0.86328125 0.490234375 0.09375 0.0830078125
0 0.353515625 0.453125 0.099609375 0.1435546875
0 0.4521484375 0.912109375 0.1064453125 0.126953125