2 0.93359375 0.6923828125 0.0966796875 0.1279296875
2 0.228515625 0.0546875 0.0966796875 0.109375
0 0.9423828125 0.119140625 0.115234375 0.1298828125
2 0.697265625 0.8642578125 0.09375 0.130859375
2 0.466796875 0.2734375 0.115234375 0.150390625
2 0.404296875 0.84765625 0.0908203125 0.1298828125
2 0.607421875 0.30078125 0.103515625 0.1279296875
0 0.482421875 0.537109375 0.1064453125 0.1123046875
2 0.09375 0.591796875 0.0986328125 0.109375
2 0.3505859375 0.1103515625 0.107421875 0.107421875
2 0.216796875 0.3447265625 0.1201171875 0.1328125
2 0.3193359375 0.5361328125 0.09375 0.154296875
0 0.6767578125 0.564453125 0.126953125 0.1435546875
2 0.552734375 0.869140625 0.1201171875 0.134765625
2 0.923828125 0.322265625 0.111328125 0.1484375
2 0.236328125 0.7744140625 0.103515625 0.138671875
2 0.7568359375 0.203125 0.123046875 0.115234375
2 0.541015625 0.08203125 0.125 0.138671875
2 0.880859375 0.88671875 0.099609375 0.1064453125
0 0.08984375 0.8515625 0.1142578125 0.138671875