2 0.4287109375 0.1103515625 0.091796875 0.1455078125
0 0.802734375 0.134765625 0.09375 0.1220703125
0 0.9384765625 0.5654296875 0.103515625 0.1044921875
0 0.4892578125 0.314453125 0.1142578125 0.1298828125
2 0.21875 0.220703125 0.130859375 0.146484375
2 0.71875 0.3916015625 0.0966796875 0.109375
2 0.392578125 0.638671875 0.0966796875 0.1328125
2 0.9287109375 0.798828125 0.1064453125 0.134765625
0 0.927734375 0.115234375 0.09375 0.115234375
2 0.1015625 0.8408203125 0.1044921875 0.111328125
0 0.7841796875 0.876953125 0.1064453125 0.1064453125
2 0.330078125 0.4248046875 0.095703125 0.0986328125
0 0.1767578125 0.431640625 0.1015625 0.123046875
2 0.119140625 0.611328125 0.1015625 0.125
0 0.578125 0.5234375 0.109375 0.119140625
2 0.7890625 0.5888671875 0.1044921875 0.107421875
2 0.8935546875 0.3798828125 0.0810546875 0.09375
2 0.560546875 0.869140625 0.0908203125 0.1044921875
2 0.2578125 0.837890625 0.0986328125 0.1201171875
2 0.6591796875 0.0869140625 0.0966796875 0.1171875