0 0.759765625 0.2529296875 0.1142578125 0.1201171875
2 0.130859375 0.916015625 0.115234375 0.1533203125
0 0.8056640625 0.50390625 0.1015625 0.119140625
2 0.0966796875 0.3896484375 0.1279296875 0.138671875
2 0.232421875 0.126953125 0.0966796875 0.1064453125
2 0.5458984375 0.642578125 0.1044921875 0.1220703125
0 0.8251953125 0.0615234375 0.1015625 0.1123046875
0 0.580078125 0.3486328125 0.1142578125 0.142578125
2 0.1015625 0.1611328125 0.099609375 0.109375
2 0.5703125 0.138671875 0.09375 0.0888671875
0 0.9033203125 0.2939453125 0.1142578125 0.1220703125
2 0.9619140625 0.7353515625 0.076171875 0.107421875
0 0.1142578125 0.6474609375 0.1142578125 0.1376953125
2 0.64453125 0.884765625 0.1171875 0.111328125
2 0.337890625 0.6787109375 0.0966796875 0.119140625
2 0.3251953125 0.353515625 0.1123046875 0.1435546875
2 0.498046875 0.8720703125 0.1064453125 0.154296875
2 0.79296875 0.728515625 0.0966796875 0.1015625
2 0.3388671875 0.8779296875 0.1064453125 0.1328125
0 0.390625 0.091796875 0.1064453125 0.1123046875