0 0.697265625 0.6123046875 0.1015625 0.099609375
2 0.123046875 0.6787109375 0.111328125 0.0986328125
0 0.111328125 0.2353515625 0.099609375 0.115234375
2 0.3037109375 0.3798828125 0.0966796875 0.109375
2 0.876953125 0.150390625 0.095703125 0.15625
0 0.544921875 0.115234375 0.1064453125 0.130859375
2 0.333984375 0.88671875 0.095703125 0.115234375
0 0.833984375 0.505859375 0.095703125 0.1220703125
2 0.6279296875 0.3759765625 0.0908203125 0.1171875
2 0.150390625 0.447265625 0.115234375 0.099609375
2 0.115234375 0.900390625 0.0859375 0.107421875
2 0.3095703125 0.69921875 0.0888671875 0.1044921875
2 0.9013671875 0.662109375 0.087890625 0.099609375
2 0.29296875 0.1865234375 0.0986328125 0.123046875
2 0.9150390625 0.873046875 0.111328125 0.1064453125
2 0.740234375 0.828125 0.076171875 0.1044921875
2 0.4736328125 0.5224609375 0.126953125 0.1298828125
2 0.5283203125 0.72265625 0.0859375 0.09375
2 0.4658203125 0.310546875 0.095703125 0.1142578125
0 0.720703125 0.1669921875 0.103515625 0.138671875