0 0.8916015625 0.5029296875 0.119140625 0.1435546875
2 0.658203125 0.845703125 0.125 0.1298828125
0 0.80078125 0.0556640625 0.111328125 0.111328125
2 0.21484375 0.1201171875 0.1220703125 0.125
0 0.365234375 0.13671875 0.109375 0.1171875
0 0.677734375 0.58203125 0.1142578125 0.115234375
2 0.8623046875 0.259765625 0.1171875 0.1513671875
0 0.0751953125 0.2001953125 0.1171875 0.123046875
0 0.486328125 0.830078125 0.119140625 0.134765625
0 0.267578125 0.369140625 0.1123046875 0.111328125
2 0.115234375 0.52734375 0.1220703125 0.1533203125
2 0.44921875 0.5693359375 0.115234375 0.1357421875
2 0.2744140625 0.7109375 0.1044921875 0.1142578125
2 0.32421875 0.9228515625 0.126953125 0.154296875
0 0.150390625 0.923828125 0.125 0.138671875
0 0.9462890625 0.7275390625 0.107421875 0.126953125
0 0.724609375 0.3671875 0.115234375 0.126953125
0 0.529296875 0.337890625 0.115234375 0.146484375
2 0.8017578125 0.7890625 0.1298828125 0.1357421875
0 0.53515625 0.0673828125 0.1142578125 0.134765625