0 0.7041015625 0.3271484375 0.111328125 0.1171875
0 0.134765625 0.42578125 0.1171875 0.1123046875
0 0.65625 0.1162109375 0.0908203125 0.130859375
0 0.3193359375 0.576171875 0.095703125 0.125
0 0.099609375 0.634765625 0.0986328125 0.1298828125
0 0.478515625 0.3486328125 0.111328125 0.1171875
0 0.48046875 0.5693359375 0.0986328125 0.1279296875
2 0.869140625 0.337890625 0.1123046875 0.095703125
0 0.279296875 0.2626953125 0.1064453125 0.126953125
2 0.794921875 0.1376953125 0.099609375 0.1123046875
0 0.134765625 0.197265625 0.103515625 0.125
2 0.880859375 0.8779296875 0.0986328125 0.1064453125
0 0.8818359375 0.7041015625 0.0986328125 0.140625
0 0.8544921875 0.5107421875 0.0986328125 0.09375
2 0.689453125 0.755859375 0.099609375 0.140625
2 0.09375 0.869140625 0.115234375 0.138671875
0 0.4912109375 0.115234375 0.119140625 0.134765625
2 0.328125 0.845703125 0.1044921875 0.1201171875
2 0.671875 0.5732421875 0.1220703125 0.125
2 0.505859375 0.9189453125 0.0966796875 0.1064453125