0 0.4375 0.130859375 0.107421875 0.126953125
2 0.9228515625 0.1396484375 0.0908203125 0.1220703125
2 0.2939453125 0.5986328125 0.1044921875 0.1015625
0 0.611328125 0.5595703125 0.1064453125 0.123046875
0 0.474609375 0.40234375 0.095703125 0.1142578125
2 0.66015625 0.900390625 0.099609375 0.1044921875
2 0.2060546875 0.1279296875 0.109375 0.146484375
2 0.322265625 0.822265625 0.095703125 0.1015625
2 0.6083984375 0.177734375 0.0908203125 0.115234375
2 0.8759765625 0.935546875 0.1064453125 0.107421875
0 0.8408203125 0.748046875 0.1015625 0.103515625
2 0.2333984375 0.357421875 0.09375 0.1171875
2 0.158203125 0.9306640625 0.103515625 0.130859375
2 0.783203125 0.40234375 0.0810546875 0.107421875
2 0.947265625 0.4658203125 0.1044921875 0.138671875
2 0.5087890625 0.7958984375 0.109375 0.1357421875
2 0.0693359375 0.5615234375 0.087890625 0.0859375
2 0.095703125 0.365234375 0.109375 0.1220703125
0 0.447265625 0.6064453125 0.09375 0.115234375
0 0.7841796875 0.1083984375 0.1015625 0.158203125