0 0.4033203125 0.845703125 0.1142578125 0.1357421875
0 0.2265625 0.876953125 0.107421875 0.15625
0 0.0556640625 0.8408203125 0.0986328125 0.1279296875
0 0.6943359375 0.560546875 0.1123046875 0.1328125
0 0.849609375 0.513671875 0.115234375 0.154296875
0 0.708984375 0.125 0.107421875 0.142578125
0 0.4736328125 0.318359375 0.1123046875 0.123046875
0 0.345703125 0.14453125 0.1044921875 0.146484375
0 0.23828125 0.4013671875 0.1123046875 0.1123046875
0 0.1015625 0.388671875 0.109375 0.142578125
2 0.787109375 0.8857421875 0.103515625 0.119140625
2 0.55859375 0.85546875 0.1123046875 0.1123046875
2 0.15234375 0.6552734375 0.087890625 0.119140625
2 0.7119140625 0.3056640625 0.0986328125 0.103515625
2 0.88671875 0.2685546875 0.103515625 0.1298828125
2 0.876953125 0.0888671875 0.0986328125 0.1123046875
2 0.134765625 0.212890625 0.0966796875 0.1376953125
0 0.4833984375 0.607421875 0.1044921875 0.134765625
0 0.51953125 0.10546875 0.1123046875 0.130859375
0 0.32421875 0.63671875 0.099609375 0.1591796875