2 0.572265625 0.861328125 0.126953125 0.1123046875
0 0.888671875 0.1513671875 0.1044921875 0.123046875
2 0.259765625 0.10546875 0.111328125 0.123046875
0 0.3046875 0.4853515625 0.0888671875 0.0966796875
2 0.2001953125 0.91796875 0.095703125 0.099609375
2 0.8623046875 0.8037109375 0.103515625 0.1044921875
0 0.474609375 0.255859375 0.0986328125 0.1171875
0 0.3173828125 0.318359375 0.1015625 0.1015625
2 0.876953125 0.349609375 0.0888671875 0.125
2 0.9306640625 0.564453125 0.0986328125 0.099609375
0 0.0869140625 0.271484375 0.107421875 0.1142578125
2 0.1572265625 0.439453125 0.1064453125 0.111328125
2 0.427734375 0.943359375 0.1142578125 0.0986328125
2 0.287109375 0.697265625 0.107421875 0.111328125
2 0.4453125 0.6689453125 0.1328125 0.1220703125
0 0.4462890625 0.470703125 0.109375 0.1064453125
2 0.6279296875 0.181640625 0.1142578125 0.1171875
0 0.78515625 0.556640625 0.1044921875 0.119140625
2 0.615234375 0.4912109375 0.1064453125 0.134765625