0 0.8916015625 0.5107421875 0.1220703125 0.146484375
2 0.669921875 0.16015625 0.1279296875 0.1328125
0 0.78515625 0.9482421875 0.1142578125 0.103515625
2 0.2021484375 0.869140625 0.125 0.1279296875
0 0.3525390625 0.857421875 0.1123046875 0.1201171875
0 0.681640625 0.423828125 0.1171875 0.119140625
2 0.853515625 0.751953125 0.1201171875 0.1533203125
0 0.064453125 0.7841796875 0.1201171875 0.126953125
0 0.498046875 0.169921875 0.1220703125 0.1376953125
0 0.263671875 0.623046875 0.115234375 0.1142578125
2 0.1171875 0.458984375 0.125 0.15625
2 0.451171875 0.4287109375 0.119140625 0.1376953125
2 0.28125 0.28125 0.107421875 0.1171875
2 0.3388671875 0.076171875 0.130859375 0.1513671875
0 0.166015625 0.0673828125 0.1279296875 0.134765625
0 0.9482421875 0.2880859375 0.103515625 0.1298828125
0 0.7197265625 0.640625 0.119140625 0.1298828125
0 0.5234375 0.6630859375 0.119140625 0.150390625
2 0.810546875 0.220703125 0.1328125 0.138671875
0 0.51953125 0.9326171875 0.1171875 0.134765625