0 0.3095703125 0.544921875 0.111328125 0.1279296875
0 0.24609375 0.77734375 0.130859375 0.140625
0 0.728515625 0.734375 0.140625 0.1484375
2 0.158203125 0.560546875 0.123046875 0.1435546875
2 0.2626953125 0.201171875 0.109375 0.134765625
2 0.1455078125 0.123046875 0.140625 0.166015625
2 0.1162109375 0.3603515625 0.1220703125 0.1171875
2 0.5693359375 0.7080078125 0.125 0.134765625
2 0.583984375 0.4052734375 0.1220703125 0.1298828125
0 0.7548828125 0.9384765625 0.138671875 0.123046875
2 0.0673828125 0.7998046875 0.125 0.1279296875
2 0.3740234375 0.8828125 0.1376953125 0.146484375
0 0.5625 0.8974609375 0.119140625 0.134765625
2 0.4541015625 0.33203125 0.1171875 0.1328125
2 0.4306640625 0.6103515625 0.115234375 0.123046875
2 0.4951171875 0.115234375 0.125 0.1689453125
2 0.640625 0.1884765625 0.0966796875 0.1142578125
2 0.904296875 0.552734375 0.1533203125 0.1689453125
2 0.71875 0.525390625 0.1201171875 0.126953125
0 0.91796875 0.29296875 0.126953125 0.140625