0 0.7734375 0.2314453125 0.115234375 0.138671875
0 0.283203125 0.123046875 0.125 0.123046875
0 0.5322265625 0.3408203125 0.140625 0.154296875
0 0.3203125 0.552734375 0.123046875 0.1357421875
2 0.935546875 0.255859375 0.111328125 0.1220703125
0 0.7109375 0.6591796875 0.111328125 0.1376953125
2 0.5517578125 0.8857421875 0.1044921875 0.115234375
2 0.3974609375 0.783203125 0.109375 0.115234375
0 0.0546875 0.591796875 0.109375 0.1591796875
2 0.7177734375 0.9482421875 0.123046875 0.103515625
2 0.173828125 0.755859375 0.1123046875 0.1328125
0 0.1025390625 0.4169921875 0.142578125 0.150390625
2 0.51171875 0.09765625 0.146484375 0.158203125
2 0.548828125 0.5478515625 0.1064453125 0.111328125
2 0.783203125 0.470703125 0.1455078125 0.1513671875
2 0.111328125 0.1396484375 0.1123046875 0.1220703125
2 0.0205078125 0.8154296875 0.041015625 0.146484375
0 0.642578125 0.142578125 0.125 0.1357421875
0 0.8466796875 0.7646484375 0.1298828125 0.150390625
2 0.3583984375 0.32421875 0.1142578125 0.1484375