0 0.9228515625 0.2265625 0.1171875 0.115234375
0 0.4775390625 0.236328125 0.1220703125 0.140625
2 0.7333984375 0.90234375 0.134765625 0.150390625
0 0.693359375 0.65234375 0.1328125 0.1357421875
0 0.197265625 0.6865234375 0.1279296875 0.134765625
2 0.576171875 0.8984375 0.107421875 0.1201171875
2 0.1826171875 0.068359375 0.115234375 0.1357421875
0 0.416015625 0.734375 0.1298828125 0.1591796875
0 0.04296875 0.74609375 0.0859375 0.123046875
0 0.8505859375 0.681640625 0.1328125 0.134765625
0 0.76953125 0.4228515625 0.1015625 0.115234375
2 0.9033203125 0.478515625 0.1201171875 0.123046875
0 0.359375 0.0478515625 0.115234375 0.095703125
0 0.0537109375 0.552734375 0.107421875 0.130859375
2 0.7490234375 0.2353515625 0.1201171875 0.1142578125
2 0.140625 0.330078125 0.142578125 0.1689453125
0 0.2470703125 0.484375 0.115234375 0.134765625
0 0.431640625 0.4990234375 0.1171875 0.1357421875
0 0.2763671875 0.302734375 0.1376953125 0.1611328125
0 0.6220703125 0.412109375 0.107421875 0.123046875