0 0.7607421875 0.873046875 0.0986328125 0.1123046875
0 0.123046875 0.560546875 0.1142578125 0.1142578125
2 0.84765625 0.677734375 0.0966796875 0.126953125
0 0.619140625 0.40625 0.1044921875 0.103515625
0 0.1357421875 0.083984375 0.099609375 0.1064453125
0 0.873046875 0.330078125 0.099609375 0.1298828125
0 0.794921875 0.138671875 0.1064453125 0.1298828125
0 0.31640625 0.0751953125 0.095703125 0.1142578125
0 0.423828125 0.7783203125 0.107421875 0.1142578125
0 0.623046875 0.2236328125 0.103515625 0.140625
0 0.26171875 0.681640625 0.1064453125 0.125
2 0.2763671875 0.44921875 0.0986328125 0.099609375
0 0.3212890625 0.25390625 0.095703125 0.125
2 0.916015625 0.8681640625 0.0908203125 0.1328125
2 0.1220703125 0.751953125 0.1064453125 0.109375
0 0.4677734375 0.1962890625 0.0966796875 0.1015625
2 0.6162109375 0.873046875 0.0986328125 0.1279296875
0 0.130859375 0.2578125 0.111328125 0.130859375
2 0.6181640625 0.638671875 0.126953125 0.1357421875
2 0.466796875 0.5888671875 0.1142578125 0.1357421875