0 0.4267578125 0.501953125 0.095703125 0.09375
0 0.9111328125 0.140625 0.1328125 0.123046875
0 0.560546875 0.2080078125 0.1171875 0.1171875
2 0.75390625 0.853515625 0.0966796875 0.119140625
2 0.11328125 0.8916015625 0.1142578125 0.1201171875
0 0.09765625 0.1552734375 0.1201171875 0.130859375
2 0.443359375 0.6669921875 0.0908203125 0.0859375
2 0.7421875 0.3271484375 0.0966796875 0.123046875
2 0.9365234375 0.8564453125 0.1220703125 0.125
0 0.330078125 0.244140625 0.1015625 0.115234375
2 0.587890625 0.408203125 0.0908203125 0.1201171875
0 0.4208984375 0.912109375 0.125 0.140625
2 0.267578125 0.6513671875 0.087890625 0.1220703125
0 0.896484375 0.6357421875 0.1142578125 0.111328125
0 0.6591796875 0.5947265625 0.115234375 0.1298828125
2 0.287109375 0.41796875 0.1015625 0.1201171875
2 0.7421875 0.0986328125 0.1044921875 0.138671875
2 0.572265625 0.859375 0.125 0.140625
2 0.9287109375 0.439453125 0.099609375 0.0986328125
2 0.1064453125 0.509765625 0.123046875 0.154296875