0 0.109375 0.9384765625 0.109375 0.123046875
0 0.107421875 0.41796875 0.1171875 0.142578125
2 0.869140625 0.240234375 0.107421875 0.1064453125
0 0.744140625 0.849609375 0.1015625 0.1142578125
2 0.513671875 0.142578125 0.1220703125 0.1513671875
0 0.169921875 0.1396484375 0.109375 0.1201171875
0 0.5556640625 0.443359375 0.1142578125 0.1201171875
0 0.712890625 0.1875 0.109375 0.109375
2 0.9111328125 0.6376953125 0.111328125 0.107421875
2 0.591796875 0.9052734375 0.0986328125 0.123046875
0 0.4384765625 0.927734375 0.109375 0.1171875
2 0.9287109375 0.861328125 0.0966796875 0.1064453125
0 0.263671875 0.8212890625 0.119140625 0.123046875
0 0.931640625 0.416015625 0.111328125 0.142578125
2 0.298828125 0.529296875 0.09375 0.0908203125
2 0.7294921875 0.4091796875 0.095703125 0.095703125
2 0.775390625 0.634765625 0.0888671875 0.1357421875
0 0.3251953125 0.1796875 0.103515625 0.1123046875
2 0.5439453125 0.65234375 0.1044921875 0.1123046875
0 0.111328125 0.630859375 0.107421875 0.1220703125