0 0.6162109375 0.896484375 0.109375 0.119140625
0 0.232421875 0.859375 0.1123046875 0.1123046875
2 0.0634765625 0.6318359375 0.1015625 0.111328125
0 0.716796875 0.365234375 0.107421875 0.1123046875
2 0.7021484375 0.126953125 0.125 0.1279296875
2 0.3720703125 0.287109375 0.1015625 0.1220703125
0 0.515625 0.3798828125 0.111328125 0.1298828125
0 0.416015625 0.677734375 0.107421875 0.103515625
0 0.837890625 0.904296875 0.1220703125 0.1376953125
0 0.880859375 0.6044921875 0.1142578125 0.1435546875
0 0.4765625 0.916015625 0.099609375 0.125
2 0.533203125 0.1201171875 0.1171875 0.1455078125
2 0.341796875 0.501953125 0.1064453125 0.0966796875
0 0.5732421875 0.6259765625 0.1171875 0.1142578125
0 0.2001953125 0.322265625 0.111328125 0.1171875
2 0.923828125 0.158203125 0.0888671875 0.109375
2 0.115234375 0.1162109375 0.1015625 0.1201171875
2 0.919921875 0.380859375 0.099609375 0.123046875
0 0.228515625 0.638671875 0.115234375 0.142578125