0 0.599609375 0.244140625 0.0859375 0.09375
2 0.44921875 0.82421875 0.109375 0.119140625
0 0.0888671875 0.408203125 0.1044921875 0.1171875
0 0.8291015625 0.8203125 0.1044921875 0.119140625
0 0.255859375 0.912109375 0.109375 0.107421875
0 0.29296875 0.6240234375 0.111328125 0.1298828125
2 0.7529296875 0.1220703125 0.087890625 0.107421875
2 0.4716796875 0.5751953125 0.1015625 0.0986328125
0 0.927734375 0.150390625 0.119140625 0.125
2 0.111328125 0.646484375 0.1015625 0.0986328125
2 0.875 0.6181640625 0.1044921875 0.1220703125
0 0.201171875 0.2236328125 0.0986328125 0.130859375
2 0.2490234375 0.447265625 0.099609375 0.109375
2 0.787109375 0.3212890625 0.0888671875 0.109375
2 0.455078125 0.3369140625 0.111328125 0.123046875
2 0.650390625 0.666015625 0.109375 0.1142578125
2 0.091796875 0.8740234375 0.125 0.087890625
2 0.6396484375 0.8671875 0.109375 0.109375
0 0.6044921875 0.4169921875 0.0986328125 0.126953125
2 0.34375 0.142578125 0.109375 0.1435546875