0 0.287109375 0.2802734375 0.109375 0.1123046875
0 0.544921875 0.6474609375 0.1015625 0.0986328125
2 0.8642578125 0.1318359375 0.115234375 0.142578125
2 0.716796875 0.529296875 0.0986328125 0.123046875
0 0.1328125 0.134765625 0.0966796875 0.125
0 0.3505859375 0.677734375 0.1142578125 0.111328125
0 0.8544921875 0.837890625 0.1171875 0.109375
0 0.6552734375 0.34375 0.0966796875 0.123046875
0 0.865234375 0.587890625 0.1015625 0.126953125
2 0.26171875 0.462890625 0.103515625 0.1064453125
0 0.8818359375 0.4130859375 0.0986328125 0.109375
0 0.654296875 0.142578125 0.111328125 0.109375
2 0.5009765625 0.919921875 0.0966796875 0.140625
0 0.1025390625 0.5791015625 0.1015625 0.125
2 0.5087890625 0.4248046875 0.0888671875 0.107421875
2 0.130859375 0.365234375 0.095703125 0.1171875
2 0.107421875 0.9287109375 0.1123046875 0.1201171875
0 0.705078125 0.7822265625 0.107421875 0.1484375
2 0.4365234375 0.142578125 0.109375 0.126953125
2 0.328125 0.833984375 0.1123046875 0.126953125