0 0.0400390625 0.8291015625 0.080078125 0.142578125
0 0.9462890625 0.228515625 0.107421875 0.1220703125
2 0.5087890625 0.822265625 0.1171875 0.138671875
2 0.8779296875 0.640625 0.1171875 0.1376953125
0 0.185546875 0.0537109375 0.1279296875 0.107421875
2 0.8759765625 0.9287109375 0.1201171875 0.142578125
0 0.361328125 0.05078125 0.1142578125 0.1015625
0 0.7568359375 0.142578125 0.123046875 0.1201171875
0 0.2158203125 0.84765625 0.1044921875 0.1142578125
0 0.873046875 0.3818359375 0.1298828125 0.1533203125
0 0.720703125 0.326171875 0.130859375 0.1591796875
0 0.1279296875 0.2177734375 0.115234375 0.123046875
2 0.2568359375 0.61328125 0.1123046875 0.1328125
0 0.275390625 0.3720703125 0.1171875 0.142578125
0 0.080078125 0.416015625 0.1279296875 0.1298828125
0 0.65234375 0.576171875 0.125 0.15625
2 0.072265625 0.625 0.1220703125 0.125
0 0.701171875 0.8974609375 0.109375 0.1279296875
0 0.5869140625 0.1259765625 0.109375 0.1279296875
2 0.5029296875 0.44140625 0.1220703125 0.154296875