0 0.390625 0.7021484375 0.138671875 0.1279296875
2 0.0751953125 0.2265625 0.1064453125 0.099609375
2 0.2763671875 0.908203125 0.107421875 0.125
2 0.6650390625 0.359375 0.1142578125 0.1484375
0 0.4619140625 0.306640625 0.1123046875 0.115234375
2 0.115234375 0.9189453125 0.1044921875 0.1455078125
0 0.76171875 0.54296875 0.099609375 0.1064453125
0 0.8359375 0.7294921875 0.1220703125 0.130859375
0 0.12109375 0.619140625 0.1201171875 0.1484375
2 0.92578125 0.4443359375 0.1455078125 0.130859375
2 0.4755859375 0.912109375 0.1044921875 0.1123046875
2 0.8271484375 0.2392578125 0.1142578125 0.1328125
2 0.5810546875 0.6220703125 0.1279296875 0.150390625
2 0.119140625 0.4296875 0.0986328125 0.1357421875
0 0.5791015625 0.0703125 0.109375 0.126953125
2 0.259765625 0.458984375 0.119140625 0.125
2 0.2197265625 0.0966796875 0.109375 0.1171875
2 0.82421875 0.0791015625 0.091796875 0.099609375
0 0.6513671875 0.8291015625 0.1201171875 0.146484375
2 0.2978515625 0.279296875 0.1171875 0.1455078125