0 0.404296875 0.861328125 0.1064453125 0.1142578125
0 0.849609375 0.609375 0.1044921875 0.1064453125
0 0.587890625 0.3876953125 0.095703125 0.1279296875
2 0.904296875 0.384765625 0.091796875 0.1328125
2 0.1025390625 0.1728515625 0.103515625 0.119140625
0 0.548828125 0.8349609375 0.0986328125 0.109375
2 0.4111328125 0.654296875 0.0966796875 0.1328125
2 0.080078125 0.81640625 0.095703125 0.1171875
2 0.1064453125 0.59375 0.0908203125 0.123046875
0 0.9013671875 0.111328125 0.09375 0.0986328125
2 0.4150390625 0.11328125 0.0966796875 0.1044921875
2 0.703125 0.841796875 0.095703125 0.1015625
2 0.1103515625 0.412109375 0.095703125 0.142578125
0 0.275390625 0.306640625 0.109375 0.1220703125
0 0.9013671875 0.8671875 0.095703125 0.1220703125
2 0.7255859375 0.1875 0.087890625 0.107421875
2 0.5576171875 0.107421875 0.1015625 0.1328125
0 0.447265625 0.45703125 0.0986328125 0.140625
2 0.654296875 0.5859375 0.095703125 0.107421875
2 0.2353515625 0.798828125 0.0966796875 0.1376953125