2 0.8662109375 0.6865234375 0.1220703125 0.130859375
0 0.111328125 0.2548828125 0.1220703125 0.146484375
0 0.076171875 0.44140625 0.1201171875 0.146484375
0 0.2958984375 0.08984375 0.138671875 0.1435546875
2 0.556640625 0.46875 0.1123046875 0.138671875
0 0.220703125 0.6201171875 0.107421875 0.134765625
0 0.611328125 0.767578125 0.1220703125 0.1171875
2 0.080078125 0.646484375 0.103515625 0.1279296875
2 0.1640625 0.06640625 0.109375 0.1328125
2 0.8076171875 0.4052734375 0.1171875 0.126953125
2 0.453125 0.1025390625 0.130859375 0.1435546875
2 0.23828125 0.314453125 0.1171875 0.140625
0 0.41796875 0.6220703125 0.1279296875 0.126953125
2 0.404296875 0.90234375 0.1015625 0.1220703125
2 0.5576171875 0.9462890625 0.1044921875 0.107421875
0 0.8056640625 0.212890625 0.1123046875 0.125
2 0.2138671875 0.779296875 0.09375 0.095703125
0 0.6015625 0.248046875 0.126953125 0.126953125
0 0.775390625 0.91796875 0.1123046875 0.1220703125
2 0.37109375 0.4482421875 0.1220703125 0.119140625