0 0.681640625 0.3037109375 0.125 0.1298828125
0 0.12890625 0.470703125 0.1298828125 0.125
0 0.6083984375 0.099609375 0.1044921875 0.140625
0 0.330078125 0.59765625 0.109375 0.1357421875
0 0.119140625 0.681640625 0.1123046875 0.140625
0 0.4599609375 0.3525390625 0.125 0.1298828125
0 0.4892578125 0.5712890625 0.1142578125 0.138671875
2 0.8466796875 0.2939453125 0.1220703125 0.107421875
0 0.251953125 0.291015625 0.1201171875 0.138671875
2 0.7490234375 0.103515625 0.1123046875 0.123046875
0 0.1005859375 0.244140625 0.1171875 0.1357421875
2 0.923828125 0.8291015625 0.109375 0.1171875
0 0.904296875 0.6552734375 0.115234375 0.1533203125
0 0.853515625 0.4677734375 0.109375 0.1044921875
2 0.71875 0.7314453125 0.115234375 0.1513671875
2 0.142578125 0.916015625 0.130859375 0.1513671875
0 0.4443359375 0.119140625 0.134765625 0.1484375
2 0.3720703125 0.865234375 0.119140625 0.130859375
2 0.6796875 0.5517578125 0.1357421875 0.138671875
2 0.556640625 0.9150390625 0.109375 0.1171875