0 0.5419921875 0.802734375 0.1142578125 0.125
0 0.724609375 0.8740234375 0.109375 0.1455078125
0 0.875 0.8671875 0.091796875 0.1484375
0 0.7197265625 0.6640625 0.1064453125 0.1484375
0 0.5341796875 0.580078125 0.103515625 0.140625
0 0.2958984375 0.5234375 0.1123046875 0.140625
0 0.564453125 0.40625 0.103515625 0.142578125
0 0.83984375 0.384765625 0.109375 0.146484375
0 0.595703125 0.123046875 0.111328125 0.130859375
0 0.416015625 0.07421875 0.1328125 0.1376953125
0 0.318359375 0.2451171875 0.1064453125 0.142578125
0 0.1826171875 0.2744140625 0.1123046875 0.1328125
2 0.376953125 0.875 0.111328125 0.1279296875
2 0.197265625 0.896484375 0.1015625 0.154296875
2 0.23046875 0.6953125 0.1044921875 0.1298828125
2 0.154296875 0.521484375 0.115234375 0.138671875
2 0.28125 0.076171875 0.109375 0.1513671875
2 0.767578125 0.119140625 0.1220703125 0.125
2 0.9326171875 0.1171875 0.1201171875 0.1328125
2 0.8955078125 0.638671875 0.115234375 0.119140625