0 0.650390625 0.7080078125 0.1220703125 0.1220703125
0 0.177734375 0.201171875 0.130859375 0.173828125
0 0.818359375 0.5498046875 0.138671875 0.150390625
0 0.3271484375 0.3955078125 0.109375 0.1376953125
0 0.634765625 0.935546875 0.103515625 0.1279296875
0 0.666015625 0.154296875 0.1142578125 0.115234375
0 0.2783203125 0.6279296875 0.1142578125 0.1357421875
0 0.1884765625 0.8203125 0.130859375 0.130859375
0 0.8291015625 0.169921875 0.126953125 0.154296875
2 0.4111328125 0.853515625 0.1328125 0.125
2 0.0546875 0.73046875 0.109375 0.142578125
0 0.8359375 0.962890625 0.1220703125 0.0732421875
2 0.841796875 0.767578125 0.111328125 0.134765625
2 0.5 0.607421875 0.099609375 0.126953125
2 0.5029296875 0.20703125 0.1142578125 0.1279296875
2 0.7802734375 0.365234375 0.0986328125 0.130859375
2 0.9091796875 0.365234375 0.130859375 0.154296875
0 0.5400390625 0.4423828125 0.134765625 0.146484375
0 0.359375 0.0986328125 0.1142578125 0.142578125
0 0.1044921875 0.4091796875 0.123046875 0.150390625