2 0.1044921875 0.87890625 0.125 0.119140625
0 0.8857421875 0.9404296875 0.1279296875 0.119140625
0 0.919921875 0.67578125 0.126953125 0.119140625
0 0.7236328125 0.861328125 0.126953125 0.1376953125
0 0.451171875 0.3818359375 0.1171875 0.1435546875
0 0.9208984375 0.1552734375 0.126953125 0.1376953125
0 0.572265625 0.8759765625 0.115234375 0.1435546875
2 0.2353515625 0.693359375 0.115234375 0.1123046875
2 0.4755859375 0.1748046875 0.107421875 0.142578125
0 0.4091796875 0.7080078125 0.123046875 0.1201171875
2 0.5634765625 0.65234375 0.1279296875 0.1328125
0 0.357421875 0.8896484375 0.1044921875 0.119140625
0 0.3017578125 0.400390625 0.1220703125 0.150390625
2 0.6484375 0.388671875 0.1279296875 0.162109375
0 0.087890625 0.6083984375 0.125 0.138671875
0 0.91796875 0.3828125 0.1201171875 0.1220703125
0 0.1826171875 0.08984375 0.111328125 0.1376953125
0 0.6826171875 0.1689453125 0.1123046875 0.1435546875
2 0.1455078125 0.3203125 0.1279296875 0.146484375
0 0.765625 0.6826171875 0.115234375 0.1279296875