0 0.6806640625 0.0634765625 0.1201171875 0.126953125
0 0.9462890625 0.794921875 0.107421875 0.13671875
0 0.5302734375 0.4658203125 0.1220703125 0.1220703125
2 0.1787109375 0.4453125 0.1298828125 0.146484375
2 0.716796875 0.841796875 0.1123046875 0.154296875
2 0.611328125 0.2275390625 0.119140625 0.1328125
0 0.7041015625 0.515625 0.134765625 0.138671875
2 0.86328125 0.1953125 0.142578125 0.1435546875
2 0.1357421875 0.783203125 0.1220703125 0.119140625
0 0.87890625 0.615234375 0.111328125 0.119140625
2 0.2783203125 0.7236328125 0.126953125 0.130859375
0 0.498046875 0.0869140625 0.123046875 0.1279296875
0 0.255859375 0.2255859375 0.1123046875 0.1142578125
2 0.060546875 0.150390625 0.12109375 0.15625
2 0.34765625 0.4248046875 0.125 0.123046875
0 0.4482421875 0.666015625 0.134765625 0.1591796875
0 0.2041015625 0.9453125 0.1201171875 0.109375
0 0.3876953125 0.919921875 0.111328125 0.126953125
0 0.056640625 0.4521484375 0.1123046875 0.1484375
0 0.8623046875 0.4384765625 0.1357421875 0.1533203125