2 0.8486328125 0.9521484375 0.119140625 0.095703125
2 0.8994140625 0.328125 0.142578125 0.1455078125
0 0.708984375 0.71875 0.123046875 0.1220703125
0 0.7060546875 0.9365234375 0.1142578125 0.1142578125
0 0.1162109375 0.5302734375 0.1376953125 0.1328125
2 0.91015625 0.61328125 0.1201171875 0.119140625
0 0.8427734375 0.7890625 0.1142578125 0.1171875
0 0.412109375 0.78125 0.1142578125 0.1298828125
0 0.189453125 0.833984375 0.109375 0.1142578125
0 0.052734375 0.814453125 0.1044921875 0.125
2 0.474609375 0.2451171875 0.130859375 0.1591796875
2 0.6162109375 0.263671875 0.1201171875 0.1513671875
2 0.712890625 0.5126953125 0.1298828125 0.15625
2 0.146484375 0.0986328125 0.123046875 0.134765625
2 0.271484375 0.3505859375 0.099609375 0.126953125
2 0.56640625 0.888671875 0.095703125 0.109375
0 0.2724609375 0.6533203125 0.1171875 0.1328125
2 0.5068359375 0.595703125 0.142578125 0.1435546875
2 0.107421875 0.3701171875 0.1279296875 0.130859375
0 0.3349609375 0.083984375 0.123046875 0.1328125