0 0.7890625 0.9189453125 0.1015625 0.103515625
2 0.904296875 0.1357421875 0.1279296875 0.1298828125
2 0.291015625 0.916015625 0.1123046875 0.103515625
0 0.072265625 0.55078125 0.091796875 0.1298828125
0 0.666015625 0.48828125 0.109375 0.1123046875
2 0.8994140625 0.337890625 0.109375 0.1142578125
0 0.3046875 0.130859375 0.1142578125 0.1142578125
2 0.255859375 0.712890625 0.087890625 0.1171875
2 0.84375 0.564453125 0.109375 0.126953125
0 0.8876953125 0.740234375 0.1123046875 0.126953125
0 0.154296875 0.322265625 0.1220703125 0.140625
0 0.5927734375 0.275390625 0.1044921875 0.1171875
2 0.5185546875 0.9384765625 0.1171875 0.1044921875
2 0.087890625 0.919921875 0.103515625 0.1171875
0 0.0869140625 0.103515625 0.107421875 0.1064453125
2 0.0751953125 0.7353515625 0.099609375 0.125
2 0.431640625 0.3857421875 0.1142578125 0.119140625
0 0.703125 0.7216796875 0.1201171875 0.1455078125
2 0.421875 0.58203125 0.0986328125 0.123046875
0 0.767578125 0.216796875 0.0986328125 0.115234375