0 0.708984375 0.537109375 0.099609375 0.103515625
2 0.845703125 0.8642578125 0.1123046875 0.1123046875
0 0.666015625 0.123046875 0.1123046875 0.115234375
0 0.7001953125 0.3193359375 0.09375 0.1328125
0 0.146484375 0.1572265625 0.1015625 0.119140625
2 0.9169921875 0.1416015625 0.1015625 0.123046875
2 0.326171875 0.318359375 0.103515625 0.1171875
2 0.900390625 0.341796875 0.0986328125 0.1142578125
2 0.3486328125 0.4873046875 0.091796875 0.1201171875
2 0.890625 0.5634765625 0.09375 0.1123046875
2 0.4892578125 0.7041015625 0.103515625 0.1201171875
0 0.298828125 0.8212890625 0.1142578125 0.1220703125
2 0.52734375 0.52734375 0.083984375 0.0986328125
2 0.537109375 0.9365234375 0.123046875 0.126953125
2 0.4921875 0.20703125 0.0966796875 0.1298828125
2 0.306640625 0.126953125 0.1171875 0.1357421875
0 0.087890625 0.583984375 0.1064453125 0.1220703125
0 0.10546875 0.771484375 0.1015625 0.1298828125
2 0.197265625 0.357421875 0.1044921875 0.1171875
0 0.6728515625 0.744140625 0.0986328125 0.1328125