0 0.267578125 0.134765625 0.1044921875 0.1142578125
0 0.630859375 0.119140625 0.1279296875 0.1328125
2 0.8740234375 0.1943359375 0.130859375 0.1328125
2 0.15234375 0.9453125 0.123046875 0.109375
2 0.669921875 0.587890625 0.1123046875 0.1220703125
2 0.076171875 0.140625 0.1201171875 0.1171875
0 0.8095703125 0.8525390625 0.1044921875 0.1298828125
2 0.580078125 0.884765625 0.107421875 0.126953125
0 0.546875 0.33203125 0.1123046875 0.130859375
2 0.5087890625 0.6806640625 0.109375 0.1357421875
0 0.826171875 0.6416015625 0.1123046875 0.125
0 0.2138671875 0.3466796875 0.123046875 0.1435546875
2 0.125 0.6279296875 0.1015625 0.130859375
0 0.9423828125 0.7919921875 0.115234375 0.126953125
2 0.708984375 0.3447265625 0.111328125 0.1123046875
2 0.3330078125 0.71484375 0.1171875 0.115234375
0 0.865234375 0.388671875 0.115234375 0.142578125
2 0.4306640625 0.9052734375 0.095703125 0.115234375
2 0.4833984375 0.1396484375 0.1142578125 0.1279296875
0 0.4033203125 0.455078125 0.1015625 0.1298828125