0 0.916015625 0.900390625 0.1171875 0.111328125
0 0.751953125 0.51953125 0.099609375 0.099609375
0 0.451171875 0.876953125 0.109375 0.1171875
2 0.0771484375 0.29296875 0.119140625 0.134765625
0 0.5419921875 0.6533203125 0.1064453125 0.1171875
2 0.150390625 0.806640625 0.1044921875 0.1220703125
2 0.72265625 0.22265625 0.1142578125 0.138671875
2 0.18359375 0.5244140625 0.0966796875 0.130859375
2 0.9052734375 0.52734375 0.1015625 0.1279296875
0 0.7578125 0.9091796875 0.0966796875 0.103515625
0 0.6181640625 0.4384765625 0.0986328125 0.109375
0 0.248046875 0.2080078125 0.1015625 0.1142578125
2 0.2939453125 0.8115234375 0.1064453125 0.1220703125
2 0.560546875 0.1865234375 0.1123046875 0.107421875
2 0.6064453125 0.9248046875 0.0810546875 0.0966796875
2 0.779296875 0.740234375 0.095703125 0.1279296875
2 0.4091796875 0.484375 0.0966796875 0.109375
2 0.896484375 0.322265625 0.103515625 0.111328125
2 0.3984375 0.1640625 0.107421875 0.1171875
2 0.8935546875 0.142578125 0.111328125 0.1142578125