2 0.4599609375 0.6982421875 0.1201171875 0.126953125
0 0.373046875 0.189453125 0.1171875 0.125
0 0.8798828125 0.2841796875 0.111328125 0.1201171875
0 0.330078125 0.763671875 0.107421875 0.1201171875
0 0.6826171875 0.138671875 0.1142578125 0.1328125
2 0.1201171875 0.763671875 0.1064453125 0.115234375
2 0.1513671875 0.9384765625 0.115234375 0.123046875
2 0.0859375 0.1982421875 0.1123046875 0.126953125
2 0.17578125 0.416015625 0.111328125 0.1142578125
2 0.6650390625 0.5517578125 0.1142578125 0.1064453125
2 0.5009765625 0.408203125 0.1220703125 0.134765625
0 0.5205078125 0.189453125 0.1220703125 0.146484375
2 0.6455078125 0.794921875 0.1279296875 0.138671875
0 0.328125 0.4296875 0.119140625 0.1171875
0 0.677734375 0.357421875 0.107421875 0.1201171875
2 0.8486328125 0.07421875 0.134765625 0.1484375
2 0.845703125 0.478515625 0.115234375 0.109375
0 0.9306640625 0.791015625 0.138671875 0.15625
0 0.478515625 0.943359375 0.1279296875 0.1123046875
2 0.837890625 0.8671875 0.119140625 0.1328125