0 0.623046875 0.55078125 0.111328125 0.1298828125
0 0.1279296875 0.66015625 0.107421875 0.1435546875
0 0.7138671875 0.138671875 0.103515625 0.1201171875
2 0.865234375 0.91015625 0.1044921875 0.119140625
0 0.126953125 0.1259765625 0.109375 0.1142578125
0 0.447265625 0.8837890625 0.119140625 0.1201171875
2 0.8759765625 0.3798828125 0.1015625 0.1357421875
0 0.283203125 0.0908203125 0.103515625 0.1533203125
2 0.2431640625 0.4970703125 0.1044921875 0.1064453125
2 0.462890625 0.189453125 0.1015625 0.1123046875
0 0.4345703125 0.501953125 0.1064453125 0.130859375
2 0.8818359375 0.1865234375 0.1044921875 0.125
0 0.0830078125 0.853515625 0.099609375 0.1201171875
0 0.302734375 0.787109375 0.1279296875 0.1328125
2 0.0908203125 0.349609375 0.091796875 0.1220703125
2 0.59765625 0.7646484375 0.1064453125 0.140625
2 0.798828125 0.5791015625 0.0986328125 0.1376953125
0 0.703125 0.322265625 0.115234375 0.126953125
2 0.732421875 0.814453125 0.1357421875 0.134765625
2 0.287109375 0.259765625 0.125 0.1298828125