0 0.259765625 0.15625 0.0830078125 0.1123046875
2 0.0859375 0.13671875 0.107421875 0.123046875
2 0.1220703125 0.587890625 0.091796875 0.1171875
2 0.09765625 0.8125 0.1171875 0.109375
0 0.2470703125 0.779296875 0.0908203125 0.1298828125
2 0.2939453125 0.556640625 0.09375 0.109375
0 0.6279296875 0.126953125 0.091796875 0.109375
2 0.2705078125 0.337890625 0.0986328125 0.103515625
2 0.791015625 0.650390625 0.09375 0.130859375
2 0.498046875 0.6669921875 0.087890625 0.0966796875
2 0.611328125 0.892578125 0.0830078125 0.123046875
2 0.580078125 0.40234375 0.109375 0.1123046875
2 0.41796875 0.8564453125 0.1123046875 0.1357421875
2 0.810546875 0.1181640625 0.1044921875 0.099609375
2 0.77734375 0.896484375 0.087890625 0.095703125
2 0.4404296875 0.1884765625 0.083984375 0.099609375
0 0.9345703125 0.4501953125 0.107421875 0.1171875
0 0.9560546875 0.900390625 0.087890625 0.1357421875
0 0.087890625 0.32421875 0.119140625 0.1044921875
2 0.787109375 0.3427734375 0.1123046875 0.1376953125