0 0.4462890625 0.7177734375 0.107421875 0.107421875
2 0.333984375 0.521484375 0.1123046875 0.119140625
2 0.0849609375 0.1494140625 0.115234375 0.15625
0 0.46875 0.130859375 0.1142578125 0.1279296875
0 0.181640625 0.484375 0.1064453125 0.1357421875
0 0.8173828125 0.640625 0.1376953125 0.1357421875
2 0.28125 0.1162109375 0.1220703125 0.119140625
2 0.44140625 0.912109375 0.123046875 0.111328125
2 0.6845703125 0.169921875 0.119140625 0.134765625
0 0.6484375 0.8740234375 0.103515625 0.1044921875
0 0.1083984375 0.69921875 0.1298828125 0.140625
2 0.7880859375 0.9111328125 0.126953125 0.1201171875
0 0.240234375 0.6796875 0.1044921875 0.099609375
0 0.826171875 0.1201171875 0.1123046875 0.1328125
0 0.5205078125 0.3369140625 0.1044921875 0.1328125
0 0.48046875 0.537109375 0.130859375 0.140625
2 0.3447265625 0.2939453125 0.119140625 0.1064453125
0 0.80078125 0.310546875 0.1171875 0.1201171875
2 0.6630859375 0.5361328125 0.115234375 0.140625
2 0.1201171875 0.890625 0.111328125 0.111328125