0 0.2158203125 0.7177734375 0.1044921875 0.109375
2 0.91015625 0.125 0.1015625 0.1435546875
0 0.197265625 0.4638671875 0.091796875 0.109375
2 0.888671875 0.6513671875 0.1142578125 0.1279296875
2 0.7275390625 0.8984375 0.087890625 0.0966796875
2 0.46875 0.353515625 0.09375 0.1142578125
0 0.130859375 0.9013671875 0.0908203125 0.1044921875
0 0.404296875 0.642578125 0.1015625 0.1328125
2 0.861328125 0.87890625 0.0908203125 0.1015625
2 0.392578125 0.8525390625 0.0859375 0.0810546875
0 0.0771484375 0.6630859375 0.103515625 0.1123046875
2 0.056640625 0.216796875 0.0859375 0.0986328125
0 0.8994140625 0.3935546875 0.1015625 0.1279296875
2 0.396484375 0.1025390625 0.1064453125 0.1015625
2 0.6806640625 0.3388671875 0.0859375 0.111328125
2 0.658203125 0.6640625 0.0986328125 0.134765625
2 0.541015625 0.130859375 0.091796875 0.146484375
2 0.232421875 0.2412109375 0.087890625 0.091796875
2 0.69921875 0.140625 0.095703125 0.123046875
0 0.56640625 0.9169921875 0.0966796875 0.103515625