0 0.1708984375 0.37109375 0.1142578125 0.1328125
0 0.5068359375 0.759765625 0.119140625 0.119140625
2 0.82421875 0.15625 0.1220703125 0.1591796875
0 0.177734375 0.83203125 0.1201171875 0.123046875
0 0.822265625 0.3916015625 0.1357421875 0.1298828125
2 0.330078125 0.6689453125 0.115234375 0.1201171875
0 0.642578125 0.3818359375 0.119140625 0.1298828125
0 0.353515625 0.412109375 0.126953125 0.1328125
2 0.6796875 0.1962890625 0.1328125 0.1328125
2 0.552734375 0.55078125 0.1220703125 0.134765625
2 0.9521484375 0.384765625 0.095703125 0.1279296875
2 0.662109375 0.740234375 0.123046875 0.123046875
2 0.197265625 0.560546875 0.119140625 0.126953125
2 0.4365234375 0.0556640625 0.126953125 0.111328125
0 0.0576171875 0.775390625 0.115234375 0.1513671875
0 0.3642578125 0.861328125 0.1279296875 0.1376953125
2 0.8876953125 0.6357421875 0.1123046875 0.1435546875
2 0.255859375 0.1728515625 0.1533203125 0.171875
2 0.517578125 0.94140625 0.1220703125 0.1171875
2 0.8076171875 0.8525390625 0.115234375 0.126953125