2 0.873046875 0.2080078125 0.146484375 0.150390625
0 0.380859375 0.6494140625 0.1298828125 0.1357421875
2 0.529296875 0.8193359375 0.140625 0.15625
0 0.71484375 0.9248046875 0.138671875 0.150390625
2 0.5322265625 0.0791015625 0.138671875 0.1357421875
2 0.2841796875 0.279296875 0.125 0.134765625
2 0.267578125 0.501953125 0.111328125 0.1123046875
0 0.7607421875 0.4677734375 0.126953125 0.123046875
0 0.8134765625 0.685546875 0.126953125 0.1220703125
2 0.505859375 0.50390625 0.1328125 0.171875
0 0.650390625 0.2568359375 0.1142578125 0.1220703125
2 0.4658203125 0.2763671875 0.1142578125 0.1201171875
2 0.205078125 0.798828125 0.138671875 0.138671875
2 0.2919921875 0.09765625 0.107421875 0.119140625
2 0.12890625 0.330078125 0.119140625 0.1376953125
0 0.619140625 0.6689453125 0.125 0.154296875
2 0.3603515625 0.869140625 0.1328125 0.1640625
2 0.044921875 0.783203125 0.0888671875 0.146484375
2 0.8974609375 0.5146484375 0.126953125 0.1435546875
2 0.0927734375 0.5146484375 0.123046875 0.140625