2 0.32421875 0.322265625 0.103515625 0.1171875
0 0.85546875 0.283203125 0.0986328125 0.1044921875
0 0.669921875 0.08203125 0.109375 0.1171875
2 0.248046875 0.845703125 0.099609375 0.1123046875
2 0.708984375 0.5048828125 0.103515625 0.1064453125
0 0.251953125 0.11328125 0.1044921875 0.1044921875
0 0.431640625 0.884765625 0.107421875 0.1171875
0 0.154296875 0.4609375 0.111328125 0.111328125
0 0.9345703125 0.474609375 0.103515625 0.140625
0 0.6455078125 0.3525390625 0.111328125 0.1201171875
2 0.9033203125 0.0966796875 0.083984375 0.1064453125
2 0.087890625 0.7255859375 0.107421875 0.0908203125
2 0.501953125 0.158203125 0.0966796875 0.140625
0 0.572265625 0.830078125 0.111328125 0.138671875
2 0.083984375 0.8779296875 0.1015625 0.1123046875
0 0.765625 0.732421875 0.1123046875 0.140625
0 0.9423828125 0.8076171875 0.1044921875 0.126953125
2 0.0810546875 0.20703125 0.1298828125 0.1201171875
0 0.4970703125 0.357421875 0.126953125 0.1298828125
0 0.4638671875 0.6357421875 0.1171875 0.130859375