0 0.2744140625 0.1044921875 0.1064453125 0.125
0 0.216796875 0.5517578125 0.0966796875 0.125
0 0.7744140625 0.51953125 0.119140625 0.1357421875
2 0.8935546875 0.123046875 0.095703125 0.109375
2 0.4345703125 0.8857421875 0.1064453125 0.103515625
2 0.7626953125 0.814453125 0.1015625 0.1435546875
2 0.1005859375 0.388671875 0.1044921875 0.123046875
2 0.5087890625 0.3310546875 0.1064453125 0.150390625
2 0.640625 0.33984375 0.1201171875 0.1220703125
0 0.05078125 0.8466796875 0.091796875 0.1123046875
2 0.482421875 0.1142578125 0.095703125 0.1123046875
2 0.099609375 0.1826171875 0.1044921875 0.125
2 0.283203125 0.76171875 0.1123046875 0.1142578125
2 0.318359375 0.333984375 0.1044921875 0.1044921875
2 0.072265625 0.58984375 0.1064453125 0.146484375
0 0.5888671875 0.87109375 0.095703125 0.119140625
0 0.814453125 0.3115234375 0.0986328125 0.1220703125
0 0.4833984375 0.583984375 0.1064453125 0.111328125
2 0.7236328125 0.1416015625 0.109375 0.134765625
2 0.6357421875 0.603515625 0.095703125 0.123046875