0 0.7734375 0.583984375 0.1220703125 0.130859375
2 0.4453125 0.90625 0.1279296875 0.1279296875
2 0.970703125 0.255859375 0.05859375 0.140625
2 0.431640625 0.080078125 0.146484375 0.1591796875
2 0.6064453125 0.455078125 0.138671875 0.169921875
2 0.1552734375 0.216796875 0.169921875 0.154296875
2 0.26171875 0.818359375 0.1123046875 0.1123046875
2 0.916015625 0.7099609375 0.1142578125 0.130859375
2 0.29296875 0.689453125 0.1435546875 0.138671875
0 0.9423828125 0.412109375 0.115234375 0.123046875
2 0.2919921875 0.4189453125 0.142578125 0.1591796875
0 0.5703125 0.9306640625 0.12890625 0.138671875
2 0.134765625 0.365234375 0.125 0.1328125
2 0.7392578125 0.87109375 0.1201171875 0.140625
2 0.0458984375 0.7578125 0.091796875 0.1220703125
2 0.7734375 0.17578125 0.1357421875 0.1328125
0 0.4072265625 0.287109375 0.130859375 0.1435546875
2 0.5556640625 0.6318359375 0.1328125 0.1376953125
2 0.6142578125 0.240234375 0.119140625 0.1298828125
0 0.1025390625 0.556640625 0.1357421875 0.1435546875