2 0.833984375 0.9248046875 0.1142578125 0.150390625
0 0.6904296875 0.435546875 0.1142578125 0.1171875
0 0.541015625 0.4462890625 0.109375 0.130859375
2 0.876953125 0.748046875 0.126953125 0.142578125
0 0.568359375 0.646484375 0.115234375 0.119140625
0 0.1337890625 0.376953125 0.1123046875 0.1328125
2 0.951171875 0.28125 0.0966796875 0.134765625
2 0.3828125 0.5859375 0.109375 0.1357421875
2 0.6064453125 0.8779296875 0.125 0.1435546875
0 0.322265625 0.390625 0.115234375 0.119140625
2 0.771484375 0.189453125 0.1435546875 0.166015625
0 0.4501953125 0.22265625 0.130859375 0.138671875
2 0.173828125 0.142578125 0.1357421875 0.138671875
2 0.607421875 0.2294921875 0.111328125 0.119140625
2 0.7080078125 0.619140625 0.109375 0.126953125
2 0.1240234375 0.837890625 0.1328125 0.142578125
2 0.4072265625 0.884765625 0.115234375 0.126953125
0 0.8466796875 0.470703125 0.119140625 0.1455078125
0 0.271484375 0.8271484375 0.115234375 0.1279296875
0 0.1787109375 0.560546875 0.123046875 0.146484375