2 0.7783203125 0.044921875 0.1220703125 0.0888671875
2 0.4326171875 0.361328125 0.1279296875 0.142578125
2 0.58203125 0.2890625 0.125 0.1376953125
2 0.435546875 0.8486328125 0.1201171875 0.1220703125
0 0.4677734375 0.095703125 0.125 0.142578125
0 0.26953125 0.365234375 0.115234375 0.1220703125
2 0.916015625 0.53125 0.119140625 0.1435546875
0 0.12890625 0.369140625 0.119140625 0.1220703125
2 0.259765625 0.150390625 0.1142578125 0.138671875
2 0.6962890625 0.5322265625 0.1142578125 0.1298828125
0 0.55078125 0.54296875 0.115234375 0.1298828125
2 0.732421875 0.728515625 0.1298828125 0.1533203125
2 0.189453125 0.8271484375 0.1533203125 0.1669921875
0 0.3115234375 0.572265625 0.119140625 0.140625
0 0.931640625 0.7236328125 0.125 0.1357421875
0 0.138671875 0.6337890625 0.134765625 0.162109375
2 0.646484375 0.064453125 0.1142578125 0.126953125
0 0.8525390625 0.3505859375 0.126953125 0.126953125
2 0.041015625 0.1640625 0.0810546875 0.1279296875