0 0.9580078125 0.162109375 0.083984375 0.140625
0 0.056640625 0.779296875 0.1123046875 0.1201171875
2 0.486328125 0.1787109375 0.115234375 0.1376953125
2 0.119140625 0.365234375 0.115234375 0.1357421875
0 0.8212890625 0.943359375 0.126953125 0.1123046875
2 0.1181640625 0.07421875 0.119140625 0.146484375
0 0.6455078125 0.9482421875 0.1123046875 0.103515625
0 0.2490234375 0.861328125 0.1220703125 0.119140625
0 0.779296875 0.1474609375 0.103515625 0.1123046875
0 0.1298828125 0.6240234375 0.126953125 0.150390625
0 0.283203125 0.677734375 0.1279296875 0.158203125
0 0.876953125 0.775390625 0.1142578125 0.1220703125
2 0.7412109375 0.3818359375 0.111328125 0.130859375
0 0.7275390625 0.6240234375 0.115234375 0.140625
0 0.9208984375 0.576171875 0.125 0.1279296875
0 0.345703125 0.42578125 0.1220703125 0.154296875
2 0.9248046875 0.3671875 0.1201171875 0.123046875
0 0.2919921875 0.1064453125 0.107421875 0.126953125
0 0.419921875 0.8759765625 0.107421875 0.126953125
2 0.498046875 0.55859375 0.1201171875 0.1533203125