2 0.50390625 0.3642578125 0.1220703125 0.1328125
2 0.806640625 0.7587890625 0.123046875 0.146484375
2 0.8115234375 0.267578125 0.1533203125 0.169921875
0 0.591796875 0.6220703125 0.1298828125 0.146484375
0 0.306640625 0.314453125 0.1298828125 0.125
0 0.763671875 0.0673828125 0.1435546875 0.134765625
2 0.4521484375 0.134765625 0.130859375 0.1455078125
0 0.1142578125 0.779296875 0.125 0.1455078125
0 0.048828125 0.333984375 0.0966796875 0.1455078125
2 0.1005859375 0.5009765625 0.107421875 0.119140625
0 0.9248046875 0.623046875 0.1171875 0.1376953125
0 0.9560546875 0.818359375 0.087890625 0.1533203125
0 0.29296875 0.7216796875 0.115234375 0.119140625
0 0.224609375 0.96484375 0.1298828125 0.0703125
0 0.4775390625 0.8193359375 0.126953125 0.130859375
0 0.6015625 0.0869140625 0.1201171875 0.123046875
0 0.6650390625 0.845703125 0.1376953125 0.173828125
2 0.263671875 0.544921875 0.126953125 0.1357421875
2 0.771484375 0.544921875 0.126953125 0.1533203125
0 0.6884765625 0.3662109375 0.119140625 0.1376953125