0 0.3447265625 0.5009765625 0.109375 0.130859375
2 0.365234375 0.7197265625 0.1328125 0.1591796875
0 0.0986328125 0.517578125 0.1220703125 0.1201171875
0 0.912109375 0.34375 0.1142578125 0.1171875
0 0.3056640625 0.0869140625 0.130859375 0.142578125
2 0.5478515625 0.873046875 0.0986328125 0.1142578125
2 0.935546875 0.15234375 0.1201171875 0.1376953125
0 0.8134765625 0.8642578125 0.1171875 0.1171875
2 0.4794921875 0.1044921875 0.119140625 0.1279296875
0 0.544921875 0.669921875 0.1455078125 0.138671875
0 0.2802734375 0.328125 0.1015625 0.1044921875
2 0.61328125 0.404296875 0.119140625 0.1279296875
2 0.6611328125 0.1923828125 0.1064453125 0.138671875
0 0.771484375 0.66015625 0.1142578125 0.1123046875
2 0.095703125 0.8193359375 0.107421875 0.119140625
2 0.455078125 0.3017578125 0.107421875 0.115234375
0 0.7783203125 0.4677734375 0.115234375 0.15625
0 0.7763671875 0.171875 0.111328125 0.1611328125
2 0.1572265625 0.1484375 0.087890625 0.1279296875
0 0.1044921875 0.341796875 0.1220703125 0.125