0 0.3369140625 0.6162109375 0.111328125 0.1279296875
0 0.7138671875 0.8818359375 0.1171875 0.1220703125
0 0.3349609375 0.861328125 0.1142578125 0.119140625
0 0.8896484375 0.150390625 0.126953125 0.1591796875
2 0.8642578125 0.6484375 0.125 0.162109375
2 0.37109375 0.4091796875 0.126953125 0.1669921875
2 0.486328125 0.232421875 0.123046875 0.109375
2 0.783203125 0.361328125 0.123046875 0.107421875
2 0.3310546875 0.123046875 0.1044921875 0.150390625
2 0.92578125 0.3896484375 0.119140625 0.1513671875
0 0.5263671875 0.8251953125 0.107421875 0.111328125
2 0.6533203125 0.28515625 0.126953125 0.1328125
2 0.1572265625 0.1025390625 0.115234375 0.138671875
2 0.72265625 0.6396484375 0.103515625 0.1279296875
2 0.19140625 0.4443359375 0.125 0.1455078125
0 0.7265625 0.146484375 0.119140625 0.123046875
0 0.525390625 0.53125 0.1123046875 0.123046875
2 0.119140625 0.6416015625 0.1220703125 0.1376953125
2 0.095703125 0.8046875 0.119140625 0.111328125
2 0.8291015625 0.921875 0.1357421875 0.154296875