0 0.7490234375 0.115234375 0.1123046875 0.1357421875
0 0.904296875 0.8125 0.1201171875 0.1201171875
2 0.0791015625 0.751953125 0.1201171875 0.1220703125
2 0.5166015625 0.283203125 0.1064453125 0.123046875
0 0.8935546875 0.345703125 0.1142578125 0.1201171875
2 0.10546875 0.302734375 0.115234375 0.1298828125
2 0.453125 0.06640625 0.0986328125 0.119140625
0 0.90234375 0.5849609375 0.1220703125 0.1455078125
2 0.6279296875 0.095703125 0.1220703125 0.15625
2 0.451171875 0.884765625 0.1064453125 0.119140625
0 0.2392578125 0.548828125 0.138671875 0.1357421875
2 0.228515625 0.123046875 0.1064453125 0.1328125
2 0.6123046875 0.7880859375 0.109375 0.115234375
0 0.0703125 0.591796875 0.1201171875 0.125
2 0.90625 0.1318359375 0.1298828125 0.162109375
0 0.42578125 0.482421875 0.1201171875 0.119140625
2 0.2705078125 0.724609375 0.109375 0.125
2 0.357421875 0.28125 0.1279296875 0.1611328125
0 0.7099609375 0.3203125 0.1142578125 0.1220703125
2 0.6015625 0.5185546875 0.1123046875 0.1064453125