0 0.6005859375 0.55859375 0.091796875 0.119140625
0 0.884765625 0.7890625 0.107421875 0.130859375
0 0.275390625 0.705078125 0.1015625 0.1376953125
0 0.537109375 0.1376953125 0.0986328125 0.1220703125
2 0.3857421875 0.337890625 0.111328125 0.1171875
2 0.8505859375 0.330078125 0.087890625 0.109375
2 0.0947265625 0.494140625 0.099609375 0.1064453125
2 0.3505859375 0.1240234375 0.109375 0.09375
0 0.7275390625 0.84765625 0.107421875 0.123046875
0 0.2802734375 0.53515625 0.099609375 0.109375
0 0.73828125 0.1162109375 0.0888671875 0.1357421875
0 0.201171875 0.259765625 0.1044921875 0.142578125
2 0.6572265625 0.375 0.0888671875 0.109375
0 0.111328125 0.697265625 0.1064453125 0.1064453125
2 0.923828125 0.5615234375 0.099609375 0.1201171875
2 0.1875 0.8896484375 0.107421875 0.1171875
2 0.3544921875 0.8974609375 0.1142578125 0.140625
2 0.5283203125 0.7587890625 0.0859375 0.119140625
2 0.763671875 0.609375 0.1064453125 0.115234375
2 0.9384765625 0.1376953125 0.123046875 0.142578125