0 0.5185546875 0.7236328125 0.1064453125 0.1064453125
2 0.66015625 0.546875 0.111328125 0.1171875
2 0.9541015625 0.2177734375 0.091796875 0.154296875
0 0.587890625 0.140625 0.1123046875 0.126953125
0 0.81640625 0.5341796875 0.1044921875 0.134765625
0 0.1650390625 0.5888671875 0.134765625 0.134765625
2 0.7763671875 0.1552734375 0.1201171875 0.1171875
2 0.494140625 0.916015625 0.1220703125 0.109375
2 0.369140625 0.1455078125 0.1171875 0.1328125
0 0.294921875 0.8466796875 0.1015625 0.103515625
0 0.85546875 0.7587890625 0.1279296875 0.138671875
2 0.1513671875 0.861328125 0.125 0.119140625
0 0.728515625 0.7177734375 0.103515625 0.0986328125
0 0.2373046875 0.07421875 0.109375 0.130859375
0 0.505859375 0.3359375 0.103515625 0.1328125
0 0.513671875 0.5390625 0.1298828125 0.138671875
2 0.685546875 0.3203125 0.1171875 0.1044921875
0 0.232421875 0.265625 0.115234375 0.119140625
2 0.333984375 0.509765625 0.1142578125 0.138671875
2 0.814453125 0.9443359375 0.109375 0.109375