2 0.240234375 0.326171875 0.1064453125 0.103515625
2 0.12109375 0.6201171875 0.1044921875 0.1064453125
0 0.916015625 0.1396484375 0.1064453125 0.1298828125
0 0.7099609375 0.62109375 0.0986328125 0.119140625
2 0.841796875 0.365234375 0.095703125 0.130859375
2 0.4765625 0.5859375 0.1064453125 0.126953125
2 0.119140625 0.888671875 0.095703125 0.1044921875
2 0.095703125 0.40625 0.0986328125 0.123046875
2 0.7138671875 0.150390625 0.0908203125 0.095703125
0 0.5126953125 0.369140625 0.099609375 0.1376953125
2 0.732421875 0.880859375 0.087890625 0.109375
0 0.298828125 0.1015625 0.09375 0.1064453125
2 0.5126953125 0.162109375 0.091796875 0.111328125
2 0.716796875 0.4619140625 0.1220703125 0.115234375
0 0.892578125 0.90625 0.1044921875 0.115234375
0 0.10546875 0.134765625 0.115234375 0.1298828125
0 0.5439453125 0.810546875 0.0966796875 0.1376953125
2 0.3251953125 0.6181640625 0.123046875 0.1357421875
0 0.3173828125 0.888671875 0.109375 0.130859375
0 0.8857421875 0.6142578125 0.103515625 0.134765625