0 0.560546875 0.8662109375 0.115234375 0.1298828125
2 0.482421875 0.208984375 0.115234375 0.115234375
2 0.623046875 0.1201171875 0.119140625 0.119140625
2 0.904296875 0.513671875 0.1064453125 0.1611328125
0 0.2880859375 0.1083984375 0.1328125 0.1201171875
0 0.0810546875 0.869140625 0.107421875 0.125
0 0.734375 0.845703125 0.107421875 0.1123046875
2 0.4404296875 0.4462890625 0.125 0.123046875
2 0.6103515625 0.62890625 0.087890625 0.1220703125
2 0.11328125 0.1748046875 0.0966796875 0.107421875
0 0.8095703125 0.1953125 0.1171875 0.1357421875
2 0.912109375 0.75390625 0.1171875 0.154296875
2 0.09765625 0.560546875 0.1142578125 0.103515625
2 0.3935546875 0.9130859375 0.0966796875 0.111328125
0 0.3046875 0.318359375 0.125 0.15625
2 0.2392578125 0.8779296875 0.0986328125 0.1123046875
0 0.7548828125 0.609375 0.1015625 0.1220703125
2 0.279296875 0.595703125 0.107421875 0.125
0 0.080078125 0.337890625 0.109375 0.123046875
2 0.6298828125 0.396484375 0.1171875 0.125