2 0.095703125 0.49609375 0.0888671875 0.162109375
2 0.2666015625 0.662109375 0.103515625 0.119140625
2 0.4052734375 0.634765625 0.107421875 0.1123046875
2 0.5478515625 0.412109375 0.1201171875 0.109375
2 0.888671875 0.1474609375 0.0966796875 0.107421875
2 0.8984375 0.4287109375 0.1123046875 0.140625
2 0.2607421875 0.1650390625 0.1015625 0.1064453125
0 0.4404296875 0.1484375 0.099609375 0.1171875
0 0.115234375 0.212890625 0.119140625 0.1328125
0 0.107421875 0.7109375 0.0888671875 0.1044921875
0 0.2841796875 0.927734375 0.109375 0.107421875
0 0.517578125 0.919921875 0.1064453125 0.1142578125
0 0.6650390625 0.853515625 0.0908203125 0.130859375
0 0.7333984375 0.1484375 0.0986328125 0.125
0 0.708984375 0.3798828125 0.1064453125 0.1123046875
0 0.849609375 0.60546875 0.1064453125 0.134765625
0 0.3369140625 0.458984375 0.115234375 0.115234375
0 0.8330078125 0.916015625 0.09375 0.115234375
0 0.6669921875 0.611328125 0.0986328125 0.140625