0 0.685546875 0.5546875 0.109375 0.1064453125
2 0.0927734375 0.1953125 0.0986328125 0.1298828125
2 0.3125 0.220703125 0.0986328125 0.1220703125
2 0.7666015625 0.8017578125 0.1142578125 0.158203125
0 0.8916015625 0.177734375 0.0908203125 0.111328125
2 0.5 0.884765625 0.0966796875 0.111328125
2 0.5048828125 0.6943359375 0.1064453125 0.099609375
2 0.224609375 0.728515625 0.09375 0.111328125
0 0.337890625 0.71484375 0.0986328125 0.1201171875
2 0.6943359375 0.1396484375 0.109375 0.0966796875
2 0.9482421875 0.916015625 0.095703125 0.125
0 0.2666015625 0.8935546875 0.095703125 0.1298828125
2 0.087890625 0.525390625 0.0908203125 0.1064453125
0 0.291015625 0.4912109375 0.1064453125 0.1201171875
2 0.517578125 0.4931640625 0.095703125 0.103515625
2 0.845703125 0.533203125 0.091796875 0.0966796875
2 0.865234375 0.3583984375 0.083984375 0.1044921875
2 0.130859375 0.931640625 0.080078125 0.0986328125
2 0.5234375 0.2607421875 0.130859375 0.115234375
2 0.701171875 0.333984375 0.095703125 0.1279296875