0 0.5380859375 0.1845703125 0.1142578125 0.111328125
0 0.7626953125 0.841796875 0.0859375 0.125
2 0.0693359375 0.84765625 0.109375 0.115234375
0 0.755859375 0.3271484375 0.0966796875 0.103515625
0 0.5517578125 0.466796875 0.099609375 0.1064453125
2 0.76953125 0.123046875 0.1171875 0.0986328125
2 0.2138671875 0.876953125 0.099609375 0.142578125
0 0.052734375 0.47265625 0.1015625 0.111328125
0 0.6005859375 0.6826171875 0.103515625 0.1044921875
0 0.39453125 0.4765625 0.1015625 0.115234375
2 0.5263671875 0.8916015625 0.099609375 0.1279296875
2 0.115234375 0.1298828125 0.09375 0.1123046875
2 0.7568359375 0.509765625 0.091796875 0.115234375
2 0.8935546875 0.8349609375 0.099609375 0.109375
0 0.419921875 0.677734375 0.1044921875 0.1435546875
2 0.90625 0.6474609375 0.0859375 0.083984375
0 0.888671875 0.455078125 0.125 0.1455078125
2 0.341796875 0.154296875 0.1044921875 0.115234375
0 0.2353515625 0.5673828125 0.1044921875 0.1357421875