0 0.8759765625 0.673828125 0.123046875 0.134765625
0 0.4912109375 0.150390625 0.1064453125 0.130859375
2 0.751953125 0.8720703125 0.1201171875 0.1328125
0 0.380859375 0.89453125 0.111328125 0.1484375
0 0.576171875 0.8837890625 0.1142578125 0.1455078125
2 0.4287109375 0.34375 0.123046875 0.15625
0 0.173828125 0.041015625 0.107421875 0.0810546875
0 0.5625 0.4599609375 0.1142578125 0.150390625
2 0.697265625 0.626953125 0.1328125 0.1513671875
2 0.923828125 0.4150390625 0.119140625 0.123046875
2 0.6171875 0.2529296875 0.111328125 0.130859375
2 0.2353515625 0.517578125 0.1044921875 0.126953125
2 0.447265625 0.681640625 0.1044921875 0.1376953125
0 0.2333984375 0.7177734375 0.119140625 0.1376953125
2 0.337890625 0.068359375 0.1064453125 0.1171875
2 0.796875 0.1796875 0.115234375 0.123046875
0 0.935546875 0.224609375 0.115234375 0.1435546875
0 0.7998046875 0.3974609375 0.1064453125 0.123046875
2 0.068359375 0.736328125 0.1123046875 0.1279296875