2 0.9306640625 0.6416015625 0.125 0.123046875
2 0.220703125 0.2431640625 0.1455078125 0.169921875
0 0.4169921875 0.94140625 0.126953125 0.115234375
0 0.12890625 0.486328125 0.123046875 0.1484375
0 0.7255859375 0.5751953125 0.1455078125 0.1513671875
2 0.849609375 0.197265625 0.1376953125 0.1640625
2 0.595703125 0.599609375 0.130859375 0.1689453125
2 0.869140625 0.455078125 0.1328125 0.1328125
2 0.2587890625 0.958984375 0.138671875 0.0810546875
2 0.4453125 0.6962890625 0.1220703125 0.1279296875
2 0.390625 0.5068359375 0.1201171875 0.146484375
0 0.533203125 0.3505859375 0.1328125 0.1376953125
2 0.685546875 0.1875 0.1298828125 0.115234375
0 0.9521484375 0.82421875 0.095703125 0.1484375
2 0.025390625 0.27734375 0.0498046875 0.1171875
2 0.212890625 0.708984375 0.115234375 0.1123046875
0 0.5341796875 0.134765625 0.1435546875 0.1611328125
2 0.7724609375 0.7978515625 0.1376953125 0.1669921875
0 0.6875 0.357421875 0.1328125 0.1357421875
0 0.6201171875 0.8671875 0.1328125 0.126953125