0 0.7744140625 0.181640625 0.123046875 0.150390625
0 0.9111328125 0.40625 0.1201171875 0.126953125
0 0.7353515625 0.5751953125 0.134765625 0.1513671875
0 0.884765625 0.626953125 0.1298828125 0.140625
0 0.552734375 0.6865234375 0.1298828125 0.1279296875
0 0.689453125 0.890625 0.1142578125 0.1591796875
0 0.3134765625 0.716796875 0.126953125 0.1376953125
0 0.2890625 0.908203125 0.1220703125 0.130859375
0 0.119140625 0.859375 0.1171875 0.146484375
0 0.1806640625 0.416015625 0.1171875 0.1455078125
0 0.392578125 0.45703125 0.1142578125 0.1513671875
2 0.9501953125 0.1611328125 0.099609375 0.130859375
2 0.8330078125 0.806640625 0.111328125 0.1455078125
2 0.724609375 0.3486328125 0.1298828125 0.1328125
2 0.568359375 0.142578125 0.1279296875 0.146484375
2 0.416015625 0.1064453125 0.140625 0.1591796875
2 0.265625 0.1591796875 0.109375 0.1484375
2 0.1220703125 0.1396484375 0.1044921875 0.1455078125
2 0.0703125 0.619140625 0.123046875 0.162109375