0 0.4208984375 0.0615234375 0.123046875 0.123046875
2 0.490234375 0.27734375 0.140625 0.150390625
0 0.7568359375 0.3603515625 0.1376953125 0.1376953125
0 0.6064453125 0.095703125 0.115234375 0.1171875
2 0.79296875 0.8359375 0.111328125 0.1279296875
2 0.064453125 0.7548828125 0.12890625 0.146484375
0 0.927734375 0.455078125 0.140625 0.138671875
0 0.1494140625 0.0341796875 0.111328125 0.068359375
2 0.3349609375 0.8603515625 0.125 0.1796875
0 0.107421875 0.248046875 0.1142578125 0.123046875
2 0.279296875 0.2373046875 0.126953125 0.1298828125
2 0.62890625 0.8408203125 0.1171875 0.1533203125
2 0.0615234375 0.5361328125 0.1171875 0.111328125
2 0.857421875 0.6611328125 0.1015625 0.1279296875
2 0.9365234375 0.208984375 0.1064453125 0.1123046875
2 0.462890625 0.556640625 0.1201171875 0.1435546875
0 0.740234375 0.619140625 0.1123046875 0.134765625
2 0.7275390625 0.15234375 0.1015625 0.1171875
2 0.4931640625 0.822265625 0.1123046875 0.140625
2 0.2412109375 0.5888671875 0.109375 0.130859375