2 0.1064453125 0.5947265625 0.123046875 0.177734375
2 0.236328125 0.39453125 0.126953125 0.1376953125
2 0.376953125 0.390625 0.1298828125 0.134765625
2 0.56640625 0.5751953125 0.140625 0.1328125
2 0.94921875 0.7568359375 0.1015625 0.126953125
2 0.904296875 0.4794921875 0.140625 0.162109375
2 0.341796875 0.880859375 0.123046875 0.126953125
0 0.521484375 0.8564453125 0.123046875 0.1357421875
0 0.189453125 0.865234375 0.1455078125 0.15625
0 0.0703125 0.3828125 0.109375 0.1220703125
0 0.193359375 0.130859375 0.130859375 0.1279296875
0 0.4228515625 0.0869140625 0.1279296875 0.134765625
0 0.5810546875 0.1181640625 0.119140625 0.1484375
0 0.806640625 0.7900390625 0.123046875 0.1435546875
0 0.7314453125 0.5703125 0.1279296875 0.1328125
0 0.8173828125 0.318359375 0.1328125 0.154296875
0 0.349609375 0.576171875 0.138671875 0.138671875
0 0.73046875 0.04296875 0.1171875 0.0859375
0 0.6376953125 0.353515625 0.1279296875 0.158203125