0 0.4111328125 0.2080078125 0.130859375 0.140625
0 0.2197265625 0.166015625 0.1298828125 0.1591796875
0 0.072265625 0.1962890625 0.1142578125 0.1611328125
0 0.2578125 0.373046875 0.1279296875 0.162109375
0 0.453125 0.42578125 0.123046875 0.15625
0 0.697265625 0.4453125 0.1328125 0.15625
0 0.451171875 0.603515625 0.123046875 0.15625
0 0.1826171875 0.6669921875 0.1298828125 0.162109375
0 0.46484375 0.88671875 0.1298828125 0.146484375
0 0.650390625 0.9072265625 0.1533203125 0.15625
0 0.71875 0.7236328125 0.126953125 0.15625
0 0.8486328125 0.673828125 0.130859375 0.1484375
2 0.5634765625 0.1103515625 0.1298828125 0.1435546875
2 0.7392578125 0.072265625 0.123046875 0.14453125
2 0.736328125 0.2646484375 0.123046875 0.1435546875
2 0.837890625 0.423828125 0.1357421875 0.154296875
2 0.7822265625 0.884765625 0.130859375 0.1669921875
2 0.2958984375 0.91796875 0.140625 0.142578125
2 0.1318359375 0.9345703125 0.138671875 0.130859375
2 0.087890625 0.423828125 0.130859375 0.1357421875