2 0.861328125 0.283203125 0.1044921875 0.1064453125
2 0.6572265625 0.259765625 0.130859375 0.146484375
2 0.470703125 0.294921875 0.1123046875 0.109375
2 0.28515625 0.1376953125 0.0751953125 0.1201171875
2 0.1181640625 0.1923828125 0.095703125 0.115234375
2 0.505859375 0.427734375 0.111328125 0.1298828125
2 0.8701171875 0.4697265625 0.0908203125 0.1044921875
2 0.7861328125 0.919921875 0.0888671875 0.1279296875
2 0.662109375 0.896484375 0.091796875 0.1328125
2 0.162109375 0.888671875 0.091796875 0.115234375
2 0.349609375 0.9052734375 0.109375 0.1435546875
2 0.2490234375 0.6435546875 0.1015625 0.1171875
2 0.07421875 0.6796875 0.0859375 0.1064453125
2 0.7265625 0.6748046875 0.0986328125 0.150390625
0 0.853515625 0.6884765625 0.1015625 0.138671875
0 0.4501953125 0.6396484375 0.095703125 0.126953125
0 0.4931640625 0.873046875 0.095703125 0.1142578125
0 0.314453125 0.4111328125 0.1123046875 0.1171875
0 0.0712890625 0.400390625 0.109375 0.1376953125
0 0.6669921875 0.478515625 0.111328125 0.1328125