0 0.7001953125 0.1162109375 0.1142578125 0.1298828125
0 0.9462890625 0.8046875 0.1064453125 0.119140625
0 0.673828125 0.60546875 0.1142578125 0.1328125
0 0.4560546875 0.8505859375 0.103515625 0.107421875
0 0.884765625 0.4345703125 0.1220703125 0.119140625
2 0.291015625 0.646484375 0.1064453125 0.125
2 0.6181640625 0.8974609375 0.0986328125 0.1220703125
0 0.361328125 0.416015625 0.1171875 0.1376953125
2 0.119140625 0.6572265625 0.09375 0.1015625
2 0.513671875 0.1513671875 0.107421875 0.107421875
2 0.53515625 0.3671875 0.1142578125 0.158203125
2 0.1142578125 0.349609375 0.107421875 0.130859375
2 0.375 0.1787109375 0.107421875 0.1591796875
2 0.833984375 0.5986328125 0.1044921875 0.142578125
2 0.1708984375 0.8759765625 0.140625 0.1328125
0 0.48046875 0.625 0.111328125 0.1171875
2 0.884765625 0.162109375 0.109375 0.119140625
2 0.1123046875 0.1787109375 0.140625 0.1455078125
2 0.78515625 0.9111328125 0.0966796875 0.111328125
2 0.7177734375 0.3095703125 0.1171875 0.15625