0 0.7080078125 0.908203125 0.0986328125 0.126953125
0 0.9345703125 0.2314453125 0.109375 0.109375
2 0.107421875 0.205078125 0.109375 0.111328125
2 0.494140625 0.716796875 0.095703125 0.1142578125
0 0.875 0.6953125 0.103515625 0.111328125
2 0.0869140625 0.6552734375 0.1044921875 0.119140625
2 0.408203125 0.9267578125 0.087890625 0.111328125
0 0.9091796875 0.45703125 0.107421875 0.134765625
2 0.5849609375 0.9150390625 0.1064453125 0.146484375
2 0.4912109375 0.111328125 0.095703125 0.109375
0 0.2451171875 0.423828125 0.126953125 0.123046875
2 0.19140625 0.845703125 0.09375 0.123046875
2 0.642578125 0.224609375 0.0986328125 0.1064453125
0 0.08203125 0.36328125 0.109375 0.115234375
2 0.865234375 0.908203125 0.1142578125 0.1513671875
0 0.423828125 0.509765625 0.109375 0.109375
2 0.294921875 0.251953125 0.0986328125 0.115234375
2 0.3359375 0.7021484375 0.1123046875 0.150390625
0 0.689453125 0.701171875 0.103515625 0.111328125
2 0.603515625 0.4921875 0.103515625 0.0966796875