0 0.9150390625 0.34375 0.1201171875 0.142578125
0 0.6103515625 0.228515625 0.119140625 0.142578125
0 0.49609375 0.908203125 0.125 0.1484375
2 0.3681640625 0.365234375 0.123046875 0.119140625
0 0.34375 0.626953125 0.1171875 0.130859375
2 0.8525390625 0.5498046875 0.1220703125 0.150390625
2 0.6572265625 0.912109375 0.1171875 0.1357421875
2 0.037109375 0.701171875 0.0732421875 0.123046875
2 0.1953125 0.5380859375 0.1142578125 0.1123046875
2 0.208984375 0.1591796875 0.1279296875 0.138671875
0 0.705078125 0.5068359375 0.119140625 0.140625
2 0.5029296875 0.685546875 0.1142578125 0.1298828125
2 0.56640625 0.48828125 0.123046875 0.1298828125
2 0.322265625 0.8349609375 0.1064453125 0.1015625
2 0.0732421875 0.462890625 0.1142578125 0.1484375
0 0.685546875 0.705078125 0.1171875 0.125
0 0.8876953125 0.15234375 0.130859375 0.146484375
2 0.818359375 0.896484375 0.1201171875 0.1513671875
2 0.177734375 0.681640625 0.1123046875 0.130859375
0 0.486328125 0.1962890625 0.1123046875 0.125