0 0.109375 0.396484375 0.1201171875 0.125
2 0.951171875 0.822265625 0.0966796875 0.130859375
2 0.767578125 0.4921875 0.1357421875 0.15625
0 0.822265625 0.7626953125 0.125 0.1533203125
0 0.16796875 0.205078125 0.130859375 0.123046875
2 0.9423828125 0.5322265625 0.115234375 0.1201171875
2 0.7421875 0.0986328125 0.1298828125 0.146484375
2 0.505859375 0.361328125 0.123046875 0.142578125
2 0.537109375 0.8583984375 0.1015625 0.1455078125
2 0.5234375 0.52734375 0.1142578125 0.115234375
2 0.197265625 0.94921875 0.1220703125 0.1015625
2 0.3046875 0.62109375 0.1201171875 0.126953125
2 0.32421875 0.181640625 0.138671875 0.1611328125
2 0.701171875 0.3095703125 0.1220703125 0.1220703125
2 0.177734375 0.7333984375 0.123046875 0.1455078125
0 0.109375 0.5654296875 0.1201171875 0.107421875
0 0.275390625 0.427734375 0.119140625 0.1279296875
0 0.486328125 0.11328125 0.115234375 0.138671875
2 0.4306640625 0.9267578125 0.130859375 0.146484375
0 0.8916015625 0.2509765625 0.123046875 0.1279296875