0 0.8818359375 0.2080078125 0.119140625 0.1279296875
0 0.724609375 0.134765625 0.1201171875 0.126953125
0 0.8349609375 0.947265625 0.1142578125 0.1044921875
0 0.8984375 0.759765625 0.138671875 0.126953125
2 0.1904296875 0.6015625 0.1142578125 0.1376953125
2 0.6884765625 0.560546875 0.126953125 0.1328125
0 0.5927734375 0.1025390625 0.1298828125 0.1298828125
0 0.8955078125 0.529296875 0.1298828125 0.1328125
0 0.38671875 0.5908203125 0.126953125 0.1171875
2 0.5234375 0.6650390625 0.123046875 0.130859375
2 0.3701171875 0.3857421875 0.1015625 0.1279296875
2 0.0517578125 0.8515625 0.103515625 0.1376953125
0 0.1005859375 0.1142578125 0.1201171875 0.134765625
2 0.677734375 0.330078125 0.099609375 0.125
0 0.3330078125 0.1474609375 0.119140625 0.134765625
2 0.19140625 0.3798828125 0.103515625 0.1298828125
2 0.6708984375 0.8427734375 0.1064453125 0.111328125
0 0.5078125 0.8837890625 0.109375 0.134765625
0 0.2900390625 0.8486328125 0.1123046875 0.1201171875
0 0.0732421875 0.58203125 0.125 0.1455078125