2 0.1435546875 0.8544921875 0.095703125 0.123046875
2 0.0986328125 0.265625 0.0986328125 0.1171875
0 0.603515625 0.271484375 0.0908203125 0.115234375
0 0.92578125 0.0654296875 0.083984375 0.1171875
2 0.3505859375 0.740234375 0.0966796875 0.1142578125
0 0.8203125 0.2646484375 0.1044921875 0.1435546875
2 0.919921875 0.8857421875 0.1279296875 0.111328125
0 0.7607421875 0.8701171875 0.0908203125 0.109375
0 0.4404296875 0.482421875 0.1201171875 0.119140625
2 0.587890625 0.470703125 0.0830078125 0.1298828125
2 0.423828125 0.232421875 0.0986328125 0.109375
2 0.2626953125 0.404296875 0.0732421875 0.1298828125
0 0.1357421875 0.439453125 0.1064453125 0.109375
2 0.8408203125 0.55078125 0.099609375 0.140625
2 0.126953125 0.685546875 0.1064453125 0.109375
2 0.2099609375 0.060546875 0.107421875 0.1044921875
2 0.50390625 0.669921875 0.103515625 0.126953125
2 0.671875 0.6884765625 0.0966796875 0.109375
0 0.5 0.880859375 0.0986328125 0.1064453125
2 0.724609375 0.0966796875 0.107421875 0.1171875