0 0.822265625 0.708984375 0.1064453125 0.103515625
0 0.8955078125 0.2265625 0.1044921875 0.099609375
2 0.8935546875 0.509765625 0.0966796875 0.119140625
2 0.7119140625 0.31640625 0.1142578125 0.1171875
0 0.47265625 0.8740234375 0.1201171875 0.1357421875
0 0.287109375 0.7578125 0.123046875 0.1357421875
0 0.53125 0.583984375 0.1171875 0.1201171875
2 0.318359375 0.9423828125 0.1357421875 0.115234375
2 0.123046875 0.173828125 0.09375 0.111328125
2 0.2470703125 0.154296875 0.111328125 0.126953125
2 0.802734375 0.912109375 0.095703125 0.142578125
0 0.099609375 0.8623046875 0.1044921875 0.1171875
2 0.1123046875 0.3525390625 0.1123046875 0.134765625
2 0.642578125 0.8857421875 0.09375 0.099609375
0 0.4521484375 0.298828125 0.1044921875 0.138671875
2 0.3388671875 0.5419921875 0.1044921875 0.115234375
2 0.115234375 0.6650390625 0.1171875 0.1279296875
2 0.5107421875 0.12109375 0.1298828125 0.126953125
2 0.9462890625 0.888671875 0.107421875 0.1171875
0 0.708984375 0.099609375 0.107421875 0.1435546875