0 0.072265625 0.865234375 0.091796875 0.119140625
0 0.31640625 0.6630859375 0.091796875 0.1064453125
2 0.8798828125 0.740234375 0.107421875 0.134765625
0 0.9091796875 0.5419921875 0.103515625 0.1044921875
0 0.498046875 0.4599609375 0.1015625 0.103515625
0 0.9111328125 0.369140625 0.099609375 0.09375
2 0.5537109375 0.87890625 0.0986328125 0.134765625
2 0.326171875 0.4345703125 0.095703125 0.123046875
0 0.6943359375 0.9033203125 0.1015625 0.1064453125
2 0.3291015625 0.1435546875 0.0986328125 0.1298828125
0 0.71484375 0.462890625 0.0908203125 0.1142578125
0 0.658203125 0.29296875 0.1171875 0.107421875
2 0.494140625 0.1787109375 0.0986328125 0.142578125
0 0.712890625 0.671875 0.0888671875 0.1123046875
2 0.3681640625 0.896484375 0.1064453125 0.1279296875
0 0.08984375 0.5400390625 0.1044921875 0.123046875
0 0.568359375 0.6806640625 0.09375 0.1064453125
0 0.111328125 0.298828125 0.1044921875 0.0986328125
2 0.1279296875 0.13671875 0.1298828125 0.1279296875
0 0.8876953125 0.09375 0.111328125 0.1328125