0 0.611328125 0.3349609375 0.109375 0.1123046875
0 0.595703125 0.1015625 0.130859375 0.140625
2 0.609375 0.712890625 0.1201171875 0.1484375
2 0.373046875 0.841796875 0.123046875 0.1357421875
2 0.501953125 0.51953125 0.119140625 0.126953125
0 0.341796875 0.5048828125 0.115234375 0.138671875
0 0.529296875 0.9345703125 0.1171875 0.1298828125
0 0.1201171875 0.419921875 0.1298828125 0.142578125
0 0.244140625 0.697265625 0.150390625 0.158203125
2 0.7822265625 0.1640625 0.126953125 0.1357421875
2 0.0908203125 0.70703125 0.107421875 0.115234375
0 0.779296875 0.4013671875 0.1298828125 0.1357421875
0 0.6611328125 0.55859375 0.119140625 0.1328125
0 0.7626953125 0.8955078125 0.123046875 0.1220703125
0 0.912109375 0.548828125 0.1357421875 0.140625
2 0.9462890625 0.37109375 0.1044921875 0.1044921875
0 0.365234375 0.283203125 0.1279296875 0.1279296875
2 0.8046875 0.6826171875 0.1123046875 0.123046875
2 0.2109375 0.158203125 0.134765625 0.1484375
0 0.408203125 0.126953125 0.134765625 0.1435546875