0 0.4794921875 0.123046875 0.103515625 0.1328125
0 0.8486328125 0.138671875 0.095703125 0.0966796875
0 0.708984375 0.912109375 0.091796875 0.109375
2 0.5712890625 0.87109375 0.0966796875 0.1171875
0 0.150390625 0.8310546875 0.103515625 0.119140625
2 0.568359375 0.314453125 0.1171875 0.1201171875
2 0.2880859375 0.92578125 0.115234375 0.138671875
2 0.896484375 0.4150390625 0.107421875 0.1513671875
0 0.373046875 0.576171875 0.091796875 0.1123046875
2 0.8828125 0.904296875 0.095703125 0.130859375
0 0.87890625 0.681640625 0.103515625 0.134765625
2 0.125 0.23828125 0.109375 0.107421875
2 0.71875 0.5390625 0.0966796875 0.1298828125
2 0.705078125 0.111328125 0.0888671875 0.103515625
2 0.4306640625 0.3251953125 0.087890625 0.109375
2 0.568359375 0.5556640625 0.095703125 0.142578125
0 0.2138671875 0.6064453125 0.107421875 0.1201171875
0 0.0478515625 0.5068359375 0.095703125 0.123046875
2 0.703125 0.353515625 0.1220703125 0.1435546875
2 0.283203125 0.158203125 0.1015625 0.1484375