0 0.9462890625 0.8427734375 0.107421875 0.126953125
0 0.466796875 0.8623046875 0.123046875 0.126953125
0 0.84375 0.1865234375 0.123046875 0.146484375
0 0.79296875 0.798828125 0.1171875 0.115234375
2 0.5712890625 0.1083984375 0.1201171875 0.134765625
0 0.201171875 0.4306640625 0.1123046875 0.1201171875
2 0.2705078125 0.189453125 0.126953125 0.1376953125
2 0.333984375 0.923828125 0.1142578125 0.107421875
2 0.9248046875 0.65234375 0.109375 0.1298828125
0 0.197265625 0.6865234375 0.1171875 0.119140625
2 0.1533203125 0.859375 0.1044921875 0.1279296875
2 0.416015625 0.5322265625 0.107421875 0.130859375
0 0.3974609375 0.1298828125 0.111328125 0.134765625
0 0.658203125 0.8544921875 0.111328125 0.1357421875
2 0.0751953125 0.435546875 0.1201171875 0.1640625
0 0.869140625 0.4208984375 0.119140625 0.1455078125
2 0.58984375 0.65625 0.111328125 0.115234375
2 0.443359375 0.3447265625 0.1044921875 0.119140625
2 0.654296875 0.333984375 0.109375 0.1201171875
2 0.0458984375 0.259765625 0.091796875 0.1279296875