2 0.0546875 0.298828125 0.109375 0.166015625
0 0.263671875 0.228515625 0.154296875 0.1669921875
0 0.58203125 0.884765625 0.119140625 0.140625
2 0.4404296875 0.22265625 0.138671875 0.140625
2 0.359375 0.9462890625 0.109375 0.107421875
2 0.130859375 0.76171875 0.123046875 0.1357421875
2 0.076171875 0.541015625 0.140625 0.1376953125
0 0.8896484375 0.369140625 0.134765625 0.140625
2 0.4423828125 0.6796875 0.1142578125 0.1328125
2 0.6318359375 0.2177734375 0.1376953125 0.140625
0 0.623046875 0.697265625 0.111328125 0.130859375
2 0.6962890625 0.43359375 0.1142578125 0.1201171875
2 0.748046875 0.8408203125 0.1201171875 0.1298828125
2 0.77734375 0.087890625 0.1201171875 0.1279296875
0 0.9521484375 0.8212890625 0.095703125 0.1171875
2 0.2333984375 0.96875 0.123046875 0.0625
0 0.4990234375 0.431640625 0.1328125 0.1376953125
0 0.802734375 0.619140625 0.134765625 0.134765625
0 0.2783203125 0.73046875 0.1298828125 0.154296875
0 0.248046875 0.47265625 0.130859375 0.138671875