0 0.2509765625 0.115234375 0.1123046875 0.1357421875
0 0.095703125 0.8125 0.1201171875 0.1201171875
2 0.9208984375 0.751953125 0.1201171875 0.1220703125
2 0.4833984375 0.283203125 0.1064453125 0.123046875
0 0.1064453125 0.345703125 0.1142578125 0.1201171875
2 0.89453125 0.302734375 0.115234375 0.1298828125
2 0.546875 0.06640625 0.0986328125 0.119140625
0 0.09765625 0.5849609375 0.1220703125 0.1455078125
2 0.3720703125 0.095703125 0.1220703125 0.15625
2 0.548828125 0.884765625 0.1064453125 0.119140625
0 0.7607421875 0.548828125 0.138671875 0.1357421875
2 0.771484375 0.123046875 0.1064453125 0.1328125
2 0.3876953125 0.7880859375 0.109375 0.115234375
0 0.9296875 0.591796875 0.1201171875 0.125
2 0.09375 0.1318359375 0.1298828125 0.162109375
0 0.57421875 0.482421875 0.1201171875 0.119140625
2 0.7294921875 0.724609375 0.109375 0.125
2 0.642578125 0.28125 0.1279296875 0.1611328125
0 0.2900390625 0.3203125 0.1142578125 0.1220703125
2 0.3984375 0.5185546875 0.1123046875 0.1064453125