0 0.7705078125 0.6884765625 0.103515625 0.1015625
2 0.869140625 0.1416015625 0.123046875 0.130859375
0 0.9365234375 0.740234375 0.1015625 0.095703125
2 0.720703125 0.142578125 0.095703125 0.142578125
2 0.603515625 0.4697265625 0.099609375 0.138671875
0 0.595703125 0.6806640625 0.0986328125 0.1357421875
2 0.39453125 0.35546875 0.1123046875 0.1328125
0 0.927734375 0.935546875 0.087890625 0.1064453125
2 0.42578125 0.8154296875 0.0908203125 0.1171875
2 0.111328125 0.849609375 0.099609375 0.1220703125
2 0.8642578125 0.4443359375 0.103515625 0.111328125
2 0.57421875 0.2724609375 0.0859375 0.1357421875
2 0.76171875 0.869140625 0.1044921875 0.09375
0 0.34765625 0.525390625 0.1064453125 0.1123046875
2 0.1875 0.3974609375 0.0908203125 0.1064453125
2 0.236328125 0.841796875 0.0986328125 0.134765625
0 0.09765625 0.1943359375 0.107421875 0.1201171875
0 0.6064453125 0.900390625 0.1064453125 0.125
2 0.298828125 0.158203125 0.1142578125 0.140625