0 0.3876953125 0.4912109375 0.119140625 0.1298828125
0 0.556640625 0.7470703125 0.115234375 0.1435546875
0 0.2216796875 0.6484375 0.1171875 0.1201171875
2 0.837890625 0.8642578125 0.109375 0.126953125
0 0.958984375 0.1923828125 0.08203125 0.146484375
2 0.150390625 0.173828125 0.1298828125 0.1328125
2 0.826171875 0.1796875 0.1220703125 0.1533203125
0 0.544921875 0.5361328125 0.1142578125 0.1171875
0 0.6826171875 0.607421875 0.1064453125 0.1279296875
0 0.685546875 0.0947265625 0.1044921875 0.1171875
2 0.68359375 0.8203125 0.1279296875 0.1298828125
2 0.703125 0.375 0.0966796875 0.1171875
2 0.349609375 0.7998046875 0.107421875 0.123046875
2 0.857421875 0.615234375 0.103515625 0.1328125
2 0.435546875 0.087890625 0.109375 0.111328125
2 0.9169921875 0.4013671875 0.095703125 0.1142578125
2 0.5986328125 0.3427734375 0.095703125 0.1123046875
0 0.0537109375 0.7314453125 0.107421875 0.130859375
0 0.2705078125 0.25390625 0.1142578125 0.150390625
2 0.177734375 0.4443359375 0.123046875 0.158203125