2 0.3076171875 0.2978515625 0.1064453125 0.1064453125
0 0.109375 0.3525390625 0.103515625 0.119140625
2 0.8134765625 0.9482421875 0.1201171875 0.103515625
0 0.1767578125 0.822265625 0.1279296875 0.123046875
2 0.52734375 0.162109375 0.107421875 0.1357421875
0 0.8818359375 0.740234375 0.1142578125 0.1044921875
0 0.03515625 0.8369140625 0.0703125 0.126953125
2 0.5234375 0.365234375 0.109375 0.115234375
2 0.84375 0.580078125 0.125 0.140625
0 0.5419921875 0.57421875 0.123046875 0.142578125
2 0.8662109375 0.31640625 0.1142578125 0.111328125
2 0.193359375 0.0947265625 0.1220703125 0.126953125
2 0.7177734375 0.583984375 0.1064453125 0.142578125
2 0.35546875 0.6962890625 0.119140625 0.1484375
2 0.712890625 0.166015625 0.111328125 0.1123046875
2 0.521484375 0.896484375 0.1044921875 0.1220703125
2 0.095703125 0.609375 0.1142578125 0.0986328125
2 0.3330078125 0.5126953125 0.1123046875 0.126953125
2 0.689453125 0.8251953125 0.1279296875 0.140625
2 0.3330078125 0.8798828125 0.140625 0.1611328125