2 0.39453125 0.1884765625 0.083984375 0.1220703125
0 0.5732421875 0.263671875 0.0966796875 0.111328125
0 0.9326171875 0.16796875 0.099609375 0.1064453125
2 0.283203125 0.8984375 0.0908203125 0.1298828125
2 0.75 0.876953125 0.0859375 0.0966796875
2 0.083984375 0.857421875 0.1142578125 0.140625
2 0.755859375 0.306640625 0.0966796875 0.099609375
2 0.1533203125 0.369140625 0.091796875 0.1064453125
2 0.7841796875 0.125 0.109375 0.1435546875
2 0.9072265625 0.662109375 0.0986328125 0.111328125
2 0.548828125 0.732421875 0.0830078125 0.1328125
0 0.3115234375 0.5712890625 0.09375 0.107421875
2 0.4833984375 0.4580078125 0.1064453125 0.115234375
0 0.447265625 0.904296875 0.0966796875 0.119140625
2 0.9072265625 0.3359375 0.09375 0.0908203125
2 0.09375 0.123046875 0.1171875 0.1279296875
2 0.6865234375 0.615234375 0.1015625 0.1064453125
2 0.296875 0.4072265625 0.1064453125 0.099609375
0 0.134765625 0.6376953125 0.099609375 0.109375
2 0.935546875 0.890625 0.1015625 0.1298828125