0 0.349609375 0.7080078125 0.1220703125 0.1220703125
0 0.822265625 0.201171875 0.130859375 0.173828125
0 0.181640625 0.5498046875 0.138671875 0.150390625
0 0.6728515625 0.3955078125 0.109375 0.1376953125
0 0.365234375 0.935546875 0.103515625 0.1279296875
0 0.333984375 0.154296875 0.1142578125 0.115234375
0 0.7216796875 0.6279296875 0.1142578125 0.1357421875
0 0.8115234375 0.8203125 0.130859375 0.130859375
0 0.1708984375 0.169921875 0.126953125 0.154296875
2 0.5888671875 0.853515625 0.1328125 0.125
2 0.9453125 0.73046875 0.109375 0.142578125
0 0.1640625 0.962890625 0.1220703125 0.0732421875
2 0.158203125 0.767578125 0.111328125 0.134765625
2 0.5 0.607421875 0.099609375 0.126953125
2 0.4970703125 0.20703125 0.1142578125 0.1279296875
2 0.2197265625 0.365234375 0.0986328125 0.130859375
2 0.0908203125 0.365234375 0.130859375 0.154296875
0 0.4599609375 0.4423828125 0.134765625 0.146484375
0 0.640625 0.0986328125 0.1142578125 0.142578125
0 0.8955078125 0.4091796875 0.123046875 0.150390625