0 0.353515625 0.5234375 0.119140625 0.1484375
0 0.93359375 0.5302734375 0.123046875 0.1357421875
2 0.34765625 0.8720703125 0.1171875 0.126953125
0 0.251953125 0.6923828125 0.1201171875 0.142578125
0 0.4541015625 0.34375 0.126953125 0.1328125
2 0.373046875 0.1689453125 0.1328125 0.134765625
0 0.6103515625 0.177734375 0.162109375 0.1640625
2 0.705078125 0.4306640625 0.119140625 0.1328125
2 0.2080078125 0.154296875 0.099609375 0.1435546875
2 0.568359375 0.55859375 0.1142578125 0.1376953125
2 0.837890625 0.255859375 0.107421875 0.111328125
2 0.7685546875 0.8623046875 0.115234375 0.1533203125
2 0.041015625 0.1669921875 0.08203125 0.119140625
2 0.216796875 0.9541015625 0.095703125 0.091796875
2 0.576171875 0.880859375 0.123046875 0.1220703125
2 0.736328125 0.650390625 0.1201171875 0.1201171875
0 0.8759765625 0.0546875 0.107421875 0.109375
0 0.2255859375 0.3662109375 0.1123046875 0.125
2 0.095703125 0.40234375 0.130859375 0.1279296875