2 0.076171875 0.3662109375 0.1171875 0.1435546875
2 0.44140625 0.37890625 0.1015625 0.1142578125
0 0.2080078125 0.7646484375 0.1064453125 0.1171875
0 0.5087890625 0.9072265625 0.1201171875 0.119140625
2 0.296875 0.490234375 0.107421875 0.130859375
0 0.873046875 0.587890625 0.115234375 0.1376953125
2 0.4873046875 0.205078125 0.1142578125 0.107421875
2 0.7197265625 0.587890625 0.1015625 0.109375
0 0.091796875 0.146484375 0.115234375 0.130859375
2 0.876953125 0.8583984375 0.1123046875 0.1171875
2 0.69921875 0.1259765625 0.0966796875 0.125
0 0.548828125 0.6005859375 0.1015625 0.146484375
2 0.3388671875 0.677734375 0.0986328125 0.1328125
2 0.337890625 0.8662109375 0.09375 0.09375
2 0.1162109375 0.552734375 0.0986328125 0.1123046875
0 0.7294921875 0.3720703125 0.109375 0.111328125
0 0.236328125 0.275390625 0.099609375 0.115234375
0 0.9169921875 0.1943359375 0.0966796875 0.138671875
0 0.9033203125 0.423828125 0.107421875 0.1201171875
0 0.708984375 0.8125 0.1044921875 0.1357421875