0 0.6201171875 0.685546875 0.109375 0.125
2 0.5498046875 0.091796875 0.1171875 0.134765625
0 0.298828125 0.154296875 0.1435546875 0.15625
2 0.087890625 0.5087890625 0.126953125 0.1611328125
0 0.892578125 0.396484375 0.1357421875 0.130859375
2 0.26953125 0.599609375 0.123046875 0.119140625
0 0.490234375 0.623046875 0.1201171875 0.1513671875
2 0.7900390625 0.8125 0.103515625 0.123046875
2 0.6689453125 0.515625 0.140625 0.1376953125
0 0.8466796875 0.58984375 0.1201171875 0.1328125
2 0.9150390625 0.146484375 0.115234375 0.1376953125
2 0.6318359375 0.880859375 0.109375 0.1298828125
0 0.693359375 0.2998046875 0.1279296875 0.146484375
0 0.123046875 0.8037109375 0.1279296875 0.150390625
2 0.44921875 0.8564453125 0.0966796875 0.115234375
0 0.443359375 0.373046875 0.126953125 0.1513671875
0 0.701171875 0.08984375 0.1298828125 0.130859375
0 0.2392578125 0.373046875 0.109375 0.123046875
2 0.2890625 0.8271484375 0.134765625 0.140625
0 0.1611328125 0.1474609375 0.1220703125 0.1279296875