2 0.1015625 0.5361328125 0.125 0.109375
2 0.1220703125 0.3544921875 0.1279296875 0.1328125
2 0.310546875 0.6953125 0.1123046875 0.126953125
2 0.93359375 0.5087890625 0.119140625 0.138671875
2 0.7734375 0.439453125 0.1220703125 0.138671875
2 0.314453125 0.8798828125 0.1064453125 0.1171875
0 0.1640625 0.1337890625 0.1064453125 0.1201171875
2 0.330078125 0.2021484375 0.111328125 0.111328125
2 0.064453125 0.8583984375 0.1279296875 0.154296875
0 0.76171875 0.646484375 0.1142578125 0.1279296875
2 0.466796875 0.830078125 0.1220703125 0.162109375
2 0.548828125 0.3271484375 0.0986328125 0.119140625
0 0.5791015625 0.5498046875 0.123046875 0.1376953125
0 0.931640625 0.6953125 0.1064453125 0.119140625
0 0.6669921875 0.1044921875 0.1279296875 0.1357421875
0 0.833984375 0.166015625 0.1142578125 0.1376953125
0 0.7529296875 0.8623046875 0.109375 0.123046875
2 0.470703125 0.0908203125 0.1142578125 0.1376953125
2 0.365234375 0.48046875 0.1201171875 0.126953125
0 0.8798828125 0.857421875 0.0986328125 0.1220703125