0 0.7509765625 0.5908203125 0.1123046875 0.1171875
0 0.1337890625 0.611328125 0.1201171875 0.1142578125
2 0.466796875 0.8212890625 0.0986328125 0.091796875
2 0.912109375 0.5927734375 0.103515625 0.123046875
2 0.9501953125 0.4208984375 0.099609375 0.138671875
2 0.625 0.8017578125 0.09375 0.115234375
0 0.099609375 0.2392578125 0.1142578125 0.1328125
0 0.416015625 0.60546875 0.0966796875 0.1015625
2 0.943359375 0.787109375 0.1044921875 0.107421875
2 0.7236328125 0.09375 0.0859375 0.0966796875
0 0.404296875 0.271484375 0.103515625 0.1142578125
2 0.8955078125 0.2041015625 0.103515625 0.115234375
2 0.236328125 0.8408203125 0.1015625 0.126953125
2 0.572265625 0.615234375 0.0908203125 0.1044921875
0 0.7412109375 0.3798828125 0.1015625 0.125
0 0.5849609375 0.2734375 0.1064453125 0.111328125
2 0.3583984375 0.0654296875 0.1015625 0.109375
2 0.5888671875 0.103515625 0.1015625 0.115234375
2 0.759765625 0.86328125 0.0966796875 0.1611328125