2 0.7744140625 0.1796875 0.1533203125 0.169921875
0 0.3154296875 0.6162109375 0.115234375 0.142578125
2 0.0439453125 0.765625 0.087890625 0.1435546875
2 0.955078125 0.1943359375 0.08984375 0.126953125
2 0.3427734375 0.8564453125 0.115234375 0.1455078125
2 0.5009765625 0.8525390625 0.1171875 0.1279296875
2 0.5732421875 0.1220703125 0.126953125 0.1455078125
2 0.7041015625 0.7197265625 0.1171875 0.1201171875
2 0.5126953125 0.6689453125 0.1064453125 0.125
2 0.7958984375 0.9423828125 0.123046875 0.115234375
0 0.177734375 0.8173828125 0.1171875 0.126953125
2 0.853515625 0.7265625 0.1142578125 0.123046875
2 0.0537109375 0.556640625 0.107421875 0.1220703125
2 0.1650390625 0.5908203125 0.1357421875 0.177734375
2 0.1123046875 0.3154296875 0.123046875 0.126953125
0 0.6533203125 0.4013671875 0.1328125 0.146484375
2 0.8125 0.5380859375 0.1376953125 0.1669921875
0 0.3623046875 0.4287109375 0.119140625 0.1279296875
0 0.40234375 0.1103515625 0.150390625 0.1455078125
0 0.1748046875 0.046875 0.109375 0.09375