0 0.228515625 0.9296875 0.119140625 0.115234375
0 0.830078125 0.802734375 0.1142578125 0.1357421875
0 0.6240234375 0.6337890625 0.107421875 0.1171875
0 0.431640625 0.73046875 0.119140625 0.1123046875
0 0.7978515625 0.5791015625 0.111328125 0.107421875
0 0.95703125 0.7998046875 0.0859375 0.099609375
2 0.6201171875 0.849609375 0.107421875 0.125
0 0.072265625 0.2958984375 0.123046875 0.1298828125
0 0.3984375 0.9296875 0.119140625 0.1376953125
2 0.2060546875 0.1650390625 0.109375 0.142578125
2 0.8291015625 0.080078125 0.125 0.1513671875
2 0.638671875 0.330078125 0.1064453125 0.126953125
0 0.2021484375 0.5615234375 0.115234375 0.1328125
0 0.646484375 0.1455078125 0.126953125 0.1279296875
0 0.4384765625 0.4501953125 0.1279296875 0.1455078125
2 0.2392578125 0.3701171875 0.134765625 0.1279296875
2 0.9375 0.595703125 0.125 0.125
0 0.376953125 0.14453125 0.123046875 0.138671875
0 0.806640625 0.3583984375 0.125 0.1328125
0 0.150390625 0.7392578125 0.107421875 0.1376953125