2 0.5458984375 0.0927734375 0.115234375 0.1064453125
0 0.2080078125 0.5634765625 0.1142578125 0.123046875
0 0.884765625 0.166015625 0.1142578125 0.119140625
0 0.087890625 0.1171875 0.107421875 0.103515625
2 0.552734375 0.4931640625 0.1015625 0.1298828125
0 0.3427734375 0.43359375 0.109375 0.103515625
2 0.365234375 0.087890625 0.111328125 0.1142578125
0 0.8076171875 0.5888671875 0.1064453125 0.1171875
0 0.41015625 0.283203125 0.09375 0.0986328125
0 0.716796875 0.7998046875 0.1123046875 0.1044921875
2 0.134765625 0.8603515625 0.1142578125 0.126953125
2 0.560546875 0.865234375 0.103515625 0.1298828125
0 0.73828125 0.1533203125 0.107421875 0.1357421875
2 0.572265625 0.345703125 0.1123046875 0.111328125
2 0.2890625 0.810546875 0.111328125 0.130859375
2 0.0537109375 0.5654296875 0.0986328125 0.1220703125
2 0.4521484375 0.681640625 0.107421875 0.1220703125
2 0.140625 0.3193359375 0.083984375 0.0908203125
2 0.875 0.7783203125 0.0888671875 0.1044921875
2 0.8330078125 0.4111328125 0.0908203125 0.1064453125