2 0.08984375 0.5361328125 0.1279296875 0.1376953125
0 0.943359375 0.41796875 0.1123046875 0.1513671875
0 0.9150390625 0.6044921875 0.1279296875 0.1513671875
0 0.8427734375 0.1962890625 0.146484375 0.150390625
2 0.458984375 0.44921875 0.1201171875 0.1435546875
0 0.71484375 0.716796875 0.1142578125 0.1376953125
0 0.2958984375 0.7060546875 0.126953125 0.123046875
2 0.833984375 0.7939453125 0.109375 0.1328125
2 0.9580078125 0.2158203125 0.083984375 0.150390625
2 0.25 0.296875 0.123046875 0.130859375
2 0.6923828125 0.1494140625 0.138671875 0.150390625
2 0.8125 0.42578125 0.125 0.146484375
0 0.5302734375 0.642578125 0.134765625 0.1328125
2 0.4375 0.908203125 0.107421875 0.126953125
2 0.279296875 0.8916015625 0.109375 0.1123046875
0 0.32421875 0.119140625 0.119140625 0.130859375
2 0.6611328125 0.865234375 0.0986328125 0.099609375
0 0.5 0.228515625 0.1328125 0.1328125
0 0.0888671875 0.7841796875 0.119140625 0.126953125
2 0.638671875 0.5009765625 0.1279296875 0.125