0 0.734375 0.12109375 0.1298828125 0.1220703125
0 0.31640625 0.8291015625 0.1123046875 0.119140625
0 0.1455078125 0.8759765625 0.119140625 0.1279296875
0 0.5556640625 0.7451171875 0.1201171875 0.1142578125
0 0.384765625 0.6005859375 0.111328125 0.1142578125
2 0.447265625 0.380859375 0.09375 0.1201171875
0 0.908203125 0.861328125 0.0966796875 0.123046875
2 0.4765625 0.1201171875 0.111328125 0.115234375
0 0.9267578125 0.169921875 0.1142578125 0.130859375
0 0.08984375 0.1630859375 0.1064453125 0.1376953125
2 0.091796875 0.369140625 0.091796875 0.125
0 0.576171875 0.912109375 0.103515625 0.115234375
2 0.751953125 0.896484375 0.099609375 0.1015625
0 0.6962890625 0.646484375 0.0966796875 0.0966796875
2 0.84375 0.552734375 0.103515625 0.123046875
2 0.6005859375 0.314453125 0.087890625 0.1298828125
2 0.3076171875 0.404296875 0.095703125 0.1044921875
2 0.115234375 0.5732421875 0.0966796875 0.083984375
2 0.802734375 0.3564453125 0.1044921875 0.107421875
2 0.244140625 0.1669921875 0.119140625 0.140625