0 0.0615234375 0.193359375 0.123046875 0.1484375
0 0.09375 0.3857421875 0.125 0.140625
0 0.212890625 0.224609375 0.115234375 0.1611328125
0 0.412109375 0.115234375 0.095703125 0.1328125
0 0.484375 0.90234375 0.109375 0.1171875
0 0.9287109375 0.6025390625 0.09375 0.140625
0 0.7705078125 0.646484375 0.0966796875 0.1455078125
0 0.6044921875 0.623046875 0.1123046875 0.115234375
0 0.55859375 0.412109375 0.111328125 0.103515625
0 0.880859375 0.1865234375 0.1015625 0.09375
0 0.82421875 0.408203125 0.109375 0.115234375
2 0.294921875 0.3955078125 0.119140625 0.1220703125
2 0.2783203125 0.689453125 0.0986328125 0.1376953125
2 0.431640625 0.7470703125 0.0888671875 0.091796875
2 0.12890625 0.798828125 0.103515625 0.123046875
2 0.3251953125 0.9091796875 0.1044921875 0.1220703125
2 0.966796875 0.822265625 0.06640625 0.125
2 0.7451171875 0.1533203125 0.0830078125 0.15625
2 0.576171875 0.12890625 0.1201171875 0.1376953125
2 0.654296875 0.8046875 0.0986328125 0.125