0 0.287109375 0.1064453125 0.1142578125 0.1123046875
0 0.45703125 0.416015625 0.107421875 0.1171875
2 0.08203125 0.1435546875 0.1123046875 0.119140625
0 0.1181640625 0.48828125 0.109375 0.130859375
0 0.443359375 0.8125 0.1171875 0.1220703125
2 0.130859375 0.919921875 0.1015625 0.1357421875
0 0.2763671875 0.2724609375 0.119140625 0.1220703125
2 0.09375 0.681640625 0.1015625 0.119140625
2 0.81640625 0.3837890625 0.1142578125 0.1123046875
0 0.8583984375 0.8291015625 0.1171875 0.1123046875
0 0.259765625 0.9013671875 0.1201171875 0.1328125
2 0.701171875 0.1962890625 0.1220703125 0.1484375
2 0.298828125 0.4560546875 0.0859375 0.111328125
0 0.6572265625 0.865234375 0.130859375 0.1376953125
2 0.5087890625 0.587890625 0.103515625 0.126953125
0 0.673828125 0.568359375 0.115234375 0.130859375
2 0.2412109375 0.669921875 0.107421875 0.1357421875
0 0.841796875 0.638671875 0.111328125 0.1376953125
0 0.84375 0.166015625 0.115234375 0.146484375
2 0.46875 0.181640625 0.119140625 0.119140625