0 0.8505859375 0.9111328125 0.1171875 0.1123046875
0 0.681640625 0.9169921875 0.0986328125 0.1142578125
2 0.37890625 0.224609375 0.103515625 0.1513671875
0 0.1845703125 0.6884765625 0.1220703125 0.1298828125
0 0.349609375 0.455078125 0.1220703125 0.140625
2 0.90625 0.1396484375 0.0986328125 0.126953125
0 0.541015625 0.70703125 0.107421875 0.103515625
2 0.3828125 0.7880859375 0.1044921875 0.1142578125
2 0.8896484375 0.7041015625 0.111328125 0.1220703125
2 0.8662109375 0.421875 0.080078125 0.119140625
0 0.0498046875 0.2666015625 0.099609375 0.130859375
0 0.5244140625 0.23828125 0.0966796875 0.115234375
2 0.7568359375 0.115234375 0.125 0.1142578125
2 0.697265625 0.685546875 0.0986328125 0.1357421875
2 0.224609375 0.8857421875 0.0908203125 0.091796875
0 0.2138671875 0.220703125 0.109375 0.115234375
0 0.05859375 0.9013671875 0.095703125 0.103515625
2 0.13671875 0.484375 0.09375 0.0810546875
0 0.646484375 0.455078125 0.0986328125 0.142578125
0 0.541015625 0.912109375 0.1044921875 0.125