2 0.943359375 0.1337890625 0.1123046875 0.138671875
0 0.29296875 0.2177734375 0.1064453125 0.125
0 0.0537109375 0.5947265625 0.107421875 0.123046875
2 0.8564453125 0.712890625 0.111328125 0.1220703125
0 0.240234375 0.6171875 0.099609375 0.115234375
2 0.76171875 0.123046875 0.111328125 0.1298828125
2 0.494140625 0.3515625 0.1123046875 0.1298828125
2 0.337890625 0.0546875 0.1328125 0.109375
0 0.3193359375 0.419921875 0.1123046875 0.1328125
2 0.3115234375 0.8515625 0.1279296875 0.1435546875
2 0.46875 0.8525390625 0.095703125 0.1015625
2 0.697265625 0.4775390625 0.107421875 0.109375
0 0.1875 0.1181640625 0.109375 0.119140625
0 0.0673828125 0.841796875 0.125 0.138671875
2 0.15625 0.4130859375 0.126953125 0.1513671875
2 0.4306640625 0.625 0.1279296875 0.142578125
2 0.603515625 0.640625 0.0986328125 0.103515625
0 0.904296875 0.4501953125 0.1123046875 0.1357421875
2 0.5263671875 0.087890625 0.125 0.1484375
2 0.6513671875 0.853515625 0.109375 0.1171875