0 0.7822265625 0.876953125 0.09375 0.123046875
0 0.8974609375 0.427734375 0.1064453125 0.1123046875
0 0.3330078125 0.900390625 0.09375 0.111328125
0 0.744140625 0.658203125 0.091796875 0.1015625
2 0.8994140625 0.26171875 0.095703125 0.126953125
2 0.443359375 0.62890625 0.087890625 0.103515625
0 0.2578125 0.666015625 0.1171875 0.1142578125
0 0.58984375 0.634765625 0.0986328125 0.125
0 0.1044921875 0.87890625 0.0966796875 0.134765625
2 0.603515625 0.40625 0.0986328125 0.107421875
2 0.91015625 0.658203125 0.107421875 0.1513671875
2 0.5126953125 0.853515625 0.0966796875 0.103515625
2 0.08984375 0.3818359375 0.109375 0.134765625
2 0.916015625 0.8896484375 0.0859375 0.1220703125
0 0.2900390625 0.4833984375 0.103515625 0.1376953125
0 0.697265625 0.2177734375 0.1064453125 0.140625
0 0.427734375 0.271484375 0.115234375 0.123046875
2 0.111328125 0.6875 0.095703125 0.1142578125
2 0.744140625 0.4638671875 0.0986328125 0.1279296875
2 0.1123046875 0.134765625 0.103515625 0.1044921875