0 0.3046875 0.416015625 0.103515625 0.1220703125
0 0.080078125 0.455078125 0.111328125 0.109375
2 0.42578125 0.888671875 0.1142578125 0.1279296875
2 0.2373046875 0.6015625 0.1064453125 0.119140625
2 0.48828125 0.1650390625 0.115234375 0.134765625
0 0.810546875 0.0712890625 0.119140625 0.123046875
2 0.111328125 0.208984375 0.142578125 0.1513671875
2 0.8701171875 0.2880859375 0.099609375 0.123046875
0 0.7998046875 0.826171875 0.1044921875 0.1220703125
2 0.8662109375 0.599609375 0.111328125 0.1279296875
0 0.5498046875 0.650390625 0.1142578125 0.1484375
2 0.7138671875 0.623046875 0.1064453125 0.134765625
2 0.724609375 0.419921875 0.111328125 0.103515625
2 0.4267578125 0.708984375 0.099609375 0.126953125
2 0.58203125 0.802734375 0.123046875 0.1171875
0 0.501953125 0.43359375 0.125 0.140625
0 0.0830078125 0.6416015625 0.1201171875 0.1220703125
2 0.1259765625 0.853515625 0.09375 0.111328125
2 0.32421875 0.1015625 0.123046875 0.1640625
2 0.6201171875 0.1552734375 0.0830078125 0.109375