0 0.208984375 0.0634765625 0.130859375 0.1220703125
2 0.3974609375 0.7919921875 0.126953125 0.158203125
0 0.3515625 0.0830078125 0.125 0.1201171875
0 0.595703125 0.6748046875 0.1201171875 0.1298828125
0 0.7041015625 0.232421875 0.134765625 0.162109375
2 0.16796875 0.4462890625 0.1201171875 0.150390625
0 0.46875 0.3251953125 0.1279296875 0.1455078125
0 0.7626953125 0.853515625 0.1220703125 0.150390625
2 0.1953125 0.6787109375 0.162109375 0.166015625
0 0.400390625 0.517578125 0.123046875 0.154296875
2 0.7802734375 0.439453125 0.1455078125 0.166015625
2 0.9404296875 0.4384765625 0.119140625 0.142578125
2 0.611328125 0.4638671875 0.111328125 0.130859375
2 0.576171875 0.8984375 0.1376953125 0.140625
2 0.525390625 0.0927734375 0.119140625 0.1220703125
2 0.3232421875 0.291015625 0.111328125 0.119140625
0 0.16015625 0.19921875 0.1201171875 0.1357421875
2 0.9296875 0.208984375 0.1201171875 0.154296875
0 0.73828125 0.650390625 0.125 0.142578125
0 0.0458984375 0.697265625 0.091796875 0.1435546875