0 0.5537109375 0.7177734375 0.107421875 0.107421875
2 0.666015625 0.521484375 0.1123046875 0.119140625
2 0.9150390625 0.1494140625 0.115234375 0.15625
0 0.53125 0.130859375 0.1142578125 0.1279296875
0 0.818359375 0.484375 0.1064453125 0.1357421875
0 0.1826171875 0.640625 0.1376953125 0.1357421875
2 0.71875 0.1162109375 0.1220703125 0.119140625
2 0.55859375 0.912109375 0.123046875 0.111328125
2 0.3154296875 0.169921875 0.119140625 0.134765625
0 0.3515625 0.8740234375 0.103515625 0.1044921875
0 0.8916015625 0.69921875 0.1298828125 0.140625
2 0.2119140625 0.9111328125 0.126953125 0.1201171875
0 0.759765625 0.6796875 0.1044921875 0.099609375
0 0.173828125 0.1201171875 0.1123046875 0.1328125
0 0.4794921875 0.3369140625 0.1044921875 0.1328125
0 0.51953125 0.537109375 0.130859375 0.140625
2 0.6552734375 0.2939453125 0.119140625 0.1064453125
0 0.19921875 0.310546875 0.1171875 0.1201171875
2 0.3369140625 0.5361328125 0.115234375 0.140625
2 0.8798828125 0.890625 0.111328125 0.111328125