0 0.4833984375 0.8173828125 0.1220703125 0.119140625
0 0.21484375 0.1767578125 0.09375 0.1298828125
2 0.9052734375 0.123046875 0.1171875 0.123046875
0 0.2568359375 0.689453125 0.103515625 0.109375
0 0.451171875 0.537109375 0.1064453125 0.1123046875
2 0.2578125 0.8955078125 0.123046875 0.1064453125
2 0.7587890625 0.103515625 0.109375 0.1484375
0 0.947265625 0.49609375 0.10546875 0.1171875
0 0.38671875 0.3251953125 0.109375 0.111328125
0 0.6064453125 0.515625 0.109375 0.1220703125
2 0.4462890625 0.111328125 0.107421875 0.134765625
2 0.9091796875 0.8427734375 0.099609375 0.1171875
2 0.2431640625 0.5087890625 0.099609375 0.1201171875
2 0.083984375 0.193359375 0.1064453125 0.115234375
0 0.5673828125 0.318359375 0.1142578125 0.150390625
2 0.083984375 0.380859375 0.091796875 0.0908203125
0 0.115234375 0.572265625 0.134765625 0.1533203125
2 0.681640625 0.833984375 0.1123046875 0.1220703125
0 0.759765625 0.4150390625 0.1142578125 0.142578125