0 0.521484375 0.501953125 0.123046875 0.154296875
2 0.2099609375 0.068359375 0.142578125 0.13671875
2 0.451171875 0.8916015625 0.138671875 0.15625
0 0.33984375 0.6787109375 0.1201171875 0.146484375
0 0.7158203125 0.736328125 0.1279296875 0.1484375
2 0.7119140625 0.478515625 0.1142578125 0.150390625
0 0.017578125 0.7421875 0.0341796875 0.146484375
0 0.283203125 0.876953125 0.126953125 0.1328125
0 0.212890625 0.494140625 0.1123046875 0.119140625
2 0.3701171875 0.4541015625 0.123046875 0.1435546875
0 0.890625 0.4296875 0.1201171875 0.1201171875
2 0.5537109375 0.7021484375 0.1220703125 0.119140625
0 0.791015625 0.9453125 0.1201171875 0.109375
2 0.591796875 0.947265625 0.1015625 0.1044921875
2 0.283203125 0.2783203125 0.1298828125 0.162109375
2 0.125 0.7646484375 0.1044921875 0.099609375
2 0.072265625 0.39453125 0.134765625 0.1376953125
2 0.4794921875 0.228515625 0.1298828125 0.1298828125
0 0.888671875 0.205078125 0.1484375 0.173828125
0 0.7216796875 0.2041015625 0.126953125 0.1455078125