0 0.5537109375 0.3037109375 0.095703125 0.1123046875
0 0.90234375 0.3203125 0.091796875 0.1015625
0 0.380859375 0.505859375 0.099609375 0.1220703125
0 0.939453125 0.509765625 0.111328125 0.107421875
0 0.4169921875 0.791015625 0.0966796875 0.107421875
2 0.216796875 0.5966796875 0.080078125 0.109375
0 0.154296875 0.2734375 0.09375 0.109375
0 0.1572265625 0.8193359375 0.1142578125 0.1279296875
2 0.7822265625 0.7333984375 0.1171875 0.099609375
2 0.5546875 0.158203125 0.091796875 0.1142578125
2 0.7236328125 0.3203125 0.0830078125 0.1123046875
2 0.939453125 0.7392578125 0.099609375 0.0888671875
2 0.642578125 0.830078125 0.0966796875 0.1201171875
2 0.7109375 0.5185546875 0.0859375 0.103515625
2 0.4228515625 0.099609375 0.078125 0.1044921875
0 0.927734375 0.12109375 0.09375 0.1201171875
2 0.0859375 0.091796875 0.1142578125 0.1484375
2 0.3154296875 0.28515625 0.078125 0.099609375
0 0.5205078125 0.560546875 0.091796875 0.1064453125
2 0.75390625 0.091796875 0.091796875 0.099609375