0 0.6044921875 0.3310546875 0.115234375 0.111328125
2 0.056640625 0.5283203125 0.1123046875 0.138671875
2 0.451171875 0.2451171875 0.095703125 0.134765625
0 0.3935546875 0.634765625 0.103515625 0.0859375
0 0.556640625 0.939453125 0.115234375 0.111328125
2 0.8994140625 0.51171875 0.1044921875 0.1142578125
0 0.732421875 0.5322265625 0.115234375 0.1201171875
0 0.7509765625 0.1171875 0.0966796875 0.130859375
0 0.7763671875 0.732421875 0.109375 0.109375
2 0.232421875 0.2236328125 0.091796875 0.111328125
2 0.77734375 0.333984375 0.1015625 0.1015625
2 0.5751953125 0.560546875 0.0859375 0.1142578125
2 0.595703125 0.0888671875 0.1015625 0.1171875
2 0.2392578125 0.5234375 0.1015625 0.0966796875
2 0.8564453125 0.9326171875 0.119140625 0.0966796875
2 0.04296875 0.326171875 0.0859375 0.1357421875
0 0.1572265625 0.8525390625 0.107421875 0.1455078125
2 0.3837890625 0.46875 0.09375 0.107421875
0 0.38671875 0.857421875 0.1171875 0.1533203125
2 0.0947265625 0.142578125 0.107421875 0.111328125