0 0.306640625 0.1123046875 0.09375 0.1044921875
0 0.669921875 0.134765625 0.115234375 0.1220703125
2 0.904296875 0.2353515625 0.119140625 0.1220703125
2 0.107421875 0.923828125 0.111328125 0.1328125
2 0.66015625 0.60546875 0.1015625 0.1123046875
2 0.115234375 0.0986328125 0.111328125 0.107421875
0 0.771484375 0.8828125 0.09375 0.1201171875
2 0.5400390625 0.8916015625 0.0966796875 0.1171875
0 0.564453125 0.337890625 0.1015625 0.1220703125
2 0.490234375 0.6806640625 0.0966796875 0.126953125
0 0.810546875 0.6748046875 0.1015625 0.115234375
0 0.2314453125 0.318359375 0.109375 0.1328125
2 0.11328125 0.587890625 0.0908203125 0.1220703125
0 0.919921875 0.83984375 0.1220703125 0.115234375
2 0.724609375 0.3671875 0.099609375 0.103515625
2 0.310546875 0.6962890625 0.1064453125 0.1064453125
0 0.875 0.427734375 0.103515625 0.1328125
2 0.388671875 0.896484375 0.083984375 0.107421875
2 0.521484375 0.1396484375 0.103515625 0.119140625
0 0.408203125 0.4453125 0.0908203125 0.1220703125