0 0.88671875 0.091796875 0.1044921875 0.1279296875
0 0.666015625 0.318359375 0.103515625 0.115234375
2 0.0966796875 0.2998046875 0.1220703125 0.1455078125
0 0.087890625 0.5009765625 0.1123046875 0.1142578125
0 0.505859375 0.5400390625 0.111328125 0.1123046875
0 0.1044921875 0.673828125 0.107421875 0.1044921875
2 0.4072265625 0.12890625 0.1123046875 0.1435546875
2 0.6806640625 0.546875 0.1064453125 0.130859375
0 0.263671875 0.119140625 0.111328125 0.115234375
2 0.70703125 0.8369140625 0.1123046875 0.138671875
0 0.2900390625 0.55859375 0.1015625 0.123046875
0 0.3642578125 0.72265625 0.126953125 0.119140625
2 0.5400390625 0.818359375 0.1123046875 0.1513671875
0 0.2705078125 0.3515625 0.099609375 0.1201171875
2 0.58984375 0.091796875 0.1201171875 0.1376953125
0 0.904296875 0.4169921875 0.1171875 0.134765625
0 0.4130859375 0.3271484375 0.1044921875 0.115234375
0 0.908203125 0.66015625 0.1142578125 0.109375
2 0.908203125 0.822265625 0.142578125 0.140625
0 0.1572265625 0.9365234375 0.123046875 0.126953125