2 0.8857421875 0.943359375 0.130859375 0.11328125
2 0.6806640625 0.8515625 0.115234375 0.134765625
2 0.6748046875 0.662109375 0.103515625 0.1201171875
2 0.669921875 0.474609375 0.109375 0.126953125
2 0.3857421875 0.642578125 0.109375 0.150390625
2 0.10546875 0.841796875 0.115234375 0.134765625
2 0.1396484375 0.3310546875 0.111328125 0.1298828125
2 0.326171875 0.185546875 0.087890625 0.1015625
2 0.76953125 0.228515625 0.1123046875 0.125
2 0.880859375 0.716796875 0.1142578125 0.1279296875
0 0.8935546875 0.26953125 0.1201171875 0.130859375
0 0.8212890625 0.5185546875 0.0986328125 0.126953125
0 0.515625 0.486328125 0.107421875 0.125
0 0.2900390625 0.3623046875 0.111328125 0.109375
0 0.095703125 0.525390625 0.1142578125 0.126953125
0 0.2177734375 0.6416015625 0.111328125 0.109375
0 0.3583984375 0.8212890625 0.107421875 0.1357421875
0 0.529296875 0.8759765625 0.1171875 0.1220703125
0 0.4638671875 0.158203125 0.107421875 0.130859375
0 0.1435546875 0.0986328125 0.091796875 0.1142578125