2 0.357421875 0.1357421875 0.111328125 0.1357421875
0 0.2626953125 0.658203125 0.095703125 0.1044921875
0 0.728515625 0.6396484375 0.130859375 0.1201171875
0 0.900390625 0.6630859375 0.1279296875 0.1201171875
0 0.521484375 0.244140625 0.1142578125 0.1142578125
0 0.6640625 0.8291015625 0.1015625 0.1171875
0 0.6962890625 0.12890625 0.1044921875 0.107421875
0 0.8251953125 0.8603515625 0.1015625 0.103515625
0 0.44921875 0.5029296875 0.130859375 0.130859375
0 0.1044921875 0.4052734375 0.111328125 0.115234375
2 0.5830078125 0.4873046875 0.1201171875 0.125
2 0.212890625 0.849609375 0.0986328125 0.125
2 0.1044921875 0.6962890625 0.09375 0.103515625
0 0.939453125 0.443359375 0.0908203125 0.109375
2 0.783203125 0.34375 0.09375 0.119140625
2 0.18359375 0.130859375 0.103515625 0.130859375
2 0.873046875 0.138671875 0.0966796875 0.130859375
2 0.279296875 0.345703125 0.111328125 0.134765625
2 0.439453125 0.681640625 0.1142578125 0.1123046875
0 0.486328125 0.8583984375 0.1171875 0.123046875