0 0.1494140625 0.9345703125 0.1142578125 0.130859375
0 0.07421875 0.732421875 0.1123046875 0.1298828125
2 0.9423828125 0.734375 0.115234375 0.125
2 0.52734375 0.8564453125 0.115234375 0.111328125
0 0.234375 0.697265625 0.1171875 0.125
0 0.5625 0.65234375 0.111328125 0.126953125
0 0.66796875 0.115234375 0.1220703125 0.125
2 0.8759765625 0.2197265625 0.107421875 0.107421875
2 0.365234375 0.693359375 0.109375 0.126953125
2 0.7705078125 0.751953125 0.0966796875 0.1064453125
0 0.849609375 0.564453125 0.1142578125 0.1298828125
2 0.5615234375 0.4248046875 0.1044921875 0.142578125
0 0.333984375 0.18359375 0.0986328125 0.1220703125
2 0.1708984375 0.3740234375 0.103515625 0.1611328125
2 0.3017578125 0.892578125 0.1015625 0.099609375
0 0.373046875 0.494140625 0.123046875 0.125
2 0.6943359375 0.369140625 0.1171875 0.142578125
0 0.197265625 0.166015625 0.103515625 0.1376953125
0 0.5205078125 0.185546875 0.1279296875 0.1376953125
0 0.0458984375 0.177734375 0.091796875 0.119140625