0 0.1201171875 0.9140625 0.1064453125 0.1298828125
0 0.337890625 0.6845703125 0.1044921875 0.1171875
2 0.90625 0.6923828125 0.123046875 0.146484375
0 0.912109375 0.4921875 0.1142578125 0.115234375
0 0.494140625 0.4609375 0.1123046875 0.1142578125
0 0.892578125 0.3193359375 0.109375 0.1064453125
2 0.599609375 0.869140625 0.1142578125 0.1455078125
2 0.318359375 0.4560546875 0.109375 0.1328125
0 0.7421875 0.876953125 0.1123046875 0.1171875
2 0.287109375 0.1669921875 0.1142578125 0.140625
0 0.708984375 0.4375 0.103515625 0.123046875
0 0.6318359375 0.275390625 0.1279296875 0.1220703125
2 0.455078125 0.181640625 0.115234375 0.1533203125
0 0.732421875 0.64453125 0.1015625 0.1220703125
2 0.4169921875 0.91015625 0.1220703125 0.138671875
0 0.09765625 0.58984375 0.119140625 0.1357421875
0 0.58984375 0.6708984375 0.1064453125 0.1171875
0 0.0888671875 0.34765625 0.115234375 0.111328125
2 0.0869140625 0.1845703125 0.1435546875 0.142578125
0 0.833984375 0.060546875 0.125 0.12109375