0 0.59375 0.3251953125 0.1015625 0.1044921875
0 0.552734375 0.09375 0.1201171875 0.1328125
2 0.630859375 0.701171875 0.107421875 0.140625
2 0.4091796875 0.853515625 0.1142578125 0.1279296875
2 0.5048828125 0.51953125 0.109375 0.119140625
0 0.341796875 0.521484375 0.1064453125 0.130859375
0 0.5751953125 0.9287109375 0.107421875 0.1220703125
0 0.1142578125 0.4609375 0.119140625 0.134765625
0 0.265625 0.72265625 0.138671875 0.1484375
2 0.7451171875 0.13671875 0.1171875 0.126953125
2 0.115234375 0.748046875 0.099609375 0.107421875
0 0.767578125 0.373046875 0.1201171875 0.1279296875
0 0.666015625 0.541015625 0.109375 0.125
0 0.802734375 0.865234375 0.1142578125 0.1142578125
0 0.9140625 0.505859375 0.125 0.1328125
2 0.9296875 0.3251953125 0.0966796875 0.0986328125
0 0.34375 0.298828125 0.1201171875 0.119140625
2 0.822265625 0.650390625 0.103515625 0.1171875
2 0.1767578125 0.19140625 0.125 0.138671875
0 0.369140625 0.138671875 0.125 0.134765625