0 0.3125 0.955078125 0.1220703125 0.0888671875
2 0.0498046875 0.2353515625 0.099609375 0.154296875
2 0.796875 0.857421875 0.1328125 0.126953125
0 0.927734375 0.453125 0.119140625 0.146484375
0 0.3349609375 0.525390625 0.1328125 0.134765625
2 0.0751953125 0.431640625 0.1328125 0.134765625
0 0.607421875 0.0966796875 0.1357421875 0.1357421875
2 0.78515625 0.6533203125 0.111328125 0.134765625
2 0.1796875 0.6396484375 0.134765625 0.1484375
0 0.1767578125 0.8212890625 0.1376953125 0.1484375
0 0.796875 0.2490234375 0.150390625 0.166015625
0 0.3583984375 0.3017578125 0.1279296875 0.1376953125
2 0.580078125 0.931640625 0.1376953125 0.1279296875
2 0.966796875 0.814453125 0.06640625 0.13671875
0 0.8134765625 0.0419921875 0.1298828125 0.083984375
2 0.9521484375 0.6337890625 0.095703125 0.1455078125
2 0.541015625 0.373046875 0.1376953125 0.140625
0 0.3525390625 0.76171875 0.1484375 0.1689453125
2 0.5947265625 0.5625 0.123046875 0.142578125
0 0.17578125 0.283203125 0.1220703125 0.134765625