2 0.4033203125 0.1728515625 0.1044921875 0.1123046875
0 0.076171875 0.759765625 0.111328125 0.1220703125
2 0.7822265625 0.15625 0.1171875 0.138671875
2 0.892578125 0.40625 0.107421875 0.115234375
2 0.4697265625 0.455078125 0.1201171875 0.1298828125
0 0.5869140625 0.66015625 0.1279296875 0.115234375
0 0.427734375 0.6806640625 0.1171875 0.125
0 0.619140625 0.869140625 0.103515625 0.123046875
2 0.2568359375 0.5576171875 0.111328125 0.1513671875
2 0.123046875 0.0947265625 0.1015625 0.126953125
2 0.814453125 0.9169921875 0.109375 0.1142578125
2 0.919921875 0.138671875 0.1064453125 0.126953125
0 0.4560546875 0.8720703125 0.1142578125 0.1201171875
2 0.748046875 0.38671875 0.0908203125 0.1328125
0 0.2333984375 0.859375 0.115234375 0.130859375
0 0.1337890625 0.314453125 0.125 0.1435546875
2 0.08984375 0.51953125 0.109375 0.15625
2 0.748046875 0.6240234375 0.099609375 0.1142578125
0 0.2626953125 0.1357421875 0.115234375 0.1142578125
0 0.5791015625 0.2822265625 0.107421875 0.1357421875