0 0.6025390625 0.08984375 0.130859375 0.1220703125
0 0.759765625 0.119140625 0.1298828125 0.1298828125
0 0.390625 0.384765625 0.115234375 0.1328125
0 0.8056640625 0.939453125 0.142578125 0.12109375
0 0.451171875 0.6513671875 0.119140625 0.125
2 0.0712890625 0.66796875 0.125 0.162109375
0 0.3671875 0.791015625 0.1142578125 0.119140625
2 0.7353515625 0.341796875 0.130859375 0.1513671875
0 0.6787109375 0.5517578125 0.1220703125 0.123046875
2 0.869140625 0.49609375 0.1123046875 0.1298828125
2 0.181640625 0.0732421875 0.154296875 0.146484375
2 0.572265625 0.3212890625 0.111328125 0.119140625
2 0.9619140625 0.3251953125 0.076171875 0.134765625
2 0.4072265625 0.1767578125 0.123046875 0.1357421875
0 0.5205078125 0.892578125 0.125 0.142578125
0 0.8447265625 0.7275390625 0.126953125 0.1279296875
2 0.09765625 0.341796875 0.1279296875 0.150390625
2 0.6572265625 0.6875 0.123046875 0.109375
0 0.19921875 0.748046875 0.146484375 0.1669921875
2 0.2275390625 0.505859375 0.1513671875 0.1640625