0 0.681640625 0.681640625 0.1064453125 0.1064453125
0 0.134765625 0.2548828125 0.109375 0.158203125
0 0.822265625 0.4990234375 0.1201171875 0.1328125
0 0.3134765625 0.423828125 0.091796875 0.125
0 0.701171875 0.9091796875 0.087890625 0.115234375
0 0.6103515625 0.1318359375 0.0986328125 0.1015625
0 0.30078125 0.6611328125 0.0966796875 0.1220703125
0 0.2421875 0.865234375 0.1142578125 0.115234375
0 0.7734375 0.1220703125 0.1064453125 0.138671875
2 0.466796875 0.86328125 0.119140625 0.109375
2 0.091796875 0.7978515625 0.0986328125 0.1279296875
0 0.908203125 0.935546875 0.1044921875 0.119140625
2 0.87890625 0.7099609375 0.09375 0.1220703125
2 0.5166015625 0.60546875 0.083984375 0.115234375
2 0.45703125 0.2099609375 0.0966796875 0.1142578125
2 0.755859375 0.322265625 0.0810546875 0.119140625
2 0.8828125 0.302734375 0.111328125 0.140625
0 0.5302734375 0.4365234375 0.115234375 0.1298828125
0 0.298828125 0.125 0.095703125 0.1279296875
0 0.095703125 0.47265625 0.103515625 0.1357421875