0 0.349609375 0.884765625 0.1015625 0.111328125
0 0.7353515625 0.880859375 0.1044921875 0.1044921875
2 0.923828125 0.669921875 0.09375 0.1044921875
0 0.2958984375 0.34765625 0.099609375 0.1044921875
2 0.3310546875 0.111328125 0.115234375 0.119140625
2 0.646484375 0.298828125 0.0908203125 0.1142578125
0 0.494140625 0.37890625 0.1015625 0.1220703125
0 0.568359375 0.685546875 0.099609375 0.095703125
0 0.12890625 0.873046875 0.111328125 0.1279296875
0 0.111328125 0.5712890625 0.103515625 0.1357421875
0 0.486328125 0.916015625 0.0908203125 0.1171875
2 0.5 0.119140625 0.1064453125 0.1357421875
2 0.658203125 0.515625 0.0986328125 0.0888671875
0 0.416015625 0.619140625 0.107421875 0.1044921875
0 0.814453125 0.349609375 0.103515625 0.109375
2 0.107421875 0.123046875 0.0810546875 0.103515625
2 0.9169921875 0.1513671875 0.091796875 0.1142578125
2 0.091796875 0.345703125 0.0908203125 0.115234375
0 0.7587890625 0.662109375 0.1044921875 0.134765625