0 0.828125 0.1123046875 0.1064453125 0.103515625
0 0.2158203125 0.154296875 0.0986328125 0.125
0 0.3955078125 0.349609375 0.09375 0.1064453125
0 0.599609375 0.28125 0.1064453125 0.099609375
0 0.216796875 0.380859375 0.0986328125 0.095703125
0 0.0830078125 0.1376953125 0.0859375 0.0888671875
2 0.4296875 0.1376953125 0.09375 0.1142578125
0 0.89453125 0.76171875 0.109375 0.1171875
0 0.66015625 0.087890625 0.103515625 0.125
2 0.744140625 0.873046875 0.091796875 0.130859375
2 0.115234375 0.8701171875 0.1064453125 0.1376953125
2 0.3388671875 0.6484375 0.0908203125 0.115234375
0 0.802734375 0.48046875 0.099609375 0.1201171875
0 0.306640625 0.8310546875 0.1123046875 0.1142578125
0 0.5537109375 0.5576171875 0.1123046875 0.130859375
2 0.740234375 0.6650390625 0.1201171875 0.1123046875
2 0.0771484375 0.34375 0.115234375 0.109375
0 0.572265625 0.869140625 0.107421875 0.125
0 0.1767578125 0.59765625 0.109375 0.1201171875
0 0.8798828125 0.3115234375 0.091796875 0.126953125