2 0.7333984375 0.291015625 0.1201171875 0.1171875
2 0.892578125 0.56640625 0.119140625 0.1201171875
0 0.048828125 0.2001953125 0.09765625 0.142578125
0 0.30859375 0.6494140625 0.1123046875 0.130859375
2 0.142578125 0.4140625 0.1123046875 0.1435546875
2 0.53515625 0.58203125 0.123046875 0.138671875
2 0.931640625 0.83203125 0.107421875 0.115234375
2 0.8876953125 0.3505859375 0.115234375 0.1357421875
2 0.2392578125 0.18359375 0.103515625 0.107421875
0 0.4697265625 0.373046875 0.119140625 0.150390625
2 0.3232421875 0.91015625 0.1015625 0.1201171875
0 0.6435546875 0.0771484375 0.1064453125 0.119140625
2 0.4404296875 0.166015625 0.1064453125 0.1220703125
2 0.2802734375 0.4921875 0.1376953125 0.130859375
0 0.16796875 0.9462890625 0.1201171875 0.107421875
0 0.83984375 0.083984375 0.130859375 0.1435546875
0 0.5 0.814453125 0.1142578125 0.1484375
2 0.689453125 0.591796875 0.140625 0.1513671875
0 0.7353515625 0.8603515625 0.1279296875 0.1455078125
0 0.1337890625 0.666015625 0.1201171875 0.146484375