2 0.5576171875 0.107421875 0.0966796875 0.1484375
0 0.185546875 0.1455078125 0.0966796875 0.125
0 0.064453125 0.5810546875 0.1064453125 0.107421875
0 0.5048828125 0.314453125 0.119140625 0.134765625
2 0.771484375 0.2109375 0.1357421875 0.150390625
2 0.27734375 0.3994140625 0.099609375 0.1123046875
2 0.611328125 0.634765625 0.1015625 0.1357421875
2 0.08203125 0.814453125 0.109375 0.1376953125
0 0.0595703125 0.1298828125 0.0986328125 0.119140625
2 0.91015625 0.826171875 0.107421875 0.1142578125
0 0.228515625 0.88671875 0.109375 0.111328125
2 0.66796875 0.4189453125 0.099609375 0.103515625
0 0.8212890625 0.4208984375 0.1064453125 0.126953125
2 0.884765625 0.5986328125 0.1064453125 0.1279296875
0 0.4228515625 0.525390625 0.1142578125 0.1220703125
2 0.2138671875 0.599609375 0.107421875 0.111328125
2 0.1025390625 0.3935546875 0.083984375 0.0966796875
2 0.453125 0.8701171875 0.09375 0.1064453125
2 0.75390625 0.830078125 0.103515625 0.123046875
2 0.326171875 0.091796875 0.1015625 0.1201171875