0 0.185546875 0.18359375 0.1455078125 0.138671875
0 0.7529296875 0.779296875 0.1279296875 0.134765625
0 0.9306640625 0.787109375 0.1357421875 0.1435546875
0 0.5009765625 0.751953125 0.134765625 0.1298828125
0 0.634765625 0.572265625 0.126953125 0.1298828125
2 0.525390625 0.3720703125 0.111328125 0.1328125
0 0.18359375 0.9384765625 0.1142578125 0.123046875
2 0.4375 0.1240234375 0.126953125 0.1298828125
0 0.037109375 0.2734375 0.07421875 0.14453125
0 0.82421875 0.080078125 0.126953125 0.150390625
2 0.8681640625 0.2802734375 0.109375 0.1376953125
0 0.5185546875 0.9189453125 0.119140625 0.1279296875
2 0.3427734375 0.9423828125 0.111328125 0.115234375
0 0.341796875 0.6875 0.109375 0.109375
2 0.177734375 0.6279296875 0.1201171875 0.1376953125
2 0.3603515625 0.341796875 0.1044921875 0.140625
2 0.666015625 0.3623046875 0.109375 0.1171875
2 0.8916015625 0.4853515625 0.107421875 0.0986328125
2 0.173828125 0.427734375 0.119140625 0.1220703125
2 0.6748046875 0.1181640625 0.1376953125 0.15625