2 0.8623046875 0.27734375 0.119140625 0.158203125
2 0.224609375 0.6337890625 0.107421875 0.125
0 0.548828125 0.9326171875 0.1123046875 0.134765625
2 0.458984375 0.255859375 0.1123046875 0.1328125
2 0.048828125 0.6689453125 0.0966796875 0.119140625
2 0.7353515625 0.892578125 0.103515625 0.1044921875
2 0.728515625 0.48828125 0.095703125 0.107421875
2 0.6923828125 0.2216796875 0.103515625 0.1328125
2 0.5341796875 0.4375 0.103515625 0.109375
2 0.3525390625 0.845703125 0.095703125 0.099609375
2 0.326171875 0.126953125 0.1123046875 0.119140625
2 0.8740234375 0.7294921875 0.123046875 0.1513671875
2 0.189453125 0.064453125 0.1015625 0.1171875
0 0.8955078125 0.478515625 0.1201171875 0.125
2 0.34375 0.439453125 0.1123046875 0.140625
0 0.47265625 0.681640625 0.123046875 0.1484375
2 0.166015625 0.896484375 0.1044921875 0.1455078125
2 0.712890625 0.740234375 0.1142578125 0.107421875
2 0.19140625 0.33984375 0.1123046875 0.1484375
2 0.048828125 0.833984375 0.09765625 0.14453125