0 0.66796875 0.4658203125 0.1171875 0.123046875
0 0.2578125 0.4638671875 0.1044921875 0.140625
2 0.5263671875 0.1123046875 0.1015625 0.134765625
2 0.689453125 0.90625 0.1064453125 0.109375
0 0.703125 0.6484375 0.1123046875 0.115234375
2 0.0703125 0.53125 0.115234375 0.1044921875
2 0.541015625 0.837890625 0.1044921875 0.1142578125
0 0.2587890625 0.2041015625 0.123046875 0.1357421875
2 0.7529296875 0.1416015625 0.099609375 0.109375
2 0.4951171875 0.58984375 0.09375 0.125
2 0.328125 0.7412109375 0.1201171875 0.158203125
0 0.849609375 0.326171875 0.103515625 0.1123046875
0 0.931640625 0.1337890625 0.1123046875 0.1123046875
2 0.08203125 0.08203125 0.107421875 0.115234375
2 0.900390625 0.4970703125 0.0888671875 0.1044921875
0 0.0927734375 0.8134765625 0.115234375 0.1142578125
2 0.8720703125 0.9169921875 0.0966796875 0.1171875
2 0.0849609375 0.359375 0.1298828125 0.1201171875
2 0.4501953125 0.357421875 0.111328125 0.1298828125
2 0.8955078125 0.712890625 0.0986328125 0.1328125