0 0.6630859375 0.3837890625 0.111328125 0.1279296875
0 0.2861328125 0.1181640625 0.1171875 0.1220703125
0 0.6650390625 0.138671875 0.1142578125 0.119140625
0 0.1103515625 0.849609375 0.126953125 0.1591796875
2 0.1357421875 0.3515625 0.125 0.162109375
2 0.62890625 0.5908203125 0.126953125 0.1669921875
2 0.513671875 0.767578125 0.123046875 0.109375
2 0.216796875 0.638671875 0.123046875 0.107421875
2 0.6689453125 0.876953125 0.1044921875 0.150390625
2 0.07421875 0.6103515625 0.119140625 0.1513671875
0 0.4736328125 0.1748046875 0.107421875 0.111328125
2 0.3466796875 0.71484375 0.126953125 0.1328125
2 0.8427734375 0.8974609375 0.115234375 0.138671875
2 0.27734375 0.3603515625 0.103515625 0.1279296875
2 0.80859375 0.5556640625 0.125 0.1455078125
0 0.2734375 0.853515625 0.119140625 0.123046875
0 0.474609375 0.46875 0.1123046875 0.123046875
2 0.880859375 0.3583984375 0.1220703125 0.1376953125
2 0.904296875 0.1953125 0.119140625 0.111328125
2 0.1708984375 0.078125 0.1357421875 0.154296875