0 0.783203125 0.130859375 0.099609375 0.099609375
2 0.123046875 0.908203125 0.0908203125 0.1142578125
0 0.4072265625 0.38671875 0.1171875 0.1142578125
0 0.576171875 0.4111328125 0.103515625 0.1044921875
2 0.150390625 0.357421875 0.09375 0.1142578125
0 0.90625 0.494140625 0.1064453125 0.1123046875
2 0.6513671875 0.8671875 0.09375 0.1123046875
2 0.7421875 0.6064453125 0.091796875 0.1142578125
2 0.3203125 0.8857421875 0.09375 0.1044921875
2 0.2158203125 0.15234375 0.1171875 0.126953125
2 0.771484375 0.404296875 0.0859375 0.109375
2 0.498046875 0.8427734375 0.087890625 0.0888671875
2 0.8408203125 0.8349609375 0.1142578125 0.109375
2 0.076171875 0.705078125 0.095703125 0.1201171875
2 0.923828125 0.302734375 0.1123046875 0.107421875
2 0.126953125 0.5390625 0.0908203125 0.0859375
2 0.615234375 0.1865234375 0.1171875 0.111328125
2 0.2919921875 0.599609375 0.126953125 0.1376953125
2 0.3759765625 0.1943359375 0.1171875 0.140625