0 0.11328125 0.908203125 0.1044921875 0.1279296875
0 0.333984375 0.681640625 0.103515625 0.115234375
2 0.9033203125 0.7001953125 0.1220703125 0.1455078125
0 0.912109375 0.4990234375 0.1123046875 0.1142578125
0 0.494140625 0.4599609375 0.111328125 0.1123046875
0 0.8955078125 0.326171875 0.107421875 0.1044921875
2 0.5927734375 0.87109375 0.1123046875 0.1435546875
2 0.3193359375 0.453125 0.1064453125 0.130859375
0 0.736328125 0.880859375 0.111328125 0.115234375
2 0.29296875 0.1630859375 0.1123046875 0.138671875
0 0.7099609375 0.44140625 0.1015625 0.123046875
0 0.6357421875 0.27734375 0.126953125 0.119140625
2 0.4599609375 0.181640625 0.1123046875 0.1513671875
0 0.7294921875 0.6484375 0.099609375 0.1201171875
2 0.41015625 0.908203125 0.1201171875 0.1376953125
0 0.095703125 0.5830078125 0.1171875 0.134765625
0 0.5869140625 0.6728515625 0.1044921875 0.115234375
0 0.091796875 0.33984375 0.1142578125 0.109375
2 0.091796875 0.177734375 0.142578125 0.140625
0 0.8427734375 0.0634765625 0.123046875 0.126953125