0 0.830078125 0.1728515625 0.1171875 0.1357421875
2 0.33984375 0.076171875 0.1484375 0.1513671875
0 0.1513671875 0.193359375 0.1279296875 0.130859375
2 0.74609375 0.36328125 0.1123046875 0.1142578125
0 0.537109375 0.90234375 0.1376953125 0.140625
2 0.130859375 0.60546875 0.1298828125 0.1689453125
0 0.3984375 0.7392578125 0.130859375 0.130859375
0 0.734375 0.54296875 0.1279296875 0.125
2 0.4765625 0.5087890625 0.138671875 0.1513671875
2 0.28515625 0.345703125 0.125 0.1328125
2 0.4765625 0.087890625 0.1171875 0.1220703125
2 0.900390625 0.740234375 0.115234375 0.125
0 0.1650390625 0.79296875 0.146484375 0.1611328125
2 0.666015625 0.716796875 0.1455078125 0.1591796875
2 0.974609375 0.279296875 0.05078125 0.109375
2 0.7958984375 0.9501953125 0.1328125 0.099609375
2 0.23046875 0.0185546875 0.1328125 0.037109375
2 0.943359375 0.4599609375 0.1123046875 0.1298828125
2 0.142578125 0.357421875 0.134765625 0.1435546875
2 0.599609375 0.2861328125 0.130859375 0.142578125