0 0.265625 0.515625 0.099609375 0.123046875
2 0.701171875 0.4697265625 0.1015625 0.1123046875
2 0.5498046875 0.8955078125 0.109375 0.138671875
2 0.0654296875 0.650390625 0.1142578125 0.1044921875
0 0.537109375 0.154296875 0.115234375 0.1484375
0 0.7568359375 0.873046875 0.111328125 0.107421875
0 0.333984375 0.7216796875 0.103515625 0.123046875
0 0.716796875 0.69140625 0.115234375 0.126953125
2 0.8671875 0.595703125 0.1123046875 0.1171875
2 0.0908203125 0.162109375 0.099609375 0.1064453125
0 0.556640625 0.5595703125 0.119140625 0.125
0 0.0478515625 0.3857421875 0.09375 0.1142578125
0 0.8095703125 0.1318359375 0.1171875 0.126953125
2 0.1142578125 0.8671875 0.111328125 0.1513671875
2 0.943359375 0.7890625 0.09375 0.1279296875
2 0.412109375 0.8876953125 0.1015625 0.111328125
2 0.4326171875 0.3896484375 0.115234375 0.1201171875
0 0.8935546875 0.3447265625 0.109375 0.1484375
2 0.291015625 0.1494140625 0.115234375 0.115234375