0 0.0576171875 0.6181640625 0.115234375 0.1484375
0 0.166015625 0.4169921875 0.1044921875 0.1435546875
0 0.154296875 0.1103515625 0.1220703125 0.1435546875
0 0.681640625 0.3544921875 0.099609375 0.115234375
0 0.52734375 0.8623046875 0.1171875 0.1328125
0 0.9111328125 0.7333984375 0.1015625 0.123046875
0 0.884765625 0.24609375 0.1220703125 0.1357421875
2 0.087890625 0.8388671875 0.130859375 0.15625
2 0.23828125 0.6669921875 0.1142578125 0.146484375
2 0.3896484375 0.703125 0.1123046875 0.142578125
2 0.701171875 0.7373046875 0.1044921875 0.1201171875
2 0.873046875 0.9296875 0.099609375 0.1357421875
2 0.5400390625 0.546875 0.123046875 0.130859375
2 0.705078125 0.556640625 0.1064453125 0.1201171875
2 0.8740234375 0.4638671875 0.1064453125 0.142578125
2 0.5166015625 0.373046875 0.115234375 0.115234375
2 0.3330078125 0.451171875 0.107421875 0.1357421875
2 0.33984375 0.2451171875 0.115234375 0.1279296875
2 0.470703125 0.0654296875 0.091796875 0.111328125
2 0.6962890625 0.1455078125 0.115234375 0.1328125