0 0.2109375 0.9189453125 0.1015625 0.103515625
2 0.095703125 0.1357421875 0.1279296875 0.1298828125
2 0.708984375 0.916015625 0.1123046875 0.103515625
0 0.927734375 0.55078125 0.091796875 0.1298828125
0 0.333984375 0.48828125 0.109375 0.1123046875
2 0.1005859375 0.337890625 0.109375 0.1142578125
0 0.6953125 0.130859375 0.1142578125 0.1142578125
2 0.744140625 0.712890625 0.087890625 0.1171875
2 0.15625 0.564453125 0.109375 0.126953125
0 0.1123046875 0.740234375 0.1123046875 0.126953125
0 0.845703125 0.322265625 0.1220703125 0.140625
0 0.4072265625 0.275390625 0.1044921875 0.1171875
2 0.4814453125 0.9384765625 0.1171875 0.1044921875
2 0.912109375 0.919921875 0.103515625 0.1171875
0 0.9130859375 0.103515625 0.107421875 0.1064453125
2 0.9248046875 0.7353515625 0.099609375 0.125
2 0.568359375 0.3857421875 0.1142578125 0.119140625
0 0.296875 0.7216796875 0.1201171875 0.1455078125
2 0.578125 0.58203125 0.0986328125 0.123046875
0 0.232421875 0.216796875 0.0986328125 0.115234375