2 0.23046875 0.0419921875 0.123046875 0.083984375
2 0.5693359375 0.3623046875 0.1298828125 0.1435546875
2 0.421875 0.2880859375 0.126953125 0.1376953125
2 0.55859375 0.849609375 0.1220703125 0.123046875
0 0.5390625 0.095703125 0.126953125 0.1435546875
0 0.732421875 0.369140625 0.1171875 0.123046875
2 0.083984375 0.5244140625 0.1201171875 0.1455078125
0 0.873046875 0.3759765625 0.1201171875 0.1220703125
2 0.74609375 0.154296875 0.115234375 0.140625
2 0.3037109375 0.5283203125 0.115234375 0.1298828125
0 0.4482421875 0.5419921875 0.1171875 0.1298828125
2 0.263671875 0.724609375 0.130859375 0.154296875
2 0.8046875 0.8330078125 0.154296875 0.1689453125
0 0.6875 0.576171875 0.1201171875 0.142578125
0 0.0654296875 0.716796875 0.126953125 0.1376953125
0 0.859375 0.6396484375 0.1357421875 0.1640625
2 0.361328125 0.0634765625 0.115234375 0.126953125
0 0.150390625 0.3447265625 0.1279296875 0.126953125
2 0.962890625 0.173828125 0.07421875 0.12890625