0 0.560546875 0.591796875 0.1171875 0.111328125
0 0.333984375 0.525390625 0.1142578125 0.1328125
0 0.6884765625 0.36328125 0.134765625 0.1455078125
2 0.3017578125 0.201171875 0.119140625 0.1513671875
0 0.607421875 0.779296875 0.1044921875 0.1142578125
2 0.466796875 0.900390625 0.119140625 0.1201171875
2 0.0791015625 0.5791015625 0.1171875 0.1201171875
2 0.0439453125 0.380859375 0.087890625 0.125
2 0.7275390625 0.5869140625 0.134765625 0.1328125
2 0.513671875 0.16015625 0.103515625 0.125
0 0.9404296875 0.625 0.1044921875 0.1455078125
0 0.9189453125 0.4189453125 0.1015625 0.119140625
2 0.900390625 0.814453125 0.0888671875 0.107421875
2 0.2919921875 0.953125 0.125 0.09375
2 0.462890625 0.3935546875 0.115234375 0.125
2 0.3720703125 0.716796875 0.0888671875 0.0966796875
2 0.09765625 0.7724609375 0.138671875 0.1279296875
0 0.935546875 0.259765625 0.0986328125 0.119140625
0 0.15234375 0.1982421875 0.115234375 0.1298828125
0 0.736328125 0.134765625 0.1044921875 0.1279296875