2 0.1240234375 0.6865234375 0.1015625 0.1376953125
0 0.654296875 0.36328125 0.09375 0.1142578125
2 0.369140625 0.8154296875 0.099609375 0.1171875
0 0.1123046875 0.4853515625 0.107421875 0.0966796875
0 0.916015625 0.6181640625 0.0888671875 0.109375
2 0.8935546875 0.8681640625 0.0966796875 0.119140625
0 0.455078125 0.3359375 0.09375 0.1201171875
2 0.8037109375 0.419921875 0.0966796875 0.1015625
0 0.1943359375 0.873046875 0.0966796875 0.109375
2 0.7451171875 0.6640625 0.095703125 0.119140625
2 0.70703125 0.841796875 0.103515625 0.115234375
2 0.216796875 0.2939453125 0.1044921875 0.1201171875
2 0.1767578125 0.09765625 0.099609375 0.0966796875
2 0.6826171875 0.126953125 0.1015625 0.0986328125
2 0.830078125 0.12109375 0.099609375 0.1044921875
2 0.5576171875 0.8466796875 0.1123046875 0.1064453125
2 0.3291015625 0.140625 0.09375 0.1328125
0 0.533203125 0.5693359375 0.1064453125 0.1123046875
0 0.3115234375 0.494140625 0.1123046875 0.1220703125
2 0.5205078125 0.1572265625 0.109375 0.1220703125