0 0.75 0.6162109375 0.099609375 0.115234375
0 0.9306640625 0.521484375 0.111328125 0.1376953125
2 0.5546875 0.65234375 0.091796875 0.146484375
2 0.142578125 0.0869140625 0.1142578125 0.099609375
2 0.935546875 0.716796875 0.1064453125 0.111328125
0 0.20703125 0.2822265625 0.1015625 0.1142578125
2 0.107421875 0.5986328125 0.0908203125 0.103515625
2 0.7841796875 0.833984375 0.0986328125 0.1044921875
2 0.3701171875 0.4599609375 0.1044921875 0.1201171875
0 0.6171875 0.8359375 0.099609375 0.103515625
2 0.177734375 0.861328125 0.0986328125 0.1123046875
2 0.3115234375 0.8740234375 0.0751953125 0.1064453125
2 0.892578125 0.130859375 0.1015625 0.0986328125
2 0.736328125 0.4248046875 0.107421875 0.1455078125
0 0.3310546875 0.6611328125 0.1171875 0.126953125
2 0.361328125 0.189453125 0.0859375 0.1279296875
2 0.916015625 0.3271484375 0.1044921875 0.0986328125
2 0.537109375 0.0810546875 0.111328125 0.123046875
0 0.7021484375 0.134765625 0.1064453125 0.109375
2 0.5458984375 0.3564453125 0.1279296875 0.1064453125