2 0.9189453125 0.6484375 0.1123046875 0.140625
2 0.5546875 0.623046875 0.0986328125 0.111328125
0 0.8017578125 0.2451171875 0.103515625 0.1142578125
0 0.505859375 0.0927734375 0.115234375 0.1142578125
2 0.7021484375 0.517578125 0.1044921875 0.1279296875
0 0.1298828125 0.3984375 0.1123046875 0.134765625
2 0.501953125 0.794921875 0.111328125 0.1044921875
2 0.283203125 0.404296875 0.0986328125 0.1064453125
0 0.8955078125 0.8681640625 0.111328125 0.1279296875
2 0.1357421875 0.1279296875 0.107421875 0.1142578125
2 0.287109375 0.8671875 0.09375 0.1220703125
0 0.455078125 0.3974609375 0.0966796875 0.1435546875
2 0.6669921875 0.3271484375 0.09375 0.1298828125
2 0.6748046875 0.1396484375 0.091796875 0.0908203125
2 0.884765625 0.4599609375 0.095703125 0.109375
0 0.265625 0.6201171875 0.1064453125 0.107421875
0 0.755859375 0.7333984375 0.0966796875 0.1123046875
0 0.072265625 0.791015625 0.091796875 0.1357421875
0 0.0947265625 0.5615234375 0.1044921875 0.1171875
0 0.3017578125 0.1806640625 0.1015625 0.1328125