0 0.1884765625 0.8447265625 0.1123046875 0.1328125
2 0.681640625 0.9208984375 0.142578125 0.158203125
0 0.8642578125 0.787109375 0.123046875 0.1279296875
2 0.2607421875 0.650390625 0.109375 0.109375
0 0.4423828125 0.099609375 0.1328125 0.1357421875
2 0.8623046875 0.375 0.123046875 0.166015625
0 0.587890625 0.255859375 0.126953125 0.1279296875
0 0.263671875 0.4697265625 0.123046875 0.1220703125
2 0.5224609375 0.490234375 0.1328125 0.146484375
2 0.72265625 0.642578125 0.1201171875 0.1279296875
2 0.544921875 0.9091796875 0.1142578125 0.119140625
2 0.087890625 0.2802734375 0.111328125 0.1220703125
0 0.818359375 0.189453125 0.142578125 0.158203125
2 0.3232421875 0.291015625 0.138671875 0.15625
2 0.03125 0.748046875 0.0625 0.1044921875
2 0.1796875 0.0576171875 0.1279296875 0.115234375
2 0.796875 0.974609375 0.1279296875 0.0498046875
2 0.056640625 0.564453125 0.11328125 0.125
2 0.8642578125 0.623046875 0.1298828125 0.140625
2 0.412109375 0.7197265625 0.126953125 0.138671875