0 0.384765625 0.9228515625 0.107421875 0.109375
0 0.9365234375 0.3896484375 0.099609375 0.1044921875
0 0.892578125 0.591796875 0.1015625 0.1201171875
2 0.1416015625 0.728515625 0.0908203125 0.1142578125
2 0.158203125 0.1591796875 0.095703125 0.126953125
0 0.2177734375 0.908203125 0.1015625 0.1064453125
2 0.53515625 0.1279296875 0.109375 0.107421875
0 0.3720703125 0.7060546875 0.1201171875 0.1298828125
2 0.71484375 0.9111328125 0.091796875 0.1220703125
0 0.8837890625 0.1572265625 0.111328125 0.1298828125
0 0.3193359375 0.140625 0.1064453125 0.103515625
0 0.5390625 0.720703125 0.0908203125 0.1171875
0 0.5556640625 0.9287109375 0.0986328125 0.107421875
2 0.533203125 0.3779296875 0.107421875 0.1298828125
2 0.2763671875 0.4970703125 0.1123046875 0.111328125
0 0.095703125 0.37109375 0.1015625 0.142578125
2 0.6748046875 0.1318359375 0.0859375 0.1064453125
2 0.787109375 0.431640625 0.0908203125 0.09375
2 0.7060546875 0.6298828125 0.1044921875 0.1376953125
0 0.8857421875 0.794921875 0.103515625 0.1435546875