2 0.033203125 0.818359375 0.0654296875 0.1171875
0 0.35546875 0.5869140625 0.115234375 0.1123046875
2 0.0595703125 0.611328125 0.107421875 0.111328125
0 0.349609375 0.396484375 0.1123046875 0.1142578125
0 0.669921875 0.6943359375 0.1220703125 0.1298828125
2 0.5986328125 0.2734375 0.123046875 0.138671875
0 0.9150390625 0.517578125 0.130859375 0.1357421875
2 0.669921875 0.88671875 0.0966796875 0.109375
2 0.861328125 0.767578125 0.1171875 0.125
2 0.181640625 0.787109375 0.1064453125 0.125
0 0.1787109375 0.244140625 0.1171875 0.1220703125
2 0.7333984375 0.4697265625 0.0966796875 0.1142578125
2 0.19921875 0.5986328125 0.1015625 0.1123046875
0 0.3603515625 0.19140625 0.1220703125 0.1455078125
2 0.771484375 0.2197265625 0.1142578125 0.125
2 0.833984375 0.943359375 0.1142578125 0.1123046875
2 0.5185546875 0.8818359375 0.125 0.140625
0 0.52734375 0.625 0.123046875 0.125
0 0.9462890625 0.236328125 0.107421875 0.125
2 0.3720703125 0.8125 0.107421875 0.125