0 0.5517578125 0.3994140625 0.0966796875 0.119140625
0 0.78125 0.201171875 0.1171875 0.115234375
0 0.3203125 0.7421875 0.1044921875 0.115234375
2 0.884765625 0.4033203125 0.107421875 0.1435546875
0 0.521484375 0.5791015625 0.103515625 0.125
2 0.8681640625 0.900390625 0.1064453125 0.111328125
2 0.3203125 0.5400390625 0.1220703125 0.1064453125
0 0.466796875 0.86328125 0.103515625 0.1279296875
2 0.6826171875 0.4453125 0.095703125 0.1044921875
2 0.384765625 0.3310546875 0.1171875 0.119140625
2 0.662109375 0.650390625 0.0986328125 0.119140625
0 0.8447265625 0.615234375 0.125 0.119140625
0 0.16015625 0.5625 0.095703125 0.1142578125
0 0.599609375 0.1787109375 0.107421875 0.115234375
0 0.626953125 0.8212890625 0.1064453125 0.1171875
2 0.9384765625 0.140625 0.1064453125 0.107421875
0 0.142578125 0.138671875 0.1064453125 0.1298828125
0 0.294921875 0.134765625 0.1142578125 0.1533203125
2 0.16796875 0.765625 0.083984375 0.0986328125
2 0.15234375 0.3310546875 0.1220703125 0.119140625