2 0.853515625 0.873046875 0.126953125 0.1328125
2 0.712890625 0.6083984375 0.095703125 0.115234375
0 0.333984375 0.884765625 0.107421875 0.123046875
2 0.8828125 0.2041015625 0.1044921875 0.1455078125
2 0.609375 0.208984375 0.1123046875 0.142578125
2 0.8720703125 0.65625 0.1201171875 0.123046875
2 0.056640625 0.380859375 0.095703125 0.1201171875
2 0.44921875 0.111328125 0.099609375 0.134765625
2 0.42578125 0.419921875 0.083984375 0.0908203125
2 0.56640625 0.8134765625 0.095703125 0.1220703125
2 0.6171875 0.4375 0.103515625 0.1298828125
0 0.8857421875 0.4091796875 0.1044921875 0.1298828125
2 0.310546875 0.1640625 0.107421875 0.1171875
0 0.083984375 0.716796875 0.115234375 0.119140625
2 0.138671875 0.1904296875 0.103515625 0.0859375
0 0.259765625 0.7138671875 0.103515625 0.1064453125
0 0.25 0.4365234375 0.1015625 0.1376953125
2 0.1650390625 0.9287109375 0.111328125 0.125
0 0.537109375 0.6220703125 0.0986328125 0.126953125
2 0.7060546875 0.91796875 0.115234375 0.107421875