0 0.3349609375 0.662109375 0.119140625 0.1142578125
0 0.9306640625 0.6044921875 0.107421875 0.115234375
0 0.9541015625 0.83984375 0.091796875 0.14453125
0 0.4609375 0.8916015625 0.1044921875 0.109375
0 0.458984375 0.173828125 0.1201171875 0.140625
0 0.9296875 0.4111328125 0.1171875 0.1201171875
0 0.12890625 0.9423828125 0.123046875 0.115234375
2 0.2939453125 0.14453125 0.09375 0.140625
0 0.759765625 0.224609375 0.1142578125 0.1220703125
0 0.7255859375 0.8466796875 0.1044921875 0.1171875
0 0.291015625 0.830078125 0.115234375 0.1328125
0 0.349609375 0.412109375 0.1279296875 0.1533203125
0 0.6279296875 0.2802734375 0.107421875 0.109375
2 0.123046875 0.380859375 0.107421875 0.0986328125
0 0.119140625 0.556640625 0.1298828125 0.1533203125
2 0.771484375 0.4072265625 0.0986328125 0.1064453125
2 0.1357421875 0.1572265625 0.103515625 0.1171875
2 0.650390625 0.6103515625 0.1201171875 0.142578125
2 0.6083984375 0.0517578125 0.123046875 0.103515625
2 0.505859375 0.701171875 0.1015625 0.1201171875