2 0.2666015625 0.806640625 0.126953125 0.142578125
2 0.556640625 0.84375 0.095703125 0.1171875
2 0.8720703125 0.7646484375 0.0986328125 0.154296875
2 0.7587890625 0.53515625 0.1279296875 0.1533203125
2 0.216796875 0.517578125 0.1376953125 0.1220703125
2 0.59375 0.3466796875 0.109375 0.15625
2 0.7607421875 0.2197265625 0.1064453125 0.1455078125
2 0.9365234375 0.2724609375 0.1171875 0.1513671875
2 0.123046875 0.119140625 0.1220703125 0.1220703125
2 0.681640625 0.892578125 0.1142578125 0.1064453125
2 0.0986328125 0.728515625 0.1220703125 0.1171875
0 0.4365234375 0.583984375 0.1455078125 0.126953125
0 0.2568359375 0.349609375 0.111328125 0.1298828125
0 0.267578125 0.13671875 0.107421875 0.1357421875
0 0.455078125 0.087890625 0.0986328125 0.142578125
0 0.587890625 0.1240234375 0.091796875 0.142578125
0 0.923828125 0.509765625 0.09375 0.162109375
0 0.5947265625 0.607421875 0.109375 0.1484375
0 0.435546875 0.3779296875 0.1201171875 0.1044921875
0 0.1005859375 0.2841796875 0.109375 0.1171875