0 0.431640625 0.3134765625 0.0908203125 0.09375
0 0.50390625 0.0908203125 0.1044921875 0.1201171875
2 0.341796875 0.6806640625 0.091796875 0.1298828125
2 0.541015625 0.8623046875 0.0986328125 0.115234375
2 0.4931640625 0.5185546875 0.095703125 0.1064453125
0 0.6533203125 0.54296875 0.0908203125 0.1201171875
0 0.3662109375 0.9140625 0.09375 0.111328125
0 0.8876953125 0.5146484375 0.103515625 0.1220703125
0 0.701171875 0.7529296875 0.1220703125 0.1328125
2 0.3076171875 0.1064453125 0.1015625 0.1142578125
2 0.8466796875 0.7998046875 0.087890625 0.0966796875
0 0.2529296875 0.3369140625 0.1064453125 0.1142578125
0 0.330078125 0.517578125 0.09375 0.1142578125
0 0.1494140625 0.8203125 0.1015625 0.1015625
0 0.0888671875 0.447265625 0.111328125 0.119140625
2 0.0986328125 0.267578125 0.0859375 0.087890625
0 0.6826171875 0.322265625 0.1064453125 0.1064453125
2 0.16015625 0.603515625 0.0888671875 0.1064453125
2 0.86328125 0.2392578125 0.107421875 0.126953125
0 0.6796875 0.16015625 0.109375 0.1201171875