0 0.318359375 0.5029296875 0.103515625 0.1298828125
2 0.6669921875 0.1328125 0.103515625 0.1376953125
2 0.1357421875 0.939453125 0.1123046875 0.115234375
0 0.833984375 0.0908203125 0.107421875 0.130859375
0 0.212890625 0.294921875 0.1064453125 0.1064453125
0 0.1328125 0.6728515625 0.140625 0.123046875
2 0.9482421875 0.884765625 0.103515625 0.140625
2 0.779296875 0.814453125 0.125 0.123046875
2 0.138671875 0.474609375 0.1201171875 0.138671875
2 0.05859375 0.205078125 0.109375 0.1357421875
2 0.44140625 0.716796875 0.109375 0.119140625
2 0.8310546875 0.3017578125 0.109375 0.1220703125
2 0.3779296875 0.23046875 0.1171875 0.1123046875
2 0.9169921875 0.640625 0.099609375 0.1123046875
0 0.5537109375 0.2646484375 0.1298828125 0.1357421875
0 0.607421875 0.7900390625 0.109375 0.142578125
0 0.705078125 0.59375 0.1279296875 0.134765625
0 0.419921875 0.9267578125 0.103515625 0.107421875
0 0.279296875 0.693359375 0.134765625 0.1328125
0 0.482421875 0.513671875 0.119140625 0.134765625