0 0.685546875 0.908203125 0.1064453125 0.1044921875
0 0.537109375 0.587890625 0.099609375 0.111328125
2 0.892578125 0.884765625 0.1064453125 0.111328125
0 0.880859375 0.5380859375 0.1015625 0.125
0 0.5791015625 0.1923828125 0.109375 0.1142578125
2 0.8974609375 0.107421875 0.091796875 0.1298828125
0 0.70703125 0.7421875 0.111328125 0.115234375
2 0.91796875 0.3466796875 0.09375 0.1123046875
2 0.1767578125 0.59375 0.1064453125 0.1064453125
0 0.1650390625 0.146484375 0.109375 0.1064453125
0 0.767578125 0.1162109375 0.1123046875 0.126953125
2 0.2783203125 0.7890625 0.1123046875 0.140625
2 0.697265625 0.5576171875 0.078125 0.1064453125
0 0.369140625 0.125 0.123046875 0.1298828125
2 0.498046875 0.412109375 0.095703125 0.119140625
0 0.3310546875 0.419921875 0.107421875 0.125
2 0.76953125 0.3486328125 0.099609375 0.1298828125
0 0.16796875 0.337890625 0.103515625 0.130859375
0 0.1337890625 0.80859375 0.1064453125 0.138671875
2 0.5087890625 0.8203125 0.111328125 0.111328125