0 0.478515625 0.69140625 0.0908203125 0.109375
0 0.900390625 0.666015625 0.1015625 0.125
0 0.4521484375 0.91015625 0.095703125 0.1015625
2 0.544921875 0.287109375 0.111328125 0.1142578125
2 0.7041015625 0.3662109375 0.1142578125 0.123046875
2 0.2998046875 0.85546875 0.087890625 0.138671875
2 0.1015625 0.4111328125 0.1201171875 0.1044921875
0 0.330078125 0.6279296875 0.099609375 0.1142578125
2 0.1337890625 0.181640625 0.111328125 0.1015625
2 0.7900390625 0.873046875 0.091796875 0.103515625
2 0.947265625 0.47265625 0.087890625 0.125
0 0.4931640625 0.5029296875 0.095703125 0.123046875
2 0.154296875 0.732421875 0.09375 0.103515625
2 0.9482421875 0.8818359375 0.0810546875 0.0908203125
2 0.6357421875 0.7890625 0.107421875 0.123046875
0 0.2587890625 0.44140625 0.1044921875 0.1015625
0 0.896484375 0.1484375 0.1044921875 0.119140625
0 0.6875 0.181640625 0.1142578125 0.1171875
0 0.3779296875 0.177734375 0.1142578125 0.1201171875
0 0.71875 0.5810546875 0.095703125 0.1015625