2 0.5673828125 0.3095703125 0.1064453125 0.1123046875
0 0.58203125 0.8251953125 0.103515625 0.1123046875
0 0.09375 0.6611328125 0.0966796875 0.109375
0 0.705078125 0.2626953125 0.09375 0.107421875
0 0.2685546875 0.8330078125 0.0986328125 0.1201171875
2 0.912109375 0.291015625 0.091796875 0.103515625
2 0.9052734375 0.111328125 0.099609375 0.1123046875
2 0.8681640625 0.8564453125 0.0986328125 0.1142578125
2 0.8095703125 0.62890625 0.0986328125 0.1015625
2 0.34375 0.42578125 0.103515625 0.09375
2 0.486328125 0.5908203125 0.1064453125 0.1201171875
0 0.4365234375 0.8056640625 0.1044921875 0.134765625
2 0.396484375 0.1875 0.1123046875 0.125
0 0.66015625 0.59375 0.1064453125 0.103515625
0 0.3046875 0.6162109375 0.09375 0.107421875
2 0.095703125 0.875 0.1171875 0.138671875
2 0.154296875 0.4736328125 0.103515625 0.0966796875
0 0.1123046875 0.150390625 0.1220703125 0.142578125
0 0.583984375 0.056640625 0.1142578125 0.1123046875
2 0.216796875 0.08984375 0.103515625 0.1201171875