0 0.9150390625 0.65625 0.1201171875 0.142578125
0 0.6103515625 0.771484375 0.119140625 0.142578125
0 0.49609375 0.091796875 0.125 0.1484375
2 0.3681640625 0.634765625 0.123046875 0.119140625
0 0.34375 0.373046875 0.1171875 0.130859375
2 0.8525390625 0.4501953125 0.1220703125 0.150390625
2 0.6572265625 0.087890625 0.1171875 0.1357421875
2 0.037109375 0.298828125 0.0732421875 0.123046875
2 0.1953125 0.4619140625 0.1142578125 0.1123046875
2 0.208984375 0.8408203125 0.1279296875 0.138671875
0 0.705078125 0.4931640625 0.119140625 0.140625
2 0.5029296875 0.314453125 0.1142578125 0.1298828125
2 0.56640625 0.51171875 0.123046875 0.1298828125
2 0.322265625 0.1650390625 0.1064453125 0.1015625
2 0.0732421875 0.537109375 0.1142578125 0.1484375
0 0.685546875 0.294921875 0.1171875 0.125
0 0.8876953125 0.84765625 0.130859375 0.146484375
2 0.818359375 0.103515625 0.1201171875 0.1513671875
2 0.177734375 0.318359375 0.1123046875 0.130859375
0 0.486328125 0.8037109375 0.1123046875 0.125