0 0.330078125 0.51953125 0.126953125 0.1328125
0 0.73828125 0.556640625 0.115234375 0.1484375
2 0.439453125 0.8837890625 0.111328125 0.140625
2 0.345703125 0.078125 0.115234375 0.1171875
0 0.310546875 0.333984375 0.1220703125 0.123046875
2 0.9306640625 0.505859375 0.123046875 0.1142578125
2 0.4892578125 0.1591796875 0.1123046875 0.1220703125
0 0.7138671875 0.8154296875 0.1328125 0.1455078125
2 0.216796875 0.8349609375 0.107421875 0.1171875
2 0.5126953125 0.4111328125 0.1044921875 0.130859375
2 0.693359375 0.275390625 0.1328125 0.166015625
0 0.1357421875 0.642578125 0.111328125 0.1201171875
0 0.048828125 0.8251953125 0.09765625 0.123046875
2 0.87890625 0.9453125 0.1171875 0.109375
2 0.1005859375 0.4677734375 0.0966796875 0.111328125
0 0.9326171875 0.2236328125 0.123046875 0.123046875
2 0.1650390625 0.056640625 0.103515625 0.11328125
2 0.9013671875 0.6767578125 0.1376953125 0.1298828125
2 0.537109375 0.6455078125 0.1201171875 0.1376953125
2 0.1240234375 0.25390625 0.107421875 0.140625