2 0.6787109375 0.158203125 0.1328125 0.1435546875
2 0.4970703125 0.595703125 0.1220703125 0.1376953125
0 0.7841796875 0.0283203125 0.125 0.056640625
0 0.3525390625 0.3818359375 0.1328125 0.1435546875
0 0.8798828125 0.7705078125 0.1171875 0.125
2 0.162109375 0.8857421875 0.1357421875 0.154296875
2 0.6484375 0.748046875 0.115234375 0.1171875
2 0.3681640625 0.646484375 0.130859375 0.1328125
2 0.84765625 0.1982421875 0.1376953125 0.166015625
2 0.45703125 0.119140625 0.126953125 0.154296875
0 0.498046875 0.291015625 0.1484375 0.142578125
0 0.2177734375 0.232421875 0.1455078125 0.1611328125
0 0.685546875 0.5166015625 0.1279296875 0.146484375
2 0.845703125 0.40625 0.107421875 0.1123046875
2 0.13671875 0.626953125 0.1298828125 0.1376953125
0 0.052734375 0.2744140625 0.10546875 0.142578125
2 0.1513671875 0.4619140625 0.125 0.150390625
0 0.8369140625 0.5556640625 0.1357421875 0.1533203125
0 0.345703125 0.931640625 0.1201171875 0.119140625