0 0.751953125 0.943359375 0.1328125 0.1123046875
2 0.9033203125 0.447265625 0.119140625 0.130859375
0 0.34375 0.755859375 0.125 0.1376953125
0 0.95703125 0.2333984375 0.0859375 0.126953125
0 0.2392578125 0.482421875 0.115234375 0.1328125
2 0.251953125 0.2275390625 0.130859375 0.146484375
2 0.384765625 0.3095703125 0.134765625 0.142578125
2 0.7509765625 0.29296875 0.1201171875 0.1298828125
0 0.583984375 0.466796875 0.1142578125 0.130859375
2 0.513671875 0.677734375 0.115234375 0.1142578125
0 0.0966796875 0.3984375 0.1171875 0.126953125
2 0.4697265625 0.880859375 0.109375 0.1064453125
2 0.181640625 0.724609375 0.1201171875 0.1533203125
0 0.56640625 0.271484375 0.1298828125 0.1513671875
2 0.4375 0.140625 0.130859375 0.1279296875
2 0.724609375 0.5615234375 0.1201171875 0.1357421875
2 0.8330078125 0.767578125 0.115234375 0.138671875
2 0.6884765625 0.7587890625 0.1064453125 0.142578125
0 0.41015625 0.5283203125 0.1123046875 0.1171875
2 0.0361328125 0.5712890625 0.072265625 0.1201171875