2 0.431640625 0.8642578125 0.109375 0.1220703125
0 0.3798828125 0.2880859375 0.1201171875 0.1201171875
0 0.482421875 0.4375 0.119140625 0.123046875
0 0.0986328125 0.5322265625 0.1123046875 0.1220703125
0 0.15625 0.0498046875 0.1220703125 0.099609375
0 0.783203125 0.439453125 0.1220703125 0.130859375
0 0.310546875 0.0595703125 0.107421875 0.119140625
2 0.64453125 0.2021484375 0.134765625 0.166015625
0 0.4033203125 0.626953125 0.126953125 0.1376953125
0 0.7666015625 0.892578125 0.1298828125 0.1484375
2 0.630859375 0.4873046875 0.103515625 0.123046875
2 0.802734375 0.197265625 0.115234375 0.1171875
0 0.9345703125 0.2685546875 0.130859375 0.126953125
0 0.8203125 0.703125 0.1328125 0.140625
2 0.181640625 0.251953125 0.1171875 0.1513671875
2 0.447265625 0.078125 0.1123046875 0.1220703125
2 0.2724609375 0.607421875 0.111328125 0.1298828125
2 0.646484375 0.703125 0.1533203125 0.146484375
2 0.0322265625 0.763671875 0.064453125 0.1201171875
0 0.283203125 0.849609375 0.1279296875 0.1533203125