2 0.923828125 0.2646484375 0.1376953125 0.169921875
0 0.255859375 0.0771484375 0.107421875 0.125
0 0.3310546875 0.6953125 0.1044921875 0.1015625
2 0.521484375 0.408203125 0.107421875 0.1279296875
2 0.806640625 0.896484375 0.103515625 0.123046875
2 0.169921875 0.5810546875 0.1064453125 0.1357421875
0 0.48828125 0.791015625 0.1123046875 0.140625
2 0.458984375 0.140625 0.1220703125 0.142578125
2 0.626953125 0.908203125 0.0966796875 0.119140625
0 0.677734375 0.439453125 0.1142578125 0.1513671875
2 0.779296875 0.103515625 0.0986328125 0.1142578125
2 0.3154296875 0.5185546875 0.125 0.1455078125
2 0.357421875 0.3203125 0.115234375 0.1298828125
2 0.767578125 0.6845703125 0.1328125 0.140625
0 0.916015625 0.4697265625 0.1142578125 0.123046875
2 0.517578125 0.560546875 0.1044921875 0.111328125
2 0.1083984375 0.087890625 0.125 0.134765625
2 0.091796875 0.822265625 0.134765625 0.15625
2 0.330078125 0.859375 0.1201171875 0.111328125
2 0.0810546875 0.29296875 0.1328125 0.1533203125