0 0.6591796875 0.73046875 0.126953125 0.130859375
0 0.6044921875 0.1318359375 0.115234375 0.126953125
0 0.4833984375 0.5439453125 0.126953125 0.123046875
0 0.7158203125 0.416015625 0.1171875 0.1435546875
0 0.4794921875 0.7109375 0.1328125 0.125
0 0.19140625 0.46875 0.1279296875 0.1513671875
2 0.8876953125 0.6318359375 0.1279296875 0.1328125
2 0.31640625 0.052734375 0.111328125 0.1044921875
0 0.919921875 0.44140625 0.107421875 0.1220703125
2 0.142578125 0.2734375 0.1171875 0.115234375
2 0.3330078125 0.431640625 0.1123046875 0.1220703125
2 0.34765625 0.2470703125 0.1123046875 0.140625
2 0.888671875 0.220703125 0.109375 0.150390625
2 0.7939453125 0.9111328125 0.1201171875 0.1328125
2 0.615234375 0.9013671875 0.119140625 0.1279296875
2 0.166015625 0.0458984375 0.1171875 0.091796875
2 0.5625 0.3486328125 0.1015625 0.119140625
2 0.748046875 0.1669921875 0.09375 0.1171875
0 0.322265625 0.6474609375 0.125 0.154296875
0 0.189453125 0.8369140625 0.115234375 0.130859375