0 0.9111328125 0.880859375 0.115234375 0.09375
0 0.76953125 0.630859375 0.111328125 0.111328125
0 0.455078125 0.91015625 0.1015625 0.1044921875
2 0.376953125 0.099609375 0.09375 0.0986328125
2 0.568359375 0.1826171875 0.1123046875 0.126953125
0 0.158203125 0.4287109375 0.119140625 0.1220703125
0 0.1123046875 0.642578125 0.107421875 0.1328125
2 0.6416015625 0.8232421875 0.0830078125 0.1015625
2 0.91015625 0.4384765625 0.099609375 0.115234375
0 0.3515625 0.423828125 0.1015625 0.1455078125
0 0.91015625 0.693359375 0.099609375 0.119140625
2 0.3349609375 0.646484375 0.099609375 0.1142578125
2 0.572265625 0.5546875 0.1015625 0.1201171875
2 0.74609375 0.0927734375 0.1015625 0.142578125
2 0.1259765625 0.166015625 0.1220703125 0.142578125
2 0.880859375 0.109375 0.0966796875 0.1328125
0 0.123046875 0.8681640625 0.09375 0.1015625
0 0.501953125 0.33984375 0.09375 0.1279296875
0 0.73828125 0.318359375 0.111328125 0.119140625
0 0.2939453125 0.9287109375 0.1220703125 0.142578125