0 0.6396484375 0.345703125 0.1123046875 0.1455078125
2 0.1650390625 0.1396484375 0.125 0.111328125
0 0.908203125 0.4365234375 0.1220703125 0.1220703125
0 0.404296875 0.607421875 0.115234375 0.1357421875
0 0.8232421875 0.6357421875 0.115234375 0.1171875
2 0.169921875 0.8212890625 0.123046875 0.146484375
0 0.0419921875 0.7373046875 0.083984375 0.134765625
2 0.6513671875 0.103515625 0.1298828125 0.1201171875
2 0.349609375 0.3994140625 0.111328125 0.109375
2 0.6416015625 0.5517578125 0.1064453125 0.140625
0 0.4873046875 0.873046875 0.1220703125 0.134765625
2 0.939453125 0.2294921875 0.12109375 0.142578125
0 0.8603515625 0.8955078125 0.111328125 0.1357421875
2 0.0947265625 0.51953125 0.1279296875 0.119140625
2 0.103515625 0.3232421875 0.1044921875 0.1142578125
0 0.44921875 0.169921875 0.1142578125 0.1328125
2 0.33203125 0.833984375 0.1220703125 0.1171875
2 0.662109375 0.84375 0.0966796875 0.1064453125
2 0.787109375 0.150390625 0.103515625 0.107421875
2 0.24609375 0.6005859375 0.0986328125 0.1044921875