2 0.060546875 0.107421875 0.107421875 0.1015625
0 0.37109375 0.3916015625 0.103515625 0.0986328125
2 0.08203125 0.3212890625 0.09375 0.0966796875
0 0.3349609375 0.578125 0.0986328125 0.099609375
0 0.697265625 0.333984375 0.1044921875 0.1142578125
2 0.5615234375 0.7392578125 0.1064453125 0.123046875
0 0.912109375 0.5478515625 0.1142578125 0.1201171875
2 0.728515625 0.14453125 0.0830078125 0.0986328125
2 0.8994140625 0.2919921875 0.1015625 0.111328125
2 0.2294921875 0.1669921875 0.0908203125 0.1123046875
0 0.142578125 0.7021484375 0.103515625 0.107421875
2 0.7255859375 0.56640625 0.0810546875 0.103515625
2 0.2177734375 0.35546875 0.087890625 0.1015625
0 0.3134765625 0.783203125 0.1015625 0.1298828125
2 0.724609375 0.8193359375 0.0986328125 0.111328125
2 0.9013671875 0.09765625 0.095703125 0.1298828125
2 0.578125 0.1259765625 0.107421875 0.126953125
0 0.546875 0.380859375 0.107421875 0.109375
0 0.90625 0.83203125 0.1044921875 0.109375
2 0.4228515625 0.1708984375 0.0908203125 0.1123046875