0 0.865234375 0.7744140625 0.138671875 0.1533203125
2 0.693359375 0.0947265625 0.1201171875 0.1376953125
0 0.8427734375 0.126953125 0.1171875 0.1513671875
2 0.498046875 0.751953125 0.1298828125 0.140625
0 0.4404296875 0.4794921875 0.119140625 0.125
0 0.068359375 0.462890625 0.1044921875 0.1123046875
2 0.3125 0.63671875 0.1044921875 0.1201171875
0 0.3115234375 0.8642578125 0.1142578125 0.115234375
2 0.517578125 0.099609375 0.1220703125 0.1123046875
2 0.6689453125 0.845703125 0.1171875 0.119140625
2 0.1435546875 0.0615234375 0.138671875 0.123046875
2 0.4326171875 0.2587890625 0.1123046875 0.150390625
0 0.607421875 0.294921875 0.115234375 0.119140625
2 0.107421875 0.7705078125 0.1015625 0.1064453125
2 0.91796875 0.34375 0.1328125 0.1513671875
0 0.87890625 0.56640625 0.125 0.130859375
2 0.298828125 0.185546875 0.1015625 0.125
2 0.1259765625 0.228515625 0.109375 0.1201171875
2 0.2763671875 0.435546875 0.138671875 0.146484375
2 0.6669921875 0.54296875 0.130859375 0.1298828125