0 0.2900390625 0.314453125 0.115234375 0.1220703125
0 0.4873046875 0.8818359375 0.1064453125 0.119140625
0 0.505859375 0.453125 0.1171875 0.1123046875
0 0.310546875 0.6337890625 0.1064453125 0.1357421875
0 0.46875 0.291015625 0.123046875 0.1142578125
0 0.806640625 0.455078125 0.115234375 0.1435546875
2 0.091796875 0.4658203125 0.1171875 0.1220703125
2 0.7900390625 0.8984375 0.1015625 0.1142578125
0 0.107421875 0.658203125 0.0986328125 0.1142578125
2 0.900390625 0.6337890625 0.107421875 0.1064453125
2 0.6787109375 0.525390625 0.1015625 0.1142578125
2 0.708984375 0.708984375 0.1015625 0.1328125
2 0.1904296875 0.865234375 0.0966796875 0.1435546875
2 0.115234375 0.171875 0.109375 0.123046875
2 0.291015625 0.138671875 0.107421875 0.119140625
2 0.9384765625 0.876953125 0.1064453125 0.1171875
2 0.4755859375 0.662109375 0.091796875 0.111328125
2 0.33984375 0.8837890625 0.083984375 0.111328125
0 0.6376953125 0.3134765625 0.1123046875 0.1455078125
0 0.7197265625 0.0986328125 0.1064453125 0.1220703125