2 0.71484375 0.3486328125 0.0888671875 0.140625
2 0.51953125 0.3076171875 0.0888671875 0.126953125
2 0.599609375 0.126953125 0.1220703125 0.1455078125
2 0.1162109375 0.9033203125 0.09375 0.115234375
2 0.3125 0.4365234375 0.1142578125 0.125
0 0.845703125 0.3115234375 0.083984375 0.103515625
0 0.244140625 0.7080078125 0.109375 0.1328125
2 0.123046875 0.474609375 0.080078125 0.1201171875
2 0.0908203125 0.6435546875 0.09375 0.1171875
2 0.919921875 0.134765625 0.0859375 0.1220703125
2 0.7451171875 0.6123046875 0.1142578125 0.130859375
2 0.2939453125 0.904296875 0.083984375 0.1044921875
0 0.86328125 0.880859375 0.1044921875 0.1123046875
2 0.7578125 0.154296875 0.0908203125 0.107421875
2 0.564453125 0.5908203125 0.087890625 0.1201171875
2 0.6337890625 0.8134765625 0.1123046875 0.1171875
2 0.4580078125 0.7861328125 0.107421875 0.109375
2 0.892578125 0.5947265625 0.1171875 0.1171875
0 0.181640625 0.2138671875 0.111328125 0.1142578125
0 0.3291015625 0.19140625 0.115234375 0.130859375