0 0.2099609375 0.103515625 0.107421875 0.126953125
0 0.095703125 0.517578125 0.1220703125 0.1171875
0 0.3076171875 0.384765625 0.0966796875 0.134765625
0 0.5986328125 0.65234375 0.0986328125 0.1513671875
0 0.7705078125 0.623046875 0.111328125 0.107421875
0 0.931640625 0.3076171875 0.1123046875 0.1298828125
0 0.6044921875 0.8974609375 0.1044921875 0.1064453125
0 0.509765625 0.419921875 0.0966796875 0.1298828125
0 0.9306640625 0.111328125 0.091796875 0.123046875
0 0.9052734375 0.8876953125 0.1201171875 0.126953125
0 0.7587890625 0.8564453125 0.0908203125 0.1123046875
2 0.8935546875 0.498046875 0.083984375 0.119140625
2 0.361328125 0.1142578125 0.109375 0.126953125
2 0.162109375 0.3232421875 0.0888671875 0.130859375
2 0.224609375 0.767578125 0.09375 0.1279296875
2 0.4365234375 0.88671875 0.103515625 0.1279296875
2 0.4091796875 0.6953125 0.076171875 0.126953125
2 0.5517578125 0.193359375 0.0908203125 0.1123046875
0 0.7841796875 0.189453125 0.0751953125 0.146484375
0 0.6796875 0.3876953125 0.087890625 0.111328125