0 0.318359375 0.681640625 0.1064453125 0.1064453125
0 0.865234375 0.2548828125 0.109375 0.158203125
0 0.177734375 0.4990234375 0.1201171875 0.1328125
0 0.6865234375 0.423828125 0.091796875 0.125
0 0.298828125 0.9091796875 0.087890625 0.115234375
0 0.3896484375 0.1318359375 0.0986328125 0.1015625
0 0.69921875 0.6611328125 0.0966796875 0.1220703125
0 0.7578125 0.865234375 0.1142578125 0.115234375
0 0.2265625 0.1220703125 0.1064453125 0.138671875
2 0.533203125 0.86328125 0.119140625 0.109375
2 0.908203125 0.7978515625 0.0986328125 0.1279296875
0 0.091796875 0.935546875 0.1044921875 0.119140625
2 0.12109375 0.7099609375 0.09375 0.1220703125
2 0.4833984375 0.60546875 0.083984375 0.115234375
2 0.54296875 0.2099609375 0.0966796875 0.1142578125
2 0.244140625 0.322265625 0.0810546875 0.119140625
2 0.1171875 0.302734375 0.111328125 0.140625
0 0.4697265625 0.4365234375 0.115234375 0.1298828125
0 0.701171875 0.125 0.095703125 0.1279296875
0 0.904296875 0.47265625 0.103515625 0.1357421875