0 0.220703125 0.5595703125 0.1201171875 0.1298828125
2 0.3505859375 0.119140625 0.126953125 0.1279296875
2 0.1806640625 0.943359375 0.115234375 0.11328125
2 0.7666015625 0.837890625 0.1435546875 0.166015625
2 0.427734375 0.5908203125 0.1376953125 0.1689453125
2 0.9267578125 0.580078125 0.146484375 0.1513671875
2 0.5537109375 0.1064453125 0.111328125 0.111328125
2 0.044921875 0.5185546875 0.08984375 0.130859375
2 0.5888671875 0.2333984375 0.142578125 0.1376953125
0 0.1533203125 0.7939453125 0.125 0.123046875
2 0.720703125 0.470703125 0.138671875 0.158203125
0 0.2265625 0.150390625 0.126953125 0.1513671875
2 0.884765625 0.44140625 0.123046875 0.130859375
2 0.111328125 0.291015625 0.119140625 0.138671875
2 0.7841796875 0.0537109375 0.119140625 0.107421875
2 0.41796875 0.916015625 0.134765625 0.130859375
0 0.685546875 0.6416015625 0.1298828125 0.142578125
2 0.3876953125 0.4111328125 0.130859375 0.1357421875
2 0.525390625 0.7822265625 0.1171875 0.1279296875
0 0.8203125 0.2587890625 0.134765625 0.142578125