2 0.0576171875 0.443359375 0.115234375 0.162109375
0 0.02734375 0.224609375 0.0546875 0.1376953125
0 0.76953125 0.734375 0.1171875 0.1298828125
2 0.4189453125 0.6640625 0.119140625 0.134765625
0 0.2265625 0.583984375 0.1279296875 0.146484375
0 0.912109375 0.529296875 0.1298828125 0.15625
2 0.6796875 0.1884765625 0.126953125 0.1484375
2 0.63671875 0.857421875 0.1123046875 0.1279296875
2 0.7470703125 0.44140625 0.138671875 0.130859375
2 0.435546875 0.1220703125 0.126953125 0.154296875
0 0.9423828125 0.7421875 0.115234375 0.130859375
2 0.123046875 0.669921875 0.1435546875 0.173828125
2 0.4580078125 0.455078125 0.134765625 0.1357421875
0 0.1591796875 0.216796875 0.1298828125 0.146484375
0 0.595703125 0.638671875 0.1298828125 0.1435546875
2 0.16796875 0.41796875 0.119140625 0.1279296875
0 0.228515625 0.9580078125 0.126953125 0.083984375
0 0.7802734375 0.0517578125 0.142578125 0.103515625
0 0.458984375 0.8720703125 0.1357421875 0.1875
2 0.833984375 0.25 0.140625 0.162109375