0 0.3525390625 0.3359375 0.09375 0.1123046875
2 0.5146484375 0.9111328125 0.099609375 0.1201171875
0 0.7529296875 0.810546875 0.125 0.1376953125
2 0.90625 0.4267578125 0.1064453125 0.146484375
0 0.12890625 0.6640625 0.119140625 0.115234375
2 0.7119140625 0.365234375 0.107421875 0.103515625
0 0.490234375 0.376953125 0.0986328125 0.138671875
2 0.1650390625 0.236328125 0.087890625 0.1123046875
2 0.3310546875 0.5107421875 0.123046875 0.1201171875
0 0.1435546875 0.4658203125 0.103515625 0.119140625
2 0.1455078125 0.9140625 0.0966796875 0.123046875
2 0.310546875 0.1435546875 0.091796875 0.1171875
0 0.3408203125 0.728515625 0.109375 0.1328125
0 0.8251953125 0.140625 0.109375 0.1357421875
2 0.494140625 0.1396484375 0.0810546875 0.1044921875
0 0.576171875 0.6162109375 0.1064453125 0.1376953125
0 0.365234375 0.9365234375 0.1123046875 0.115234375
0 0.77734375 0.5849609375 0.09375 0.111328125
2 0.6572265625 0.1435546875 0.1171875 0.125
0 0.8896484375 0.794921875 0.1064453125 0.1142578125