2 0.669921875 0.076171875 0.140625 0.130859375
2 0.1103515625 0.1240234375 0.103515625 0.140625
0 0.3671875 0.5126953125 0.1123046875 0.1142578125
0 0.5986328125 0.85546875 0.107421875 0.1328125
2 0.8017578125 0.470703125 0.087890625 0.119140625
2 0.080078125 0.6357421875 0.095703125 0.125
2 0.9189453125 0.84765625 0.0986328125 0.123046875
0 0.830078125 0.0888671875 0.0986328125 0.1328125
2 0.107421875 0.8525390625 0.09375 0.103515625
0 0.3798828125 0.794921875 0.1015625 0.1044921875
2 0.904296875 0.318359375 0.109375 0.115234375
0 0.509765625 0.1044921875 0.107421875 0.1201171875
0 0.2177734375 0.6396484375 0.1044921875 0.134765625
0 0.158203125 0.439453125 0.109375 0.1513671875
2 0.61328125 0.65625 0.111328125 0.126953125
2 0.681640625 0.306640625 0.111328125 0.1357421875
2 0.517578125 0.2880859375 0.091796875 0.1064453125