0 0.15625 0.8369140625 0.1064453125 0.115234375
0 0.322265625 0.890625 0.107421875 0.1142578125
0 0.1123046875 0.091796875 0.103515625 0.099609375
0 0.072265625 0.291015625 0.126953125 0.1123046875
2 0.794921875 0.361328125 0.0986328125 0.126953125
2 0.3056640625 0.462890625 0.1123046875 0.1201171875
0 0.4560546875 0.90625 0.1171875 0.115234375
0 0.103515625 0.51953125 0.115234375 0.1201171875
0 0.6015625 0.396484375 0.1142578125 0.1044921875
2 0.4560546875 0.3388671875 0.109375 0.1201171875
2 0.642578125 0.59765625 0.0888671875 0.119140625
2 0.9130859375 0.095703125 0.1123046875 0.125
0 0.943359375 0.833984375 0.1064453125 0.123046875
2 0.34375 0.689453125 0.087890625 0.115234375
0 0.708984375 0.830078125 0.1044921875 0.123046875
2 0.8212890625 0.58203125 0.0888671875 0.1201171875
2 0.2880859375 0.1806640625 0.095703125 0.1015625
0 0.4453125 0.1201171875 0.095703125 0.125
0 0.666015625 0.12890625 0.0986328125 0.109375
0 0.9130859375 0.3662109375 0.109375 0.1328125