0 0.75 0.3837890625 0.099609375 0.115234375
0 0.9306640625 0.478515625 0.111328125 0.1376953125
2 0.5546875 0.34765625 0.091796875 0.146484375
2 0.142578125 0.9130859375 0.1142578125 0.099609375
2 0.935546875 0.283203125 0.1064453125 0.111328125
0 0.20703125 0.7177734375 0.1015625 0.1142578125
2 0.107421875 0.4013671875 0.0908203125 0.103515625
2 0.7841796875 0.166015625 0.0986328125 0.1044921875
2 0.3701171875 0.5400390625 0.1044921875 0.1201171875
0 0.6171875 0.1640625 0.099609375 0.103515625
2 0.177734375 0.138671875 0.0986328125 0.1123046875
2 0.3115234375 0.1259765625 0.0751953125 0.1064453125
2 0.892578125 0.869140625 0.1015625 0.0986328125
2 0.736328125 0.5751953125 0.107421875 0.1455078125
0 0.3310546875 0.3388671875 0.1171875 0.126953125
2 0.361328125 0.810546875 0.0859375 0.1279296875
2 0.916015625 0.6728515625 0.1044921875 0.0986328125
2 0.537109375 0.9189453125 0.111328125 0.123046875
0 0.7021484375 0.865234375 0.1064453125 0.109375
2 0.5458984375 0.6435546875 0.1279296875 0.1064453125