2 0.4326171875 0.6904296875 0.1064453125 0.1123046875
0 0.41796875 0.1748046875 0.103515625 0.1123046875
0 0.90625 0.3388671875 0.0966796875 0.109375
0 0.294921875 0.7373046875 0.09375 0.107421875
0 0.7314453125 0.1669921875 0.0986328125 0.1201171875
2 0.087890625 0.708984375 0.091796875 0.103515625
2 0.0947265625 0.888671875 0.099609375 0.1123046875
2 0.1318359375 0.1435546875 0.0986328125 0.1142578125
2 0.1904296875 0.37109375 0.0986328125 0.1015625
2 0.65625 0.57421875 0.103515625 0.09375
2 0.513671875 0.4091796875 0.1064453125 0.1201171875
0 0.5634765625 0.1943359375 0.1044921875 0.134765625
2 0.603515625 0.8125 0.1123046875 0.125
0 0.33984375 0.40625 0.1064453125 0.103515625
0 0.6953125 0.3837890625 0.09375 0.107421875
2 0.904296875 0.125 0.1171875 0.138671875
2 0.845703125 0.5263671875 0.103515625 0.0966796875
0 0.8876953125 0.849609375 0.1220703125 0.142578125
0 0.416015625 0.943359375 0.1142578125 0.1123046875
2 0.783203125 0.91015625 0.103515625 0.1201171875