2 0.724609375 0.6357421875 0.0986328125 0.146484375
2 0.533203125 0.6904296875 0.0966796875 0.130859375
2 0.625 0.865234375 0.130859375 0.1533203125
2 0.0888671875 0.125 0.1015625 0.1220703125
2 0.3173828125 0.576171875 0.1220703125 0.1328125
0 0.857421875 0.6640625 0.0908203125 0.109375
0 0.2294921875 0.310546875 0.119140625 0.140625
2 0.1259765625 0.552734375 0.087890625 0.125
2 0.0810546875 0.384765625 0.1015625 0.123046875
2 0.9443359375 0.833984375 0.09375 0.126953125
2 0.736328125 0.3701171875 0.1220703125 0.138671875
2 0.2666015625 0.111328125 0.091796875 0.109375
0 0.8359375 0.0947265625 0.1123046875 0.119140625
2 0.78125 0.8271484375 0.0966796875 0.1142578125
2 0.55859375 0.404296875 0.095703125 0.125
2 0.611328125 0.177734375 0.1201171875 0.123046875
2 0.4384765625 0.2177734375 0.115234375 0.115234375
2 0.884765625 0.3779296875 0.125 0.125
0 0.2021484375 0.8076171875 0.1171875 0.1220703125
0 0.3505859375 0.8193359375 0.125 0.138671875