0 0.1455078125 0.8408203125 0.1279296875 0.1435546875
0 0.1044921875 0.412109375 0.138671875 0.1357421875
0 0.291015625 0.580078125 0.1171875 0.1484375
0 0.623046875 0.3671875 0.1220703125 0.166015625
0 0.787109375 0.4248046875 0.1279296875 0.125
0 0.892578125 0.763671875 0.1328125 0.146484375
0 0.671875 0.126953125 0.1220703125 0.123046875
0 0.4951171875 0.5810546875 0.1171875 0.1435546875
0 0.8564453125 0.9443359375 0.1123046875 0.111328125
0 0.9482421875 0.189453125 0.103515625 0.1455078125
0 0.81640625 0.193359375 0.109375 0.125
2 0.8876953125 0.5703125 0.103515625 0.130859375
2 0.296875 0.8564453125 0.1279296875 0.142578125
2 0.1357421875 0.615234375 0.109375 0.1455078125
2 0.275390625 0.1884765625 0.1142578125 0.142578125
2 0.5048828125 0.107421875 0.123046875 0.1435546875
2 0.4443359375 0.2919921875 0.0966796875 0.1376953125
2 0.498046875 0.810546875 0.109375 0.126953125
0 0.7255859375 0.85546875 0.099609375 0.15625
0 0.658203125 0.642578125 0.1044921875 0.125