0 0.7001953125 0.080078125 0.119140625 0.119140625
2 0.2158203125 0.9560546875 0.1123046875 0.087890625
0 0.384765625 0.408203125 0.1376953125 0.1357421875
0 0.5556640625 0.396484375 0.1220703125 0.123046875
2 0.1279296875 0.4326171875 0.1142578125 0.1298828125
0 0.896484375 0.41015625 0.126953125 0.130859375
2 0.724609375 0.8271484375 0.115234375 0.1298828125
2 0.759765625 0.5537109375 0.1123046875 0.130859375
2 0.404296875 0.9150390625 0.1142578125 0.1220703125
2 0.1494140625 0.21875 0.140625 0.146484375
2 0.74609375 0.349609375 0.1064453125 0.125
2 0.5693359375 0.8359375 0.1044921875 0.1044921875
2 0.9033203125 0.7568359375 0.134765625 0.130859375
2 0.12890625 0.7890625 0.119140625 0.1376953125
2 0.873046875 0.21875 0.1328125 0.1279296875
2 0.1435546875 0.615234375 0.1064453125 0.1015625
2 0.5478515625 0.169921875 0.1376953125 0.130859375
2 0.3173828125 0.640625 0.1513671875 0.1591796875
2 0.314453125 0.2275390625 0.1455078125 0.162109375