0 0.2958984375 0.3271484375 0.111328125 0.1171875
0 0.865234375 0.42578125 0.1171875 0.1123046875
0 0.34375 0.1162109375 0.0908203125 0.130859375
0 0.6806640625 0.576171875 0.095703125 0.125
0 0.900390625 0.634765625 0.0986328125 0.1298828125
0 0.521484375 0.3486328125 0.111328125 0.1171875
0 0.51953125 0.5693359375 0.0986328125 0.1279296875
2 0.130859375 0.337890625 0.1123046875 0.095703125
0 0.720703125 0.2626953125 0.1064453125 0.126953125
2 0.205078125 0.1376953125 0.099609375 0.1123046875
0 0.865234375 0.197265625 0.103515625 0.125
2 0.119140625 0.8779296875 0.0986328125 0.1064453125
0 0.1181640625 0.7041015625 0.0986328125 0.140625
0 0.1455078125 0.5107421875 0.0986328125 0.09375
2 0.310546875 0.755859375 0.099609375 0.140625
2 0.90625 0.869140625 0.115234375 0.138671875
0 0.5087890625 0.115234375 0.119140625 0.134765625
2 0.671875 0.845703125 0.1044921875 0.1201171875
2 0.328125 0.5732421875 0.1220703125 0.125
2 0.494140625 0.9189453125 0.0966796875 0.1064453125