0 0.833984375 0.7099609375 0.087890625 0.1044921875
2 0.90234375 0.123046875 0.111328125 0.134765625
2 0.271484375 0.8134765625 0.1064453125 0.1044921875
2 0.7451171875 0.4931640625 0.0986328125 0.130859375
2 0.099609375 0.9072265625 0.109375 0.1357421875
0 0.419921875 0.857421875 0.115234375 0.1171875
2 0.091796875 0.4345703125 0.107421875 0.1064453125
2 0.208984375 0.2275390625 0.109375 0.111328125
0 0.6572265625 0.904296875 0.0908203125 0.1201171875
2 0.3408203125 0.517578125 0.109375 0.119140625
2 0.6142578125 0.66796875 0.1064453125 0.1015625
2 0.5869140625 0.251953125 0.109375 0.109375
2 0.8037109375 0.8857421875 0.09375 0.099609375
2 0.3837890625 0.115234375 0.109375 0.095703125
2 0.7470703125 0.0927734375 0.0986328125 0.103515625
0 0.099609375 0.666015625 0.1279296875 0.1298828125
2 0.357421875 0.333984375 0.0986328125 0.115234375
2 0.76171875 0.283203125 0.111328125 0.099609375
2 0.560546875 0.501953125 0.0986328125 0.115234375
2 0.9482421875 0.392578125 0.09375 0.1044921875