0 0.123046875 0.0849609375 0.1220703125 0.103515625
0 0.2431640625 0.345703125 0.1201171875 0.119140625
0 0.580078125 0.095703125 0.109375 0.1123046875
2 0.587890625 0.9091796875 0.1015625 0.1044921875
2 0.404296875 0.810546875 0.123046875 0.1357421875
0 0.833984375 0.6005859375 0.1298828125 0.130859375
0 0.8984375 0.392578125 0.119140625 0.142578125
2 0.3876953125 0.166015625 0.091796875 0.109375
2 0.0859375 0.525390625 0.109375 0.123046875
0 0.6416015625 0.587890625 0.1142578125 0.1533203125
0 0.1083984375 0.271484375 0.109375 0.126953125
2 0.6767578125 0.369140625 0.109375 0.1220703125
2 0.431640625 0.439453125 0.111328125 0.1279296875
2 0.2197265625 0.884765625 0.1142578125 0.150390625
2 0.84375 0.865234375 0.134765625 0.1513671875
2 0.0859375 0.8564453125 0.107421875 0.140625
0 0.9072265625 0.166015625 0.1015625 0.109375
0 0.4833984375 0.6591796875 0.103515625 0.1357421875
0 0.2470703125 0.6611328125 0.1201171875 0.1279296875
0 0.7431640625 0.0908203125 0.134765625 0.1513671875