0 0.44140625 0.232421875 0.0986328125 0.1044921875
2 0.4990234375 0.828125 0.126953125 0.134765625
0 0.919921875 0.4736328125 0.1201171875 0.130859375
0 0.125 0.7646484375 0.1220703125 0.1328125
0 0.6767578125 0.94140625 0.125 0.1171875
0 0.685546875 0.654296875 0.1298828125 0.1455078125
2 0.3095703125 0.0869140625 0.103515625 0.1201171875
2 0.5166015625 0.578125 0.115234375 0.1142578125
0 0.1328125 0.087890625 0.1376953125 0.142578125
2 0.861328125 0.705078125 0.115234375 0.1123046875
2 0.111328125 0.5576171875 0.1220703125 0.1376953125
0 0.8388671875 0.2734375 0.1171875 0.1455078125
2 0.755859375 0.486328125 0.115234375 0.125
2 0.244140625 0.2783203125 0.1044921875 0.1220703125
2 0.5703125 0.345703125 0.1279296875 0.138671875
2 0.326171875 0.6396484375 0.125 0.1298828125
2 0.845703125 0.93359375 0.1376953125 0.1044921875
2 0.3046875 0.8408203125 0.125 0.125
0 0.4091796875 0.4013671875 0.1171875 0.140625
2 0.7099609375 0.171875 0.1298828125 0.158203125