0 0.177734375 0.646484375 0.119140625 0.1357421875
0 0.4931640625 0.240234375 0.123046875 0.1220703125
2 0.841796875 0.826171875 0.1279296875 0.162109375
0 0.1611328125 0.185546875 0.123046875 0.126953125
0 0.828125 0.591796875 0.140625 0.134765625
2 0.3212890625 0.33984375 0.1201171875 0.123046875
0 0.6484375 0.6103515625 0.123046875 0.134765625
0 0.357421875 0.595703125 0.130859375 0.1376953125
2 0.6953125 0.794921875 0.1376953125 0.1376953125
2 0.5498046875 0.4462890625 0.126953125 0.1376953125
2 0.9541015625 0.591796875 0.091796875 0.130859375
2 0.650390625 0.251953125 0.1279296875 0.1279296875
2 0.1953125 0.4560546875 0.123046875 0.130859375
2 0.458984375 0.9443359375 0.130859375 0.111328125
0 0.052734375 0.248046875 0.1044921875 0.15625
0 0.345703125 0.146484375 0.1328125 0.140625
2 0.8798828125 0.34375 0.119140625 0.146484375
2 0.2744140625 0.83984375 0.1591796875 0.1767578125
2 0.494140625 0.0595703125 0.125 0.119140625
2 0.7890625 0.1318359375 0.1201171875 0.130859375