2 0.4599609375 0.896484375 0.1220703125 0.134765625
0 0.4765625 0.71484375 0.0966796875 0.1142578125
0 0.87109375 0.798828125 0.0966796875 0.1220703125
0 0.3974609375 0.388671875 0.0908203125 0.1142578125
0 0.6904296875 0.369140625 0.1123046875 0.1220703125
2 0.900390625 0.396484375 0.0888671875 0.09375
2 0.2080078125 0.390625 0.0986328125 0.111328125
2 0.548828125 0.509765625 0.091796875 0.125
2 0.181640625 0.2041015625 0.1064453125 0.1376953125
2 0.2705078125 0.861328125 0.0986328125 0.1123046875
0 0.064453125 0.869140625 0.109375 0.1201171875
2 0.0732421875 0.515625 0.091796875 0.0830078125
2 0.0595703125 0.662109375 0.0810546875 0.087890625
2 0.763671875 0.1845703125 0.0986328125 0.091796875
2 0.267578125 0.619140625 0.0986328125 0.1044921875
0 0.423828125 0.1181640625 0.1044921875 0.138671875
0 0.646484375 0.705078125 0.0986328125 0.1298828125
2 0.8994140625 0.5947265625 0.1171875 0.1015625
0 0.689453125 0.92578125 0.109375 0.126953125