0 0.94140625 0.6142578125 0.0986328125 0.126953125
0 0.958984375 0.798828125 0.0810546875 0.1142578125
2 0.072265625 0.517578125 0.115234375 0.1591796875
2 0.7314453125 0.4833984375 0.119140625 0.126953125
0 0.06640625 0.2470703125 0.1328125 0.150390625
0 0.9052734375 0.287109375 0.1220703125 0.119140625
2 0.541015625 0.775390625 0.107421875 0.119140625
0 0.849609375 0.0908203125 0.1142578125 0.1279296875
0 0.318359375 0.6201171875 0.1142578125 0.15625
2 0.193359375 0.8173828125 0.109375 0.1455078125
0 0.400390625 0.9189453125 0.0986328125 0.1123046875
2 0.6875 0.083984375 0.1201171875 0.109375
2 0.734375 0.2841796875 0.1015625 0.109375
2 0.220703125 0.1796875 0.1044921875 0.1435546875
0 0.8212890625 0.8837890625 0.115234375 0.134765625
2 0.3203125 0.412109375 0.1044921875 0.1201171875
2 0.728515625 0.7099609375 0.095703125 0.099609375
2 0.5029296875 0.568359375 0.1220703125 0.1123046875
0 0.5576171875 0.2646484375 0.115234375 0.1279296875