2 0.91015625 0.20703125 0.115234375 0.146484375
0 0.6748046875 0.185546875 0.1298828125 0.1455078125
0 0.4990234375 0.8935546875 0.095703125 0.125
2 0.5009765625 0.216796875 0.119140625 0.1201171875
2 0.732421875 0.9130859375 0.0908203125 0.103515625
2 0.9150390625 0.6796875 0.103515625 0.119140625
2 0.9228515625 0.4521484375 0.1201171875 0.1171875
0 0.091796875 0.453125 0.1142578125 0.1201171875
2 0.59375 0.6630859375 0.09375 0.1171875
2 0.3125 0.251953125 0.1171875 0.1201171875
0 0.4208984375 0.7177734375 0.0908203125 0.115234375
2 0.294921875 0.4755859375 0.095703125 0.1044921875
2 0.3291015625 0.884765625 0.1015625 0.1123046875
2 0.142578125 0.1552734375 0.1015625 0.111328125
0 0.11328125 0.9111328125 0.099609375 0.099609375
2 0.8671875 0.939453125 0.099609375 0.1201171875
0 0.486328125 0.431640625 0.1123046875 0.119140625
0 0.228515625 0.6796875 0.1142578125 0.1142578125
0 0.7646484375 0.6796875 0.103515625 0.138671875
0 0.7412109375 0.4208984375 0.111328125 0.1201171875