2 0.0849609375 0.0830078125 0.123046875 0.1123046875
2 0.294921875 0.162109375 0.107421875 0.126953125
2 0.314453125 0.349609375 0.095703125 0.1142578125
2 0.33203125 0.537109375 0.1015625 0.1201171875
2 0.603515625 0.349609375 0.0986328125 0.1435546875
2 0.869140625 0.130859375 0.107421875 0.126953125
2 0.87109375 0.642578125 0.103515625 0.1220703125
2 0.6953125 0.8017578125 0.0810546875 0.0966796875
2 0.25 0.7890625 0.1044921875 0.119140625
2 0.1044921875 0.310546875 0.1064453125 0.1201171875
0 0.123046875 0.7568359375 0.1123046875 0.125
0 0.177734375 0.50390625 0.0908203125 0.1201171875
0 0.4853515625 0.513671875 0.099609375 0.119140625
0 0.7197265625 0.623046875 0.1044921875 0.103515625
0 0.9013671875 0.4462890625 0.1064453125 0.1201171875
0 0.771484375 0.3388671875 0.1044921875 0.1015625
0 0.619140625 0.169921875 0.0986328125 0.1298828125
0 0.4453125 0.126953125 0.111328125 0.1142578125
0 0.5595703125 0.8388671875 0.099609375 0.125
0 0.8837890625 0.8759765625 0.0859375 0.107421875