0 0.708984375 0.2763671875 0.111328125 0.1142578125
0 0.45703125 0.6484375 0.103515625 0.099609375
2 0.1298828125 0.138671875 0.1171875 0.1435546875
2 0.2841796875 0.533203125 0.099609375 0.125
0 0.861328125 0.12890625 0.0986328125 0.126953125
0 0.65234375 0.67578125 0.115234375 0.1123046875
0 0.1513671875 0.8447265625 0.1201171875 0.111328125
0 0.341796875 0.3466796875 0.0986328125 0.125
0 0.1357421875 0.5947265625 0.103515625 0.1279296875
2 0.7373046875 0.458984375 0.1044921875 0.107421875
0 0.1162109375 0.419921875 0.099609375 0.111328125
0 0.3388671875 0.146484375 0.1123046875 0.111328125
2 0.505859375 0.919921875 0.099609375 0.142578125
0 0.8994140625 0.572265625 0.103515625 0.1279296875
2 0.490234375 0.4248046875 0.0908203125 0.107421875
2 0.8671875 0.3583984375 0.0966796875 0.119140625
2 0.900390625 0.921875 0.1142578125 0.1220703125
0 0.298828125 0.7861328125 0.111328125 0.150390625
2 0.556640625 0.142578125 0.111328125 0.1279296875
2 0.677734375 0.8310546875 0.1142578125 0.1279296875