0 0.478515625 0.501953125 0.123046875 0.154296875
2 0.7900390625 0.068359375 0.142578125 0.13671875
2 0.548828125 0.8916015625 0.138671875 0.15625
0 0.66015625 0.6787109375 0.1201171875 0.146484375
0 0.2841796875 0.736328125 0.1279296875 0.1484375
2 0.2880859375 0.478515625 0.1142578125 0.150390625
0 0.982421875 0.7421875 0.0341796875 0.146484375
0 0.716796875 0.876953125 0.126953125 0.1328125
0 0.787109375 0.494140625 0.1123046875 0.119140625
2 0.6298828125 0.4541015625 0.123046875 0.1435546875
0 0.109375 0.4296875 0.1201171875 0.1201171875
2 0.4462890625 0.7021484375 0.1220703125 0.119140625
0 0.208984375 0.9453125 0.1201171875 0.109375
2 0.408203125 0.947265625 0.1015625 0.1044921875
2 0.716796875 0.2783203125 0.1298828125 0.162109375
2 0.875 0.7646484375 0.1044921875 0.099609375
2 0.927734375 0.39453125 0.134765625 0.1376953125
2 0.5205078125 0.228515625 0.1298828125 0.1298828125
0 0.111328125 0.205078125 0.1484375 0.173828125
0 0.2783203125 0.2041015625 0.126953125 0.1455078125