0 0.3525390625 0.548828125 0.123046875 0.142578125
2 0.439453125 0.7509765625 0.150390625 0.173828125
0 0.123046875 0.640625 0.1357421875 0.1328125
0 0.84375 0.224609375 0.126953125 0.1279296875
0 0.1875 0.1669921875 0.146484375 0.15625
2 0.66015625 0.83984375 0.111328125 0.125
2 0.8056640625 0.0556640625 0.1357421875 0.111328125
0 0.91015625 0.7490234375 0.1298828125 0.1298828125
2 0.3583984375 0.130859375 0.1328125 0.140625
0 0.595703125 0.646484375 0.1591796875 0.154296875
0 0.23828125 0.404296875 0.1123046875 0.115234375
2 0.578125 0.3740234375 0.1328125 0.140625
2 0.5576171875 0.158203125 0.1220703125 0.150390625
0 0.8076171875 0.568359375 0.126953125 0.125
2 0.21484375 0.927734375 0.1220703125 0.1298828125
2 0.396484375 0.3251953125 0.1201171875 0.126953125
0 0.7548828125 0.3837890625 0.134765625 0.1669921875
0 0.662109375 0.1025390625 0.1298828125 0.169921875
2 0.064453125 0.271484375 0.103515625 0.1357421875
0 0.0751953125 0.4716796875 0.134765625 0.1376953125