0 0.291015625 0.462890625 0.099609375 0.103515625
2 0.154296875 0.1357421875 0.1123046875 0.1123046875
0 0.333984375 0.876953125 0.1123046875 0.115234375
0 0.2998046875 0.6806640625 0.09375 0.1328125
0 0.853515625 0.8427734375 0.1015625 0.119140625
2 0.0830078125 0.8583984375 0.1015625 0.123046875
2 0.673828125 0.681640625 0.103515625 0.1171875
2 0.099609375 0.658203125 0.0986328125 0.1142578125
2 0.6513671875 0.5126953125 0.091796875 0.1201171875
2 0.109375 0.4365234375 0.09375 0.1123046875
2 0.5107421875 0.2958984375 0.103515625 0.1201171875
0 0.701171875 0.1787109375 0.1142578125 0.1220703125
2 0.47265625 0.47265625 0.083984375 0.0986328125
2 0.462890625 0.0634765625 0.123046875 0.126953125
2 0.5078125 0.79296875 0.0966796875 0.1298828125
2 0.693359375 0.873046875 0.1171875 0.1357421875
0 0.912109375 0.416015625 0.1064453125 0.1220703125
0 0.89453125 0.228515625 0.1015625 0.1298828125
2 0.802734375 0.642578125 0.1044921875 0.1171875
0 0.3271484375 0.255859375 0.0986328125 0.1328125