0 0.130859375 0.6875 0.126953125 0.1376953125
0 0.49609375 0.150390625 0.111328125 0.134765625
2 0.259765625 0.880859375 0.123046875 0.1357421875
0 0.6328125 0.890625 0.1142578125 0.150390625
0 0.4365234375 0.88671875 0.119140625 0.146484375
2 0.5654296875 0.341796875 0.1279296875 0.158203125
0 0.810546875 0.0361328125 0.111328125 0.072265625
0 0.435546875 0.462890625 0.119140625 0.1513671875
2 0.306640625 0.6328125 0.1376953125 0.154296875
2 0.07421875 0.4296875 0.1220703125 0.126953125
2 0.3740234375 0.2568359375 0.1142578125 0.134765625
2 0.7646484375 0.5078125 0.107421875 0.1279296875
2 0.5595703125 0.6796875 0.107421875 0.138671875
0 0.7734375 0.708984375 0.123046875 0.138671875
2 0.646484375 0.0634765625 0.109375 0.119140625
2 0.1923828125 0.1904296875 0.119140625 0.125
0 0.0576171875 0.240234375 0.115234375 0.1455078125
0 0.197265625 0.408203125 0.109375 0.125
2 0.939453125 0.720703125 0.115234375 0.1298828125