0 0.33203125 0.923828125 0.1220703125 0.1376953125
0 0.212890625 0.48828125 0.1123046875 0.1357421875
0 0.7685546875 0.4423828125 0.1357421875 0.150390625
2 0.9423828125 0.818359375 0.107421875 0.1201171875
2 0.380859375 0.126953125 0.119140625 0.115234375
2 0.716796875 0.15234375 0.1201171875 0.154296875
2 0.119140625 0.666015625 0.1201171875 0.1357421875
2 0.53125 0.666015625 0.125 0.162109375
2 0.662109375 0.638671875 0.134765625 0.1357421875
0 0.0302734375 0.2197265625 0.060546875 0.123046875
2 0.537109375 0.884765625 0.109375 0.125
2 0.1474609375 0.869140625 0.1201171875 0.1376953125
2 0.2490234375 0.271484375 0.126953125 0.1279296875
2 0.34375 0.689453125 0.1171875 0.1171875
2 0.0634765625 0.470703125 0.125 0.1591796875
0 0.537109375 0.119140625 0.111328125 0.130859375
0 0.837890625 0.642578125 0.1142578125 0.1328125
0 0.47265625 0.419921875 0.1201171875 0.123046875
2 0.771484375 0.82421875 0.126953125 0.146484375
2 0.6201171875 0.3779296875 0.111328125 0.134765625