0 0.3876953125 0.5107421875 0.1015625 0.1142578125
0 0.5986328125 0.7333984375 0.09375 0.1298828125
0 0.251953125 0.6943359375 0.1015625 0.1044921875
2 0.8955078125 0.7998046875 0.0908203125 0.1142578125
0 0.923828125 0.111328125 0.1171875 0.1279296875
2 0.0986328125 0.2392578125 0.1123046875 0.1142578125
2 0.765625 0.1279296875 0.099609375 0.1376953125
0 0.55078125 0.52734375 0.0986328125 0.1015625
0 0.6982421875 0.5732421875 0.087890625 0.115234375
0 0.6123046875 0.068359375 0.087890625 0.1044921875
2 0.736328125 0.783203125 0.111328125 0.1123046875
2 0.677734375 0.341796875 0.0810546875 0.1064453125
2 0.404296875 0.822265625 0.0908203125 0.109375
2 0.8720703125 0.5517578125 0.083984375 0.1201171875
2 0.365234375 0.1044921875 0.095703125 0.095703125
2 0.8935546875 0.330078125 0.078125 0.1015625
2 0.5693359375 0.328125 0.078125 0.1015625
0 0.0888671875 0.806640625 0.1142578125 0.1142578125
0 0.2314453125 0.2978515625 0.091796875 0.1357421875
2 0.1728515625 0.501953125 0.099609375 0.1435546875