2 0.12109375 0.3193359375 0.103515625 0.138671875
0 0.6572265625 0.634765625 0.095703125 0.115234375
2 0.36328125 0.1865234375 0.1015625 0.119140625
0 0.1123046875 0.521484375 0.109375 0.0986328125
0 0.9130859375 0.375 0.0908203125 0.111328125
2 0.8876953125 0.125 0.0986328125 0.1201171875
0 0.4580078125 0.6650390625 0.095703125 0.1220703125
2 0.8056640625 0.5751953125 0.0986328125 0.103515625
0 0.1884765625 0.1328125 0.0986328125 0.111328125
2 0.7421875 0.33203125 0.0966796875 0.1201171875
2 0.701171875 0.154296875 0.1044921875 0.1171875
2 0.220703125 0.7109375 0.1064453125 0.1220703125
2 0.18359375 0.908203125 0.1015625 0.0986328125
2 0.689453125 0.869140625 0.1044921875 0.099609375
2 0.8359375 0.873046875 0.1015625 0.1064453125
2 0.5517578125 0.15234375 0.1142578125 0.107421875
2 0.3349609375 0.8623046875 0.095703125 0.134765625
0 0.5322265625 0.4296875 0.109375 0.1142578125
0 0.3115234375 0.5087890625 0.1142578125 0.123046875
2 0.5263671875 0.841796875 0.111328125 0.123046875