0 0.4208984375 0.9384765625 0.123046875 0.123046875
2 0.490234375 0.72265625 0.140625 0.150390625
0 0.7568359375 0.6396484375 0.1376953125 0.1376953125
0 0.6064453125 0.904296875 0.115234375 0.1171875
2 0.79296875 0.1640625 0.111328125 0.1279296875
2 0.064453125 0.2451171875 0.12890625 0.146484375
0 0.927734375 0.544921875 0.140625 0.138671875
0 0.1494140625 0.9658203125 0.111328125 0.068359375
2 0.3349609375 0.1396484375 0.125 0.1796875
0 0.107421875 0.751953125 0.1142578125 0.123046875
2 0.279296875 0.7626953125 0.126953125 0.1298828125
2 0.62890625 0.1591796875 0.1171875 0.1533203125
2 0.0615234375 0.4638671875 0.1171875 0.111328125
2 0.857421875 0.3388671875 0.1015625 0.1279296875
2 0.9365234375 0.791015625 0.1064453125 0.1123046875
2 0.462890625 0.443359375 0.1201171875 0.1435546875
0 0.740234375 0.380859375 0.1123046875 0.134765625
2 0.7275390625 0.84765625 0.1015625 0.1171875
2 0.4931640625 0.177734375 0.1123046875 0.140625
2 0.2412109375 0.4111328125 0.109375 0.130859375