0 0.90234375 0.8642578125 0.1298828125 0.1357421875
0 0.697265625 0.314453125 0.1220703125 0.1298828125
0 0.7255859375 0.0703125 0.1123046875 0.1279296875
0 0.0478515625 0.193359375 0.095703125 0.1376953125
2 0.7197265625 0.4951171875 0.1015625 0.134765625
0 0.080078125 0.498046875 0.1142578125 0.1220703125
0 0.568359375 0.66796875 0.0986328125 0.1142578125
0 0.255859375 0.9248046875 0.1123046875 0.1171875
0 0.435546875 0.123046875 0.126953125 0.1298828125
2 0.271484375 0.701171875 0.1064453125 0.126953125
2 0.412109375 0.3876953125 0.0986328125 0.1171875
2 0.755859375 0.845703125 0.095703125 0.109375
2 0.291015625 0.1650390625 0.1201171875 0.166015625
0 0.103515625 0.703125 0.1123046875 0.1279296875
2 0.8505859375 0.14453125 0.1015625 0.119140625
2 0.712890625 0.705078125 0.1142578125 0.107421875
2 0.548828125 0.298828125 0.1298828125 0.1435546875
0 0.45703125 0.8876953125 0.107421875 0.125
2 0.2392578125 0.515625 0.1044921875 0.162109375
2 0.8779296875 0.3251953125 0.115234375 0.1171875