0 0.4912109375 0.703125 0.119140625 0.1298828125
0 0.1484375 0.765625 0.1123046875 0.1201171875
0 0.6142578125 0.466796875 0.125 0.140625
0 0.0693359375 0.58984375 0.130859375 0.1298828125
0 0.5146484375 0.197265625 0.119140625 0.126953125
2 0.7548828125 0.341796875 0.103515625 0.125
0 0.8876953125 0.642578125 0.115234375 0.126953125
0 0.7626953125 0.111328125 0.140625 0.150390625
2 0.1728515625 0.3359375 0.1357421875 0.123046875
2 0.5234375 0.845703125 0.115234375 0.1328125
2 0.322265625 0.724609375 0.1044921875 0.1279296875
2 0.0380859375 0.365234375 0.076171875 0.109375
2 0.287109375 0.2109375 0.1201171875 0.138671875
2 0.291015625 0.529296875 0.1064453125 0.1201171875
2 0.666015625 0.873046875 0.0986328125 0.119140625
0 0.16796875 0.9482421875 0.1171875 0.103515625
2 0.9619140625 0.802734375 0.076171875 0.1689453125
2 0.728515625 0.66796875 0.0986328125 0.1142578125
0 0.466796875 0.4453125 0.1123046875 0.123046875
2 0.3447265625 0.947265625 0.111328125 0.1044921875