2 0.138671875 0.283203125 0.1044921875 0.1064453125
2 0.3427734375 0.259765625 0.130859375 0.146484375
2 0.529296875 0.294921875 0.1123046875 0.109375
2 0.71484375 0.1376953125 0.0751953125 0.1201171875
2 0.8818359375 0.1923828125 0.095703125 0.115234375
2 0.494140625 0.427734375 0.111328125 0.1298828125
2 0.1298828125 0.4697265625 0.0908203125 0.1044921875
2 0.2138671875 0.919921875 0.0888671875 0.1279296875
2 0.337890625 0.896484375 0.091796875 0.1328125
2 0.837890625 0.888671875 0.091796875 0.115234375
2 0.650390625 0.9052734375 0.109375 0.1435546875
2 0.7509765625 0.6435546875 0.1015625 0.1171875
2 0.92578125 0.6796875 0.0859375 0.1064453125
2 0.2734375 0.6748046875 0.0986328125 0.150390625
0 0.146484375 0.6884765625 0.1015625 0.138671875
0 0.5498046875 0.6396484375 0.095703125 0.126953125
0 0.5068359375 0.873046875 0.095703125 0.1142578125
0 0.685546875 0.4111328125 0.1123046875 0.1171875
0 0.9287109375 0.400390625 0.109375 0.1376953125
0 0.3330078125 0.478515625 0.111328125 0.1328125