0 0.5732421875 0.501953125 0.091796875 0.0888671875
0 0.0712890625 0.837890625 0.126953125 0.1171875
0 0.423828125 0.7880859375 0.1123046875 0.111328125
2 0.2646484375 0.134765625 0.0908203125 0.1142578125
2 0.9072265625 0.1298828125 0.107421875 0.115234375
0 0.8837890625 0.865234375 0.1142578125 0.125
2 0.564453125 0.3359375 0.0859375 0.0830078125
2 0.2490234375 0.6591796875 0.0908203125 0.119140625
2 0.0830078125 0.12109375 0.1171875 0.1201171875
0 0.65625 0.7646484375 0.095703125 0.111328125
2 0.4072265625 0.5869140625 0.0859375 0.1171875
0 0.599609375 0.0927734375 0.119140625 0.1357421875
2 0.740234375 0.361328125 0.0810546875 0.1171875
0 0.111328125 0.34375 0.109375 0.1044921875
0 0.345703125 0.3974609375 0.109375 0.123046875
2 0.708984375 0.5927734375 0.095703125 0.1142578125
2 0.2373046875 0.888671875 0.0986328125 0.134765625
2 0.4462890625 0.1376953125 0.1171875 0.1357421875
2 0.068359375 0.537109375 0.095703125 0.09375
2 0.8935546875 0.509765625 0.115234375 0.1484375