0 0.6669921875 0.3408203125 0.1171875 0.1123046875
0 0.072265625 0.388671875 0.1064453125 0.1142578125
0 0.0478515625 0.154296875 0.095703125 0.142578125
0 0.544921875 0.109375 0.103515625 0.107421875
0 0.5341796875 0.826171875 0.119140625 0.138671875
0 0.068359375 0.58203125 0.115234375 0.119140625
0 0.876953125 0.060546875 0.12109375 0.12109375
2 0.7001953125 0.8583984375 0.0908203125 0.138671875
0 0.234375 0.771484375 0.1123046875 0.1201171875
0 0.2802734375 0.150390625 0.103515625 0.115234375
0 0.71484375 0.173828125 0.1123046875 0.1298828125
0 0.6494140625 0.5908203125 0.126953125 0.150390625
0 0.3681640625 0.716796875 0.1064453125 0.107421875
2 0.875 0.6259765625 0.1064453125 0.0966796875
0 0.8818359375 0.451171875 0.126953125 0.1513671875
2 0.2275390625 0.587890625 0.0966796875 0.1044921875
2 0.857421875 0.849609375 0.1015625 0.115234375
2 0.3505859375 0.3876953125 0.119140625 0.140625
2 0.3828125 0.9482421875 0.1220703125 0.103515625
2 0.4970703125 0.298828125 0.099609375 0.119140625