0 0.4580078125 0.197265625 0.1142578125 0.125
0 0.275390625 0.1259765625 0.109375 0.1455078125
0 0.125 0.1328125 0.091796875 0.1484375
0 0.2802734375 0.3359375 0.1064453125 0.1484375
0 0.4658203125 0.419921875 0.103515625 0.140625
0 0.7041015625 0.4765625 0.1123046875 0.140625
0 0.435546875 0.59375 0.103515625 0.142578125
0 0.16015625 0.615234375 0.109375 0.146484375
0 0.404296875 0.876953125 0.111328125 0.130859375
0 0.583984375 0.92578125 0.1328125 0.1376953125
0 0.681640625 0.7548828125 0.1064453125 0.142578125
0 0.8173828125 0.7255859375 0.1123046875 0.1328125
2 0.623046875 0.125 0.111328125 0.1279296875
2 0.802734375 0.103515625 0.1015625 0.154296875
2 0.76953125 0.3046875 0.1044921875 0.1298828125
2 0.845703125 0.478515625 0.115234375 0.138671875
2 0.71875 0.923828125 0.109375 0.1513671875
2 0.232421875 0.880859375 0.1220703125 0.125
2 0.0673828125 0.8828125 0.1201171875 0.1328125
2 0.1044921875 0.361328125 0.115234375 0.119140625