2 0.966796875 0.181640625 0.0654296875 0.1171875
0 0.64453125 0.4130859375 0.115234375 0.1123046875
2 0.9404296875 0.388671875 0.107421875 0.111328125
0 0.650390625 0.603515625 0.1123046875 0.1142578125
0 0.330078125 0.3056640625 0.1220703125 0.1298828125
2 0.4013671875 0.7265625 0.123046875 0.138671875
0 0.0849609375 0.482421875 0.130859375 0.1357421875
2 0.330078125 0.11328125 0.0966796875 0.109375
2 0.138671875 0.232421875 0.1171875 0.125
2 0.818359375 0.212890625 0.1064453125 0.125
0 0.8212890625 0.755859375 0.1171875 0.1220703125
2 0.2666015625 0.5302734375 0.0966796875 0.1142578125
2 0.80078125 0.4013671875 0.1015625 0.1123046875
0 0.6396484375 0.80859375 0.1220703125 0.1455078125
2 0.228515625 0.7802734375 0.1142578125 0.125
2 0.166015625 0.056640625 0.1142578125 0.1123046875
2 0.4814453125 0.1181640625 0.125 0.140625
0 0.47265625 0.375 0.123046875 0.125
0 0.0537109375 0.763671875 0.107421875 0.125
2 0.6279296875 0.1875 0.107421875 0.125