0 0.482421875 0.69140625 0.091796875 0.109375
0 0.904296875 0.6591796875 0.103515625 0.1279296875
0 0.458984375 0.9111328125 0.0966796875 0.103515625
2 0.541015625 0.287109375 0.1123046875 0.115234375
2 0.701171875 0.3623046875 0.1171875 0.125
2 0.306640625 0.8583984375 0.0908203125 0.138671875
2 0.099609375 0.41796875 0.1220703125 0.1064453125
0 0.3330078125 0.630859375 0.1015625 0.115234375
2 0.1279296875 0.1884765625 0.1123046875 0.103515625
2 0.7958984375 0.8681640625 0.09375 0.1044921875
2 0.9462890625 0.46484375 0.0888671875 0.125
0 0.4931640625 0.5029296875 0.0966796875 0.125
2 0.158203125 0.7392578125 0.095703125 0.1044921875
2 0.955078125 0.8740234375 0.0830078125 0.0908203125
2 0.640625 0.787109375 0.109375 0.125
0 0.2578125 0.4453125 0.1064453125 0.103515625
0 0.8896484375 0.1416015625 0.1064453125 0.1201171875
0 0.681640625 0.177734375 0.115234375 0.119140625
0 0.373046875 0.1796875 0.115234375 0.1220703125
0 0.720703125 0.5771484375 0.0966796875 0.103515625