0 0.7099609375 0.314453125 0.115234375 0.1220703125
0 0.5126953125 0.8818359375 0.1064453125 0.119140625
0 0.494140625 0.453125 0.1171875 0.1123046875
0 0.689453125 0.6337890625 0.1064453125 0.1357421875
0 0.53125 0.291015625 0.123046875 0.1142578125
0 0.193359375 0.455078125 0.115234375 0.1435546875
2 0.908203125 0.4658203125 0.1171875 0.1220703125
2 0.2099609375 0.8984375 0.1015625 0.1142578125
0 0.892578125 0.658203125 0.0986328125 0.1142578125
2 0.099609375 0.6337890625 0.107421875 0.1064453125
2 0.3212890625 0.525390625 0.1015625 0.1142578125
2 0.291015625 0.708984375 0.1015625 0.1328125
2 0.8095703125 0.865234375 0.0966796875 0.1435546875
2 0.884765625 0.171875 0.109375 0.123046875
2 0.708984375 0.138671875 0.107421875 0.119140625
2 0.0615234375 0.876953125 0.1064453125 0.1171875
2 0.5244140625 0.662109375 0.091796875 0.111328125
2 0.66015625 0.8837890625 0.083984375 0.111328125
0 0.3623046875 0.3134765625 0.1123046875 0.1455078125
0 0.2802734375 0.0986328125 0.1064453125 0.1220703125