0 0.494140625 0.81640625 0.1123046875 0.1220703125
0 0.220703125 0.330078125 0.109375 0.1201171875
2 0.306640625 0.1279296875 0.1123046875 0.109375
0 0.908203125 0.30078125 0.1015625 0.119140625
0 0.2646484375 0.720703125 0.1171875 0.134765625
2 0.3515625 0.916015625 0.1220703125 0.1279296875
0 0.703125 0.57421875 0.1201171875 0.130859375
2 0.724609375 0.837890625 0.126953125 0.1533203125
2 0.474609375 0.126953125 0.1220703125 0.125
2 0.6689453125 0.40234375 0.1171875 0.1142578125
2 0.8515625 0.0673828125 0.1044921875 0.125
2 0.873046875 0.5361328125 0.123046875 0.1376953125
2 0.0576171875 0.1572265625 0.115234375 0.142578125
2 0.259765625 0.537109375 0.107421875 0.1328125
2 0.52734375 0.6318359375 0.1064453125 0.103515625
2 0.732421875 0.203125 0.1298828125 0.142578125
2 0.1162109375 0.5419921875 0.111328125 0.1279296875
0 0.169921875 0.9501953125 0.1376953125 0.099609375
2 0.951171875 0.7666015625 0.09765625 0.154296875
0 0.48828125 0.3388671875 0.1220703125 0.1513671875