0 0.7041015625 0.55859375 0.111328125 0.1123046875
2 0.806640625 0.8984375 0.123046875 0.123046875
0 0.7041015625 0.142578125 0.123046875 0.126953125
0 0.7177734375 0.341796875 0.107421875 0.142578125
0 0.18359375 0.1220703125 0.1142578125 0.1279296875
2 0.947265625 0.185546875 0.1044921875 0.134765625
2 0.3466796875 0.30078125 0.1142578125 0.126953125
2 0.9140625 0.384765625 0.109375 0.123046875
2 0.3505859375 0.4716796875 0.1044921875 0.1298828125
2 0.8818359375 0.603515625 0.1044921875 0.1201171875
2 0.4677734375 0.701171875 0.1142578125 0.1298828125
0 0.2666015625 0.798828125 0.125 0.1328125
2 0.5244140625 0.529296875 0.09375 0.1064453125
2 0.4912109375 0.9345703125 0.1357421875 0.130859375
2 0.5224609375 0.2080078125 0.109375 0.138671875
2 0.3466796875 0.1083984375 0.130859375 0.146484375
0 0.08203125 0.541015625 0.119140625 0.1328125
0 0.0791015625 0.728515625 0.1142578125 0.138671875
2 0.2138671875 0.3271484375 0.115234375 0.1279296875
0 0.646484375 0.759765625 0.1123046875 0.142578125