0 0.072265625 0.091796875 0.099609375 0.126953125
0 0.1162109375 0.615234375 0.1064453125 0.1328125
2 0.8896484375 0.7265625 0.099609375 0.0986328125
0 0.712890625 0.130859375 0.091796875 0.1064453125
2 0.544921875 0.8544921875 0.111328125 0.1435546875
0 0.2021484375 0.8876953125 0.1015625 0.1123046875
0 0.560546875 0.5517578125 0.1044921875 0.111328125
0 0.740234375 0.79296875 0.1015625 0.1015625
2 0.8974609375 0.3271484375 0.103515625 0.0986328125
2 0.556640625 0.087890625 0.0888671875 0.115234375
0 0.4013671875 0.0791015625 0.099609375 0.109375
2 0.896484375 0.1025390625 0.0888671875 0.0986328125
0 0.236328125 0.201171875 0.109375 0.1142578125
0 0.9375 0.544921875 0.099609375 0.134765625
2 0.2978515625 0.48828125 0.087890625 0.083984375
2 0.736328125 0.5703125 0.087890625 0.0888671875
2 0.763671875 0.341796875 0.078125 0.1298828125
0 0.353515625 0.833984375 0.09375 0.1064453125
2 0.5302734375 0.3447265625 0.095703125 0.1044921875
0 0.1015625 0.4033203125 0.0986328125 0.1142578125