0 0.103515625 0.451171875 0.1123046875 0.109375
2 0.74609375 0.3603515625 0.09375 0.142578125
0 0.576171875 0.1279296875 0.1123046875 0.1220703125
0 0.43359375 0.712890625 0.1142578125 0.1171875
0 0.62890625 0.541015625 0.1015625 0.1064453125
2 0.16796875 0.6513671875 0.0966796875 0.1015625
2 0.5927734375 0.3369140625 0.0888671875 0.109375
0 0.1923828125 0.873046875 0.1064453125 0.099609375
0 0.880859375 0.333984375 0.091796875 0.1064453125
0 0.2021484375 0.115234375 0.115234375 0.119140625
0 0.4375 0.5224609375 0.1064453125 0.1015625
2 0.9423828125 0.671875 0.1044921875 0.1015625
0 0.837890625 0.169921875 0.0908203125 0.1220703125
2 0.23828125 0.361328125 0.1015625 0.1142578125
0 0.4375 0.9326171875 0.095703125 0.109375
2 0.4189453125 0.1376953125 0.095703125 0.115234375
2 0.7802734375 0.90625 0.1123046875 0.1123046875
2 0.60546875 0.763671875 0.0986328125 0.1123046875
2 0.421875 0.337890625 0.1142578125 0.1298828125
0 0.7939453125 0.703125 0.0986328125 0.123046875