0 0.505859375 0.18359375 0.1123046875 0.1220703125
0 0.779296875 0.669921875 0.109375 0.1201171875
2 0.693359375 0.8720703125 0.1123046875 0.109375
0 0.091796875 0.69921875 0.1015625 0.119140625
0 0.7353515625 0.279296875 0.1171875 0.134765625
2 0.6484375 0.083984375 0.1220703125 0.1279296875
0 0.296875 0.42578125 0.1201171875 0.130859375
2 0.275390625 0.162109375 0.126953125 0.1533203125
2 0.525390625 0.873046875 0.1220703125 0.125
2 0.3310546875 0.59765625 0.1171875 0.1142578125
2 0.1484375 0.9326171875 0.1044921875 0.125
2 0.126953125 0.4638671875 0.123046875 0.1376953125
2 0.9423828125 0.8427734375 0.115234375 0.142578125
2 0.740234375 0.462890625 0.107421875 0.1328125
2 0.47265625 0.3681640625 0.1064453125 0.103515625
2 0.267578125 0.796875 0.1298828125 0.142578125
2 0.8837890625 0.4580078125 0.111328125 0.1279296875
0 0.830078125 0.0498046875 0.1376953125 0.099609375
2 0.048828125 0.2333984375 0.09765625 0.154296875
0 0.51171875 0.6611328125 0.1220703125 0.1513671875