0 0.2685546875 0.7099609375 0.125 0.1220703125
0 0.1826171875 0.1552734375 0.1328125 0.15625
0 0.740234375 0.3671875 0.138671875 0.1591796875
0 0.5693359375 0.400390625 0.115234375 0.1376953125
2 0.77734375 0.134765625 0.1220703125 0.1279296875
2 0.1826171875 0.5244140625 0.1142578125 0.1298828125
2 0.408203125 0.306640625 0.1220703125 0.1376953125
0 0.8974609375 0.5283203125 0.123046875 0.1435546875
2 0.7900390625 0.705078125 0.1123046875 0.1376953125
0 0.90234375 0.3388671875 0.1513671875 0.140625
2 0.419921875 0.544921875 0.1298828125 0.1220703125
2 0.1630859375 0.365234375 0.1015625 0.1142578125
2 0.0498046875 0.2099609375 0.099609375 0.130859375
0 0.47265625 0.8564453125 0.1298828125 0.1484375
0 0.1220703125 0.7734375 0.138671875 0.154296875
2 0.150390625 0.947265625 0.1328125 0.10546875
2 0.548828125 0.0615234375 0.1357421875 0.123046875
2 0.326171875 0.923828125 0.1376953125 0.1513671875
0 0.9453125 0.74609375 0.109375 0.1484375
2 0.623046875 0.705078125 0.1279296875 0.1484375