0 0.357421875 0.6689453125 0.0966796875 0.115234375
2 0.5009765625 0.0888671875 0.1044921875 0.123046875
0 0.7421875 0.181640625 0.1298828125 0.142578125
2 0.908203125 0.5595703125 0.111328125 0.150390625
0 0.123046875 0.349609375 0.123046875 0.119140625
2 0.716796875 0.626953125 0.111328125 0.107421875
0 0.4951171875 0.623046875 0.1044921875 0.142578125
2 0.173828125 0.775390625 0.0908203125 0.1142578125
2 0.3310546875 0.4951171875 0.1279296875 0.125
0 0.1455078125 0.546875 0.107421875 0.1220703125
2 0.130859375 0.0986328125 0.1015625 0.126953125
2 0.322265625 0.8623046875 0.095703125 0.1201171875
0 0.3330078125 0.27734375 0.1123046875 0.1357421875
0 0.837890625 0.84765625 0.1123046875 0.138671875
2 0.5068359375 0.8603515625 0.083984375 0.1064453125
0 0.572265625 0.380859375 0.1123046875 0.140625
0 0.3505859375 0.068359375 0.1171875 0.119140625
0 0.7744140625 0.4052734375 0.0966796875 0.1142578125
2 0.669921875 0.8505859375 0.1201171875 0.1279296875
0 0.8798828125 0.19140625 0.109375 0.1171875