0 0.896484375 0.494140625 0.0986328125 0.1279296875
0 0.064453125 0.77734375 0.1015625 0.1328125
0 0.388671875 0.611328125 0.1064453125 0.1015625
0 0.7158203125 0.5986328125 0.09375 0.1220703125
2 0.2021484375 0.474609375 0.0986328125 0.1298828125
2 0.833984375 0.302734375 0.1123046875 0.1298828125
2 0.416015625 0.4208984375 0.109375 0.1298828125
2 0.224609375 0.798828125 0.087890625 0.111328125
2 0.7060546875 0.1220703125 0.0908203125 0.134765625
0 0.5986328125 0.32421875 0.1044921875 0.1201171875
2 0.4716796875 0.8876953125 0.103515625 0.103515625
2 0.0595703125 0.564453125 0.0966796875 0.0859375
0 0.091796875 0.138671875 0.1201171875 0.126953125
2 0.572265625 0.6044921875 0.083984375 0.1015625
0 0.884765625 0.8818359375 0.1123046875 0.134765625
0 0.8955078125 0.701171875 0.126953125 0.1376953125
2 0.4375 0.1689453125 0.103515625 0.111328125
2 0.2275390625 0.255859375 0.0966796875 0.1357421875
2 0.861328125 0.1044921875 0.0908203125 0.103515625
2 0.626953125 0.8671875 0.0966796875 0.1064453125