0 0.93359375 0.2041015625 0.125 0.115234375
2 0.4853515625 0.8095703125 0.1171875 0.1533203125
0 0.7939453125 0.1689453125 0.1201171875 0.1142578125
0 0.345703125 0.626953125 0.1142578125 0.123046875
0 0.412109375 0.17578125 0.126953125 0.158203125
2 0.828125 0.57421875 0.1123046875 0.1455078125
0 0.5947265625 0.349609375 0.1201171875 0.138671875
0 0.1240234375 0.728515625 0.1142578125 0.1455078125
2 0.71484375 0.779296875 0.154296875 0.158203125
0 0.5859375 0.552734375 0.115234375 0.150390625
2 0.2626953125 0.3388671875 0.1376953125 0.1591796875
2 0.107421875 0.2744140625 0.1279296875 0.1376953125
2 0.4111328125 0.4248046875 0.1044921875 0.126953125
2 0.279296875 0.8408203125 0.130859375 0.134765625
2 0.62890625 0.11328125 0.1123046875 0.1171875
2 0.7412109375 0.373046875 0.1044921875 0.1142578125
0 0.927734375 0.3486328125 0.1142578125 0.1298828125
2 0.2109375 0.072265625 0.1123046875 0.1435546875
0 0.22265625 0.5498046875 0.1171875 0.1357421875
0 0.8623046875 0.857421875 0.1171875 0.138671875