0 0.333984375 0.45703125 0.111328125 0.119140625
0 0.744140625 0.4765625 0.0986328125 0.1357421875
2 0.494140625 0.111328125 0.095703125 0.1298828125
2 0.2890625 0.896484375 0.1015625 0.1044921875
0 0.2890625 0.6376953125 0.107421875 0.111328125
2 0.927734375 0.5537109375 0.111328125 0.099609375
2 0.44140625 0.8359375 0.0986328125 0.109375
0 0.755859375 0.216796875 0.1171875 0.1298828125
2 0.265625 0.12890625 0.095703125 0.1044921875
2 0.5 0.58984375 0.0888671875 0.1201171875
2 0.6591796875 0.75 0.1123046875 0.1513671875
0 0.1591796875 0.3076171875 0.0986328125 0.107421875
0 0.087890625 0.111328125 0.1064453125 0.107421875
2 0.939453125 0.1044921875 0.103515625 0.111328125
2 0.099609375 0.4755859375 0.083984375 0.099609375
0 0.8896484375 0.833984375 0.111328125 0.109375
2 0.107421875 0.896484375 0.0908203125 0.1123046875
2 0.921875 0.380859375 0.123046875 0.1142578125
2 0.556640625 0.361328125 0.1044921875 0.125
2 0.09375 0.69140625 0.091796875 0.1298828125