2 0.517578125 0.0908203125 0.1220703125 0.1142578125
0 0.212890625 0.583984375 0.1220703125 0.1298828125
0 0.8603515625 0.1396484375 0.1220703125 0.125
0 0.0625 0.146484375 0.1142578125 0.111328125
2 0.552734375 0.4892578125 0.111328125 0.1357421875
0 0.3388671875 0.4443359375 0.115234375 0.109375
2 0.337890625 0.09765625 0.1171875 0.1201171875
0 0.8134765625 0.5673828125 0.1142578125 0.125
0 0.3955078125 0.291015625 0.099609375 0.103515625
0 0.736328125 0.7841796875 0.119140625 0.1123046875
2 0.1611328125 0.884765625 0.1220703125 0.1328125
2 0.5849609375 0.8603515625 0.111328125 0.1357421875
0 0.712890625 0.1376953125 0.115234375 0.142578125
2 0.560546875 0.3408203125 0.119140625 0.1171875
2 0.310546875 0.8251953125 0.1201171875 0.138671875
2 0.0595703125 0.5966796875 0.1064453125 0.1279296875
2 0.46484375 0.6845703125 0.115234375 0.1279296875
2 0.12890625 0.345703125 0.0888671875 0.095703125
2 0.8935546875 0.751953125 0.095703125 0.111328125
2 0.826171875 0.388671875 0.0966796875 0.1123046875