2 0.8896484375 0.5908203125 0.1220703125 0.1064453125
2 0.89453125 0.408203125 0.125 0.1298828125
2 0.66015625 0.7197265625 0.107421875 0.123046875
2 0.0693359375 0.4482421875 0.1142578125 0.1357421875
2 0.2373046875 0.4013671875 0.1171875 0.1357421875
2 0.630859375 0.9013671875 0.103515625 0.1142578125
0 0.8837890625 0.18359375 0.103515625 0.1171875
2 0.708984375 0.228515625 0.107421875 0.107421875
2 0.8828125 0.916015625 0.126953125 0.150390625
0 0.220703125 0.6083984375 0.109375 0.125
2 0.4873046875 0.83203125 0.1171875 0.1591796875
2 0.4755859375 0.322265625 0.095703125 0.115234375
0 0.4150390625 0.5380859375 0.119140625 0.134765625
0 0.0478515625 0.6328125 0.095703125 0.115234375
0 0.3896484375 0.0849609375 0.123046875 0.130859375
0 0.216796875 0.1220703125 0.111328125 0.134765625
0 0.19921875 0.8232421875 0.1044921875 0.1201171875
2 0.5869140625 0.0986328125 0.109375 0.134765625
2 0.63671875 0.4990234375 0.1171875 0.123046875
0 0.07421875 0.80078125 0.09375 0.119140625