0 0.712890625 0.8544921875 0.1201171875 0.125
0 0.19140625 0.08203125 0.1171875 0.1328125
2 0.2607421875 0.755859375 0.119140625 0.1533203125
2 0.68359375 0.6171875 0.1328125 0.1484375
2 0.9169921875 0.380859375 0.099609375 0.1279296875
2 0.396484375 0.3447265625 0.1171875 0.1298828125
0 0.912109375 0.720703125 0.111328125 0.1279296875
0 0.7890625 0.21875 0.126953125 0.1484375
0 0.076171875 0.615234375 0.119140625 0.1220703125
2 0.3017578125 0.5478515625 0.099609375 0.111328125
0 0.490234375 0.181640625 0.109375 0.1171875
2 0.9658203125 0.185546875 0.068359375 0.134765625
2 0.5439453125 0.8466796875 0.1015625 0.123046875
0 0.072265625 0.861328125 0.115234375 0.134765625
2 0.853515625 0.9306640625 0.1044921875 0.138671875
2 0.3818359375 0.8095703125 0.1171875 0.119140625
2 0.783203125 0.41015625 0.111328125 0.134765625
0 0.1376953125 0.3466796875 0.1142578125 0.1220703125
0 0.525390625 0.5654296875 0.1064453125 0.1220703125
0 0.630859375 0.193359375 0.1298828125 0.146484375