0 0.8603515625 0.103515625 0.1201171875 0.146484375
0 0.8701171875 0.2978515625 0.123046875 0.138671875
0 0.716796875 0.16796875 0.1142578125 0.1611328125
0 0.498046875 0.1044921875 0.091796875 0.130859375
0 0.6064453125 0.888671875 0.107421875 0.115234375
0 0.1044921875 0.6962890625 0.091796875 0.138671875
0 0.26953125 0.703125 0.09375 0.1435546875
0 0.42578125 0.6435546875 0.111328125 0.1142578125
0 0.423828125 0.427734375 0.109375 0.1015625
0 0.0576171875 0.2802734375 0.099609375 0.091796875
0 0.1630859375 0.482421875 0.107421875 0.1142578125
2 0.6767578125 0.3515625 0.115234375 0.1201171875
2 0.7587890625 0.634765625 0.095703125 0.1357421875
2 0.6220703125 0.724609375 0.087890625 0.0908203125
2 0.9287109375 0.7080078125 0.1015625 0.1220703125
2 0.7626953125 0.859375 0.103515625 0.1201171875
2 0.1015625 0.923828125 0.099609375 0.125
2 0.1826171875 0.216796875 0.0810546875 0.154296875
2 0.341796875 0.1552734375 0.119140625 0.1357421875
2 0.41796875 0.8310546875 0.095703125 0.123046875