0 0.056640625 0.404296875 0.1123046875 0.1533203125
0 0.1708984375 0.599609375 0.111328125 0.146484375
0 0.1748046875 0.908203125 0.1279296875 0.1484375
0 0.6884765625 0.634765625 0.1044921875 0.119140625
0 0.5078125 0.1357421875 0.1220703125 0.1357421875
0 0.8984375 0.2451171875 0.107421875 0.126953125
0 0.8974609375 0.732421875 0.1279296875 0.140625
2 0.0712890625 0.1826171875 0.1376953125 0.1611328125
2 0.2294921875 0.345703125 0.1201171875 0.1513671875
2 0.3798828125 0.302734375 0.1171875 0.146484375
2 0.6884765625 0.251953125 0.109375 0.123046875
2 0.8505859375 0.060546875 0.1044921875 0.1201171875
2 0.537109375 0.451171875 0.1298828125 0.1357421875
2 0.701171875 0.4326171875 0.111328125 0.123046875
2 0.8759765625 0.5166015625 0.111328125 0.1455078125
2 0.5224609375 0.6259765625 0.119140625 0.1201171875
2 0.3349609375 0.5576171875 0.1142578125 0.138671875
2 0.353515625 0.7626953125 0.1201171875 0.1328125
2 0.494140625 0.935546875 0.0966796875 0.1142578125
2 0.7138671875 0.84375 0.1201171875 0.1357421875