2 0.939453125 0.892578125 0.107421875 0.1015625
0 0.62890625 0.6083984375 0.103515625 0.0986328125
2 0.91796875 0.6787109375 0.09375 0.0966796875
0 0.6650390625 0.421875 0.0986328125 0.099609375
0 0.302734375 0.666015625 0.1044921875 0.1142578125
2 0.4384765625 0.2607421875 0.1064453125 0.123046875
0 0.087890625 0.4521484375 0.1142578125 0.1201171875
2 0.271484375 0.85546875 0.0830078125 0.0986328125
2 0.1005859375 0.7080078125 0.1015625 0.111328125
2 0.7705078125 0.8330078125 0.0908203125 0.1123046875
0 0.857421875 0.2978515625 0.103515625 0.107421875
2 0.2744140625 0.43359375 0.0810546875 0.103515625
2 0.7822265625 0.64453125 0.087890625 0.1015625
0 0.6865234375 0.216796875 0.1015625 0.1298828125
2 0.275390625 0.1806640625 0.0986328125 0.111328125
2 0.0986328125 0.90234375 0.095703125 0.1298828125
2 0.421875 0.8740234375 0.107421875 0.126953125
0 0.453125 0.619140625 0.107421875 0.109375
0 0.09375 0.16796875 0.1044921875 0.109375
2 0.5771484375 0.8291015625 0.0908203125 0.1123046875