2 0.697265625 0.4814453125 0.1064453125 0.146484375
2 0.0966796875 0.150390625 0.1015625 0.1279296875
2 0.7451171875 0.69921875 0.1015625 0.099609375
2 0.34765625 0.353515625 0.0908203125 0.103515625
0 0.888671875 0.353515625 0.1064453125 0.0986328125
0 0.638671875 0.892578125 0.1015625 0.0986328125
2 0.9208984375 0.9453125 0.1123046875 0.109375
2 0.9462890625 0.611328125 0.0986328125 0.1123046875
0 0.92578125 0.1416015625 0.1064453125 0.107421875
0 0.56640625 0.6611328125 0.1015625 0.1064453125
2 0.30859375 0.560546875 0.0986328125 0.138671875
2 0.2509765625 0.865234375 0.087890625 0.126953125
2 0.501953125 0.37890625 0.107421875 0.1123046875
2 0.544921875 0.13671875 0.0888671875 0.111328125
0 0.1181640625 0.89453125 0.107421875 0.109375
2 0.431640625 0.8623046875 0.1171875 0.111328125
0 0.3212890625 0.16015625 0.09375 0.1015625
2 0.123046875 0.423828125 0.103515625 0.123046875
2 0.73828125 0.265625 0.107421875 0.1376953125
0 0.10546875 0.6611328125 0.095703125 0.125