2 0.298828125 0.330078125 0.1015625 0.1484375
2 0.498046875 0.306640625 0.0986328125 0.1328125
2 0.43359375 0.119140625 0.134765625 0.154296875
2 0.8466796875 0.935546875 0.103515625 0.123046875
2 0.6923828125 0.453125 0.125 0.134765625
0 0.1728515625 0.2822265625 0.09375 0.109375
0 0.7373046875 0.7294921875 0.1201171875 0.142578125
2 0.876953125 0.5068359375 0.0908203125 0.126953125
2 0.8955078125 0.6787109375 0.103515625 0.125
2 0.11328125 0.099609375 0.0966796875 0.1279296875
2 0.24609375 0.5908203125 0.125 0.140625
2 0.669921875 0.9208984375 0.09375 0.111328125
0 0.1044921875 0.8486328125 0.1142578125 0.1201171875
2 0.2734375 0.1328125 0.0986328125 0.115234375
2 0.427734375 0.583984375 0.0966796875 0.126953125
2 0.33984375 0.80078125 0.1220703125 0.125
2 0.517578125 0.7880859375 0.1171875 0.1171875
2 0.1005859375 0.560546875 0.126953125 0.126953125
0 0.841796875 0.2431640625 0.1201171875 0.123046875
0 0.697265625 0.2080078125 0.126953125 0.140625