0 0.05859375 0.3857421875 0.0986328125 0.126953125
0 0.041015625 0.201171875 0.0810546875 0.1142578125
2 0.927734375 0.482421875 0.115234375 0.1591796875
2 0.2685546875 0.5166015625 0.119140625 0.126953125
0 0.93359375 0.7529296875 0.1328125 0.150390625
0 0.0947265625 0.712890625 0.1220703125 0.119140625
2 0.458984375 0.224609375 0.107421875 0.119140625
0 0.150390625 0.9091796875 0.1142578125 0.1279296875
0 0.681640625 0.3798828125 0.1142578125 0.15625
2 0.806640625 0.1826171875 0.109375 0.1455078125
0 0.599609375 0.0810546875 0.0986328125 0.1123046875
2 0.3125 0.916015625 0.1201171875 0.109375
2 0.265625 0.7158203125 0.1015625 0.109375
2 0.779296875 0.8203125 0.1044921875 0.1435546875
0 0.1787109375 0.1162109375 0.115234375 0.134765625
2 0.6796875 0.587890625 0.1044921875 0.1201171875
2 0.271484375 0.2900390625 0.095703125 0.099609375
2 0.4970703125 0.431640625 0.1220703125 0.1123046875
0 0.4423828125 0.7353515625 0.115234375 0.1279296875