0 0.6591796875 0.26953125 0.126953125 0.130859375
0 0.6044921875 0.8681640625 0.115234375 0.126953125
0 0.4833984375 0.4560546875 0.126953125 0.123046875
0 0.7158203125 0.583984375 0.1171875 0.1435546875
0 0.4794921875 0.2890625 0.1328125 0.125
0 0.19140625 0.53125 0.1279296875 0.1513671875
2 0.8876953125 0.3681640625 0.1279296875 0.1328125
2 0.31640625 0.947265625 0.111328125 0.1044921875
0 0.919921875 0.55859375 0.107421875 0.1220703125
2 0.142578125 0.7265625 0.1171875 0.115234375
2 0.3330078125 0.568359375 0.1123046875 0.1220703125
2 0.34765625 0.7529296875 0.1123046875 0.140625
2 0.888671875 0.779296875 0.109375 0.150390625
2 0.7939453125 0.0888671875 0.1201171875 0.1328125
2 0.615234375 0.0986328125 0.119140625 0.1279296875
2 0.166015625 0.9541015625 0.1171875 0.091796875
2 0.5625 0.6513671875 0.1015625 0.119140625
2 0.748046875 0.8330078125 0.09375 0.1171875
0 0.322265625 0.3525390625 0.125 0.154296875
0 0.189453125 0.1630859375 0.115234375 0.130859375