0 0.9033203125 0.904296875 0.109375 0.115234375
0 0.416015625 0.8544921875 0.109375 0.1123046875
0 0.884765625 0.2373046875 0.1064453125 0.134765625
0 0.748046875 0.8369140625 0.1044921875 0.1015625
2 0.625 0.123046875 0.1044921875 0.1220703125
0 0.212890625 0.3896484375 0.0986328125 0.107421875
2 0.3154296875 0.1611328125 0.109375 0.123046875
2 0.27734375 0.896484375 0.103515625 0.095703125
2 0.900390625 0.7099609375 0.09375 0.1171875
0 0.173828125 0.642578125 0.1044921875 0.1044921875
2 0.1064453125 0.8076171875 0.0888671875 0.1171875
2 0.412109375 0.5205078125 0.09375 0.119140625
0 0.4501953125 0.119140625 0.095703125 0.1220703125
0 0.607421875 0.873046875 0.095703125 0.123046875
2 0.087890625 0.376953125 0.099609375 0.1513671875
0 0.8759765625 0.4736328125 0.1015625 0.1328125
2 0.5673828125 0.6669921875 0.0966796875 0.1044921875
2 0.46484375 0.337890625 0.0908203125 0.107421875
2 0.6767578125 0.357421875 0.095703125 0.109375
2 0.0703125 0.197265625 0.1044921875 0.115234375