0 0.0693359375 0.435546875 0.0908203125 0.0888671875
2 0.6220703125 0.8994140625 0.1015625 0.1064453125
0 0.40625 0.9052734375 0.103515625 0.1201171875
0 0.8681640625 0.50390625 0.115234375 0.109375
0 0.888671875 0.8974609375 0.0986328125 0.126953125
0 0.15625 0.939453125 0.099609375 0.1201171875
2 0.6943359375 0.7138671875 0.109375 0.1123046875
0 0.4169921875 0.720703125 0.1064453125 0.125
2 0.658203125 0.2333984375 0.0986328125 0.130859375
2 0.44921875 0.11328125 0.1171875 0.123046875
0 0.8154296875 0.1142578125 0.1044921875 0.111328125
2 0.8818359375 0.3095703125 0.099609375 0.111328125
2 0.8671875 0.7392578125 0.1015625 0.103515625
0 0.228515625 0.6689453125 0.091796875 0.1279296875
2 0.046875 0.177734375 0.09375 0.1357421875
2 0.2470703125 0.2783203125 0.1044921875 0.1328125
2 0.0595703125 0.603515625 0.091796875 0.099609375
2 0.267578125 0.4990234375 0.1015625 0.1142578125
2 0.671875 0.505859375 0.125 0.1220703125
2 0.39453125 0.4765625 0.1064453125 0.1484375