0 0.5244140625 0.6103515625 0.1123046875 0.1279296875
0 0.8974609375 0.2939453125 0.111328125 0.142578125
0 0.1025390625 0.3193359375 0.1171875 0.109375
0 0.3017578125 0.638671875 0.1142578125 0.1357421875
2 0.087890625 0.5625 0.1171875 0.119140625
0 0.5380859375 0.822265625 0.1142578125 0.134765625
2 0.6787109375 0.2255859375 0.099609375 0.123046875
2 0.9248046875 0.744140625 0.138671875 0.138671875
2 0.2353515625 0.87890625 0.1044921875 0.107421875
2 0.798828125 0.8759765625 0.111328125 0.1064453125
2 0.85546875 0.0908203125 0.1123046875 0.150390625
2 0.6572265625 0.4453125 0.09375 0.107421875
2 0.0751953125 0.146484375 0.103515625 0.109375
2 0.408203125 0.814453125 0.0986328125 0.099609375
2 0.4833984375 0.0908203125 0.091796875 0.107421875
2 0.84375 0.5361328125 0.1279296875 0.126953125
2 0.3916015625 0.4208984375 0.1220703125 0.146484375
0 0.6845703125 0.646484375 0.099609375 0.109375
2 0.1943359375 0.130859375 0.1044921875 0.111328125