0 0.359375 0.1435546875 0.1201171875 0.140625
0 0.8505859375 0.244140625 0.1279296875 0.126953125
0 0.5361328125 0.341796875 0.1455078125 0.158203125
0 0.642578125 0.62109375 0.126953125 0.1376953125
2 0.2021484375 0.099609375 0.1142578125 0.125
0 0.2421875 0.560546875 0.115234375 0.138671875
2 0.2958984375 0.8310546875 0.107421875 0.1171875
2 0.478515625 0.80078125 0.111328125 0.119140625
0 0.880859375 0.76953125 0.1376953125 0.1611328125
2 0.109375 0.841796875 0.126953125 0.1513671875
2 0.693359375 0.8662109375 0.115234375 0.1357421875
0 0.896484375 0.5859375 0.1455078125 0.1533203125
2 0.65234375 0.1279296875 0.1513671875 0.1611328125
2 0.4365234375 0.5244140625 0.109375 0.1142578125
2 0.25390625 0.357421875 0.1484375 0.154296875
2 0.9716796875 0.330078125 0.056640625 0.125
2 0.845703125 0.962890625 0.126953125 0.0732421875
0 0.5146484375 0.1162109375 0.1279296875 0.138671875
0 0.0751953125 0.6005859375 0.134765625 0.1513671875
2 0.701171875 0.396484375 0.1171875 0.1513671875