0 0.3310546875 0.869140625 0.0966796875 0.1279296875
0 0.3134765625 0.15234375 0.111328125 0.109375
0 0.646484375 0.548828125 0.1044921875 0.125
2 0.318359375 0.4248046875 0.1015625 0.1357421875
2 0.6494140625 0.3212890625 0.103515625 0.123046875
2 0.45703125 0.6728515625 0.099609375 0.107421875
2 0.1904296875 0.861328125 0.09375 0.1435546875
2 0.150390625 0.306640625 0.1123046875 0.1142578125
0 0.8671875 0.8232421875 0.099609375 0.126953125
0 0.0830078125 0.064453125 0.1064453125 0.111328125
2 0.779296875 0.611328125 0.1015625 0.103515625
2 0.4990234375 0.2509765625 0.107421875 0.119140625
2 0.8447265625 0.083984375 0.1044921875 0.1142578125
2 0.66796875 0.119140625 0.095703125 0.1220703125
2 0.455078125 0.453125 0.087890625 0.1220703125
0 0.142578125 0.578125 0.1044921875 0.1298828125
2 0.275390625 0.63671875 0.119140625 0.126953125
0 0.7177734375 0.8095703125 0.0986328125 0.123046875
0 0.509765625 0.91015625 0.0986328125 0.123046875
2 0.822265625 0.3720703125 0.107421875 0.1328125