0 0.2646484375 0.4970703125 0.09375 0.119140625
2 0.703125 0.51953125 0.095703125 0.107421875
2 0.529296875 0.1025390625 0.103515625 0.134765625
2 0.05859375 0.373046875 0.109375 0.0986328125
0 0.5556640625 0.8427734375 0.109375 0.1435546875
0 0.7373046875 0.1142578125 0.1064453125 0.103515625
0 0.322265625 0.287109375 0.0986328125 0.119140625
0 0.70703125 0.2978515625 0.111328125 0.1201171875
2 0.861328125 0.384765625 0.1064453125 0.1123046875
2 0.1083984375 0.8583984375 0.095703125 0.1015625
0 0.5537109375 0.4375 0.1123046875 0.119140625
0 0.0537109375 0.6376953125 0.0888671875 0.109375
0 0.828125 0.8515625 0.1123046875 0.1201171875
2 0.095703125 0.154296875 0.1044921875 0.146484375
2 0.927734375 0.1884765625 0.087890625 0.125
2 0.3916015625 0.1181640625 0.0966796875 0.1064453125
2 0.4384765625 0.61328125 0.109375 0.1142578125
0 0.9013671875 0.634765625 0.103515625 0.1435546875
2 0.3095703125 0.861328125 0.109375 0.109375