0 0.685546875 0.4453125 0.109375 0.1064453125
2 0.0927734375 0.8046875 0.0986328125 0.1298828125
2 0.3125 0.779296875 0.0986328125 0.1220703125
2 0.7666015625 0.1982421875 0.1142578125 0.158203125
0 0.8916015625 0.822265625 0.0908203125 0.111328125
2 0.5 0.115234375 0.0966796875 0.111328125
2 0.5048828125 0.3056640625 0.1064453125 0.099609375
2 0.224609375 0.271484375 0.09375 0.111328125
0 0.337890625 0.28515625 0.0986328125 0.1201171875
2 0.6943359375 0.8603515625 0.109375 0.0966796875
2 0.9482421875 0.083984375 0.095703125 0.125
0 0.2666015625 0.1064453125 0.095703125 0.1298828125
2 0.087890625 0.474609375 0.0908203125 0.1064453125
0 0.291015625 0.5087890625 0.1064453125 0.1201171875
2 0.517578125 0.5068359375 0.095703125 0.103515625
2 0.845703125 0.466796875 0.091796875 0.0966796875
2 0.865234375 0.6416015625 0.083984375 0.1044921875
2 0.130859375 0.068359375 0.080078125 0.0986328125
2 0.5234375 0.7392578125 0.130859375 0.115234375
2 0.701171875 0.666015625 0.095703125 0.1279296875