0 0.751953125 0.4150390625 0.103515625 0.107421875
0 0.900390625 0.88671875 0.126953125 0.115234375
2 0.583984375 0.1044921875 0.0908203125 0.1064453125
2 0.1435546875 0.208984375 0.0908203125 0.1142578125
0 0.8701171875 0.2177734375 0.099609375 0.099609375
2 0.6982421875 0.2158203125 0.111328125 0.1201171875
0 0.291015625 0.732421875 0.109375 0.1279296875
0 0.9072265625 0.4638671875 0.1123046875 0.115234375
0 0.50390625 0.400390625 0.0888671875 0.123046875
2 0.318359375 0.9443359375 0.095703125 0.099609375
0 0.5595703125 0.6455078125 0.1015625 0.1171875
2 0.6875 0.91796875 0.1064453125 0.0986328125
0 0.2685546875 0.466796875 0.09375 0.109375
2 0.1201171875 0.44140625 0.09375 0.1015625
2 0.537109375 0.927734375 0.109375 0.123046875
2 0.3310546875 0.146484375 0.1123046875 0.1201171875
2 0.091796875 0.626953125 0.095703125 0.146484375
2 0.896484375 0.693359375 0.1123046875 0.123046875
0 0.7646484375 0.69140625 0.0986328125 0.1435546875
0 0.083984375 0.8388671875 0.1015625 0.130859375