0 0.1083984375 0.18359375 0.107421875 0.1064453125
0 0.5498046875 0.240234375 0.109375 0.1328125
2 0.2255859375 0.875 0.1220703125 0.140625
0 0.291015625 0.630859375 0.1220703125 0.126953125
0 0.78125 0.716796875 0.1171875 0.125
2 0.3828125 0.888671875 0.0986328125 0.1123046875
2 0.8603515625 0.099609375 0.1044921875 0.1376953125
0 0.5595703125 0.7421875 0.1171875 0.150390625
0 0.9443359375 0.79296875 0.111328125 0.1142578125
0 0.1318359375 0.6435546875 0.1220703125 0.125
0 0.240234375 0.3955078125 0.091796875 0.107421875
2 0.1015625 0.4365234375 0.111328125 0.1142578125
0 0.6884765625 0.0537109375 0.1044921875 0.107421875
0 0.943359375 0.599609375 0.1123046875 0.1220703125
2 0.2802734375 0.2099609375 0.1123046875 0.1044921875
2 0.875 0.369140625 0.1279296875 0.1591796875
0 0.7529296875 0.5107421875 0.1044921875 0.125
0 0.568359375 0.505859375 0.1044921875 0.1279296875
0 0.7431640625 0.326171875 0.125 0.150390625
0 0.3876953125 0.3994140625 0.0966796875 0.1171875