0 0.3515625 0.5048828125 0.095703125 0.1328125
0 0.919921875 0.3876953125 0.103515625 0.119140625
2 0.279296875 0.1640625 0.0986328125 0.111328125
0 0.220703125 0.3583984375 0.0986328125 0.125
0 0.484375 0.662109375 0.1064453125 0.1142578125
2 0.439453125 0.849609375 0.1123046875 0.115234375
0 0.669921875 0.7958984375 0.1376953125 0.140625
2 0.71484375 0.529296875 0.0986328125 0.115234375
2 0.279296875 0.8955078125 0.076171875 0.130859375
2 0.556640625 0.4296875 0.09375 0.1220703125
2 0.87890625 0.67578125 0.0908203125 0.0966796875
2 0.6943359375 0.0927734375 0.0908203125 0.138671875
2 0.095703125 0.9169921875 0.1015625 0.103515625
2 0.1328125 0.099609375 0.078125 0.0986328125
2 0.501953125 0.111328125 0.1064453125 0.1044921875
2 0.703125 0.306640625 0.103515625 0.103515625
0 0.9560546875 0.873046875 0.087890625 0.1123046875
0 0.255859375 0.68359375 0.09375 0.109375
2 0.1220703125 0.6728515625 0.1123046875 0.109375