2 0.5966796875 0.8271484375 0.1044921875 0.1123046875
0 0.923828125 0.240234375 0.111328125 0.1220703125
2 0.2177734375 0.84375 0.1171875 0.138671875
2 0.107421875 0.59375 0.107421875 0.115234375
2 0.5302734375 0.544921875 0.1201171875 0.1298828125
0 0.4130859375 0.33984375 0.1279296875 0.115234375
0 0.572265625 0.3193359375 0.1171875 0.125
0 0.380859375 0.130859375 0.103515625 0.123046875
2 0.7431640625 0.4423828125 0.111328125 0.1513671875
2 0.876953125 0.9052734375 0.1015625 0.126953125
2 0.185546875 0.0830078125 0.109375 0.1142578125
2 0.080078125 0.861328125 0.1064453125 0.126953125
0 0.5439453125 0.1279296875 0.1142578125 0.1201171875
2 0.251953125 0.61328125 0.0908203125 0.1328125
0 0.7666015625 0.140625 0.115234375 0.130859375
0 0.8662109375 0.685546875 0.125 0.1435546875
2 0.91015625 0.48046875 0.109375 0.15625
2 0.251953125 0.3759765625 0.099609375 0.1142578125
0 0.7373046875 0.8642578125 0.115234375 0.1142578125
0 0.4208984375 0.7177734375 0.107421875 0.1357421875