0 0.314453125 0.091796875 0.1064453125 0.1044921875
0 0.462890625 0.412109375 0.099609375 0.111328125
2 0.107421875 0.115234375 0.1064453125 0.111328125
0 0.119140625 0.4619140625 0.1015625 0.125
0 0.4208984375 0.8076171875 0.109375 0.1142578125
2 0.1025390625 0.892578125 0.091796875 0.1298828125
0 0.29296875 0.2578125 0.111328125 0.115234375
2 0.08203125 0.6533203125 0.09375 0.1123046875
2 0.8232421875 0.40625 0.1064453125 0.1064453125
0 0.8349609375 0.853515625 0.109375 0.1064453125
0 0.232421875 0.8837890625 0.1123046875 0.126953125
2 0.7216796875 0.2109375 0.1123046875 0.140625
2 0.302734375 0.4423828125 0.078125 0.1064453125
0 0.630859375 0.875 0.123046875 0.1298828125
2 0.501953125 0.587890625 0.095703125 0.119140625
0 0.6689453125 0.580078125 0.107421875 0.125
2 0.23046875 0.6513671875 0.099609375 0.1298828125
0 0.83203125 0.662109375 0.103515625 0.130859375
0 0.8662109375 0.19140625 0.1064453125 0.138671875
2 0.4912109375 0.1796875 0.111328125 0.111328125