0 0.2255859375 0.0537109375 0.1357421875 0.107421875
2 0.10546875 0.23828125 0.125 0.1328125
2 0.705078125 0.7236328125 0.126953125 0.123046875
2 0.853515625 0.5126953125 0.1064453125 0.1201171875
0 0.693359375 0.4697265625 0.1328125 0.134765625
2 0.0517578125 0.759765625 0.103515625 0.150390625
0 0.8759765625 0.720703125 0.126953125 0.134765625
2 0.4912109375 0.5087890625 0.1044921875 0.1142578125
2 0.9482421875 0.2490234375 0.103515625 0.1328125
2 0.8017578125 0.90625 0.103515625 0.1171875
2 0.337890625 0.404296875 0.1123046875 0.125
0 0.0927734375 0.478515625 0.138671875 0.142578125
2 0.7431640625 0.189453125 0.1376953125 0.1513671875
0 0.1884765625 0.8349609375 0.1298828125 0.138671875
0 0.5078125 0.7724609375 0.130859375 0.1640625
2 0.361328125 0.205078125 0.1328125 0.1279296875
2 0.640625 0.916015625 0.1142578125 0.1201171875
0 0.2578125 0.568359375 0.1201171875 0.125
0 0.3232421875 0.873046875 0.134765625 0.158203125
2 0.576171875 0.248046875 0.1298828125 0.1435546875