2 0.3076171875 0.7021484375 0.1064453125 0.1064453125
0 0.109375 0.6474609375 0.103515625 0.119140625
2 0.8134765625 0.0517578125 0.1201171875 0.103515625
0 0.1767578125 0.177734375 0.1279296875 0.123046875
2 0.52734375 0.837890625 0.107421875 0.1357421875
0 0.8818359375 0.259765625 0.1142578125 0.1044921875
0 0.03515625 0.1630859375 0.0703125 0.126953125
2 0.5234375 0.634765625 0.109375 0.115234375
2 0.84375 0.419921875 0.125 0.140625
0 0.5419921875 0.42578125 0.123046875 0.142578125
2 0.8662109375 0.68359375 0.1142578125 0.111328125
2 0.193359375 0.9052734375 0.1220703125 0.126953125
2 0.7177734375 0.416015625 0.1064453125 0.142578125
2 0.35546875 0.3037109375 0.119140625 0.1484375
2 0.712890625 0.833984375 0.111328125 0.1123046875
2 0.521484375 0.103515625 0.1044921875 0.1220703125
2 0.095703125 0.390625 0.1142578125 0.0986328125
2 0.3330078125 0.4873046875 0.1123046875 0.126953125
2 0.689453125 0.1748046875 0.1279296875 0.140625
2 0.3330078125 0.1201171875 0.140625 0.1611328125