0 0.654296875 0.486328125 0.0986328125 0.123046875
2 0.615234375 0.26953125 0.1201171875 0.150390625
0 0.8984375 0.447265625 0.1142578125 0.111328125
0 0.103515625 0.69140625 0.1044921875 0.107421875
0 0.7294921875 0.89453125 0.1201171875 0.1328125
2 0.419921875 0.1328125 0.0888671875 0.107421875
2 0.0966796875 0.884765625 0.109375 0.1298828125
0 0.15625 0.1650390625 0.109375 0.107421875
2 0.5546875 0.892578125 0.109375 0.1201171875
0 0.4404296875 0.3349609375 0.134765625 0.1279296875
0 0.7333984375 0.65234375 0.09375 0.0986328125
2 0.3955078125 0.6044921875 0.109375 0.1201171875
2 0.3662109375 0.8203125 0.095703125 0.1328125
0 0.2158203125 0.3642578125 0.1064453125 0.1044921875
2 0.8740234375 0.146484375 0.099609375 0.111328125
2 0.5615234375 0.693359375 0.0986328125 0.1064453125
0 0.2255859375 0.556640625 0.1044921875 0.1484375
0 0.2529296875 0.8505859375 0.0986328125 0.1533203125
2 0.873046875 0.8203125 0.078125 0.1220703125
0 0.908203125 0.623046875 0.1123046875 0.115234375