0 0.884765625 0.87890625 0.126953125 0.1220703125
0 0.7177734375 0.900390625 0.107421875 0.1220703125
2 0.35546875 0.236328125 0.115234375 0.1591796875
0 0.2021484375 0.71484375 0.1328125 0.140625
0 0.345703125 0.4677734375 0.134765625 0.150390625
2 0.873046875 0.10546875 0.107421875 0.134765625
0 0.5595703125 0.7021484375 0.115234375 0.1123046875
2 0.408203125 0.7978515625 0.1142578125 0.123046875
2 0.90625 0.669921875 0.1201171875 0.1298828125
2 0.857421875 0.390625 0.0888671875 0.125
0 0.0419921875 0.306640625 0.083984375 0.138671875
0 0.501953125 0.2373046875 0.1064453125 0.123046875
2 0.72265625 0.0947265625 0.134765625 0.123046875
2 0.712890625 0.66796875 0.109375 0.1435546875
2 0.2587890625 0.908203125 0.0966796875 0.0986328125
0 0.1904296875 0.24609375 0.119140625 0.123046875
0 0.095703125 0.9384765625 0.1044921875 0.111328125
2 0.13671875 0.5166015625 0.099609375 0.0888671875
0 0.642578125 0.443359375 0.109375 0.150390625
0 0.576171875 0.9072265625 0.1142578125 0.1328125