0 0.927734375 0.908203125 0.099609375 0.126953125
0 0.8837890625 0.384765625 0.1064453125 0.1328125
2 0.1103515625 0.2734375 0.099609375 0.0986328125
0 0.287109375 0.869140625 0.091796875 0.1064453125
2 0.455078125 0.1455078125 0.111328125 0.1435546875
0 0.7978515625 0.1123046875 0.1015625 0.1123046875
0 0.439453125 0.4482421875 0.1044921875 0.111328125
0 0.259765625 0.20703125 0.1015625 0.1015625
2 0.1025390625 0.6728515625 0.103515625 0.0986328125
2 0.443359375 0.912109375 0.0888671875 0.115234375
0 0.5986328125 0.9208984375 0.099609375 0.109375
2 0.103515625 0.8974609375 0.0888671875 0.0986328125
0 0.763671875 0.798828125 0.109375 0.1142578125
0 0.0625 0.455078125 0.099609375 0.134765625
2 0.7021484375 0.51171875 0.087890625 0.083984375
2 0.263671875 0.4296875 0.087890625 0.0888671875
2 0.236328125 0.658203125 0.078125 0.1298828125
0 0.646484375 0.166015625 0.09375 0.1064453125
2 0.4697265625 0.6552734375 0.095703125 0.1044921875
0 0.8984375 0.5966796875 0.0986328125 0.1142578125