0 0.8544921875 0.1591796875 0.1279296875 0.1435546875
0 0.8955078125 0.587890625 0.138671875 0.1357421875
0 0.708984375 0.419921875 0.1171875 0.1484375
0 0.376953125 0.6328125 0.1220703125 0.166015625
0 0.212890625 0.5751953125 0.1279296875 0.125
0 0.107421875 0.236328125 0.1328125 0.146484375
0 0.328125 0.873046875 0.1220703125 0.123046875
0 0.5048828125 0.4189453125 0.1171875 0.1435546875
0 0.1435546875 0.0556640625 0.1123046875 0.111328125
0 0.0517578125 0.810546875 0.103515625 0.1455078125
0 0.18359375 0.806640625 0.109375 0.125
2 0.1123046875 0.4296875 0.103515625 0.130859375
2 0.703125 0.1435546875 0.1279296875 0.142578125
2 0.8642578125 0.384765625 0.109375 0.1455078125
2 0.724609375 0.8115234375 0.1142578125 0.142578125
2 0.4951171875 0.892578125 0.123046875 0.1435546875
2 0.5556640625 0.7080078125 0.0966796875 0.1376953125
2 0.501953125 0.189453125 0.109375 0.126953125
0 0.2744140625 0.14453125 0.099609375 0.15625
0 0.341796875 0.357421875 0.1044921875 0.125