0 0.15234375 0.88671875 0.111328125 0.111328125
2 0.119140625 0.3583984375 0.0966796875 0.1123046875
0 0.5947265625 0.78515625 0.1015625 0.119140625
0 0.0966796875 0.1337890625 0.103515625 0.1064453125
0 0.7587890625 0.541015625 0.09375 0.1142578125
2 0.802734375 0.2900390625 0.1064453125 0.126953125
2 0.6552734375 0.3408203125 0.109375 0.1220703125
2 0.302734375 0.2421875 0.0986328125 0.111328125
0 0.42578125 0.44921875 0.091796875 0.1142578125
2 0.447265625 0.669921875 0.095703125 0.095703125
0 0.916015625 0.4912109375 0.095703125 0.109375
2 0.443359375 0.8779296875 0.091796875 0.0888671875
2 0.759765625 0.791015625 0.091796875 0.1357421875
0 0.486328125 0.26171875 0.103515625 0.130859375
2 0.6416015625 0.1640625 0.111328125 0.1064453125
2 0.267578125 0.509765625 0.095703125 0.119140625
2 0.115234375 0.685546875 0.0908203125 0.1220703125
2 0.2587890625 0.708984375 0.0810546875 0.126953125
0 0.5810546875 0.5478515625 0.09375 0.0986328125
2 0.9541015625 0.6787109375 0.091796875 0.103515625