0 0.93359375 0.7958984375 0.125 0.115234375
2 0.4853515625 0.1904296875 0.1171875 0.1533203125
0 0.7939453125 0.8310546875 0.1201171875 0.1142578125
0 0.345703125 0.373046875 0.1142578125 0.123046875
0 0.412109375 0.82421875 0.126953125 0.158203125
2 0.828125 0.42578125 0.1123046875 0.1455078125
0 0.5947265625 0.650390625 0.1201171875 0.138671875
0 0.1240234375 0.271484375 0.1142578125 0.1455078125
2 0.71484375 0.220703125 0.154296875 0.158203125
0 0.5859375 0.447265625 0.115234375 0.150390625
2 0.2626953125 0.6611328125 0.1376953125 0.1591796875
2 0.107421875 0.7255859375 0.1279296875 0.1376953125
2 0.4111328125 0.5751953125 0.1044921875 0.126953125
2 0.279296875 0.1591796875 0.130859375 0.134765625
2 0.62890625 0.88671875 0.1123046875 0.1171875
2 0.7412109375 0.626953125 0.1044921875 0.1142578125
0 0.927734375 0.6513671875 0.1142578125 0.1298828125
2 0.2109375 0.927734375 0.1123046875 0.1435546875
0 0.22265625 0.4501953125 0.1171875 0.1357421875
0 0.8623046875 0.142578125 0.1171875 0.138671875