0 0.5615234375 0.111328125 0.1171875 0.1328125
0 0.15234375 0.7373046875 0.1171875 0.119140625
2 0.6767578125 0.595703125 0.1376953125 0.1220703125
0 0.4287109375 0.470703125 0.119140625 0.119140625
0 0.748046875 0.814453125 0.126953125 0.1435546875
2 0.12109375 0.5078125 0.103515625 0.125
2 0.919921875 0.857421875 0.111328125 0.1298828125
2 0.716796875 0.306640625 0.103515625 0.123046875
2 0.599609375 0.931640625 0.111328125 0.111328125
2 0.4892578125 0.666015625 0.125 0.134765625
0 0.326171875 0.7041015625 0.1376953125 0.1611328125
2 0.408203125 0.2412109375 0.087890625 0.109375
2 0.8798828125 0.0947265625 0.1171875 0.1201171875
2 0.7216796875 0.12109375 0.109375 0.1201171875
2 0.2890625 0.20703125 0.123046875 0.142578125
2 0.2626953125 0.4580078125 0.126953125 0.1376953125
2 0.2900390625 0.8798828125 0.126953125 0.119140625