0 0.697265625 0.30078125 0.107421875 0.1142578125
0 0.5390625 0.880859375 0.0986328125 0.1123046875
0 0.4912109375 0.4541015625 0.109375 0.1064453125
0 0.697265625 0.6201171875 0.0966796875 0.1298828125
0 0.5166015625 0.2890625 0.115234375 0.1064453125
0 0.1904296875 0.4775390625 0.1064453125 0.1357421875
2 0.904296875 0.4375 0.111328125 0.115234375
2 0.2392578125 0.91796875 0.095703125 0.107421875
0 0.9033203125 0.630859375 0.0908203125 0.107421875
2 0.109375 0.6611328125 0.1015625 0.0986328125
2 0.3232421875 0.537109375 0.09375 0.107421875
2 0.306640625 0.72265625 0.091796875 0.126953125
2 0.833984375 0.8427734375 0.087890625 0.1376953125
2 0.861328125 0.146484375 0.1015625 0.1171875
2 0.68359375 0.125 0.1015625 0.1123046875
2 0.0888671875 0.9072265625 0.099609375 0.111328125
2 0.53515625 0.66015625 0.083984375 0.1064453125
2 0.6865234375 0.87109375 0.078125 0.1064453125
0 0.349609375 0.3232421875 0.103515625 0.138671875
0 0.2529296875 0.115234375 0.0986328125 0.115234375