0 0.712890625 0.419921875 0.1279296875 0.134765625
0 0.505859375 0.0888671875 0.134765625 0.1455078125
0 0.9736328125 0.173828125 0.052734375 0.146484375
2 0.033203125 0.837890625 0.06640625 0.11328125
2 0.0751953125 0.595703125 0.109375 0.140625
2 0.85546875 0.197265625 0.125 0.1298828125
0 0.87109375 0.416015625 0.1201171875 0.140625
0 0.7060546875 0.6201171875 0.111328125 0.130859375
0 0.224609375 0.4345703125 0.1123046875 0.1201171875
2 0.5185546875 0.6904296875 0.1220703125 0.123046875
0 0.9091796875 0.6533203125 0.134765625 0.1591796875
2 0.6884765625 0.1181640625 0.1142578125 0.109375
2 0.412109375 0.48828125 0.1064453125 0.1171875
2 0.2568359375 0.7529296875 0.1376953125 0.154296875
0 0.302734375 0.0537109375 0.1279296875 0.107421875
2 0.23046875 0.275390625 0.1142578125 0.1220703125
2 0.7255859375 0.9091796875 0.1357421875 0.1533203125
0 0.5673828125 0.8623046875 0.1376953125 0.177734375
2 0.3916015625 0.271484375 0.119140625 0.1533203125
2 0.5458984375 0.31640625 0.140625 0.140625