0 0.2666015625 0.9013671875 0.0908203125 0.1171875
2 0.767578125 0.880859375 0.1142578125 0.150390625
0 0.916015625 0.705078125 0.103515625 0.109375
2 0.2978515625 0.6962890625 0.091796875 0.09375
0 0.3603515625 0.12109375 0.1123046875 0.115234375
2 0.8291015625 0.302734375 0.09375 0.150390625
0 0.5361328125 0.2431640625 0.107421875 0.107421875
0 0.2626953125 0.51953125 0.1044921875 0.1015625
2 0.5205078125 0.486328125 0.109375 0.1279296875
2 0.748046875 0.59375 0.099609375 0.111328125
2 0.62890625 0.8916015625 0.095703125 0.1015625
2 0.0517578125 0.37109375 0.091796875 0.1064453125
0 0.748046875 0.130859375 0.1171875 0.1357421875
2 0.283203125 0.3330078125 0.1142578125 0.1357421875
2 0.0693359375 0.845703125 0.095703125 0.087890625
2 0.091796875 0.119140625 0.1044921875 0.126953125
2 0.8984375 0.943359375 0.107421875 0.1123046875
2 0.0712890625 0.6572265625 0.1142578125 0.103515625
2 0.8818359375 0.544921875 0.107421875 0.1201171875
2 0.458984375 0.732421875 0.103515625 0.1201171875