0 0.6318359375 0.849609375 0.1298828125 0.1435546875
2 0.154296875 0.93359375 0.1123046875 0.1328125
2 0.68359375 0.3642578125 0.1220703125 0.1201171875
0 0.3798828125 0.462890625 0.1279296875 0.142578125
0 0.5439453125 0.5908203125 0.115234375 0.1298828125
2 0.2666015625 0.1376953125 0.1171875 0.1201171875
2 0.859375 0.8095703125 0.1357421875 0.166015625
2 0.61328125 0.1494140625 0.1142578125 0.119140625
2 0.455078125 0.8369140625 0.1123046875 0.130859375
2 0.0546875 0.14453125 0.109375 0.126953125
0 0.1181640625 0.3212890625 0.119140625 0.1201171875
2 0.7890625 0.58984375 0.1142578125 0.134765625
2 0.75390625 0.0439453125 0.126953125 0.087890625
2 0.2412109375 0.650390625 0.099609375 0.1220703125
2 0.0673828125 0.619140625 0.1279296875 0.158203125
2 0.435546875 0.2109375 0.134765625 0.154296875
2 0.9111328125 0.357421875 0.103515625 0.1015625
2 0.9228515625 0.5556640625 0.1298828125 0.140625
0 0.5322265625 0.3857421875 0.1142578125 0.130859375
0 0.294921875 0.92578125 0.130859375 0.1484375