2 0.49609375 0.6357421875 0.1220703125 0.1328125
2 0.193359375 0.2412109375 0.123046875 0.146484375
2 0.1884765625 0.732421875 0.1533203125 0.169921875
0 0.408203125 0.3779296875 0.1298828125 0.146484375
0 0.693359375 0.685546875 0.1298828125 0.125
0 0.236328125 0.9326171875 0.1435546875 0.134765625
2 0.5478515625 0.865234375 0.130859375 0.1455078125
0 0.8857421875 0.220703125 0.125 0.1455078125
0 0.951171875 0.666015625 0.0966796875 0.1455078125
2 0.8994140625 0.4990234375 0.107421875 0.119140625
0 0.0751953125 0.376953125 0.1171875 0.1376953125
0 0.0439453125 0.181640625 0.087890625 0.1533203125
0 0.70703125 0.2783203125 0.115234375 0.119140625
0 0.775390625 0.03515625 0.1298828125 0.0703125
0 0.5224609375 0.1806640625 0.126953125 0.130859375
0 0.3984375 0.9130859375 0.1201171875 0.123046875
0 0.3349609375 0.154296875 0.1376953125 0.173828125
2 0.736328125 0.455078125 0.126953125 0.1357421875
2 0.228515625 0.455078125 0.126953125 0.1533203125
0 0.3115234375 0.6337890625 0.119140625 0.1376953125