2 0.1396484375 0.8671875 0.1279296875 0.134765625
2 0.2861328125 0.6044921875 0.0966796875 0.1171875
0 0.658203125 0.8876953125 0.109375 0.125
2 0.123046875 0.197265625 0.1064453125 0.146484375
2 0.396484375 0.2080078125 0.115234375 0.1435546875
2 0.1259765625 0.650390625 0.1220703125 0.125
2 0.9462890625 0.388671875 0.0966796875 0.1220703125
2 0.5576171875 0.111328125 0.1015625 0.1357421875
2 0.576171875 0.4208984375 0.083984375 0.0908203125
2 0.427734375 0.8115234375 0.0966796875 0.123046875
2 0.3837890625 0.435546875 0.1044921875 0.130859375
0 0.115234375 0.40234375 0.1064453125 0.130859375
2 0.6953125 0.1669921875 0.109375 0.119140625
0 0.912109375 0.724609375 0.1171875 0.1201171875
2 0.8671875 0.197265625 0.103515625 0.087890625
0 0.736328125 0.7177734375 0.1044921875 0.109375
0 0.7509765625 0.44140625 0.103515625 0.138671875
2 0.8271484375 0.9345703125 0.1123046875 0.126953125
0 0.4599609375 0.62109375 0.099609375 0.1279296875
2 0.287109375 0.9140625 0.1171875 0.109375