0 0.2197265625 0.8583984375 0.1044921875 0.1171875
0 0.873046875 0.580078125 0.119140625 0.119140625
2 0.1435546875 0.658203125 0.103515625 0.1328125
0 0.3857421875 0.400390625 0.109375 0.107421875
0 0.884765625 0.103515625 0.1044921875 0.111328125
0 0.13671875 0.310546875 0.1064453125 0.134765625
0 0.224609375 0.1240234375 0.1123046875 0.1357421875
0 0.705078125 0.0849609375 0.099609375 0.119140625
0 0.5615234375 0.7822265625 0.1142578125 0.119140625
0 0.392578125 0.216796875 0.111328125 0.1455078125
0 0.728515625 0.693359375 0.1123046875 0.130859375
2 0.7255859375 0.4609375 0.103515625 0.1044921875
0 0.69140625 0.263671875 0.1015625 0.1298828125
2 0.0654296875 0.845703125 0.0966796875 0.1376953125
2 0.8642578125 0.771484375 0.111328125 0.1142578125
0 0.5478515625 0.1982421875 0.1015625 0.1064453125
2 0.3642578125 0.8671875 0.1044921875 0.1328125
0 0.880859375 0.27734375 0.1171875 0.1357421875
2 0.375 0.6318359375 0.1328125 0.142578125
2 0.529296875 0.5908203125 0.1201171875 0.140625