2 0.126953125 0.7919921875 0.146484375 0.150390625
0 0.619140625 0.3505859375 0.1298828125 0.1357421875
2 0.470703125 0.1806640625 0.140625 0.15625
0 0.28515625 0.0751953125 0.138671875 0.150390625
2 0.4677734375 0.9208984375 0.138671875 0.1357421875
2 0.7158203125 0.720703125 0.125 0.134765625
2 0.732421875 0.498046875 0.111328125 0.1123046875
0 0.2392578125 0.5322265625 0.126953125 0.123046875
0 0.1865234375 0.314453125 0.126953125 0.1220703125
2 0.494140625 0.49609375 0.1328125 0.171875
0 0.349609375 0.7431640625 0.1142578125 0.1220703125
2 0.5341796875 0.7236328125 0.1142578125 0.1201171875
2 0.794921875 0.201171875 0.138671875 0.138671875
2 0.7080078125 0.90234375 0.107421875 0.119140625
2 0.87109375 0.669921875 0.119140625 0.1376953125
0 0.380859375 0.3310546875 0.125 0.154296875
2 0.6396484375 0.130859375 0.1328125 0.1640625
2 0.955078125 0.216796875 0.0888671875 0.146484375
2 0.1025390625 0.4853515625 0.126953125 0.1435546875
2 0.9072265625 0.4853515625 0.123046875 0.140625