0 0.4111328125 0.9052734375 0.103515625 0.1279296875
0 0.212890625 0.8759765625 0.099609375 0.1064453125
2 0.087890625 0.169921875 0.103515625 0.115234375
2 0.732421875 0.884765625 0.1044921875 0.1064453125
0 0.8427734375 0.35546875 0.095703125 0.1220703125
0 0.1220703125 0.3896484375 0.1220703125 0.1142578125
2 0.900390625 0.8828125 0.091796875 0.1123046875
0 0.517578125 0.603515625 0.1171875 0.1220703125
2 0.3525390625 0.486328125 0.09375 0.109375
0 0.185546875 0.654296875 0.107421875 0.126953125
2 0.91796875 0.169921875 0.099609375 0.125
2 0.2958984375 0.126953125 0.095703125 0.103515625
2 0.505859375 0.2119140625 0.099609375 0.125
0 0.880859375 0.60546875 0.1142578125 0.123046875
2 0.5419921875 0.8916015625 0.091796875 0.1142578125
2 0.7373046875 0.583984375 0.087890625 0.1376953125
0 0.046875 0.908203125 0.09375 0.130859375
2 0.720703125 0.2119140625 0.0908203125 0.0810546875
2 0.587890625 0.412109375 0.103515625 0.109375
0 0.3486328125 0.6533203125 0.107421875 0.0986328125