0 0.5341796875 0.2783203125 0.099609375 0.099609375
2 0.6630859375 0.4638671875 0.103515625 0.111328125
2 0.943359375 0.8134765625 0.103515625 0.146484375
0 0.5634765625 0.865234375 0.1044921875 0.1201171875
0 0.818359375 0.4873046875 0.095703125 0.1279296875
0 0.171875 0.3876953125 0.126953125 0.125
2 0.751953125 0.86328125 0.1123046875 0.109375
2 0.5224609375 0.083984375 0.115234375 0.1015625
2 0.345703125 0.8447265625 0.109375 0.126953125
0 0.3193359375 0.1396484375 0.09375 0.0966796875
0 0.873046875 0.267578125 0.119140625 0.1298828125
2 0.177734375 0.115234375 0.119140625 0.111328125
0 0.7431640625 0.298828125 0.0966796875 0.091796875
0 0.208984375 0.90625 0.1015625 0.125
0 0.494140625 0.6640625 0.095703125 0.126953125
0 0.5166015625 0.4619140625 0.1201171875 0.130859375
2 0.6728515625 0.6923828125 0.109375 0.0986328125
0 0.216796875 0.71484375 0.109375 0.1123046875
2 0.333984375 0.478515625 0.1044921875 0.1328125
2 0.8447265625 0.078125 0.103515625 0.103515625