0 0.318359375 0.515625 0.0908203125 0.1201171875
2 0.705078125 0.84765625 0.0908203125 0.1298828125
2 0.091796875 0.1005859375 0.1015625 0.1064453125
0 0.8740234375 0.873046875 0.095703125 0.1220703125
0 0.236328125 0.734375 0.0966796875 0.0966796875
0 0.1162109375 0.3662109375 0.1298828125 0.111328125
2 0.912109375 0.0693359375 0.103515625 0.130859375
2 0.744140625 0.158203125 0.1123046875 0.1123046875
2 0.1435546875 0.5634765625 0.107421875 0.1279296875
2 0.091796875 0.83984375 0.0966796875 0.126953125
2 0.4189453125 0.2900390625 0.0986328125 0.109375
2 0.849609375 0.662109375 0.0986328125 0.111328125
2 0.4072265625 0.7802734375 0.107421875 0.1015625
2 0.900390625 0.31640625 0.0888671875 0.1044921875
0 0.578125 0.728515625 0.1171875 0.125
0 0.5771484375 0.201171875 0.095703125 0.134765625
0 0.6943359375 0.384765625 0.1171875 0.1220703125
0 0.376953125 0.083984375 0.09375 0.0986328125
0 0.259765625 0.330078125 0.1220703125 0.1220703125
0 0.4814453125 0.48828125 0.1064453125 0.123046875