2 0.833984375 0.0751953125 0.1142578125 0.150390625
0 0.6904296875 0.564453125 0.1142578125 0.1171875
0 0.541015625 0.5537109375 0.109375 0.130859375
2 0.876953125 0.251953125 0.126953125 0.142578125
0 0.568359375 0.353515625 0.115234375 0.119140625
0 0.1337890625 0.623046875 0.1123046875 0.1328125
2 0.951171875 0.71875 0.0966796875 0.134765625
2 0.3828125 0.4140625 0.109375 0.1357421875
2 0.6064453125 0.1220703125 0.125 0.1435546875
0 0.322265625 0.609375 0.115234375 0.119140625
2 0.771484375 0.810546875 0.1435546875 0.166015625
0 0.4501953125 0.77734375 0.130859375 0.138671875
2 0.173828125 0.857421875 0.1357421875 0.138671875
2 0.607421875 0.7705078125 0.111328125 0.119140625
2 0.7080078125 0.380859375 0.109375 0.126953125
2 0.1240234375 0.162109375 0.1328125 0.142578125
2 0.4072265625 0.115234375 0.115234375 0.126953125
0 0.8466796875 0.529296875 0.119140625 0.1455078125
0 0.271484375 0.1728515625 0.115234375 0.1279296875
0 0.1787109375 0.439453125 0.123046875 0.146484375