2 0.8798828125 0.091796875 0.0966796875 0.123046875
2 0.4658203125 0.349609375 0.1044921875 0.1220703125
2 0.626953125 0.3134765625 0.1015625 0.1171875
2 0.3583984375 0.8251953125 0.099609375 0.103515625
0 0.560546875 0.0986328125 0.099609375 0.123046875
0 0.3056640625 0.3173828125 0.095703125 0.103515625
2 0.8974609375 0.6240234375 0.091796875 0.126953125
0 0.16796875 0.2890625 0.099609375 0.1015625
2 0.345703125 0.1044921875 0.0888671875 0.123046875
2 0.68359375 0.5751953125 0.0908203125 0.1123046875
0 0.5400390625 0.552734375 0.09375 0.111328125
2 0.6748046875 0.775390625 0.1015625 0.134765625
2 0.1240234375 0.7490234375 0.123046875 0.142578125
0 0.2998046875 0.5283203125 0.09375 0.123046875
0 0.869140625 0.814453125 0.1015625 0.1171875
0 0.1171875 0.548828125 0.1044921875 0.1435546875
2 0.7412109375 0.1083984375 0.091796875 0.109375
0 0.876953125 0.43359375 0.1064453125 0.1044921875
2 0.1083984375 0.064453125 0.0986328125 0.109375