0 0.69140625 0.3779296875 0.107421875 0.1142578125
0 0.419921875 0.0966796875 0.111328125 0.126953125
0 0.9306640625 0.0751953125 0.099609375 0.1298828125
2 0.095703125 0.9296875 0.087890625 0.0986328125
2 0.103515625 0.681640625 0.083984375 0.125
2 0.7841796875 0.1298828125 0.1044921875 0.111328125
0 0.845703125 0.3408203125 0.0986328125 0.1220703125
0 0.7265625 0.5751953125 0.0888671875 0.115234375
0 0.216796875 0.4931640625 0.091796875 0.1044921875
2 0.5576171875 0.6826171875 0.1015625 0.1044921875
0 0.931640625 0.564453125 0.107421875 0.140625
2 0.6044921875 0.087890625 0.0966796875 0.091796875
2 0.412109375 0.5068359375 0.087890625 0.1015625
2 0.314453125 0.798828125 0.111328125 0.1357421875
0 0.2109375 0.0859375 0.1044921875 0.126953125
2 0.189453125 0.3369140625 0.095703125 0.1044921875
2 0.806640625 0.853515625 0.111328125 0.1328125
0 0.6416015625 0.8408203125 0.1064453125 0.1591796875
2 0.345703125 0.298828125 0.091796875 0.1376953125
2 0.5068359375 0.310546875 0.119140625 0.119140625