0 0.5 0.0771484375 0.111328125 0.0966796875
0 0.33984375 0.068359375 0.1064453125 0.1064453125
0 0.634765625 0.4140625 0.0908203125 0.115234375
0 0.095703125 0.8642578125 0.119140625 0.1220703125
0 0.509765625 0.658203125 0.095703125 0.1064453125
2 0.8759765625 0.7666015625 0.09375 0.1435546875
0 0.55859375 0.814453125 0.09375 0.0986328125
2 0.310546875 0.2900390625 0.103515625 0.130859375
0 0.314453125 0.5068359375 0.099609375 0.103515625
2 0.142578125 0.4072265625 0.087890625 0.1123046875
2 0.916015625 0.1474609375 0.1201171875 0.1533203125
2 0.4736328125 0.30859375 0.0908203125 0.099609375
2 0.0732421875 0.212890625 0.0966796875 0.115234375
2 0.6689453125 0.208984375 0.0986328125 0.115234375
0 0.384765625 0.876953125 0.099609375 0.1220703125
0 0.111328125 0.6376953125 0.1044921875 0.1064453125
2 0.9287109375 0.443359375 0.099609375 0.1298828125
2 0.302734375 0.6435546875 0.1064453125 0.087890625
0 0.732421875 0.8134765625 0.115234375 0.1435546875
2 0.763671875 0.5712890625 0.1220703125 0.1376953125