0 0.1923828125 0.142578125 0.1015625 0.1279296875
0 0.1083984375 0.599609375 0.1123046875 0.1201171875
0 0.638671875 0.0888671875 0.1015625 0.1171875
0 0.2451171875 0.359375 0.0986328125 0.1064453125
2 0.119140625 0.765625 0.103515625 0.1328125
2 0.546875 0.3671875 0.09375 0.107421875
0 0.7294921875 0.3173828125 0.123046875 0.1220703125
0 0.400390625 0.3720703125 0.1064453125 0.130859375
0 0.8681640625 0.0947265625 0.1044921875 0.140625
2 0.404296875 0.6005859375 0.1064453125 0.1142578125
2 0.080078125 0.37109375 0.119140625 0.1591796875
2 0.462890625 0.1474609375 0.103515625 0.109375
2 0.9169921875 0.5888671875 0.1171875 0.142578125
2 0.0576171875 0.1396484375 0.09375 0.126953125
0 0.7109375 0.501953125 0.111328125 0.1435546875
0 0.322265625 0.794921875 0.1171875 0.1484375
0 0.587890625 0.72265625 0.123046875 0.130859375
2 0.875 0.2861328125 0.1015625 0.1201171875
2 0.2587890625 0.552734375 0.107421875 0.134765625
2 0.912109375 0.837890625 0.109375 0.111328125