0 0.388671875 0.3349609375 0.109375 0.1123046875
0 0.404296875 0.1015625 0.130859375 0.140625
2 0.390625 0.712890625 0.1201171875 0.1484375
2 0.626953125 0.841796875 0.123046875 0.1357421875
2 0.498046875 0.51953125 0.119140625 0.126953125
0 0.658203125 0.5048828125 0.115234375 0.138671875
0 0.470703125 0.9345703125 0.1171875 0.1298828125
0 0.8798828125 0.419921875 0.1298828125 0.142578125
0 0.755859375 0.697265625 0.150390625 0.158203125
2 0.2177734375 0.1640625 0.126953125 0.1357421875
2 0.9091796875 0.70703125 0.107421875 0.115234375
0 0.220703125 0.4013671875 0.1298828125 0.1357421875
0 0.3388671875 0.55859375 0.119140625 0.1328125
0 0.2373046875 0.8955078125 0.123046875 0.1220703125
0 0.087890625 0.548828125 0.1357421875 0.140625
2 0.0537109375 0.37109375 0.1044921875 0.1044921875
0 0.634765625 0.283203125 0.1279296875 0.1279296875
2 0.1953125 0.6826171875 0.1123046875 0.123046875
2 0.7890625 0.158203125 0.134765625 0.1484375
0 0.591796875 0.126953125 0.134765625 0.1435546875