0 0.681640625 0.484375 0.0908203125 0.1201171875
2 0.294921875 0.15234375 0.0908203125 0.1298828125
2 0.908203125 0.8994140625 0.1015625 0.1064453125
0 0.1259765625 0.126953125 0.095703125 0.1220703125
0 0.763671875 0.265625 0.0966796875 0.0966796875
0 0.8837890625 0.6337890625 0.1298828125 0.111328125
2 0.087890625 0.9306640625 0.103515625 0.130859375
2 0.255859375 0.841796875 0.1123046875 0.1123046875
2 0.8564453125 0.4365234375 0.107421875 0.1279296875
2 0.908203125 0.16015625 0.0966796875 0.126953125
2 0.5810546875 0.7099609375 0.0986328125 0.109375
2 0.150390625 0.337890625 0.0986328125 0.111328125
2 0.5927734375 0.2197265625 0.107421875 0.1015625
2 0.099609375 0.68359375 0.0888671875 0.1044921875
0 0.421875 0.271484375 0.1171875 0.125
0 0.4228515625 0.798828125 0.095703125 0.134765625
0 0.3056640625 0.615234375 0.1171875 0.1220703125
0 0.623046875 0.916015625 0.09375 0.0986328125
0 0.740234375 0.669921875 0.1220703125 0.1220703125
0 0.5185546875 0.51171875 0.1064453125 0.123046875