0 0.111328125 0.4248046875 0.119140625 0.1435546875
0 0.880859375 0.8486328125 0.1220703125 0.146484375
0 0.5908203125 0.6298828125 0.1220703125 0.119140625
0 0.2705078125 0.5595703125 0.1142578125 0.1357421875
2 0.7978515625 0.52734375 0.119140625 0.1435546875
2 0.205078125 0.248046875 0.1328125 0.146484375
2 0.5966796875 0.4365234375 0.1298828125 0.146484375
2 0.71875 0.841796875 0.1044921875 0.125
2 0.3623046875 0.091796875 0.1123046875 0.1484375
0 0.43359375 0.310546875 0.123046875 0.1357421875
2 0.4599609375 0.88671875 0.119140625 0.119140625
2 0.9228515625 0.640625 0.109375 0.1015625
0 0.9462890625 0.2158203125 0.107421875 0.146484375
2 0.4111328125 0.5908203125 0.099609375 0.1142578125
0 0.060546875 0.810546875 0.1201171875 0.1513671875
0 0.076171875 0.62890625 0.1484375 0.158203125
2 0.619140625 0.1845703125 0.1201171875 0.126953125
2 0.810546875 0.306640625 0.119140625 0.150390625
2 0.2119140625 0.0537109375 0.107421875 0.107421875
2 0.310546875 0.83984375 0.1142578125 0.1220703125