2 0.919921875 0.3134765625 0.1201171875 0.1455078125
0 0.9111328125 0.0859375 0.119140625 0.119140625
0 0.310546875 0.802734375 0.0986328125 0.115234375
2 0.6259765625 0.6337890625 0.099609375 0.1201171875
0 0.78515625 0.5 0.107421875 0.130859375
0 0.1142578125 0.6484375 0.1064453125 0.142578125
2 0.236328125 0.2548828125 0.1044921875 0.134765625
2 0.474609375 0.880859375 0.095703125 0.1142578125
2 0.2470703125 0.5166015625 0.1220703125 0.111328125
2 0.451171875 0.119140625 0.103515625 0.140625
0 0.146484375 0.8603515625 0.099609375 0.1171875
2 0.91015625 0.552734375 0.1171875 0.15625
2 0.5263671875 0.4443359375 0.1171875 0.119140625
0 0.7431640625 0.12890625 0.109375 0.1298828125
0 0.44921875 0.66015625 0.109375 0.1279296875
2 0.7939453125 0.32421875 0.1015625 0.1123046875
0 0.900390625 0.8828125 0.107421875 0.119140625
0 0.0947265625 0.130859375 0.1220703125 0.1298828125
0 0.6484375 0.84375 0.107421875 0.173828125
2 0.107421875 0.3583984375 0.1171875 0.146484375