2 0.8955078125 0.587890625 0.123046875 0.177734375
2 0.69140625 0.7109375 0.126953125 0.1376953125
2 0.5615234375 0.65234375 0.1298828125 0.134765625
2 0.4736328125 0.4033203125 0.140625 0.1328125
2 0.201171875 0.0693359375 0.119140625 0.126953125
2 0.1279296875 0.341796875 0.140625 0.162109375
2 0.80859375 0.2275390625 0.123046875 0.126953125
0 0.63671875 0.1708984375 0.123046875 0.1357421875
0 0.9326171875 0.306640625 0.134765625 0.15625
0 0.833984375 0.7939453125 0.109375 0.1220703125
0 0.6142578125 0.9501953125 0.130859375 0.099609375
0 0.388671875 0.9052734375 0.1279296875 0.134765625
0 0.259765625 0.8076171875 0.119140625 0.1484375
0 0.3515625 0.1044921875 0.123046875 0.1435546875
0 0.3232421875 0.3359375 0.1279296875 0.1328125
0 0.134765625 0.5244140625 0.1328125 0.154296875
0 0.66796875 0.4970703125 0.138671875 0.138671875
0 0.08203125 0.8310546875 0.1171875 0.1328125
0 0.3115234375 0.5712890625 0.1279296875 0.158203125