0 0.3173828125 0.7177734375 0.109375 0.1279296875
2 0.146484375 0.810546875 0.126953125 0.1640625
0 0.611328125 0.673828125 0.123046875 0.138671875
2 0.091796875 0.2109375 0.1015625 0.126953125
2 0.8330078125 0.056640625 0.115234375 0.11328125
2 0.3388671875 0.1455078125 0.109375 0.125
2 0.822265625 0.2646484375 0.1357421875 0.1357421875
0 0.943359375 0.87109375 0.1123046875 0.1201171875
0 0.638671875 0.474609375 0.134765625 0.1435546875
0 0.87890625 0.4736328125 0.109375 0.125
0 0.279296875 0.5234375 0.1123046875 0.107421875
0 0.4423828125 0.6787109375 0.1298828125 0.138671875
2 0.248046875 0.341796875 0.1123046875 0.1591796875
2 0.892578125 0.669921875 0.111328125 0.134765625
2 0.615234375 0.892578125 0.0966796875 0.115234375
2 0.609375 0.111328125 0.099609375 0.111328125
2 0.7646484375 0.830078125 0.095703125 0.115234375
2 0.099609375 0.4814453125 0.091796875 0.099609375
0 0.447265625 0.900390625 0.1201171875 0.125
0 0.404296875 0.3623046875 0.1201171875 0.1435546875