0 0.84375 0.1630859375 0.1064453125 0.115234375
0 0.677734375 0.109375 0.107421875 0.1142578125
0 0.8876953125 0.908203125 0.103515625 0.099609375
0 0.927734375 0.708984375 0.126953125 0.1123046875
2 0.205078125 0.638671875 0.0986328125 0.126953125
2 0.6943359375 0.537109375 0.1123046875 0.1201171875
0 0.5439453125 0.09375 0.1171875 0.115234375
0 0.896484375 0.48046875 0.115234375 0.1201171875
0 0.3984375 0.603515625 0.1142578125 0.1044921875
2 0.5439453125 0.6611328125 0.109375 0.1201171875
2 0.357421875 0.40234375 0.0888671875 0.119140625
2 0.0869140625 0.904296875 0.1123046875 0.125
0 0.056640625 0.166015625 0.1064453125 0.123046875
2 0.65625 0.310546875 0.087890625 0.115234375
0 0.291015625 0.169921875 0.1044921875 0.123046875
2 0.1787109375 0.41796875 0.0888671875 0.1201171875
2 0.7119140625 0.8193359375 0.095703125 0.1015625
0 0.5546875 0.8798828125 0.095703125 0.125
0 0.333984375 0.87109375 0.0986328125 0.109375
0 0.0869140625 0.6337890625 0.109375 0.1328125