2 0.560546875 0.0947265625 0.138671875 0.1328125
0 0.765625 0.63671875 0.140625 0.1484375
0 0.2158203125 0.0771484375 0.140625 0.1435546875
0 0.9658203125 0.2373046875 0.068359375 0.1279296875
2 0.451171875 0.4794921875 0.130859375 0.1513671875
0 0.6689453125 0.4765625 0.130859375 0.126953125
2 0.736328125 0.13671875 0.1357421875 0.1376953125
0 0.1796875 0.505859375 0.1328125 0.142578125
0 0.642578125 0.314453125 0.115234375 0.119140625
0 0.212890625 0.7333984375 0.1357421875 0.1298828125
2 0.7587890625 0.93359375 0.142578125 0.1328125
2 0.3466796875 0.837890625 0.1328125 0.1513671875
0 0.359375 0.103515625 0.138671875 0.158203125
2 0.470703125 0.33203125 0.1357421875 0.1357421875
2 0.623046875 0.8544921875 0.140625 0.15625
2 0.9140625 0.6787109375 0.126953125 0.1435546875
2 0.4990234375 0.6875 0.1357421875 0.1455078125
2 0.8935546875 0.4189453125 0.1044921875 0.107421875
2 0.0654296875 0.671875 0.1123046875 0.123046875
2 0.201171875 0.328125 0.1142578125 0.126953125