2 0.7431640625 0.896484375 0.111328125 0.1435546875
2 0.400390625 0.142578125 0.109375 0.1328125
0 0.513671875 0.568359375 0.1044921875 0.1123046875
2 0.6611328125 0.5078125 0.1044921875 0.1279296875
2 0.09375 0.146484375 0.119140625 0.162109375
0 0.4150390625 0.369140625 0.103515625 0.1357421875
2 0.1962890625 0.43359375 0.083984375 0.1171875
0 0.736328125 0.740234375 0.103515625 0.1044921875
2 0.255859375 0.900390625 0.107421875 0.1015625
2 0.5654296875 0.8056640625 0.0908203125 0.1015625
2 0.5869140625 0.3173828125 0.0966796875 0.1015625
2 0.32421875 0.7138671875 0.0888671875 0.1015625
2 0.646484375 0.1298828125 0.1171875 0.1123046875
2 0.783203125 0.201171875 0.0732421875 0.103515625
0 0.8935546875 0.638671875 0.1142578125 0.123046875
0 0.09375 0.9287109375 0.107421875 0.1201171875
0 0.822265625 0.361328125 0.0888671875 0.123046875
2 0.89453125 0.8974609375 0.09375 0.1201171875
0 0.138671875 0.6708984375 0.111328125 0.1328125
0 0.9208984375 0.16015625 0.0986328125 0.115234375