0 0.6201171875 0.3125 0.1201171875 0.134765625
0 0.69921875 0.5478515625 0.1142578125 0.1142578125
2 0.1318359375 0.32421875 0.115234375 0.125
0 0.900390625 0.580078125 0.1201171875 0.1484375
2 0.6845703125 0.896484375 0.125 0.1357421875
2 0.8291015625 0.3681640625 0.1220703125 0.142578125
2 0.845703125 0.8369140625 0.1123046875 0.123046875
0 0.8037109375 0.142578125 0.1357421875 0.140625
2 0.232421875 0.1376953125 0.130859375 0.130859375
0 0.384765625 0.845703125 0.1171875 0.130859375
0 0.5654296875 0.4765625 0.119140625 0.1435546875
0 0.5625 0.732421875 0.115234375 0.142578125
0 0.1396484375 0.576171875 0.1279296875 0.1455078125
2 0.650390625 0.119140625 0.1220703125 0.140625
0 0.326171875 0.5859375 0.1142578125 0.1357421875
0 0.267578125 0.3701171875 0.125 0.130859375
2 0.068359375 0.8173828125 0.0888671875 0.099609375
0 0.94140625 0.181640625 0.1171875 0.126953125
2 0.248046875 0.828125 0.126953125 0.150390625
0 0.501953125 0.201171875 0.1123046875 0.125