0 0.1015625 0.4794921875 0.1201171875 0.1171875
2 0.736328125 0.3427734375 0.103515625 0.1484375
0 0.5498046875 0.123046875 0.1201171875 0.1279296875
0 0.4482421875 0.716796875 0.1220703125 0.123046875
0 0.630859375 0.5322265625 0.109375 0.1123046875
2 0.1796875 0.673828125 0.103515625 0.107421875
2 0.5810546875 0.330078125 0.0966796875 0.115234375
0 0.21875 0.892578125 0.1123046875 0.107421875
0 0.869140625 0.3076171875 0.0986328125 0.1123046875
0 0.1767578125 0.13671875 0.123046875 0.126953125
0 0.439453125 0.52734375 0.1123046875 0.109375
2 0.94921875 0.6396484375 0.1015625 0.107421875
0 0.814453125 0.1474609375 0.099609375 0.126953125
2 0.228515625 0.380859375 0.107421875 0.1201171875
0 0.4677734375 0.935546875 0.1015625 0.115234375
2 0.3935546875 0.1435546875 0.103515625 0.1220703125
2 0.8076171875 0.8857421875 0.1201171875 0.1201171875
2 0.623046875 0.755859375 0.1064453125 0.119140625
2 0.4111328125 0.3427734375 0.123046875 0.1376953125
0 0.806640625 0.681640625 0.1064453125 0.1298828125