0 0.9208984375 0.609375 0.087890625 0.0888671875
0 0.447265625 0.888671875 0.1142578125 0.126953125
0 0.7861328125 0.8916015625 0.1015625 0.1123046875
0 0.8017578125 0.1435546875 0.095703125 0.123046875
0 0.251953125 0.5244140625 0.1015625 0.1435546875
0 0.634765625 0.08984375 0.1142578125 0.115234375
0 0.6064453125 0.7587890625 0.107421875 0.1015625
0 0.2744140625 0.705078125 0.0908203125 0.0908203125
0 0.091796875 0.806640625 0.095703125 0.134765625
2 0.447265625 0.70703125 0.107421875 0.103515625
2 0.203125 0.373046875 0.091796875 0.0986328125
0 0.4384765625 0.486328125 0.115234375 0.1376953125
2 0.9453125 0.84375 0.087890625 0.130859375
0 0.9521484375 0.3251953125 0.095703125 0.130859375
2 0.115234375 0.080078125 0.1220703125 0.126953125
2 0.541015625 0.3056640625 0.0966796875 0.109375
2 0.076171875 0.6162109375 0.099609375 0.0859375
2 0.3974609375 0.1416015625 0.1201171875 0.1171875
0 0.775390625 0.365234375 0.0986328125 0.1123046875
2 0.697265625 0.591796875 0.123046875 0.130859375