0 0.107421875 0.388671875 0.1064453125 0.1123046875
2 0.6875 0.9462890625 0.11328125 0.107421875
0 0.734375 0.3076171875 0.1279296875 0.146484375
2 0.5341796875 0.2353515625 0.125 0.140625
2 0.2275390625 0.6513671875 0.111328125 0.125
0 0.873046875 0.4482421875 0.1171875 0.119140625
2 0.2490234375 0.486328125 0.095703125 0.1220703125
0 0.82421875 0.6220703125 0.109375 0.107421875
2 0.064453125 0.638671875 0.119140625 0.1123046875
0 0.8544921875 0.916015625 0.1171875 0.150390625
0 0.462890625 0.474609375 0.1171875 0.130859375
2 0.23828125 0.8603515625 0.115234375 0.125
2 0.361328125 0.2890625 0.1142578125 0.1376953125
2 0.0458984375 0.857421875 0.091796875 0.1220703125
2 0.388671875 0.099609375 0.1220703125 0.130859375
2 0.521484375 0.8173828125 0.1171875 0.115234375
2 0.94140625 0.2607421875 0.1171875 0.166015625
0 0.376953125 0.68359375 0.1142578125 0.134765625
0 0.189453125 0.134765625 0.1201171875 0.158203125
0 0.625 0.5244140625 0.111328125 0.140625