0 0.4453125 0.1884765625 0.0966796875 0.107421875
0 0.2509765625 0.7109375 0.09375 0.1064453125
2 0.3681640625 0.8974609375 0.0986328125 0.095703125
0 0.9345703125 0.6328125 0.087890625 0.1064453125
0 0.2333984375 0.318359375 0.099609375 0.1220703125
2 0.2880859375 0.1123046875 0.1064453125 0.1123046875
0 0.689453125 0.39453125 0.103515625 0.1171875
2 0.669921875 0.130859375 0.1064453125 0.1376953125
2 0.533203125 0.8720703125 0.1064453125 0.111328125
2 0.681640625 0.5703125 0.103515625 0.099609375
2 0.9150390625 0.873046875 0.0888671875 0.1123046875
2 0.8623046875 0.40625 0.1064453125 0.123046875
2 0.103515625 0.91015625 0.119140625 0.125
2 0.255859375 0.5009765625 0.0908203125 0.1201171875
2 0.505859375 0.365234375 0.09375 0.0908203125
2 0.775390625 0.7568359375 0.111328125 0.125
2 0.115234375 0.517578125 0.09375 0.115234375
0 0.1015625 0.091796875 0.1220703125 0.1123046875
2 0.919921875 0.1650390625 0.109375 0.138671875
0 0.513671875 0.6611328125 0.1015625 0.1376953125