0 0.423828125 0.283203125 0.1533203125 0.1455078125
2 0.0478515625 0.703125 0.095703125 0.1123046875
2 0.3427734375 0.064453125 0.123046875 0.12890625
2 0.6416015625 0.6650390625 0.1328125 0.1591796875
0 0.431640625 0.685546875 0.125 0.1279296875
2 0.185546875 0.0517578125 0.123046875 0.103515625
0 0.7646484375 0.498046875 0.1123046875 0.1171875
0 0.8681640625 0.326171875 0.1376953125 0.1455078125
0 0.14453125 0.32421875 0.138671875 0.1611328125
2 0.912109375 0.6220703125 0.1591796875 0.1484375
2 0.541015625 0.0888671875 0.1171875 0.125
2 0.783203125 0.80859375 0.130859375 0.1455078125
2 0.599609375 0.392578125 0.146484375 0.1640625
2 0.11328125 0.509765625 0.115234375 0.1455078125
0 0.5107421875 0.93359375 0.125 0.1328125
2 0.255859375 0.5029296875 0.134765625 0.1376953125
2 0.16015625 0.8544921875 0.123046875 0.1279296875
2 0.7529296875 0.9560546875 0.103515625 0.087890625
0 0.701171875 0.19921875 0.1376953125 0.1591796875
2 0.265625 0.685546875 0.1357421875 0.158203125