2 0.1943359375 0.0712890625 0.1298828125 0.142578125
0 0.810546875 0.9677734375 0.123046875 0.064453125
0 0.3388671875 0.068359375 0.1220703125 0.1298828125
2 0.869140625 0.400390625 0.126953125 0.123046875
2 0.8369140625 0.6025390625 0.146484375 0.1533203125
2 0.59375 0.412109375 0.1201171875 0.1298828125
2 0.5966796875 0.939453125 0.1123046875 0.1201171875
2 0.439453125 0.9228515625 0.1064453125 0.1171875
2 0.5224609375 0.7353515625 0.126953125 0.138671875
0 0.294921875 0.28515625 0.123046875 0.125
2 0.943359375 0.193359375 0.1123046875 0.1357421875
2 0.142578125 0.837890625 0.1220703125 0.138671875
2 0.359375 0.73046875 0.138671875 0.1591796875
0 0.41796875 0.416015625 0.1220703125 0.126953125
2 0.638671875 0.2314453125 0.109375 0.115234375
2 0.501953125 0.11328125 0.099609375 0.109375
0 0.724609375 0.798828125 0.1279296875 0.140625
0 0.2109375 0.5810546875 0.1328125 0.1513671875
0 0.1337890625 0.3369140625 0.1357421875 0.1484375
0 0.0615234375 0.6083984375 0.115234375 0.1279296875