0 0.541015625 0.142578125 0.1298828125 0.1484375
0 0.7119140625 0.0849609375 0.125 0.1669921875
0 0.884765625 0.09375 0.1123046875 0.1376953125
0 0.298828125 0.470703125 0.1279296875 0.1455078125
0 0.1533203125 0.541015625 0.1328125 0.1669921875
0 0.3515625 0.9033203125 0.123046875 0.154296875
0 0.5546875 0.6748046875 0.126953125 0.1357421875
0 0.7080078125 0.826171875 0.1201171875 0.158203125
0 0.7734375 0.556640625 0.125 0.125
0 0.9111328125 0.5478515625 0.125 0.1533203125
2 0.15625 0.1630859375 0.115234375 0.1298828125
2 0.38671875 0.158203125 0.125 0.125
2 0.818359375 0.2919921875 0.1015625 0.1279296875
2 0.3212890625 0.7255859375 0.109375 0.1142578125
2 0.154296875 0.7890625 0.119140625 0.140625
2 0.19140625 0.951171875 0.111328125 0.0966796875
2 0.904296875 0.7275390625 0.1123046875 0.1484375
0 0.5 0.392578125 0.1201171875 0.1455078125
0 0.5419921875 0.892578125 0.126953125 0.1435546875
0 0.65234375 0.337890625 0.1171875 0.1689453125