2 0.30859375 0.8115234375 0.126953125 0.125
2 0.857421875 0.35546875 0.1279296875 0.1484375
0 0.2314453125 0.6103515625 0.1220703125 0.1455078125
0 0.6142578125 0.3642578125 0.1015625 0.119140625
2 0.1943359375 0.3759765625 0.0966796875 0.111328125
2 0.890625 0.8701171875 0.09375 0.115234375
0 0.333984375 0.171875 0.111328125 0.111328125
0 0.0869140625 0.5546875 0.099609375 0.1435546875
0 0.314453125 0.404296875 0.095703125 0.119140625
2 0.185546875 0.146484375 0.146484375 0.1455078125
0 0.7119140625 0.5751953125 0.1123046875 0.123046875
0 0.876953125 0.638671875 0.1171875 0.130859375
2 0.4111328125 0.6103515625 0.111328125 0.111328125
0 0.4912109375 0.119140625 0.1279296875 0.1455078125
0 0.138671875 0.7841796875 0.1015625 0.103515625
2 0.6005859375 0.8095703125 0.09375 0.123046875
0 0.447265625 0.7900390625 0.1220703125 0.1328125
0 0.77734375 0.1650390625 0.107421875 0.1357421875
0 0.486328125 0.392578125 0.115234375 0.1298828125
0 0.5703125 0.583984375 0.115234375 0.109375