2 0.314453125 0.609375 0.125 0.1171875
0 0.765625 0.1337890625 0.0908203125 0.126953125
0 0.623046875 0.1181640625 0.0966796875 0.0966796875
2 0.64453125 0.86328125 0.1279296875 0.146484375
0 0.744140625 0.333984375 0.0986328125 0.103515625
0 0.345703125 0.107421875 0.123046875 0.1376953125
2 0.107421875 0.2119140625 0.115234375 0.125
2 0.1064453125 0.8486328125 0.1123046875 0.1142578125
2 0.6875 0.587890625 0.0986328125 0.1142578125
0 0.2587890625 0.36328125 0.1044921875 0.1357421875
2 0.904296875 0.173828125 0.1064453125 0.091796875
2 0.908203125 0.474609375 0.1044921875 0.1142578125
2 0.154296875 0.5849609375 0.111328125 0.0966796875
0 0.46875 0.541015625 0.099609375 0.1279296875
0 0.44140625 0.919921875 0.1015625 0.1044921875
0 0.2666015625 0.8984375 0.099609375 0.1123046875
2 0.6015625 0.3125 0.0908203125 0.119140625
2 0.884765625 0.6533203125 0.099609375 0.109375
0 0.43359375 0.3193359375 0.1142578125 0.111328125
2 0.83984375 0.88671875 0.0986328125 0.115234375