2 0.5927734375 0.4228515625 0.134765625 0.1298828125
2 0.419921875 0.34765625 0.1201171875 0.1357421875
0 0.181640625 0.7353515625 0.1171875 0.123046875
2 0.869140625 0.2099609375 0.1328125 0.1484375
2 0.0576171875 0.712890625 0.115234375 0.1533203125
2 0.76171875 0.490234375 0.125 0.1484375
2 0.6748046875 0.880859375 0.1142578125 0.138671875
0 0.28125 0.513671875 0.125 0.1201171875
2 0.486328125 0.8779296875 0.119140625 0.111328125
0 0.35546875 0.740234375 0.130859375 0.146484375
0 0.220703125 0.103515625 0.1376953125 0.142578125
0 0.6884765625 0.146484375 0.1220703125 0.1533203125
2 0.669921875 0.6943359375 0.1328125 0.158203125
2 0.3779296875 0.1123046875 0.1142578125 0.111328125
2 0.5322265625 0.685546875 0.111328125 0.125
2 0.0732421875 0.51953125 0.095703125 0.1064453125
2 0.1552734375 0.349609375 0.1376953125 0.140625
0 0.9296875 0.607421875 0.134765625 0.158203125
0 0.86328125 0.8115234375 0.130859375 0.154296875