0 0.31640625 0.869140625 0.109375 0.119140625
0 0.701171875 0.900390625 0.1123046875 0.1123046875
2 0.9072265625 0.705078125 0.1015625 0.111328125
0 0.310546875 0.330078125 0.107421875 0.1123046875
2 0.365234375 0.09765625 0.125 0.1279296875
2 0.6630859375 0.3125 0.1015625 0.1220703125
0 0.505859375 0.37890625 0.111328125 0.1298828125
0 0.552734375 0.6904296875 0.107421875 0.103515625
0 0.09765625 0.8388671875 0.1220703125 0.1376953125
0 0.107421875 0.537109375 0.1142578125 0.1435546875
0 0.451171875 0.9130859375 0.099609375 0.125
2 0.533203125 0.1201171875 0.1171875 0.1455078125
2 0.6552734375 0.529296875 0.1064453125 0.0966796875
0 0.4052734375 0.611328125 0.1171875 0.1142578125
0 0.826171875 0.376953125 0.111328125 0.1171875
2 0.142578125 0.08984375 0.0888671875 0.109375
2 0.9462890625 0.189453125 0.1015625 0.1201171875
2 0.1064453125 0.310546875 0.099609375 0.123046875
0 0.744140625 0.6845703125 0.115234375 0.142578125