2 0.09765625 0.626953125 0.119140625 0.1376953125
0 0.068359375 0.84765625 0.1201171875 0.125
2 0.357421875 0.4091796875 0.109375 0.154296875
0 0.609375 0.443359375 0.103515625 0.1298828125
2 0.701171875 0.189453125 0.107421875 0.099609375
2 0.861328125 0.138671875 0.107421875 0.1123046875
0 0.15625 0.3818359375 0.115234375 0.1123046875
0 0.7861328125 0.3740234375 0.109375 0.1123046875
0 0.4150390625 0.154296875 0.1064453125 0.1201171875
2 0.9091796875 0.3759765625 0.0966796875 0.119140625
0 0.537109375 0.6005859375 0.1044921875 0.1171875
2 0.9375 0.630859375 0.1171875 0.1435546875
2 0.681640625 0.794921875 0.091796875 0.111328125
2 0.896484375 0.8564453125 0.111328125 0.126953125
2 0.216796875 0.841796875 0.095703125 0.111328125
2 0.7470703125 0.6044921875 0.119140625 0.150390625
0 0.5791015625 0.17578125 0.109375 0.123046875
2 0.45703125 0.7998046875 0.119140625 0.1328125
2 0.251953125 0.583984375 0.123046875 0.140625
0 0.236328125 0.1806640625 0.1015625 0.1201171875