2 0.8076171875 0.9462890625 0.123046875 0.107421875
2 0.685546875 0.69140625 0.1044921875 0.111328125
0 0.890625 0.525390625 0.138671875 0.1435546875
2 0.7705078125 0.435546875 0.126953125 0.1484375
0 0.166015625 0.240234375 0.1220703125 0.1279296875
2 0.7431640625 0.220703125 0.1142578125 0.126953125
0 0.287109375 0.7890625 0.1201171875 0.138671875
2 0.3681640625 0.310546875 0.1328125 0.140625
2 0.2470703125 0.072265625 0.119140625 0.14453125
2 0.1484375 0.5771484375 0.1455078125 0.140625
2 0.9560546875 0.275390625 0.087890625 0.138671875
2 0.396484375 0.0888671875 0.119140625 0.1142578125
2 0.494140625 0.8203125 0.103515625 0.115234375
2 0.5146484375 0.494140625 0.134765625 0.138671875
2 0.9169921875 0.701171875 0.103515625 0.1064453125
0 0.083984375 0.763671875 0.126953125 0.1484375
2 0.626953125 0.873046875 0.107421875 0.1201171875
2 0.5712890625 0.32421875 0.1435546875 0.1640625
2 0.607421875 0.1240234375 0.1328125 0.171875
2 0.326171875 0.583984375 0.115234375 0.1357421875