0 0.677734375 0.583984375 0.0888671875 0.1123046875
0 0.6904296875 0.82421875 0.107421875 0.1201171875
0 0.2275390625 0.681640625 0.1171875 0.1279296875
2 0.8212890625 0.630859375 0.099609375 0.125
2 0.794921875 0.2578125 0.0859375 0.119140625
2 0.9248046875 0.205078125 0.1123046875 0.146484375
2 0.904296875 0.443359375 0.103515625 0.0986328125
2 0.388671875 0.689453125 0.1044921875 0.1142578125
2 0.4375 0.3896484375 0.1015625 0.111328125
0 0.15625 0.900390625 0.111328125 0.146484375
2 0.861328125 0.8837890625 0.1044921875 0.109375
2 0.5439453125 0.900390625 0.1142578125 0.126953125
0 0.3564453125 0.8759765625 0.0966796875 0.1171875
2 0.580078125 0.345703125 0.095703125 0.115234375
2 0.544921875 0.6220703125 0.095703125 0.1064453125
2 0.583984375 0.1240234375 0.095703125 0.1533203125
2 0.427734375 0.166015625 0.078125 0.1015625
2 0.0927734375 0.4677734375 0.125 0.1455078125
2 0.2802734375 0.478515625 0.099609375 0.109375
0 0.134765625 0.2109375 0.1044921875 0.1220703125