0 0.5791015625 0.765625 0.0888671875 0.119140625
0 0.10546875 0.1513671875 0.1123046875 0.1328125
0 0.1416015625 0.5625 0.115234375 0.123046875
0 0.2919921875 0.09375 0.1044921875 0.1279296875
0 0.732421875 0.666015625 0.095703125 0.119140625
2 0.939453125 0.298828125 0.111328125 0.1435546875
0 0.88671875 0.115234375 0.1123046875 0.125
2 0.6865234375 0.2099609375 0.1376953125 0.1298828125
0 0.923828125 0.568359375 0.109375 0.119140625
2 0.40234375 0.84375 0.0908203125 0.1357421875
2 0.763671875 0.8818359375 0.1015625 0.103515625
2 0.2080078125 0.849609375 0.0859375 0.1123046875
2 0.349609375 0.322265625 0.111328125 0.0966796875
2 0.3134765625 0.6201171875 0.1044921875 0.119140625
0 0.115234375 0.33203125 0.119140625 0.1201171875
0 0.7587890625 0.4462890625 0.1123046875 0.1123046875
2 0.52734375 0.1123046875 0.091796875 0.109375
2 0.91015625 0.8828125 0.111328125 0.142578125
0 0.53125 0.5244140625 0.0966796875 0.1279296875
2 0.5380859375 0.3056640625 0.119140625 0.1357421875