2 0.7421875 0.4423828125 0.115234375 0.142578125
0 0.3212890625 0.130859375 0.119140625 0.140625
2 0.8828125 0.6064453125 0.123046875 0.140625
0 0.6689453125 0.646484375 0.1142578125 0.140625
0 0.197265625 0.884765625 0.1220703125 0.15625
0 0.5166015625 0.1337890625 0.1220703125 0.1376953125
0 0.51171875 0.419921875 0.126953125 0.138671875
2 0.3935546875 0.552734375 0.1015625 0.142578125
2 0.0556640625 0.201171875 0.111328125 0.1201171875
0 0.1171875 0.494140625 0.115234375 0.1201171875
2 0.8212890625 0.849609375 0.119140625 0.125
0 0.31640625 0.32421875 0.1123046875 0.1142578125
2 0.35546875 0.916015625 0.1298828125 0.142578125
2 0.5107421875 0.828125 0.1298828125 0.1357421875
2 0.666015625 0.0517578125 0.1171875 0.103515625
2 0.8564453125 0.1220703125 0.1220703125 0.119140625
0 0.7177734375 0.2421875 0.119140625 0.1328125
2 0.171875 0.6474609375 0.111328125 0.1279296875
2 0.955078125 0.78515625 0.0888671875 0.1142578125