2 0.2216796875 0.044921875 0.1220703125 0.0888671875
2 0.5673828125 0.361328125 0.1279296875 0.142578125
2 0.41796875 0.2890625 0.125 0.1376953125
2 0.564453125 0.8486328125 0.1201171875 0.1220703125
0 0.5322265625 0.095703125 0.125 0.142578125
0 0.73046875 0.365234375 0.115234375 0.1220703125
2 0.083984375 0.53125 0.119140625 0.1435546875
0 0.87109375 0.369140625 0.119140625 0.1220703125
2 0.740234375 0.150390625 0.1142578125 0.138671875
2 0.3037109375 0.5322265625 0.1142578125 0.1298828125
0 0.44921875 0.54296875 0.115234375 0.1298828125
2 0.267578125 0.728515625 0.1298828125 0.1533203125
2 0.810546875 0.8271484375 0.1533203125 0.1669921875
0 0.6884765625 0.572265625 0.119140625 0.140625
0 0.068359375 0.7236328125 0.125 0.1357421875
0 0.861328125 0.6337890625 0.134765625 0.162109375
2 0.353515625 0.064453125 0.1142578125 0.126953125
0 0.1474609375 0.3505859375 0.126953125 0.126953125
2 0.958984375 0.1640625 0.0810546875 0.1279296875