0 0.271484375 0.63671875 0.130859375 0.1357421875
0 0.880859375 0.5400390625 0.140625 0.134765625
2 0.59375 0.80859375 0.1142578125 0.109375
2 0.1123046875 0.669921875 0.123046875 0.140625
2 0.052734375 0.5068359375 0.1044921875 0.154296875
2 0.435546875 0.8193359375 0.1123046875 0.130859375
0 0.84375 0.1669921875 0.1357421875 0.1513671875
0 0.6025390625 0.587890625 0.1142578125 0.1171875
2 0.119140625 0.8662109375 0.123046875 0.126953125
2 0.203125 0.1435546875 0.103515625 0.111328125
0 0.55078125 0.2578125 0.123046875 0.130859375
2 0.05859375 0.28515625 0.1171875 0.1328125
2 0.8232421875 0.7841796875 0.123046875 0.142578125
2 0.451171875 0.626953125 0.107421875 0.119140625
0 0.240234375 0.427734375 0.123046875 0.142578125
0 0.373046875 0.2939453125 0.125 0.1279296875
2 0.556640625 0.0556640625 0.1201171875 0.111328125
2 0.3369140625 0.1279296875 0.1220703125 0.1328125
2 0.314453125 0.90625 0.125 0.1748046875