0 0.2138671875 0.490234375 0.0966796875 0.109375
2 0.447265625 0.09375 0.1044921875 0.1064453125
2 0.08203125 0.8642578125 0.087890625 0.1220703125
2 0.6767578125 0.892578125 0.1142578125 0.142578125
2 0.408203125 0.5703125 0.1044921875 0.1484375
2 0.90625 0.68359375 0.1435546875 0.1220703125
2 0.6474609375 0.130859375 0.091796875 0.091796875
2 0.0439453125 0.404296875 0.087890625 0.1123046875
2 0.650390625 0.263671875 0.1171875 0.1123046875
0 0.091796875 0.701171875 0.103515625 0.1015625
2 0.7216796875 0.525390625 0.111328125 0.1357421875
0 0.3193359375 0.0947265625 0.0986328125 0.130859375
2 0.8876953125 0.5361328125 0.099609375 0.111328125
2 0.1728515625 0.203125 0.091796875 0.1220703125
2 0.8857421875 0.1298828125 0.0986328125 0.099609375
2 0.3193359375 0.884765625 0.1123046875 0.107421875
0 0.6455078125 0.681640625 0.1044921875 0.1201171875
2 0.412109375 0.38671875 0.107421875 0.1142578125
2 0.45703125 0.779296875 0.09375 0.109375
0 0.869140625 0.3427734375 0.109375 0.119140625