0 0.142578125 0.943359375 0.1298828125 0.1123046875
0 0.7119140625 0.083984375 0.125 0.125
0 0.6337890625 0.8466796875 0.142578125 0.138671875
2 0.50390625 0.09375 0.134765625 0.1484375
0 0.8095703125 0.693359375 0.125 0.1201171875
2 0.19140625 0.212890625 0.111328125 0.1328125
0 0.849609375 0.470703125 0.134765625 0.134765625
2 0.3349609375 0.947265625 0.1357421875 0.1044921875
2 0.591796875 0.400390625 0.134765625 0.1455078125
2 0.330078125 0.69140625 0.1123046875 0.150390625
0 0.474609375 0.8271484375 0.1201171875 0.154296875
2 0.3994140625 0.34765625 0.125 0.1455078125
0 0.955078125 0.79296875 0.0888671875 0.158203125
2 0.0458984375 0.2509765625 0.091796875 0.126953125
2 0.181640625 0.7255859375 0.0966796875 0.103515625
2 0.6044921875 0.603515625 0.111328125 0.1064453125
2 0.8876953125 0.1875 0.119140625 0.119140625
2 0.24609375 0.4609375 0.1328125 0.146484375
2 0.3701171875 0.181640625 0.126953125 0.1455078125