0 0.1708984375 0.62890625 0.1142578125 0.1328125
0 0.5068359375 0.240234375 0.119140625 0.119140625
2 0.82421875 0.84375 0.1220703125 0.1591796875
0 0.177734375 0.16796875 0.1201171875 0.123046875
0 0.822265625 0.6083984375 0.1357421875 0.1298828125
2 0.330078125 0.3310546875 0.115234375 0.1201171875
0 0.642578125 0.6181640625 0.119140625 0.1298828125
0 0.353515625 0.587890625 0.126953125 0.1328125
2 0.6796875 0.8037109375 0.1328125 0.1328125
2 0.552734375 0.44921875 0.1220703125 0.134765625
2 0.9521484375 0.615234375 0.095703125 0.1279296875
2 0.662109375 0.259765625 0.123046875 0.123046875
2 0.197265625 0.439453125 0.119140625 0.126953125
2 0.4365234375 0.9443359375 0.126953125 0.111328125
0 0.0576171875 0.224609375 0.115234375 0.1513671875
0 0.3642578125 0.138671875 0.1279296875 0.1376953125
2 0.8876953125 0.3642578125 0.1123046875 0.1435546875
2 0.255859375 0.8271484375 0.1533203125 0.171875
2 0.517578125 0.05859375 0.1220703125 0.1171875
2 0.8076171875 0.1474609375 0.115234375 0.126953125