0 0.107421875 0.90234375 0.0888671875 0.1171875
0 0.9306640625 0.634765625 0.095703125 0.1376953125
0 0.5322265625 0.5693359375 0.1298828125 0.125
2 0.462890625 0.7958984375 0.125 0.140625
2 0.3525390625 0.443359375 0.09375 0.134765625
2 0.693359375 0.4345703125 0.103515625 0.1171875
2 0.5263671875 0.1044921875 0.0966796875 0.1298828125
0 0.751953125 0.2578125 0.103515625 0.109375
2 0.8818359375 0.8330078125 0.0986328125 0.1435546875
2 0.27734375 0.11328125 0.09375 0.130859375
2 0.134765625 0.341796875 0.103515625 0.1171875
2 0.486328125 0.3212890625 0.1123046875 0.1357421875
2 0.224609375 0.7119140625 0.1142578125 0.1201171875
0 0.90234375 0.2236328125 0.1044921875 0.1123046875
2 0.25390625 0.869140625 0.1015625 0.0966796875
2 0.7265625 0.7041015625 0.1298828125 0.1220703125
0 0.9384765625 0.4228515625 0.1123046875 0.146484375
2 0.685546875 0.88671875 0.103515625 0.109375
2 0.1337890625 0.1484375 0.099609375 0.1220703125
0 0.1611328125 0.5087890625 0.107421875 0.1044921875