0 0.6826171875 0.2822265625 0.109375 0.1279296875
2 0.853515625 0.189453125 0.126953125 0.1640625
0 0.388671875 0.326171875 0.123046875 0.138671875
2 0.908203125 0.7890625 0.1015625 0.126953125
2 0.1669921875 0.943359375 0.115234375 0.11328125
2 0.6611328125 0.8544921875 0.109375 0.125
2 0.177734375 0.7353515625 0.1357421875 0.1357421875
0 0.056640625 0.12890625 0.1123046875 0.1201171875
0 0.361328125 0.525390625 0.134765625 0.1435546875
0 0.12109375 0.5263671875 0.109375 0.125
0 0.720703125 0.4765625 0.1123046875 0.107421875
0 0.5576171875 0.3212890625 0.1298828125 0.138671875
2 0.751953125 0.658203125 0.1123046875 0.1591796875
2 0.107421875 0.330078125 0.111328125 0.134765625
2 0.384765625 0.107421875 0.0966796875 0.115234375
2 0.390625 0.888671875 0.099609375 0.111328125
2 0.2353515625 0.169921875 0.095703125 0.115234375
2 0.900390625 0.5185546875 0.091796875 0.099609375
0 0.552734375 0.099609375 0.1201171875 0.125
0 0.595703125 0.6376953125 0.1201171875 0.1435546875