0 0.3232421875 0.25 0.125 0.126953125
0 0.521484375 0.6533203125 0.115234375 0.1123046875
2 0.9169921875 0.193359375 0.1357421875 0.158203125
2 0.708984375 0.5634765625 0.115234375 0.1376953125
0 0.1943359375 0.08203125 0.1142578125 0.1376953125
0 0.3251953125 0.65234375 0.1298828125 0.1279296875
0 0.7978515625 0.8896484375 0.1328125 0.125
0 0.677734375 0.3701171875 0.1142578125 0.1357421875
0 0.84765625 0.64453125 0.1201171875 0.140625
2 0.2705078125 0.42578125 0.119140625 0.1201171875
0 0.890625 0.474609375 0.1142578125 0.123046875
0 0.708984375 0.171875 0.126953125 0.125
2 0.435546875 0.916015625 0.1171875 0.1533203125
0 0.0947265625 0.515625 0.1201171875 0.140625
2 0.5205078125 0.427734375 0.1044921875 0.119140625
2 0.15625 0.30859375 0.1123046875 0.1298828125
2 0.0546875 0.861328125 0.109375 0.1357421875
0 0.658203125 0.810546875 0.1298828125 0.162109375
2 0.4931640625 0.1376953125 0.1279296875 0.140625
2 0.2783203125 0.802734375 0.1298828125 0.142578125