0 0.576171875 0.283203125 0.1533203125 0.1455078125
2 0.9521484375 0.703125 0.095703125 0.1123046875
2 0.6572265625 0.064453125 0.123046875 0.12890625
2 0.3583984375 0.6650390625 0.1328125 0.1591796875
0 0.568359375 0.685546875 0.125 0.1279296875
2 0.814453125 0.0517578125 0.123046875 0.103515625
0 0.2353515625 0.498046875 0.1123046875 0.1171875
0 0.1318359375 0.326171875 0.1376953125 0.1455078125
0 0.85546875 0.32421875 0.138671875 0.1611328125
2 0.087890625 0.6220703125 0.1591796875 0.1484375
2 0.458984375 0.0888671875 0.1171875 0.125
2 0.216796875 0.80859375 0.130859375 0.1455078125
2 0.400390625 0.392578125 0.146484375 0.1640625
2 0.88671875 0.509765625 0.115234375 0.1455078125
0 0.4892578125 0.93359375 0.125 0.1328125
2 0.744140625 0.5029296875 0.134765625 0.1376953125
2 0.83984375 0.8544921875 0.123046875 0.1279296875
2 0.2470703125 0.9560546875 0.103515625 0.087890625
0 0.298828125 0.19921875 0.1376953125 0.1591796875
2 0.734375 0.685546875 0.1357421875 0.158203125