0 0.751953125 0.5849609375 0.103515625 0.107421875
0 0.900390625 0.11328125 0.126953125 0.115234375
2 0.583984375 0.8955078125 0.0908203125 0.1064453125
2 0.1435546875 0.791015625 0.0908203125 0.1142578125
0 0.8701171875 0.7822265625 0.099609375 0.099609375
2 0.6982421875 0.7841796875 0.111328125 0.1201171875
0 0.291015625 0.267578125 0.109375 0.1279296875
0 0.9072265625 0.5361328125 0.1123046875 0.115234375
0 0.50390625 0.599609375 0.0888671875 0.123046875
2 0.318359375 0.0556640625 0.095703125 0.099609375
0 0.5595703125 0.3544921875 0.1015625 0.1171875
2 0.6875 0.08203125 0.1064453125 0.0986328125
0 0.2685546875 0.533203125 0.09375 0.109375
2 0.1201171875 0.55859375 0.09375 0.1015625
2 0.537109375 0.072265625 0.109375 0.123046875
2 0.3310546875 0.853515625 0.1123046875 0.1201171875
2 0.091796875 0.373046875 0.095703125 0.146484375
2 0.896484375 0.306640625 0.1123046875 0.123046875
0 0.7646484375 0.30859375 0.0986328125 0.1435546875
0 0.083984375 0.1611328125 0.1015625 0.130859375