0 0.3681640625 0.150390625 0.1298828125 0.1435546875
2 0.845703125 0.06640625 0.1123046875 0.1328125
2 0.31640625 0.6357421875 0.1220703125 0.1201171875
0 0.6201171875 0.537109375 0.1279296875 0.142578125
0 0.4560546875 0.4091796875 0.115234375 0.1298828125
2 0.7333984375 0.8623046875 0.1171875 0.1201171875
2 0.140625 0.1904296875 0.1357421875 0.166015625
2 0.38671875 0.8505859375 0.1142578125 0.119140625
2 0.544921875 0.1630859375 0.1123046875 0.130859375
2 0.9453125 0.85546875 0.109375 0.126953125
0 0.8818359375 0.6787109375 0.119140625 0.1201171875
2 0.2109375 0.41015625 0.1142578125 0.134765625
2 0.24609375 0.9560546875 0.126953125 0.087890625
2 0.7587890625 0.349609375 0.099609375 0.1220703125
2 0.9326171875 0.380859375 0.1279296875 0.158203125
2 0.564453125 0.7890625 0.134765625 0.154296875
2 0.0888671875 0.642578125 0.103515625 0.1015625
2 0.0771484375 0.4443359375 0.1298828125 0.140625
0 0.4677734375 0.6142578125 0.1142578125 0.130859375
0 0.705078125 0.07421875 0.130859375 0.1484375