0 0.2265625 0.92578125 0.1201171875 0.123046875
0 0.296875 0.302734375 0.1142578125 0.125
2 0.7255859375 0.7890625 0.1220703125 0.125
0 0.357421875 0.462890625 0.1220703125 0.125
0 0.90234375 0.7109375 0.140625 0.138671875
2 0.125 0.1494140625 0.1513671875 0.158203125
2 0.150390625 0.7275390625 0.115234375 0.123046875
0 0.3984375 0.6630859375 0.130859375 0.125
0 0.6845703125 0.57421875 0.1064453125 0.1142578125
2 0.1337890625 0.30859375 0.1279296875 0.1279296875
2 0.5732421875 0.7578125 0.1123046875 0.134765625
0 0.873046875 0.501953125 0.125 0.126953125
2 0.8798828125 0.27734375 0.111328125 0.125
0 0.177734375 0.5126953125 0.1298828125 0.134765625
2 0.517578125 0.244140625 0.115234375 0.111328125
2 0.8134765625 0.142578125 0.111328125 0.099609375
2 0.525390625 0.517578125 0.1064453125 0.1220703125
2 0.7021484375 0.2900390625 0.134765625 0.15625
0 0.5458984375 0.06640625 0.126953125 0.1328125
2 0.4150390625 0.8515625 0.126953125 0.146484375