0 0.322265625 0.337890625 0.1015625 0.125
0 0.7646484375 0.388671875 0.0986328125 0.126953125
2 0.62890625 0.619140625 0.103515625 0.1171875
2 0.31640625 0.5263671875 0.119140625 0.09375
0 0.49609375 0.45703125 0.126953125 0.134765625
2 0.8564453125 0.587890625 0.107421875 0.123046875
2 0.091796875 0.609375 0.1015625 0.1328125
2 0.900390625 0.1142578125 0.115234375 0.130859375
0 0.9501953125 0.3427734375 0.099609375 0.138671875
2 0.4521484375 0.2080078125 0.0966796875 0.125
0 0.3994140625 0.7216796875 0.109375 0.109375
0 0.826171875 0.7861328125 0.1142578125 0.107421875
2 0.490234375 0.9169921875 0.1064453125 0.1015625
2 0.3310546875 0.9384765625 0.109375 0.1044921875
2 0.64453125 0.814453125 0.0888671875 0.1015625
2 0.302734375 0.1455078125 0.115234375 0.138671875
2 0.7265625 0.1953125 0.083984375 0.09375
2 0.138671875 0.185546875 0.109375 0.1298828125
2 0.115234375 0.904296875 0.109375 0.1279296875
2 0.138671875 0.3427734375 0.0966796875 0.1064453125