2 0.697265625 0.515625 0.1298828125 0.162109375
2 0.1630859375 0.0859375 0.1220703125 0.142578125
2 0.70703125 0.7392578125 0.119140625 0.115234375
2 0.375 0.330078125 0.107421875 0.1171875
0 0.908203125 0.4228515625 0.1201171875 0.1142578125
0 0.568359375 0.91015625 0.115234375 0.1142578125
2 0.8359375 0.9736328125 0.12890625 0.052734375
2 0.919921875 0.6875 0.115234375 0.126953125
0 0.958984375 0.220703125 0.0810546875 0.125
0 0.537109375 0.669921875 0.119140625 0.1220703125
2 0.30078125 0.5263671875 0.1201171875 0.154296875
2 0.19140625 0.81640625 0.107421875 0.138671875
2 0.5234375 0.380859375 0.125 0.1298828125
2 0.607421875 0.150390625 0.1064453125 0.123046875
0 0.05859375 0.8212890625 0.1171875 0.126953125
2 0.3701171875 0.845703125 0.134765625 0.1279296875
0 0.3828125 0.134765625 0.111328125 0.115234375
2 0.142578125 0.359375 0.1220703125 0.138671875
2 0.775390625 0.310546875 0.1298828125 0.154296875
0 0.083984375 0.58984375 0.1142578125 0.138671875