0 0.0732421875 0.587890625 0.0908203125 0.09375
0 0.533203125 0.8916015625 0.1201171875 0.1328125
0 0.193359375 0.8759765625 0.107421875 0.1171875
0 0.216796875 0.1279296875 0.1015625 0.1279296875
0 0.7470703125 0.537109375 0.107421875 0.1484375
0 0.3876953125 0.083984375 0.1201171875 0.1220703125
0 0.380859375 0.751953125 0.1123046875 0.107421875
0 0.71484375 0.716796875 0.09375 0.09375
0 0.8916015625 0.828125 0.1015625 0.138671875
2 0.5419921875 0.708984375 0.1123046875 0.107421875
2 0.802734375 0.388671875 0.0966796875 0.103515625
0 0.5625 0.490234375 0.1220703125 0.142578125
2 0.0419921875 0.8203125 0.083984375 0.134765625
0 0.0576171875 0.3017578125 0.1015625 0.1357421875
2 0.9052734375 0.099609375 0.1279296875 0.1328125
2 0.46875 0.3037109375 0.103515625 0.115234375
2 0.9169921875 0.638671875 0.1044921875 0.0908203125
2 0.62109375 0.146484375 0.126953125 0.123046875
0 0.2314453125 0.3515625 0.103515625 0.1171875
2 0.298828125 0.58203125 0.1298828125 0.1376953125