0 0.2958984375 0.55859375 0.111328125 0.1123046875
2 0.193359375 0.8984375 0.123046875 0.123046875
0 0.2958984375 0.142578125 0.123046875 0.126953125
0 0.2822265625 0.341796875 0.107421875 0.142578125
0 0.81640625 0.1220703125 0.1142578125 0.1279296875
2 0.052734375 0.185546875 0.1044921875 0.134765625
2 0.6533203125 0.30078125 0.1142578125 0.126953125
2 0.0859375 0.384765625 0.109375 0.123046875
2 0.6494140625 0.4716796875 0.1044921875 0.1298828125
2 0.1181640625 0.603515625 0.1044921875 0.1201171875
2 0.5322265625 0.701171875 0.1142578125 0.1298828125
0 0.7333984375 0.798828125 0.125 0.1328125
2 0.4755859375 0.529296875 0.09375 0.1064453125
2 0.5087890625 0.9345703125 0.1357421875 0.130859375
2 0.4775390625 0.2080078125 0.109375 0.138671875
2 0.6533203125 0.1083984375 0.130859375 0.146484375
0 0.91796875 0.541015625 0.119140625 0.1328125
0 0.9208984375 0.728515625 0.1142578125 0.138671875
2 0.7861328125 0.3271484375 0.115234375 0.1279296875
0 0.353515625 0.759765625 0.1123046875 0.142578125