0 0.267578125 0.865234375 0.1044921875 0.1142578125
0 0.630859375 0.880859375 0.1279296875 0.1328125
2 0.8740234375 0.8056640625 0.130859375 0.1328125
2 0.15234375 0.0546875 0.123046875 0.109375
2 0.669921875 0.412109375 0.1123046875 0.1220703125
2 0.076171875 0.859375 0.1201171875 0.1171875
0 0.8095703125 0.1474609375 0.1044921875 0.1298828125
2 0.580078125 0.115234375 0.107421875 0.126953125
0 0.546875 0.66796875 0.1123046875 0.130859375
2 0.5087890625 0.3193359375 0.109375 0.1357421875
0 0.826171875 0.3583984375 0.1123046875 0.125
0 0.2138671875 0.6533203125 0.123046875 0.1435546875
2 0.125 0.3720703125 0.1015625 0.130859375
0 0.9423828125 0.2080078125 0.115234375 0.126953125
2 0.708984375 0.6552734375 0.111328125 0.1123046875
2 0.3330078125 0.28515625 0.1171875 0.115234375
0 0.865234375 0.611328125 0.115234375 0.142578125
2 0.4306640625 0.0947265625 0.095703125 0.115234375
2 0.4833984375 0.8603515625 0.1142578125 0.1279296875
0 0.4033203125 0.544921875 0.1015625 0.1298828125