0 0.5732421875 0.50390625 0.091796875 0.0908203125
0 0.0654296875 0.830078125 0.1279296875 0.119140625
0 0.419921875 0.787109375 0.1142578125 0.1123046875
2 0.271484375 0.130859375 0.091796875 0.115234375
2 0.9130859375 0.13671875 0.109375 0.1171875
0 0.876953125 0.87109375 0.115234375 0.126953125
2 0.568359375 0.3369140625 0.087890625 0.0830078125
2 0.24609375 0.654296875 0.09375 0.1201171875
2 0.08984375 0.1142578125 0.119140625 0.1220703125
0 0.6513671875 0.767578125 0.0966796875 0.1123046875
2 0.4052734375 0.5849609375 0.087890625 0.1171875
0 0.607421875 0.0947265625 0.1201171875 0.1376953125
2 0.7421875 0.365234375 0.0830078125 0.119140625
0 0.115234375 0.3369140625 0.111328125 0.1064453125
0 0.34765625 0.3955078125 0.111328125 0.125
2 0.70703125 0.5966796875 0.0986328125 0.1171875
2 0.23046875 0.8837890625 0.099609375 0.1357421875
2 0.4521484375 0.13671875 0.1201171875 0.1376953125
2 0.068359375 0.529296875 0.0966796875 0.095703125
2 0.8935546875 0.517578125 0.119140625 0.150390625