2 0.1435546875 0.9248046875 0.1123046875 0.123046875
2 0.294921875 0.6708984375 0.0966796875 0.1044921875
0 0.1083984375 0.484375 0.1279296875 0.134765625
2 0.23828125 0.4072265625 0.115234375 0.140625
0 0.859375 0.2763671875 0.1123046875 0.119140625
2 0.287109375 0.1962890625 0.1044921875 0.119140625
0 0.681640625 0.8095703125 0.109375 0.130859375
2 0.6513671875 0.326171875 0.123046875 0.130859375
2 0.796875 0.095703125 0.1064453125 0.146484375
2 0.841796875 0.61328125 0.134765625 0.1298828125
2 0.0546875 0.228515625 0.1044921875 0.130859375
2 0.646484375 0.1025390625 0.111328125 0.1044921875
2 0.4736328125 0.8193359375 0.09375 0.109375
2 0.486328125 0.4931640625 0.123046875 0.1298828125
2 0.064453125 0.6552734375 0.095703125 0.0986328125
0 0.8857421875 0.806640625 0.1142578125 0.138671875
2 0.3349609375 0.857421875 0.0986328125 0.1142578125
2 0.447265625 0.318359375 0.130859375 0.154296875
2 0.431640625 0.115234375 0.1171875 0.1640625
2 0.6650390625 0.6015625 0.1064453125 0.1279296875