0 0.478515625 0.5029296875 0.095703125 0.1376953125
2 0.8798828125 0.8603515625 0.1171875 0.125
2 0.458984375 0.107421875 0.111328125 0.1357421875
0 0.615234375 0.2900390625 0.095703125 0.1279296875
0 0.236328125 0.318359375 0.1015625 0.1298828125
2 0.298828125 0.568359375 0.0859375 0.134765625
0 0.955078125 0.1455078125 0.0888671875 0.1298828125
0 0.626953125 0.083984375 0.1044921875 0.1123046875
0 0.78125 0.44140625 0.09375 0.099609375
2 0.63671875 0.515625 0.0986328125 0.125
0 0.134765625 0.65625 0.099609375 0.099609375
2 0.4013671875 0.314453125 0.103515625 0.0986328125
0 0.1142578125 0.123046875 0.0986328125 0.1064453125
2 0.30859375 0.0791015625 0.0830078125 0.0986328125
2 0.76171875 0.6669921875 0.099609375 0.1435546875
2 0.806640625 0.158203125 0.0888671875 0.0830078125
2 0.9404296875 0.505859375 0.1123046875 0.115234375
2 0.5810546875 0.759765625 0.109375 0.109375
0 0.1884765625 0.8740234375 0.119140625 0.1513671875
0 0.349609375 0.837890625 0.1015625 0.126953125