2 0.123046875 0.6845703125 0.142578125 0.138671875
2 0.1904296875 0.9521484375 0.15625 0.095703125
2 0.244140625 0.2265625 0.126953125 0.150390625
0 0.779296875 0.1064453125 0.1513671875 0.1533203125
0 0.08203125 0.2646484375 0.1298828125 0.130859375
0 0.8994140625 0.5205078125 0.130859375 0.150390625
0 0.73046875 0.591796875 0.1328125 0.134765625
2 0.5107421875 0.8779296875 0.126953125 0.1484375
2 0.966796875 0.69921875 0.0654296875 0.169921875
2 0.4765625 0.67578125 0.115234375 0.130859375
2 0.0693359375 0.494140625 0.1279296875 0.1279296875
0 0.3017578125 0.4716796875 0.142578125 0.1669921875
2 0.64453125 0.404296875 0.1328125 0.150390625
2 0.6083984375 0.0966796875 0.130859375 0.1455078125
0 0.798828125 0.3037109375 0.125 0.1328125
2 0.486328125 0.263671875 0.130859375 0.146484375
2 0.6953125 0.783203125 0.154296875 0.150390625
0 0.330078125 0.93359375 0.1328125 0.1328125
2 0.830078125 0.775390625 0.1201171875 0.142578125
2 0.48828125 0.453125 0.125 0.142578125