0 0.40625 0.6748046875 0.1015625 0.1044921875
0 0.447265625 0.90625 0.1201171875 0.1328125
2 0.369140625 0.298828125 0.107421875 0.140625
2 0.5908203125 0.146484375 0.1142578125 0.1279296875
2 0.4951171875 0.48046875 0.109375 0.119140625
0 0.658203125 0.478515625 0.1064453125 0.130859375
0 0.4248046875 0.0712890625 0.107421875 0.1220703125
0 0.8857421875 0.5390625 0.119140625 0.134765625
0 0.734375 0.27734375 0.138671875 0.1484375
2 0.2548828125 0.86328125 0.1171875 0.126953125
2 0.884765625 0.251953125 0.099609375 0.107421875
0 0.232421875 0.626953125 0.1201171875 0.1279296875
0 0.333984375 0.458984375 0.109375 0.125
0 0.197265625 0.134765625 0.1142578125 0.1142578125
0 0.0859375 0.494140625 0.125 0.1328125
2 0.0703125 0.6748046875 0.0966796875 0.0986328125
0 0.65625 0.701171875 0.1201171875 0.119140625
2 0.177734375 0.349609375 0.103515625 0.1171875
2 0.8232421875 0.80859375 0.125 0.138671875
0 0.630859375 0.861328125 0.125 0.134765625