0 0.658203125 0.201171875 0.142578125 0.134765625
2 0.7890625 0.609375 0.1171875 0.1201171875
2 0.4326171875 0.166015625 0.1298828125 0.1328125
0 0.494140625 0.330078125 0.125 0.1201171875
0 0.1826171875 0.205078125 0.130859375 0.150390625
2 0.4052734375 0.611328125 0.123046875 0.1435546875
2 0.2724609375 0.943359375 0.1171875 0.1123046875
0 0.84375 0.2822265625 0.125 0.123046875
2 0.2041015625 0.4521484375 0.1328125 0.150390625
0 0.5517578125 0.5791015625 0.1171875 0.1220703125
0 0.4482421875 0.8994140625 0.138671875 0.162109375
0 0.7685546875 0.806640625 0.109375 0.115234375
2 0.5859375 0.8251953125 0.1171875 0.1357421875
2 0.3720703125 0.4384765625 0.115234375 0.1513671875
2 0.0439453125 0.259765625 0.087890625 0.123046875
2 0.798828125 0.06640625 0.125 0.1328125
0 0.9365234375 0.767578125 0.126953125 0.15625
2 0.0771484375 0.6123046875 0.142578125 0.166015625
2 0.685546875 0.4130859375 0.1142578125 0.1298828125
2 0.2216796875 0.7470703125 0.1376953125 0.123046875