0 0.7333984375 0.373046875 0.1201171875 0.123046875
0 0.9443359375 0.810546875 0.111328125 0.1357421875
2 0.513671875 0.095703125 0.1064453125 0.119140625
2 0.0986328125 0.275390625 0.109375 0.1279296875
0 0.8154296875 0.158203125 0.115234375 0.115234375
2 0.646484375 0.185546875 0.1298828125 0.1376953125
0 0.3349609375 0.765625 0.1298828125 0.1435546875
0 0.89453125 0.3935546875 0.130859375 0.1328125
0 0.486328125 0.400390625 0.107421875 0.1376953125
2 0.3974609375 0.9560546875 0.111328125 0.087890625
0 0.583984375 0.6328125 0.1201171875 0.1328125
2 0.7568359375 0.87890625 0.1220703125 0.1142578125
0 0.2666015625 0.5068359375 0.111328125 0.123046875
2 0.115234375 0.5087890625 0.109375 0.115234375
2 0.611328125 0.9140625 0.1298828125 0.138671875
2 0.2724609375 0.181640625 0.130859375 0.1376953125
2 0.1201171875 0.6953125 0.119140625 0.1611328125
2 0.923828125 0.6220703125 0.130859375 0.140625
0 0.7939453125 0.642578125 0.1220703125 0.158203125
0 0.1484375 0.90625 0.123046875 0.146484375