0 0.9306640625 0.435546875 0.0908203125 0.0888671875
2 0.3779296875 0.8994140625 0.1015625 0.1064453125
0 0.59375 0.9052734375 0.103515625 0.1201171875
0 0.1318359375 0.50390625 0.115234375 0.109375
0 0.111328125 0.8974609375 0.0986328125 0.126953125
0 0.84375 0.939453125 0.099609375 0.1201171875
2 0.3056640625 0.7138671875 0.109375 0.1123046875
0 0.5830078125 0.720703125 0.1064453125 0.125
2 0.341796875 0.2333984375 0.0986328125 0.130859375
2 0.55078125 0.11328125 0.1171875 0.123046875
0 0.1845703125 0.1142578125 0.1044921875 0.111328125
2 0.1181640625 0.3095703125 0.099609375 0.111328125
2 0.1328125 0.7392578125 0.1015625 0.103515625
0 0.771484375 0.6689453125 0.091796875 0.1279296875
2 0.953125 0.177734375 0.09375 0.1357421875
2 0.7529296875 0.2783203125 0.1044921875 0.1328125
2 0.9404296875 0.603515625 0.091796875 0.099609375
2 0.732421875 0.4990234375 0.1015625 0.1142578125
2 0.328125 0.505859375 0.125 0.1220703125
2 0.60546875 0.4765625 0.1064453125 0.1484375