0 0.15234375 0.11328125 0.111328125 0.111328125
2 0.119140625 0.6416015625 0.0966796875 0.1123046875
0 0.5947265625 0.21484375 0.1015625 0.119140625
0 0.0966796875 0.8662109375 0.103515625 0.1064453125
0 0.7587890625 0.458984375 0.09375 0.1142578125
2 0.802734375 0.7099609375 0.1064453125 0.126953125
2 0.6552734375 0.6591796875 0.109375 0.1220703125
2 0.302734375 0.7578125 0.0986328125 0.111328125
0 0.42578125 0.55078125 0.091796875 0.1142578125
2 0.447265625 0.330078125 0.095703125 0.095703125
0 0.916015625 0.5087890625 0.095703125 0.109375
2 0.443359375 0.1220703125 0.091796875 0.0888671875
2 0.759765625 0.208984375 0.091796875 0.1357421875
0 0.486328125 0.73828125 0.103515625 0.130859375
2 0.6416015625 0.8359375 0.111328125 0.1064453125
2 0.267578125 0.490234375 0.095703125 0.119140625
2 0.115234375 0.314453125 0.0908203125 0.1220703125
2 0.2587890625 0.291015625 0.0810546875 0.126953125
0 0.5810546875 0.4521484375 0.09375 0.0986328125
2 0.9541015625 0.3212890625 0.091796875 0.103515625