0 0.412109375 0.7626953125 0.091796875 0.1201171875
0 0.90625 0.166015625 0.115234375 0.1357421875
0 0.8564453125 0.5751953125 0.1201171875 0.126953125
0 0.7216796875 0.1015625 0.109375 0.130859375
0 0.2626953125 0.658203125 0.0986328125 0.1220703125
2 0.068359375 0.2841796875 0.115234375 0.146484375
0 0.126953125 0.1015625 0.1171875 0.1279296875
2 0.3232421875 0.2041015625 0.142578125 0.134765625
0 0.0732421875 0.552734375 0.1123046875 0.1220703125
2 0.5859375 0.8466796875 0.095703125 0.138671875
2 0.2236328125 0.873046875 0.1044921875 0.1064453125
2 0.779296875 0.859375 0.0888671875 0.115234375
2 0.6572265625 0.3271484375 0.1142578125 0.099609375
2 0.681640625 0.626953125 0.107421875 0.1220703125
0 0.8896484375 0.345703125 0.123046875 0.125
0 0.244140625 0.4365234375 0.115234375 0.115234375
2 0.486328125 0.111328125 0.095703125 0.1123046875
2 0.076171875 0.8681640625 0.115234375 0.1455078125
0 0.4677734375 0.5234375 0.1015625 0.130859375
2 0.46875 0.3037109375 0.123046875 0.138671875