0 0.0390625 0.794921875 0.078125 0.1376953125
0 0.4951171875 0.8642578125 0.1328125 0.1357421875
0 0.1904296875 0.15234375 0.1357421875 0.154296875
0 0.177734375 0.7666015625 0.126953125 0.123046875
2 0.470703125 0.103515625 0.1298828125 0.142578125
0 0.8046875 0.462890625 0.1220703125 0.1279296875
2 0.7607421875 0.2158203125 0.1376953125 0.146484375
2 0.6201171875 0.939453125 0.1220703125 0.1171875
2 0.060546875 0.607421875 0.1201171875 0.1376953125
0 0.7822265625 0.7177734375 0.126953125 0.126953125
2 0.8076171875 0.8935546875 0.1142578125 0.1357421875
2 0.580078125 0.541015625 0.119140625 0.1376953125
0 0.640625 0.142578125 0.1220703125 0.142578125
0 0.3046875 0.8359375 0.1220703125 0.142578125
2 0.9296875 0.4794921875 0.134765625 0.171875
0 0.142578125 0.3837890625 0.130859375 0.1533203125
2 0.39453125 0.646484375 0.119140625 0.125
2 0.5732421875 0.3515625 0.1142578125 0.126953125
2 0.36328125 0.318359375 0.119140625 0.1279296875
2 0.962890625 0.3095703125 0.0732421875 0.1376953125