0 0.65625 0.6591796875 0.1357421875 0.125
0 0.9443359375 0.5244140625 0.111328125 0.1298828125
2 0.240234375 0.7158203125 0.138671875 0.1484375
0 0.509765625 0.205078125 0.126953125 0.125
2 0.138671875 0.212890625 0.1455078125 0.1435546875
0 0.9111328125 0.8427734375 0.1220703125 0.150390625
0 0.763671875 0.8603515625 0.119140625 0.1171875
0 0.2744140625 0.150390625 0.1201171875 0.150390625
0 0.201171875 0.95703125 0.115234375 0.0859375
2 0.6611328125 0.1015625 0.134765625 0.1279296875
2 0.4345703125 0.732421875 0.109375 0.1279296875
2 0.447265625 0.923828125 0.111328125 0.1357421875
2 0.587890625 0.900390625 0.130859375 0.1328125
0 0.189453125 0.4970703125 0.126953125 0.125
2 0.4375 0.533203125 0.126953125 0.1171875
2 0.791015625 0.626953125 0.115234375 0.140625
0 0.57421875 0.419921875 0.1298828125 0.1357421875
2 0.7236328125 0.33203125 0.1044921875 0.1123046875
0 0.875 0.2822265625 0.125 0.1171875
2 0.8359375 0.072265625 0.119140625 0.126953125