0 0.810546875 0.8720703125 0.1171875 0.150390625
0 0.84765625 0.078125 0.1298828125 0.1328125
0 0.5400390625 0.5234375 0.119140625 0.119140625
2 0.2109375 0.650390625 0.126953125 0.1435546875
2 0.6005859375 0.1083984375 0.107421875 0.1533203125
2 0.689453125 0.724609375 0.1142578125 0.130859375
0 0.689453125 0.421875 0.130859375 0.134765625
2 0.9345703125 0.67578125 0.130859375 0.140625
2 0.06640625 0.3427734375 0.119140625 0.115234375
0 0.8251953125 0.2734375 0.107421875 0.115234375
2 0.220703125 0.3564453125 0.123046875 0.1279296875
0 0.6259765625 0.8935546875 0.1201171875 0.125
0 0.353515625 0.8359375 0.109375 0.111328125
2 0.1806640625 0.9462890625 0.134765625 0.107421875
2 0.37890625 0.6181640625 0.1220703125 0.1201171875
0 0.3994140625 0.357421875 0.1298828125 0.15625
0 0.078125 0.158203125 0.115234375 0.1298828125
0 0.263671875 0.134765625 0.107421875 0.123046875
0 0.0869140625 0.6845703125 0.1220703125 0.1455078125
0 0.8642578125 0.4462890625 0.130859375 0.150390625