2 0.4599609375 0.3017578125 0.1201171875 0.126953125
0 0.373046875 0.810546875 0.1171875 0.125
0 0.8798828125 0.7158203125 0.111328125 0.1201171875
0 0.330078125 0.236328125 0.107421875 0.1201171875
0 0.6826171875 0.861328125 0.1142578125 0.1328125
2 0.1201171875 0.236328125 0.1064453125 0.115234375
2 0.1513671875 0.0615234375 0.115234375 0.123046875
2 0.0859375 0.8017578125 0.1123046875 0.126953125
2 0.17578125 0.583984375 0.111328125 0.1142578125
2 0.6650390625 0.4482421875 0.1142578125 0.1064453125
2 0.5009765625 0.591796875 0.1220703125 0.134765625
0 0.5205078125 0.810546875 0.1220703125 0.146484375
2 0.6455078125 0.205078125 0.1279296875 0.138671875
0 0.328125 0.5703125 0.119140625 0.1171875
0 0.677734375 0.642578125 0.107421875 0.1201171875
2 0.8486328125 0.92578125 0.134765625 0.1484375
2 0.845703125 0.521484375 0.115234375 0.109375
0 0.9306640625 0.208984375 0.138671875 0.15625
0 0.478515625 0.056640625 0.1279296875 0.1123046875
2 0.837890625 0.1328125 0.119140625 0.1328125