2 0.759765625 0.21484375 0.138671875 0.1533203125
2 0.4736328125 0.15234375 0.1044921875 0.123046875
2 0.15234375 0.2041015625 0.111328125 0.162109375
2 0.2451171875 0.4423828125 0.140625 0.1640625
2 0.7841796875 0.5078125 0.146484375 0.134765625
2 0.392578125 0.64453125 0.1220703125 0.166015625
2 0.2158203125 0.7568359375 0.119140625 0.1533203125
2 0.0546875 0.6884765625 0.109375 0.1611328125
2 0.8427734375 0.912109375 0.1328125 0.1328125
2 0.353515625 0.09375 0.123046875 0.115234375
2 0.919921875 0.3076171875 0.130859375 0.1279296875
0 0.5703125 0.4208984375 0.154296875 0.138671875
0 0.728515625 0.669921875 0.1220703125 0.138671875
0 0.7001953125 0.8818359375 0.119140625 0.1455078125
0 0.5087890625 0.9150390625 0.109375 0.150390625
0 0.3798828125 0.8662109375 0.1044921875 0.1484375
0 0.078125 0.453125 0.107421875 0.169921875
0 0.4150390625 0.384765625 0.1201171875 0.15625
0 0.552734375 0.626953125 0.1298828125 0.1142578125
0 0.87890625 0.7490234375 0.119140625 0.126953125