0 0.28515625 0.6865234375 0.09375 0.115234375
2 0.1015625 0.751953125 0.1044921875 0.150390625
0 0.5830078125 0.689453125 0.1044921875 0.125
2 0.142578125 0.150390625 0.083984375 0.1142578125
2 0.900390625 0.1064453125 0.0966796875 0.119140625
2 0.396484375 0.1240234375 0.09375 0.1123046875
2 0.85546875 0.318359375 0.1201171875 0.1171875
0 0.8828125 0.9375 0.1015625 0.1064453125
0 0.6416015625 0.49609375 0.1171875 0.1279296875
0 0.8779296875 0.533203125 0.091796875 0.1123046875
0 0.279296875 0.4892578125 0.099609375 0.09375
0 0.4150390625 0.66796875 0.1123046875 0.123046875
2 0.2763671875 0.3046875 0.0908203125 0.1484375
2 0.861328125 0.728515625 0.09375 0.1220703125
2 0.552734375 0.9052734375 0.0830078125 0.1044921875
2 0.6689453125 0.1337890625 0.0859375 0.099609375
2 0.7099609375 0.8671875 0.0810546875 0.1044921875
2 0.107421875 0.4189453125 0.080078125 0.0888671875
0 0.3857421875 0.88671875 0.1044921875 0.111328125
0 0.4267578125 0.349609375 0.1015625 0.1298828125