0 0.5087890625 0.296875 0.119140625 0.1298828125
0 0.8515625 0.234375 0.1123046875 0.1201171875
0 0.3857421875 0.533203125 0.125 0.140625
0 0.9306640625 0.41015625 0.130859375 0.1298828125
0 0.4853515625 0.802734375 0.119140625 0.126953125
2 0.2451171875 0.658203125 0.103515625 0.125
0 0.1123046875 0.357421875 0.115234375 0.126953125
0 0.2373046875 0.888671875 0.140625 0.150390625
2 0.8271484375 0.6640625 0.1357421875 0.123046875
2 0.4765625 0.154296875 0.115234375 0.1328125
2 0.677734375 0.275390625 0.1044921875 0.1279296875
2 0.9619140625 0.634765625 0.076171875 0.109375
2 0.712890625 0.7890625 0.1201171875 0.138671875
2 0.708984375 0.470703125 0.1064453125 0.1201171875
2 0.333984375 0.126953125 0.0986328125 0.119140625
0 0.83203125 0.0517578125 0.1171875 0.103515625
2 0.0380859375 0.197265625 0.076171875 0.1689453125
2 0.271484375 0.33203125 0.0986328125 0.1142578125
0 0.533203125 0.5546875 0.1123046875 0.123046875
2 0.6552734375 0.052734375 0.111328125 0.1044921875