0 0.5 0.9228515625 0.111328125 0.0966796875
0 0.66015625 0.931640625 0.1064453125 0.1064453125
0 0.365234375 0.5859375 0.0908203125 0.115234375
0 0.904296875 0.1357421875 0.119140625 0.1220703125
0 0.490234375 0.341796875 0.095703125 0.1064453125
2 0.1240234375 0.2333984375 0.09375 0.1435546875
0 0.44140625 0.185546875 0.09375 0.0986328125
2 0.689453125 0.7099609375 0.103515625 0.130859375
0 0.685546875 0.4931640625 0.099609375 0.103515625
2 0.857421875 0.5927734375 0.087890625 0.1123046875
2 0.083984375 0.8525390625 0.1201171875 0.1533203125
2 0.5263671875 0.69140625 0.0908203125 0.099609375
2 0.9267578125 0.787109375 0.0966796875 0.115234375
2 0.3310546875 0.791015625 0.0986328125 0.115234375
0 0.615234375 0.123046875 0.099609375 0.1220703125
0 0.888671875 0.3623046875 0.1044921875 0.1064453125
2 0.0712890625 0.556640625 0.099609375 0.1298828125
2 0.697265625 0.3564453125 0.1064453125 0.087890625
0 0.267578125 0.1865234375 0.115234375 0.1435546875
2 0.236328125 0.4287109375 0.1220703125 0.1376953125