0 0.8505859375 0.0654296875 0.1142578125 0.130859375
0 0.92578125 0.267578125 0.1123046875 0.1298828125
2 0.0576171875 0.265625 0.115234375 0.125
2 0.47265625 0.1435546875 0.115234375 0.111328125
0 0.765625 0.302734375 0.1171875 0.125
0 0.4375 0.34765625 0.111328125 0.126953125
0 0.33203125 0.884765625 0.1220703125 0.125
2 0.1240234375 0.7802734375 0.107421875 0.107421875
2 0.634765625 0.306640625 0.109375 0.126953125
2 0.2294921875 0.248046875 0.0966796875 0.1064453125
0 0.150390625 0.435546875 0.1142578125 0.1298828125
2 0.4384765625 0.5751953125 0.1044921875 0.142578125
0 0.666015625 0.81640625 0.0986328125 0.1220703125
2 0.8291015625 0.6259765625 0.103515625 0.1611328125
2 0.6982421875 0.107421875 0.1015625 0.099609375
0 0.626953125 0.505859375 0.123046875 0.125
2 0.3056640625 0.630859375 0.1171875 0.142578125
0 0.802734375 0.833984375 0.103515625 0.1376953125
0 0.4794921875 0.814453125 0.1279296875 0.1376953125
0 0.9541015625 0.822265625 0.091796875 0.119140625