0 0.748046875 0.1298828125 0.125 0.1171875
0 0.3046875 0.822265625 0.109375 0.115234375
0 0.1318359375 0.86328125 0.115234375 0.123046875
0 0.546875 0.7470703125 0.1171875 0.109375
0 0.380859375 0.5966796875 0.107421875 0.111328125
2 0.451171875 0.37890625 0.0908203125 0.1171875
0 0.8955078125 0.8759765625 0.091796875 0.1201171875
2 0.490234375 0.119140625 0.107421875 0.1123046875
0 0.9375 0.185546875 0.109375 0.1279296875
0 0.1015625 0.1494140625 0.103515625 0.134765625
2 0.0966796875 0.3544921875 0.087890625 0.123046875
0 0.5615234375 0.9150390625 0.0986328125 0.1123046875
2 0.73828125 0.9052734375 0.0966796875 0.0986328125
0 0.6904296875 0.654296875 0.09375 0.09375
2 0.841796875 0.564453125 0.0986328125 0.1201171875
2 0.607421875 0.318359375 0.0830078125 0.126953125
2 0.310546875 0.396484375 0.091796875 0.1015625
2 0.11328125 0.560546875 0.095703125 0.0810546875
2 0.806640625 0.3671875 0.1015625 0.1044921875
2 0.255859375 0.158203125 0.1123046875 0.1376953125