2 0.537109375 0.630859375 0.0966796875 0.1142578125
2 0.734375 0.1748046875 0.095703125 0.1279296875
2 0.8583984375 0.650390625 0.1220703125 0.1455078125
0 0.560546875 0.359375 0.103515625 0.126953125
0 0.357421875 0.7275390625 0.109375 0.1015625
0 0.8642578125 0.8681640625 0.115234375 0.1357421875
2 0.5419921875 0.865234375 0.1044921875 0.125
0 0.0576171875 0.322265625 0.0986328125 0.125
0 0.08203125 0.775390625 0.115234375 0.1220703125
2 0.1123046875 0.595703125 0.0859375 0.1015625
0 0.8828125 0.2783203125 0.091796875 0.119140625
0 0.892578125 0.0732421875 0.1123046875 0.1298828125
0 0.2451171875 0.3349609375 0.095703125 0.0986328125
0 0.1142578125 0.087890625 0.107421875 0.1064453125
0 0.400390625 0.1953125 0.1044921875 0.109375
0 0.6982421875 0.876953125 0.0986328125 0.103515625
0 0.576171875 0.125 0.103515625 0.1533203125
2 0.259765625 0.513671875 0.103515625 0.1142578125
2 0.7529296875 0.390625 0.0986328125 0.1328125
0 0.71484375 0.583984375 0.09375 0.119140625