0 0.4658203125 0.7216796875 0.099609375 0.099609375
2 0.3369140625 0.5361328125 0.103515625 0.111328125
2 0.056640625 0.1865234375 0.103515625 0.146484375
0 0.4365234375 0.134765625 0.1044921875 0.1201171875
0 0.181640625 0.5126953125 0.095703125 0.1279296875
0 0.828125 0.6123046875 0.126953125 0.125
2 0.248046875 0.13671875 0.1123046875 0.109375
2 0.4775390625 0.916015625 0.115234375 0.1015625
2 0.654296875 0.1552734375 0.109375 0.126953125
0 0.6806640625 0.8603515625 0.09375 0.0966796875
0 0.126953125 0.732421875 0.119140625 0.1298828125
2 0.822265625 0.884765625 0.119140625 0.111328125
0 0.2568359375 0.701171875 0.0966796875 0.091796875
0 0.791015625 0.09375 0.1015625 0.125
0 0.505859375 0.3359375 0.095703125 0.126953125
0 0.4833984375 0.5380859375 0.1201171875 0.130859375
2 0.3271484375 0.3076171875 0.109375 0.0986328125
0 0.783203125 0.28515625 0.109375 0.1123046875
2 0.666015625 0.521484375 0.1044921875 0.1328125
2 0.1552734375 0.921875 0.103515625 0.103515625