0 0.931640625 0.427734375 0.126953125 0.162109375
2 0.123046875 0.4716796875 0.1171875 0.154296875
2 0.18359375 0.7919921875 0.115234375 0.1171875
2 0.0419921875 0.828125 0.083984375 0.1064453125
0 0.8876953125 0.642578125 0.103515625 0.115234375
2 0.310546875 0.580078125 0.099609375 0.0966796875
2 0.8623046875 0.837890625 0.1376953125 0.1357421875
2 0.498046875 0.884765625 0.1064453125 0.119140625
2 0.9716796875 0.2607421875 0.056640625 0.119140625
0 0.3740234375 0.7666015625 0.115234375 0.126953125
2 0.5341796875 0.087890625 0.1123046875 0.1357421875
0 0.5126953125 0.3330078125 0.130859375 0.154296875
0 0.697265625 0.8505859375 0.126953125 0.123046875
2 0.69140625 0.248046875 0.103515625 0.125
2 0.330078125 0.388671875 0.1142578125 0.1171875
0 0.470703125 0.521484375 0.109375 0.126953125
2 0.353515625 0.177734375 0.130859375 0.138671875
2 0.166015625 0.193359375 0.126953125 0.1376953125