0 0.8876953125 0.41796875 0.1201171875 0.1435546875
0 0.1259765625 0.85546875 0.123046875 0.1484375
0 0.412109375 0.630859375 0.123046875 0.1201171875
0 0.73046875 0.5556640625 0.115234375 0.1376953125
2 0.203125 0.5322265625 0.1220703125 0.1455078125
2 0.791015625 0.2421875 0.1357421875 0.1484375
2 0.40234375 0.4384765625 0.1328125 0.1484375
2 0.287109375 0.845703125 0.107421875 0.125
2 0.630859375 0.08984375 0.1142578125 0.1484375
0 0.5634765625 0.30859375 0.125 0.1376953125
2 0.5458984375 0.8857421875 0.1201171875 0.1201171875
2 0.080078125 0.6474609375 0.111328125 0.103515625
0 0.05078125 0.2236328125 0.1015625 0.146484375
2 0.5908203125 0.5888671875 0.1015625 0.115234375
0 0.94140625 0.8017578125 0.1171875 0.1533203125
0 0.92578125 0.6220703125 0.1484375 0.1591796875
2 0.3759765625 0.1865234375 0.1220703125 0.1279296875
2 0.185546875 0.3115234375 0.1201171875 0.1513671875
2 0.779296875 0.05078125 0.107421875 0.1015625
2 0.6953125 0.8359375 0.115234375 0.123046875