0 0.6884765625 0.9345703125 0.119140625 0.1279296875
0 0.1650390625 0.068359375 0.123046875 0.1357421875
2 0.9375 0.4306640625 0.125 0.158203125
0 0.421875 0.541015625 0.1201171875 0.146484375
2 0.865234375 0.943359375 0.1123046875 0.1123046875
0 0.552734375 0.19140625 0.1123046875 0.1376953125
2 0.876953125 0.22265625 0.123046875 0.1611328125
2 0.791015625 0.783203125 0.095703125 0.1142578125
2 0.568359375 0.755859375 0.1044921875 0.107421875
0 0.25390625 0.544921875 0.1171875 0.142578125
0 0.544921875 0.923828125 0.111328125 0.1484375
2 0.1123046875 0.41015625 0.125 0.134765625
2 0.2080078125 0.83984375 0.1171875 0.140625
0 0.3828125 0.1025390625 0.109375 0.1123046875
0 0.7529296875 0.494140625 0.099609375 0.1298828125
0 0.060546875 0.7158203125 0.1201171875 0.150390625
2 0.6064453125 0.431640625 0.1328125 0.158203125
2 0.27734375 0.3125 0.1220703125 0.130859375
0 0.3505859375 0.75 0.126953125 0.142578125
2 0.7138671875 0.2138671875 0.1298828125 0.138671875