0 0.595703125 0.138671875 0.1064453125 0.1142578125
0 0.150390625 0.390625 0.1044921875 0.1064453125
0 0.412109375 0.6123046875 0.095703125 0.1279296875
2 0.095703125 0.615234375 0.091796875 0.1328125
2 0.8974609375 0.8271484375 0.103515625 0.119140625
0 0.451171875 0.1650390625 0.0986328125 0.109375
2 0.5888671875 0.345703125 0.0966796875 0.1328125
2 0.919921875 0.18359375 0.095703125 0.1171875
2 0.8935546875 0.40625 0.0908203125 0.123046875
0 0.0986328125 0.888671875 0.09375 0.0986328125
2 0.5849609375 0.88671875 0.0966796875 0.1044921875
2 0.296875 0.158203125 0.095703125 0.1015625
2 0.8896484375 0.587890625 0.095703125 0.142578125
0 0.724609375 0.693359375 0.109375 0.1220703125
0 0.0986328125 0.1328125 0.095703125 0.1220703125
2 0.2744140625 0.8125 0.087890625 0.107421875
2 0.4423828125 0.892578125 0.1015625 0.1328125
0 0.552734375 0.54296875 0.0986328125 0.140625
2 0.345703125 0.4140625 0.095703125 0.107421875
2 0.7646484375 0.201171875 0.0966796875 0.1376953125