2 0.87109375 0.529296875 0.1171875 0.1376953125
2 0.1337890625 0.880859375 0.107421875 0.1064453125
2 0.91796875 0.2216796875 0.1123046875 0.1171875
0 0.3056640625 0.8759765625 0.1142578125 0.1123046875
0 0.146484375 0.1708984375 0.109375 0.125
2 0.4931640625 0.8154296875 0.109375 0.138671875
2 0.71484375 0.1728515625 0.091796875 0.1171875
0 0.2900390625 0.3486328125 0.1220703125 0.1123046875
0 0.5283203125 0.140625 0.1142578125 0.1171875
0 0.501953125 0.326171875 0.1044921875 0.134765625
2 0.908203125 0.740234375 0.0908203125 0.1279296875
2 0.302734375 0.7177734375 0.0966796875 0.103515625
2 0.1357421875 0.572265625 0.103515625 0.130859375
2 0.12109375 0.357421875 0.125 0.1591796875
2 0.873046875 0.943359375 0.1064453125 0.1123046875
0 0.3095703125 0.154296875 0.1201171875 0.1298828125
2 0.4580078125 0.49609375 0.0859375 0.0986328125
0 0.693359375 0.572265625 0.1123046875 0.154296875
0 0.7099609375 0.8720703125 0.115234375 0.1171875
2 0.666015625 0.341796875 0.099609375 0.1357421875