0 0.0908203125 0.6533203125 0.099609375 0.146484375
2 0.8759765625 0.455078125 0.09375 0.140625
2 0.7548828125 0.1533203125 0.0986328125 0.1015625
2 0.900390625 0.087890625 0.0986328125 0.0908203125
0 0.091796875 0.4345703125 0.0859375 0.1015625
2 0.6708984375 0.384765625 0.0859375 0.0830078125
2 0.080078125 0.236328125 0.1171875 0.1171875
2 0.4287109375 0.1220703125 0.087890625 0.1044921875
2 0.0537109375 0.830078125 0.095703125 0.103515625
0 0.572265625 0.21484375 0.0966796875 0.109375
2 0.544921875 0.9111328125 0.0908203125 0.1220703125
0 0.51953125 0.666015625 0.107421875 0.1376953125
0 0.240234375 0.193359375 0.107421875 0.1044921875
2 0.3603515625 0.7841796875 0.0830078125 0.111328125
2 0.6875 0.576171875 0.0966796875 0.1015625
0 0.5244140625 0.47265625 0.0908203125 0.111328125
2 0.705078125 0.7880859375 0.111328125 0.1201171875
2 0.8857421875 0.736328125 0.1064453125 0.1201171875