0 0.3515625 0.505859375 0.1044921875 0.138671875
0 0.9267578125 0.5830078125 0.111328125 0.125
2 0.3037109375 0.8505859375 0.1064453125 0.1171875
0 0.23046875 0.6611328125 0.1064453125 0.1328125
0 0.4736328125 0.3388671875 0.1142578125 0.1220703125
2 0.4150390625 0.15625 0.1201171875 0.1220703125
0 0.6484375 0.193359375 0.146484375 0.150390625
2 0.712890625 0.4560546875 0.1064453125 0.1220703125
2 0.251953125 0.12109375 0.0859375 0.1357421875
2 0.560546875 0.56640625 0.1015625 0.1279296875
2 0.865234375 0.298828125 0.0966796875 0.1015625
2 0.72265625 0.892578125 0.1015625 0.1435546875
2 0.0673828125 0.111328125 0.107421875 0.109375
2 0.162109375 0.92578125 0.083984375 0.103515625
2 0.529296875 0.888671875 0.1123046875 0.111328125
2 0.716796875 0.677734375 0.109375 0.109375
0 0.9287109375 0.095703125 0.095703125 0.119140625
0 0.244140625 0.333984375 0.1015625 0.115234375
2 0.111328125 0.353515625 0.1201171875 0.115234375