0 0.7265625 0.9130859375 0.109375 0.134765625
0 0.904296875 0.484375 0.1201171875 0.126953125
0 0.279296875 0.873046875 0.109375 0.1220703125
0 0.720703125 0.6904296875 0.1044921875 0.1123046875
2 0.927734375 0.3193359375 0.111328125 0.1376953125
2 0.4267578125 0.619140625 0.099609375 0.1142578125
0 0.236328125 0.630859375 0.130859375 0.1279296875
0 0.5703125 0.6455078125 0.1142578125 0.1357421875
0 0.056640625 0.8203125 0.1123046875 0.146484375
2 0.615234375 0.421875 0.1123046875 0.1201171875
2 0.884765625 0.712890625 0.1279296875 0.166015625
2 0.462890625 0.8525390625 0.111328125 0.115234375
2 0.1103515625 0.326171875 0.126953125 0.1484375
2 0.857421875 0.9384765625 0.1015625 0.123046875
0 0.294921875 0.455078125 0.1201171875 0.150390625
0 0.7353515625 0.248046875 0.125 0.154296875
0 0.4609375 0.263671875 0.130859375 0.138671875
2 0.087890625 0.630859375 0.109375 0.125
2 0.7470703125 0.498046875 0.115234375 0.138671875
2 0.1669921875 0.083984375 0.1171875 0.1171875