0 0.3876953125 0.4892578125 0.1015625 0.1142578125
0 0.5986328125 0.2666015625 0.09375 0.1298828125
0 0.251953125 0.3056640625 0.1015625 0.1044921875
2 0.8955078125 0.2001953125 0.0908203125 0.1142578125
0 0.923828125 0.888671875 0.1171875 0.1279296875
2 0.0986328125 0.7607421875 0.1123046875 0.1142578125
2 0.765625 0.8720703125 0.099609375 0.1376953125
0 0.55078125 0.47265625 0.0986328125 0.1015625
0 0.6982421875 0.4267578125 0.087890625 0.115234375
0 0.6123046875 0.931640625 0.087890625 0.1044921875
2 0.736328125 0.216796875 0.111328125 0.1123046875
2 0.677734375 0.658203125 0.0810546875 0.1064453125
2 0.404296875 0.177734375 0.0908203125 0.109375
2 0.8720703125 0.4482421875 0.083984375 0.1201171875
2 0.365234375 0.8955078125 0.095703125 0.095703125
2 0.8935546875 0.669921875 0.078125 0.1015625
2 0.5693359375 0.671875 0.078125 0.1015625
0 0.0888671875 0.193359375 0.1142578125 0.1142578125
0 0.2314453125 0.7021484375 0.091796875 0.1357421875
2 0.1728515625 0.498046875 0.099609375 0.1435546875