0 0.7177734375 0.146484375 0.115234375 0.1435546875
0 0.7939453125 0.923828125 0.099609375 0.1220703125
2 0.873046875 0.4658203125 0.1142578125 0.126953125
0 0.6298828125 0.361328125 0.109375 0.1123046875
2 0.34765625 0.873046875 0.119140625 0.1220703125
2 0.634765625 0.5439453125 0.1201171875 0.1044921875
0 0.0771484375 0.5048828125 0.107421875 0.125
0 0.111328125 0.1083984375 0.1142578125 0.119140625
0 0.8642578125 0.6884765625 0.125 0.130859375
0 0.2548828125 0.3671875 0.123046875 0.1484375
0 0.4267578125 0.330078125 0.115234375 0.1455078125
2 0.5126953125 0.162109375 0.123046875 0.1220703125
2 0.6904296875 0.75 0.1201171875 0.107421875
2 0.2890625 0.0732421875 0.099609375 0.1015625
2 0.5244140625 0.8310546875 0.1044921875 0.138671875
2 0.3134765625 0.5908203125 0.095703125 0.1123046875
0 0.1298828125 0.310546875 0.1064453125 0.1279296875
2 0.4404296875 0.572265625 0.095703125 0.099609375
0 0.880859375 0.16796875 0.1123046875 0.1376953125
0 0.15234375 0.7890625 0.111328125 0.1376953125