0 0.2998046875 0.080078125 0.119140625 0.119140625
2 0.7841796875 0.9560546875 0.1123046875 0.087890625
0 0.615234375 0.408203125 0.1376953125 0.1357421875
0 0.4443359375 0.396484375 0.1220703125 0.123046875
2 0.8720703125 0.4326171875 0.1142578125 0.1298828125
0 0.103515625 0.41015625 0.126953125 0.130859375
2 0.275390625 0.8271484375 0.115234375 0.1298828125
2 0.240234375 0.5537109375 0.1123046875 0.130859375
2 0.595703125 0.9150390625 0.1142578125 0.1220703125
2 0.8505859375 0.21875 0.140625 0.146484375
2 0.25390625 0.349609375 0.1064453125 0.125
2 0.4306640625 0.8359375 0.1044921875 0.1044921875
2 0.0966796875 0.7568359375 0.134765625 0.130859375
2 0.87109375 0.7890625 0.119140625 0.1376953125
2 0.126953125 0.21875 0.1328125 0.1279296875
2 0.8564453125 0.615234375 0.1064453125 0.1015625
2 0.4521484375 0.169921875 0.1376953125 0.130859375
2 0.6826171875 0.640625 0.1513671875 0.1591796875
2 0.685546875 0.2275390625 0.1455078125 0.162109375