0 0.9345703125 0.52734375 0.1064453125 0.1044921875
2 0.2978515625 0.865234375 0.1201171875 0.123046875
0 0.5078125 0.916015625 0.125 0.1376953125
0 0.138671875 0.4267578125 0.134765625 0.1298828125
0 0.048828125 0.806640625 0.0966796875 0.142578125
0 0.744140625 0.966796875 0.1220703125 0.0654296875
2 0.265625 0.669921875 0.1298828125 0.130859375
0 0.53515625 0.732421875 0.1279296875 0.142578125
2 0.400390625 0.2060546875 0.1220703125 0.146484375
2 0.630859375 0.1318359375 0.1376953125 0.1435546875
0 0.271484375 0.060546875 0.125 0.1201171875
2 0.166015625 0.234375 0.1201171875 0.1279296875
2 0.091796875 0.6572265625 0.119140625 0.1201171875
0 0.7294921875 0.7216796875 0.115234375 0.1435546875
2 0.974609375 0.279296875 0.0498046875 0.154296875
2 0.7939453125 0.3359375 0.1298828125 0.150390625
2 0.9091796875 0.6923828125 0.109375 0.115234375
2 0.7275390625 0.5478515625 0.1220703125 0.130859375
2 0.330078125 0.470703125 0.1455078125 0.1435546875
2 0.607421875 0.498046875 0.1328125 0.1640625