2 0.3642578125 0.1337890625 0.109375 0.134765625
0 0.259765625 0.654296875 0.09375 0.103515625
0 0.7265625 0.6435546875 0.1298828125 0.1171875
0 0.8974609375 0.669921875 0.126953125 0.1171875
0 0.525390625 0.244140625 0.111328125 0.111328125
0 0.658203125 0.8310546875 0.0986328125 0.115234375
0 0.703125 0.1328125 0.103515625 0.1064453125
0 0.818359375 0.865234375 0.099609375 0.1015625
0 0.44921875 0.501953125 0.1279296875 0.1298828125
0 0.1064453125 0.3994140625 0.109375 0.1142578125
2 0.583984375 0.4892578125 0.119140625 0.123046875
2 0.20703125 0.8447265625 0.0966796875 0.123046875
2 0.1015625 0.689453125 0.091796875 0.1015625
0 0.9404296875 0.451171875 0.0888671875 0.107421875
2 0.7861328125 0.3486328125 0.091796875 0.1171875
2 0.189453125 0.1259765625 0.1015625 0.1298828125
2 0.87890625 0.146484375 0.095703125 0.1298828125
2 0.2822265625 0.341796875 0.109375 0.1328125
2 0.4365234375 0.6806640625 0.1123046875 0.111328125
0 0.48046875 0.857421875 0.115234375 0.1220703125