2 0.3046875 0.8740234375 0.125 0.146484375
0 0.654296875 0.345703125 0.0888671875 0.125
2 0.908203125 0.134765625 0.109375 0.1220703125
2 0.111328125 0.904296875 0.103515625 0.1064453125
2 0.572265625 0.1181640625 0.0908203125 0.1279296875
2 0.419921875 0.1572265625 0.095703125 0.111328125
2 0.513671875 0.884765625 0.1015625 0.126953125
2 0.251953125 0.33203125 0.095703125 0.1015625
2 0.4501953125 0.337890625 0.083984375 0.109375
2 0.111328125 0.1298828125 0.103515625 0.107421875
0 0.7431640625 0.119140625 0.095703125 0.107421875
2 0.103515625 0.3583984375 0.091796875 0.1044921875
2 0.923828125 0.345703125 0.087890625 0.1044921875
2 0.806640625 0.3359375 0.103515625 0.1591796875
2 0.9189453125 0.591796875 0.103515625 0.1064453125
0 0.373046875 0.630859375 0.107421875 0.126953125
2 0.1865234375 0.533203125 0.107421875 0.1484375
0 0.650390625 0.5380859375 0.0966796875 0.109375
0 0.6826171875 0.857421875 0.125 0.1201171875
0 0.923828125 0.884765625 0.0859375 0.1123046875