0 0.28515625 0.3134765625 0.09375 0.115234375
2 0.1015625 0.248046875 0.1044921875 0.150390625
0 0.5830078125 0.310546875 0.1044921875 0.125
2 0.142578125 0.849609375 0.083984375 0.1142578125
2 0.900390625 0.8935546875 0.0966796875 0.119140625
2 0.396484375 0.8759765625 0.09375 0.1123046875
2 0.85546875 0.681640625 0.1201171875 0.1171875
0 0.8828125 0.0625 0.1015625 0.1064453125
0 0.6416015625 0.50390625 0.1171875 0.1279296875
0 0.8779296875 0.466796875 0.091796875 0.1123046875
0 0.279296875 0.5107421875 0.099609375 0.09375
0 0.4150390625 0.33203125 0.1123046875 0.123046875
2 0.2763671875 0.6953125 0.0908203125 0.1484375
2 0.861328125 0.271484375 0.09375 0.1220703125
2 0.552734375 0.0947265625 0.0830078125 0.1044921875
2 0.6689453125 0.8662109375 0.0859375 0.099609375
2 0.7099609375 0.1328125 0.0810546875 0.1044921875
2 0.107421875 0.5810546875 0.080078125 0.0888671875
0 0.3857421875 0.11328125 0.1044921875 0.111328125
0 0.4267578125 0.650390625 0.1015625 0.1298828125