2 0.0615234375 0.3408203125 0.123046875 0.142578125
2 0.248046875 0.306640625 0.125 0.146484375
0 0.87109375 0.083984375 0.130859375 0.130859375
0 0.12109375 0.5859375 0.125 0.1484375
2 0.9296875 0.8095703125 0.1357421875 0.1455078125
0 0.5283203125 0.1025390625 0.115234375 0.1328125
2 0.3232421875 0.5302734375 0.125 0.1201171875
2 0.689453125 0.654296875 0.123046875 0.1640625
0 0.685546875 0.083984375 0.1376953125 0.134765625
0 0.634765625 0.369140625 0.115234375 0.142578125
2 0.490234375 0.7861328125 0.1328125 0.162109375
2 0.431640625 0.3154296875 0.125 0.134765625
2 0.7060546875 0.873046875 0.125 0.1328125
2 0.435546875 0.478515625 0.125 0.166015625
2 0.384765625 0.12890625 0.109375 0.1171875
2 0.3359375 0.7333984375 0.109375 0.1220703125
0 0.841796875 0.484375 0.1435546875 0.1484375
2 0.20703125 0.88671875 0.126953125 0.1435546875
2 0.779296875 0.3076171875 0.1123046875 0.119140625
2 0.3544921875 0.9443359375 0.140625 0.111328125