2 0.94140625 0.357421875 0.1171875 0.146484375
2 0.7587890625 0.314453125 0.1279296875 0.150390625
0 0.1435546875 0.0712890625 0.134765625 0.134765625
0 0.8759765625 0.5986328125 0.1279296875 0.150390625
2 0.064453125 0.7939453125 0.12890625 0.146484375
0 0.486328125 0.1015625 0.119140625 0.134765625
2 0.6748046875 0.537109375 0.126953125 0.123046875
2 0.3056640625 0.6474609375 0.1279296875 0.166015625
0 0.3291015625 0.078125 0.140625 0.1376953125
0 0.3701171875 0.3642578125 0.1201171875 0.1435546875
2 0.5009765625 0.787109375 0.1376953125 0.166015625
2 0.5751953125 0.318359375 0.1279296875 0.1357421875
2 0.2802734375 0.8662109375 0.1279296875 0.1357421875
2 0.564453125 0.48046875 0.1279296875 0.1689453125
2 0.62890625 0.1328125 0.1123046875 0.1201171875
2 0.6552734375 0.7392578125 0.1123046875 0.125
0 0.158203125 0.47265625 0.146484375 0.1513671875
2 0.779296875 0.896484375 0.1298828125 0.1455078125
2 0.228515625 0.298828125 0.115234375 0.1220703125
2 0.6298828125 0.9462890625 0.1435546875 0.107421875