0 0.5625 0.1337890625 0.130859375 0.142578125
2 0.4208984375 0.7802734375 0.1298828125 0.1298828125
2 0.259765625 0.818359375 0.1328125 0.1328125
2 0.1220703125 0.35546875 0.126953125 0.169921875
0 0.5732421875 0.9345703125 0.146484375 0.130859375
0 0.9775390625 0.2861328125 0.044921875 0.1376953125
0 0.390625 0.09765625 0.1220703125 0.125
2 0.5390625 0.5703125 0.138671875 0.1376953125
2 0.4384765625 0.341796875 0.103515625 0.1298828125
2 0.759765625 0.93359375 0.109375 0.119140625
0 0.1083984375 0.6875 0.134765625 0.1484375
2 0.193359375 0.1259765625 0.1376953125 0.1669921875
2 0.900390625 0.57421875 0.126953125 0.1171875
2 0.7353515625 0.1435546875 0.109375 0.1220703125
0 0.6259765625 0.736328125 0.1455078125 0.169921875
2 0.869140625 0.2275390625 0.1123046875 0.123046875
0 0.294921875 0.3134765625 0.1171875 0.134765625
2 0.740234375 0.4814453125 0.123046875 0.1376953125
0 0.8447265625 0.791015625 0.125 0.1357421875
2 0.34375 0.556640625 0.1328125 0.138671875