2 0.6796875 0.1123046875 0.1328125 0.140625
2 0.2568359375 0.634765625 0.119140625 0.1455078125
2 0.8642578125 0.63671875 0.099609375 0.1201171875
0 0.708984375 0.7763671875 0.115234375 0.1298828125
2 0.296875 0.3583984375 0.1044921875 0.107421875
0 0.060546875 0.5029296875 0.109375 0.1357421875
0 0.1083984375 0.9384765625 0.138671875 0.123046875
2 0.8896484375 0.396484375 0.095703125 0.1123046875
0 0.111328125 0.6982421875 0.1171875 0.150390625
2 0.501953125 0.5654296875 0.111328125 0.125
2 0.6572265625 0.4970703125 0.099609375 0.109375
2 0.8515625 0.865234375 0.125 0.142578125
2 0.712890625 0.2978515625 0.09375 0.1201171875
0 0.865234375 0.1484375 0.1044921875 0.111328125
0 0.279296875 0.853515625 0.125 0.1279296875
2 0.544921875 0.13671875 0.1015625 0.123046875
0 0.2841796875 0.1728515625 0.103515625 0.1142578125
0 0.54296875 0.7646484375 0.115234375 0.130859375
0 0.4580078125 0.373046875 0.1171875 0.1142578125