0 0.93359375 0.1572265625 0.1142578125 0.1123046875
0 0.802734375 0.3828125 0.1044921875 0.1123046875
0 0.416015625 0.3291015625 0.109375 0.1455078125
2 0.2451171875 0.873046875 0.158203125 0.166015625
2 0.4580078125 0.5634765625 0.115234375 0.1123046875
0 0.8486328125 0.861328125 0.107421875 0.111328125
2 0.091796875 0.52734375 0.1123046875 0.1533203125
2 0.9501953125 0.345703125 0.099609375 0.1328125
2 0.240234375 0.658203125 0.115234375 0.140625
2 0.15625 0.2900390625 0.119140625 0.138671875
2 0.427734375 0.1240234375 0.1142578125 0.1279296875
2 0.583984375 0.16796875 0.107421875 0.130859375
2 0.443359375 0.8603515625 0.1455078125 0.138671875
0 0.20703125 0.0615234375 0.1171875 0.123046875
2 0.6220703125 0.3642578125 0.0986328125 0.1220703125
0 0.6484375 0.583984375 0.1171875 0.1357421875
0 0.7255859375 0.791015625 0.1201171875 0.1328125
2 0.744140625 0.142578125 0.126953125 0.1640625
0 0.0654296875 0.8515625 0.123046875 0.1357421875