2 0.056640625 0.8662109375 0.1123046875 0.138671875
0 0.70703125 0.7822265625 0.1064453125 0.125
0 0.9462890625 0.4052734375 0.107421875 0.123046875
2 0.1435546875 0.287109375 0.111328125 0.1220703125
0 0.759765625 0.3828125 0.099609375 0.115234375
2 0.23828125 0.876953125 0.111328125 0.1298828125
2 0.505859375 0.6484375 0.1123046875 0.1298828125
2 0.662109375 0.9453125 0.1328125 0.109375
0 0.6806640625 0.580078125 0.1123046875 0.1328125
2 0.6884765625 0.1484375 0.1279296875 0.1435546875
2 0.53125 0.1474609375 0.095703125 0.1015625
2 0.302734375 0.5224609375 0.107421875 0.109375
0 0.8125 0.8818359375 0.109375 0.119140625
0 0.9326171875 0.158203125 0.125 0.138671875
2 0.84375 0.5869140625 0.126953125 0.1513671875
2 0.5693359375 0.375 0.1279296875 0.142578125
2 0.396484375 0.359375 0.0986328125 0.103515625
0 0.095703125 0.5498046875 0.1123046875 0.1357421875
2 0.4736328125 0.912109375 0.125 0.1484375
2 0.3486328125 0.146484375 0.109375 0.1171875