0 0.1376953125 0.849609375 0.099609375 0.0986328125
0 0.572265625 0.75390625 0.0986328125 0.125
2 0.193359375 0.150390625 0.111328125 0.130859375
0 0.2802734375 0.3876953125 0.1123046875 0.1171875
0 0.7607421875 0.259765625 0.107421875 0.1171875
2 0.349609375 0.123046875 0.0908203125 0.1044921875
2 0.8935546875 0.8681640625 0.09375 0.1298828125
0 0.5380859375 0.25390625 0.1044921875 0.142578125
0 0.919921875 0.1689453125 0.107421875 0.1064453125
0 0.12109375 0.388671875 0.1123046875 0.115234375
0 0.25 0.626953125 0.083984375 0.1015625
2 0.1083984375 0.59765625 0.1015625 0.1064453125
0 0.728515625 0.9365234375 0.095703125 0.1171875
0 0.935546875 0.361328125 0.107421875 0.1123046875
2 0.306640625 0.8076171875 0.103515625 0.0966796875
2 0.884765625 0.5986328125 0.115234375 0.1484375
0 0.751953125 0.466796875 0.095703125 0.119140625
0 0.568359375 0.4873046875 0.095703125 0.1201171875
0 0.7568359375 0.6513671875 0.1142578125 0.140625
0 0.396484375 0.6103515625 0.0888671875 0.109375