0 0.248046875 0.943359375 0.1328125 0.1123046875
2 0.0966796875 0.447265625 0.119140625 0.130859375
0 0.65625 0.755859375 0.125 0.1376953125
0 0.04296875 0.2333984375 0.0859375 0.126953125
0 0.7607421875 0.482421875 0.115234375 0.1328125
2 0.748046875 0.2275390625 0.130859375 0.146484375
2 0.615234375 0.3095703125 0.134765625 0.142578125
2 0.2490234375 0.29296875 0.1201171875 0.1298828125
0 0.416015625 0.466796875 0.1142578125 0.130859375
2 0.486328125 0.677734375 0.115234375 0.1142578125
0 0.9033203125 0.3984375 0.1171875 0.126953125
2 0.5302734375 0.880859375 0.109375 0.1064453125
2 0.818359375 0.724609375 0.1201171875 0.1533203125
0 0.43359375 0.271484375 0.1298828125 0.1513671875
2 0.5625 0.140625 0.130859375 0.1279296875
2 0.275390625 0.5615234375 0.1201171875 0.1357421875
2 0.1669921875 0.767578125 0.115234375 0.138671875
2 0.3115234375 0.7587890625 0.1064453125 0.142578125
0 0.58984375 0.5283203125 0.1123046875 0.1171875
2 0.9638671875 0.5712890625 0.072265625 0.1201171875