0 0.3486328125 0.673828125 0.123046875 0.1220703125
0 0.19921875 0.439453125 0.0986328125 0.126953125
2 0.244140625 0.2294921875 0.103515625 0.1171875
0 0.083984375 0.2470703125 0.107421875 0.1201171875
2 0.779296875 0.66796875 0.126953125 0.130859375
0 0.130859375 0.6220703125 0.109375 0.1142578125
0 0.8896484375 0.41015625 0.1123046875 0.119140625
0 0.7431640625 0.912109375 0.1201171875 0.1142578125
0 0.5751953125 0.357421875 0.103515625 0.109375
2 0.408203125 0.1826171875 0.1123046875 0.1171875
0 0.337890625 0.927734375 0.1142578125 0.1376953125
2 0.1650390625 0.841796875 0.111328125 0.134765625
0 0.33984375 0.37109375 0.1064453125 0.1171875
0 0.560546875 0.900390625 0.111328125 0.1201171875
2 0.9345703125 0.7861328125 0.130859375 0.1376953125
2 0.7646484375 0.4384765625 0.111328125 0.125
0 0.525390625 0.572265625 0.099609375 0.1201171875
2 0.6044921875 0.1259765625 0.1142578125 0.1328125
2 0.9462890625 0.6279296875 0.0830078125 0.0986328125
2 0.802734375 0.220703125 0.125 0.146484375