2 0.453125 0.6767578125 0.0986328125 0.1015625
0 0.158203125 0.3984375 0.099609375 0.0986328125
0 0.2529296875 0.115234375 0.09375 0.107421875
0 0.400390625 0.1201171875 0.1044921875 0.140625
0 0.263671875 0.8662109375 0.1064453125 0.103515625
2 0.5517578125 0.236328125 0.095703125 0.1123046875
2 0.673828125 0.525390625 0.0986328125 0.146484375
0 0.876953125 0.8505859375 0.0966796875 0.1279296875
2 0.6875 0.8642578125 0.1044921875 0.1220703125
2 0.1025390625 0.185546875 0.0908203125 0.125
2 0.123046875 0.884765625 0.107421875 0.1123046875
0 0.12109375 0.625 0.09375 0.107421875
0 0.4658203125 0.8818359375 0.1064453125 0.1220703125
2 0.861328125 0.474609375 0.109375 0.150390625
2 0.810546875 0.1142578125 0.099609375 0.1357421875
2 0.908203125 0.6689453125 0.1064453125 0.103515625
2 0.501953125 0.462890625 0.099609375 0.130859375
2 0.3642578125 0.3525390625 0.1123046875 0.1123046875
0 0.849609375 0.291015625 0.1015625 0.130859375
0 0.283203125 0.6396484375 0.09375 0.099609375