2 0.11328125 0.6689453125 0.1064453125 0.126953125
0 0.107421875 0.890625 0.109375 0.115234375
2 0.3486328125 0.4248046875 0.095703125 0.146484375
0 0.603515625 0.431640625 0.0908203125 0.1220703125
2 0.6669921875 0.169921875 0.0986328125 0.0908203125
2 0.8212890625 0.103515625 0.0986328125 0.103515625
0 0.146484375 0.4189453125 0.1064453125 0.1015625
0 0.771484375 0.345703125 0.099609375 0.1015625
0 0.37890625 0.1650390625 0.095703125 0.1123046875
2 0.8935546875 0.333984375 0.0859375 0.109375
0 0.546875 0.595703125 0.095703125 0.109375
2 0.9482421875 0.583984375 0.103515625 0.134765625
2 0.7109375 0.775390625 0.0830078125 0.103515625
2 0.931640625 0.8125 0.099609375 0.1171875
2 0.25390625 0.8701171875 0.083984375 0.103515625
2 0.755859375 0.578125 0.1044921875 0.140625
0 0.544921875 0.169921875 0.0986328125 0.1142578125
2 0.48828125 0.802734375 0.107421875 0.1220703125
2 0.2626953125 0.6103515625 0.111328125 0.1298828125
0 0.205078125 0.208984375 0.0908203125 0.111328125