0 0.322265625 0.3525390625 0.109375 0.1044921875
0 0.919921875 0.3583984375 0.099609375 0.107421875
0 0.9345703125 0.123046875 0.099609375 0.1357421875
0 0.427734375 0.11328125 0.0966796875 0.1015625
0 0.48828125 0.828125 0.109375 0.130859375
0 0.935546875 0.5517578125 0.109375 0.1123046875
0 0.091796875 0.0859375 0.1142578125 0.119140625
2 0.326171875 0.8720703125 0.0830078125 0.134765625
0 0.783203125 0.751953125 0.1044921875 0.1142578125
0 0.6943359375 0.134765625 0.095703125 0.109375
0 0.2626953125 0.189453125 0.1044921875 0.123046875
0 0.357421875 0.6005859375 0.1171875 0.1435546875
0 0.646484375 0.7080078125 0.0986328125 0.1015625
2 0.134765625 0.6513671875 0.1015625 0.0908203125
0 0.115234375 0.4775390625 0.1171875 0.1435546875
2 0.7783203125 0.568359375 0.0908203125 0.0986328125
2 0.1669921875 0.873046875 0.095703125 0.109375
2 0.640625 0.376953125 0.109375 0.1328125
2 0.6484375 0.9423828125 0.115234375 0.1015625
2 0.4892578125 0.298828125 0.091796875 0.1142578125