0 0.0966796875 0.9150390625 0.1201171875 0.125
0 0.7548828125 0.1083984375 0.115234375 0.115234375
0 0.595703125 0.8583984375 0.130859375 0.1298828125
2 0.5458984375 0.095703125 0.1220703125 0.138671875
0 0.787109375 0.724609375 0.115234375 0.111328125
2 0.2236328125 0.181640625 0.099609375 0.125
0 0.8515625 0.5078125 0.123046875 0.123046875
2 0.287109375 0.939453125 0.125 0.1201171875
2 0.6025390625 0.4111328125 0.1220703125 0.1357421875
2 0.310546875 0.6728515625 0.099609375 0.142578125
0 0.44140625 0.822265625 0.107421875 0.146484375
2 0.416015625 0.337890625 0.1123046875 0.1376953125
0 0.939453125 0.841796875 0.109375 0.150390625
2 0.0634765625 0.203125 0.1064453125 0.1171875
2 0.16015625 0.69140625 0.0888671875 0.0966796875
2 0.5927734375 0.61328125 0.103515625 0.0986328125
2 0.91796875 0.2294921875 0.109375 0.109375
2 0.251953125 0.4345703125 0.1220703125 0.1357421875
2 0.404296875 0.169921875 0.115234375 0.1357421875