0 0.8916015625 0.81640625 0.107421875 0.1064453125
0 0.4501953125 0.759765625 0.109375 0.1328125
2 0.7744140625 0.125 0.1220703125 0.140625
0 0.708984375 0.369140625 0.1220703125 0.126953125
0 0.21875 0.283203125 0.1171875 0.125
2 0.6171875 0.111328125 0.0986328125 0.1123046875
2 0.1396484375 0.900390625 0.1044921875 0.1376953125
0 0.4404296875 0.2578125 0.1171875 0.150390625
0 0.0556640625 0.20703125 0.111328125 0.1142578125
0 0.8681640625 0.3564453125 0.1220703125 0.125
0 0.759765625 0.6044921875 0.091796875 0.107421875
2 0.8984375 0.5634765625 0.111328125 0.1142578125
0 0.3115234375 0.9462890625 0.1044921875 0.107421875
0 0.056640625 0.400390625 0.1123046875 0.1220703125
2 0.7197265625 0.7900390625 0.1123046875 0.1044921875
2 0.125 0.630859375 0.1279296875 0.1591796875
0 0.2470703125 0.4892578125 0.1044921875 0.125
0 0.431640625 0.494140625 0.1044921875 0.1279296875
0 0.2568359375 0.673828125 0.125 0.150390625
0 0.6123046875 0.6005859375 0.0966796875 0.1171875