0 0.6943359375 0.892578125 0.126953125 0.126953125
0 0.0546875 0.474609375 0.109375 0.1220703125
0 0.1328125 0.6650390625 0.1220703125 0.1357421875
2 0.8955078125 0.6552734375 0.111328125 0.1279296875
2 0.771484375 0.099609375 0.1171875 0.142578125
0 0.8544921875 0.84765625 0.119140625 0.123046875
2 0.39453125 0.1416015625 0.1279296875 0.126953125
0 0.6650390625 0.677734375 0.1435546875 0.1513671875
2 0.3671875 0.9384765625 0.1123046875 0.123046875
0 0.0615234375 0.236328125 0.123046875 0.146484375
0 0.6083984375 0.1123046875 0.123046875 0.1201171875
0 0.50390625 0.7236328125 0.111328125 0.130859375
0 0.52734375 0.931640625 0.115234375 0.123046875
2 0.4443359375 0.38671875 0.1298828125 0.146484375
2 0.71875 0.455078125 0.130859375 0.1298828125
0 0.873046875 0.2958984375 0.126953125 0.158203125
2 0.2578125 0.171875 0.1044921875 0.1201171875
2 0.205078125 0.4873046875 0.1064453125 0.109375
2 0.322265625 0.666015625 0.1298828125 0.15625
0 0.177734375 0.8623046875 0.1279296875 0.1591796875