0 0.130859375 0.8974609375 0.1201171875 0.126953125
0 0.287109375 0.33203125 0.111328125 0.1201171875
0 0.2373046875 0.091796875 0.1015625 0.1201171875
0 0.9345703125 0.1552734375 0.1044921875 0.1298828125
2 0.28125 0.513671875 0.0908203125 0.126953125
0 0.9189453125 0.4609375 0.1044921875 0.1142578125
0 0.4462890625 0.673828125 0.0908203125 0.1064453125
0 0.7802734375 0.90234375 0.1044921875 0.107421875
0 0.53125 0.119140625 0.1171875 0.1201171875
2 0.7451171875 0.681640625 0.0966796875 0.119140625
2 0.5771484375 0.380859375 0.0888671875 0.109375
2 0.275390625 0.8671875 0.087890625 0.103515625
2 0.6796875 0.1474609375 0.107421875 0.15625
0 0.912109375 0.66796875 0.103515625 0.1201171875
2 0.119140625 0.1767578125 0.091796875 0.111328125
2 0.306640625 0.7236328125 0.1064453125 0.0986328125
2 0.4345703125 0.3037109375 0.1171875 0.134765625
0 0.576171875 0.8818359375 0.0986328125 0.1171875
2 0.7607421875 0.4931640625 0.0908203125 0.154296875
2 0.107421875 0.3583984375 0.107421875 0.107421875