2 0.912109375 0.912109375 0.1171875 0.1279296875
0 0.2646484375 0.7587890625 0.09375 0.115234375
0 0.060546875 0.359375 0.107421875 0.1142578125
2 0.876953125 0.3251953125 0.0986328125 0.1123046875
0 0.2548828125 0.3564453125 0.0908203125 0.107421875
2 0.720703125 0.9013671875 0.0986328125 0.1201171875
2 0.478515625 0.646484375 0.099609375 0.1201171875
2 0.291015625 0.9375 0.1201171875 0.1201171875
0 0.3125 0.560546875 0.099609375 0.123046875
2 0.349609375 0.130859375 0.115234375 0.1328125
2 0.505859375 0.146484375 0.0859375 0.09375
2 0.693359375 0.54296875 0.0986328125 0.099609375
0 0.1494140625 0.8466796875 0.099609375 0.109375
0 0.10546875 0.115234375 0.1123046875 0.1279296875
2 0.1494140625 0.5498046875 0.1123046875 0.140625
2 0.443359375 0.369140625 0.115234375 0.130859375
2 0.6181640625 0.37109375 0.0888671875 0.095703125
0 0.896484375 0.591796875 0.099609375 0.126953125
2 0.4833984375 0.9130859375 0.111328125 0.1376953125
2 0.6875 0.1640625 0.099609375 0.107421875