0 0.5439453125 0.814453125 0.1123046875 0.109375
0 0.755859375 0.1533203125 0.083984375 0.123046875
2 0.0634765625 0.16015625 0.107421875 0.1142578125
0 0.7587890625 0.66796875 0.09375 0.1015625
0 0.552734375 0.533203125 0.0986328125 0.1044921875
2 0.775390625 0.873046875 0.115234375 0.0966796875
2 0.2080078125 0.126953125 0.0986328125 0.140625
0 0.0537109375 0.53515625 0.099609375 0.109375
0 0.59765625 0.3154296875 0.1015625 0.1015625
0 0.3955078125 0.525390625 0.099609375 0.1142578125
2 0.51953125 0.107421875 0.0986328125 0.126953125
2 0.1220703125 0.876953125 0.091796875 0.111328125
2 0.7568359375 0.486328125 0.0908203125 0.1142578125
2 0.8876953125 0.158203125 0.0986328125 0.107421875
0 0.4169921875 0.32421875 0.1015625 0.142578125
2 0.904296875 0.345703125 0.0859375 0.083984375
0 0.8896484375 0.5380859375 0.1220703125 0.1435546875
2 0.34765625 0.8486328125 0.103515625 0.1142578125
0 0.234375 0.4375 0.103515625 0.134765625