0 0.541015625 0.5439453125 0.1171875 0.1201171875
0 0.5146484375 0.7177734375 0.107421875 0.107421875
0 0.123046875 0.595703125 0.1123046875 0.1201171875
0 0.8603515625 0.7197265625 0.103515625 0.1279296875
0 0.32421875 0.341796875 0.1044921875 0.1357421875
0 0.7177734375 0.1455078125 0.1064453125 0.1455078125
2 0.5546875 0.9228515625 0.1220703125 0.146484375
2 0.732421875 0.5078125 0.109375 0.123046875
0 0.279296875 0.8662109375 0.119140625 0.125
2 0.0927734375 0.833984375 0.1015625 0.1357421875
2 0.673828125 0.703125 0.103515625 0.1044921875
0 0.490234375 0.267578125 0.107421875 0.1171875
2 0.359375 0.572265625 0.0986328125 0.1279296875
2 0.912109375 0.2314453125 0.1044921875 0.123046875
2 0.8359375 0.9462890625 0.1015625 0.107421875
0 0.158203125 0.3603515625 0.107421875 0.1298828125
2 0.9482421875 0.4912109375 0.0966796875 0.1201171875
2 0.705078125 0.3232421875 0.1064453125 0.107421875
2 0.16015625 0.1591796875 0.1298828125 0.115234375