0 0.712890625 0.7197265625 0.109375 0.1123046875
0 0.455078125 0.3525390625 0.1015625 0.0986328125
2 0.1357421875 0.8681640625 0.115234375 0.142578125
2 0.283203125 0.470703125 0.0986328125 0.123046875
0 0.8671875 0.865234375 0.0966796875 0.125
0 0.6494140625 0.322265625 0.1142578125 0.111328125
0 0.1455078125 0.162109375 0.1171875 0.109375
0 0.3447265625 0.65625 0.0966796875 0.123046875
0 0.134765625 0.412109375 0.1015625 0.126953125
2 0.73828125 0.537109375 0.103515625 0.1064453125
0 0.1181640625 0.5869140625 0.0986328125 0.109375
0 0.345703125 0.857421875 0.111328125 0.109375
2 0.4990234375 0.080078125 0.0966796875 0.140625
0 0.8974609375 0.4208984375 0.1015625 0.125
2 0.4912109375 0.5751953125 0.0888671875 0.107421875
2 0.869140625 0.634765625 0.095703125 0.1171875
2 0.892578125 0.0712890625 0.1123046875 0.1201171875
0 0.294921875 0.2177734375 0.107421875 0.1484375
2 0.5634765625 0.857421875 0.109375 0.126953125
2 0.671875 0.166015625 0.1123046875 0.126953125