0 0.6552734375 0.4990234375 0.109375 0.130859375
2 0.634765625 0.2802734375 0.1328125 0.1591796875
0 0.9013671875 0.482421875 0.1220703125 0.1201171875
0 0.087890625 0.65625 0.1142578125 0.1171875
0 0.6943359375 0.9130859375 0.130859375 0.142578125
2 0.4521484375 0.126953125 0.0986328125 0.1142578125
2 0.064453125 0.84765625 0.1201171875 0.1376953125
0 0.1865234375 0.1357421875 0.1171875 0.1171875
2 0.5205078125 0.8955078125 0.119140625 0.1279296875
0 0.455078125 0.330078125 0.1455078125 0.138671875
0 0.7197265625 0.671875 0.1015625 0.1044921875
2 0.38671875 0.595703125 0.119140625 0.1279296875
2 0.3388671875 0.8076171875 0.1064453125 0.138671875
0 0.228515625 0.33984375 0.1142578125 0.1123046875
2 0.904296875 0.1806640625 0.107421875 0.119140625
2 0.544921875 0.6982421875 0.107421875 0.115234375
0 0.2216796875 0.5322265625 0.115234375 0.15625
0 0.2236328125 0.828125 0.111328125 0.1611328125
2 0.8427734375 0.8515625 0.087890625 0.1279296875
0 0.8955078125 0.658203125 0.1220703125 0.125