0 0.3974609375 0.91015625 0.130859375 0.1220703125
0 0.240234375 0.880859375 0.1298828125 0.1298828125
0 0.609375 0.615234375 0.115234375 0.1328125
0 0.1943359375 0.060546875 0.142578125 0.12109375
0 0.548828125 0.3486328125 0.119140625 0.125
2 0.9287109375 0.33203125 0.125 0.162109375
0 0.6328125 0.208984375 0.1142578125 0.119140625
2 0.2646484375 0.658203125 0.130859375 0.1513671875
0 0.3212890625 0.4482421875 0.1220703125 0.123046875
2 0.130859375 0.50390625 0.1123046875 0.1298828125
2 0.818359375 0.9267578125 0.154296875 0.146484375
2 0.427734375 0.6787109375 0.111328125 0.119140625
2 0.0380859375 0.6748046875 0.076171875 0.134765625
2 0.5927734375 0.8232421875 0.123046875 0.1357421875
0 0.4794921875 0.107421875 0.125 0.142578125
0 0.1552734375 0.2724609375 0.126953125 0.1279296875
2 0.90234375 0.658203125 0.1279296875 0.150390625
2 0.3427734375 0.3125 0.123046875 0.109375
0 0.80078125 0.251953125 0.146484375 0.1669921875
2 0.7724609375 0.494140625 0.1513671875 0.1640625