0 0.2783203125 0.2451171875 0.1201171875 0.109375
2 0.2431640625 0.671875 0.0966796875 0.1015625
2 0.490234375 0.1591796875 0.1064453125 0.111328125
0 0.4677734375 0.333984375 0.1044921875 0.099609375
0 0.7421875 0.140625 0.1044921875 0.130859375
2 0.6171875 0.587890625 0.0986328125 0.125
2 0.82421875 0.892578125 0.09375 0.1171875
0 0.115234375 0.365234375 0.1044921875 0.1015625
2 0.77734375 0.38671875 0.1064453125 0.1298828125
0 0.466796875 0.587890625 0.0966796875 0.103515625
0 0.6396484375 0.876953125 0.109375 0.142578125
0 0.306640625 0.859375 0.0888671875 0.0986328125
2 0.4892578125 0.8359375 0.09375 0.1171875
2 0.611328125 0.4111328125 0.087890625 0.1357421875
2 0.9189453125 0.1572265625 0.126953125 0.0986328125
2 0.111328125 0.1416015625 0.1015625 0.1201171875
0 0.1328125 0.8603515625 0.1044921875 0.1357421875
2 0.9375 0.5146484375 0.1123046875 0.1435546875
2 0.298828125 0.45703125 0.091796875 0.1123046875
2 0.826171875 0.677734375 0.119140625 0.0986328125