2 0.568359375 0.8642578125 0.109375 0.1220703125
0 0.6201171875 0.2880859375 0.1201171875 0.1201171875
0 0.517578125 0.4375 0.119140625 0.123046875
0 0.9013671875 0.5322265625 0.1123046875 0.1220703125
0 0.84375 0.0498046875 0.1220703125 0.099609375
0 0.216796875 0.439453125 0.1220703125 0.130859375
0 0.689453125 0.0595703125 0.107421875 0.119140625
2 0.35546875 0.2021484375 0.134765625 0.166015625
0 0.5966796875 0.626953125 0.126953125 0.1376953125
0 0.2333984375 0.892578125 0.1298828125 0.1484375
2 0.369140625 0.4873046875 0.103515625 0.123046875
2 0.197265625 0.197265625 0.115234375 0.1171875
0 0.0654296875 0.2685546875 0.130859375 0.126953125
0 0.1796875 0.703125 0.1328125 0.140625
2 0.818359375 0.251953125 0.1171875 0.1513671875
2 0.552734375 0.078125 0.1123046875 0.1220703125
2 0.7275390625 0.607421875 0.111328125 0.1298828125
2 0.353515625 0.703125 0.1533203125 0.146484375
2 0.9677734375 0.763671875 0.064453125 0.1201171875
0 0.716796875 0.849609375 0.1279296875 0.1533203125