2 0.873046875 0.8544921875 0.1328125 0.138671875
2 0.7177734375 0.59765625 0.1015625 0.1201171875
0 0.3544921875 0.892578125 0.1142578125 0.1298828125
2 0.8662109375 0.1845703125 0.111328125 0.150390625
2 0.59375 0.2041015625 0.1201171875 0.146484375
2 0.8798828125 0.63671875 0.126953125 0.1279296875
2 0.05078125 0.404296875 0.1015625 0.125
2 0.4287109375 0.1142578125 0.1064453125 0.138671875
2 0.421875 0.423828125 0.087890625 0.09375
2 0.5830078125 0.8095703125 0.099609375 0.126953125
2 0.6142578125 0.431640625 0.109375 0.134765625
0 0.880859375 0.388671875 0.111328125 0.134765625
2 0.29296875 0.173828125 0.1142578125 0.123046875
0 0.095703125 0.73828125 0.1220703125 0.125
2 0.123046875 0.2099609375 0.1064453125 0.0908203125
0 0.271484375 0.7265625 0.107421875 0.1123046875
0 0.2470703125 0.4501953125 0.107421875 0.142578125
2 0.1865234375 0.939453125 0.1171875 0.1201171875
0 0.5439453125 0.619140625 0.1044921875 0.130859375
2 0.728515625 0.90625 0.1201171875 0.1142578125