0 0.2666015625 0.37109375 0.1279296875 0.1328125
0 0.8798828125 0.447265625 0.1357421875 0.130859375
2 0.5830078125 0.1884765625 0.1123046875 0.1064453125
2 0.107421875 0.34375 0.1201171875 0.1376953125
2 0.05078125 0.5078125 0.1015625 0.1533203125
2 0.423828125 0.1826171875 0.109375 0.1279296875
0 0.8544921875 0.8203125 0.1328125 0.1484375
0 0.599609375 0.408203125 0.111328125 0.1142578125
2 0.1064453125 0.1474609375 0.1201171875 0.123046875
2 0.2158203125 0.8662109375 0.099609375 0.109375
0 0.5595703125 0.740234375 0.1201171875 0.1279296875
2 0.0634765625 0.73046875 0.1201171875 0.1298828125
2 0.8134765625 0.205078125 0.119140625 0.140625
2 0.447265625 0.375 0.1044921875 0.1171875
0 0.2431640625 0.5810546875 0.1201171875 0.138671875
0 0.380859375 0.7099609375 0.1220703125 0.125
2 0.5712890625 0.9443359375 0.1171875 0.111328125
2 0.349609375 0.876953125 0.119140625 0.1298828125
2 0.2998046875 0.1005859375 0.1201171875 0.173828125