0 0.650390625 0.115234375 0.1015625 0.111328125
0 0.2646484375 0.119140625 0.1044921875 0.1044921875
2 0.076171875 0.330078125 0.09375 0.1044921875
0 0.7041015625 0.65234375 0.099609375 0.1044921875
2 0.6689453125 0.888671875 0.115234375 0.119140625
2 0.353515625 0.701171875 0.0908203125 0.1142578125
0 0.505859375 0.62109375 0.1015625 0.1220703125
0 0.431640625 0.314453125 0.099609375 0.095703125
0 0.87109375 0.126953125 0.111328125 0.1279296875
0 0.888671875 0.4287109375 0.103515625 0.1357421875
0 0.513671875 0.083984375 0.0908203125 0.1171875
2 0.5 0.880859375 0.1064453125 0.1357421875
2 0.341796875 0.484375 0.0986328125 0.0888671875
0 0.583984375 0.380859375 0.107421875 0.1044921875
0 0.185546875 0.650390625 0.103515625 0.109375
2 0.892578125 0.876953125 0.0810546875 0.103515625
2 0.0830078125 0.8486328125 0.091796875 0.1142578125
2 0.908203125 0.654296875 0.0908203125 0.115234375
0 0.2412109375 0.337890625 0.1044921875 0.134765625