0 0.7607421875 0.126953125 0.0986328125 0.1123046875
0 0.123046875 0.439453125 0.1142578125 0.1142578125
2 0.84765625 0.322265625 0.0966796875 0.126953125
0 0.619140625 0.59375 0.1044921875 0.103515625
0 0.1357421875 0.916015625 0.099609375 0.1064453125
0 0.873046875 0.669921875 0.099609375 0.1298828125
0 0.794921875 0.861328125 0.1064453125 0.1298828125
0 0.31640625 0.9248046875 0.095703125 0.1142578125
0 0.423828125 0.2216796875 0.107421875 0.1142578125
0 0.623046875 0.7763671875 0.103515625 0.140625
0 0.26171875 0.318359375 0.1064453125 0.125
2 0.2763671875 0.55078125 0.0986328125 0.099609375
0 0.3212890625 0.74609375 0.095703125 0.125
2 0.916015625 0.1318359375 0.0908203125 0.1328125
2 0.1220703125 0.248046875 0.1064453125 0.109375
0 0.4677734375 0.8037109375 0.0966796875 0.1015625
2 0.6162109375 0.126953125 0.0986328125 0.1279296875
0 0.130859375 0.7421875 0.111328125 0.130859375
2 0.6181640625 0.361328125 0.126953125 0.1357421875
2 0.466796875 0.4111328125 0.1142578125 0.1357421875