0 0.751953125 0.6845703125 0.1171875 0.1123046875
0 0.779296875 0.1240234375 0.1220703125 0.1484375
0 0.2470703125 0.3935546875 0.1279296875 0.150390625
0 0.419921875 0.408203125 0.1044921875 0.1298828125
2 0.185546875 0.166015625 0.1123046875 0.1201171875
2 0.818359375 0.4912109375 0.103515625 0.1220703125
2 0.5712890625 0.2978515625 0.111328125 0.1298828125
0 0.107421875 0.5693359375 0.1123046875 0.1376953125
2 0.2333984375 0.734375 0.1015625 0.130859375
0 0.0830078125 0.3818359375 0.142578125 0.1298828125
2 0.583984375 0.537109375 0.1220703125 0.1123046875
2 0.8212890625 0.330078125 0.09375 0.107421875
2 0.9267578125 0.162109375 0.1044921875 0.125
0 0.564453125 0.8505859375 0.119140625 0.138671875
0 0.904296875 0.732421875 0.1279296875 0.1455078125
2 0.896484375 0.9228515625 0.1220703125 0.126953125
2 0.4052734375 0.0634765625 0.126953125 0.125
2 0.716796875 0.9091796875 0.125 0.154296875
0 0.072265625 0.791015625 0.119140625 0.140625
2 0.3994140625 0.716796875 0.115234375 0.140625