0 0.61328125 0.4970703125 0.1142578125 0.125
0 0.4306640625 0.744140625 0.109375 0.140625
0 0.7705078125 0.662109375 0.1123046875 0.115234375
2 0.14453125 0.845703125 0.103515625 0.123046875
0 0.048828125 0.1669921875 0.0966796875 0.140625
2 0.8662109375 0.1923828125 0.125 0.1279296875
2 0.19140625 0.1630859375 0.115234375 0.1484375
0 0.453125 0.533203125 0.109375 0.1123046875
0 0.3115234375 0.5966796875 0.1015625 0.125
0 0.3359375 0.0859375 0.099609375 0.1142578125
2 0.298828125 0.810546875 0.123046875 0.125
2 0.3037109375 0.3642578125 0.091796875 0.1142578125
2 0.634765625 0.8076171875 0.103515625 0.119140625
2 0.1376953125 0.5966796875 0.0986328125 0.1298828125
2 0.5849609375 0.091796875 0.1044921875 0.1064453125
2 0.087890625 0.3798828125 0.0908203125 0.111328125
2 0.41015625 0.337890625 0.0908203125 0.109375
0 0.94140625 0.755859375 0.1171875 0.126953125
0 0.7421875 0.2666015625 0.107421875 0.146484375
2 0.8251953125 0.4619140625 0.1171875 0.154296875