2 0.439453125 0.0947265625 0.138671875 0.1328125
0 0.234375 0.63671875 0.140625 0.1484375
0 0.7841796875 0.0771484375 0.140625 0.1435546875
0 0.0341796875 0.2373046875 0.068359375 0.1279296875
2 0.548828125 0.4794921875 0.130859375 0.1513671875
0 0.3310546875 0.4765625 0.130859375 0.126953125
2 0.263671875 0.13671875 0.1357421875 0.1376953125
0 0.8203125 0.505859375 0.1328125 0.142578125
0 0.357421875 0.314453125 0.115234375 0.119140625
0 0.787109375 0.7333984375 0.1357421875 0.1298828125
2 0.2412109375 0.93359375 0.142578125 0.1328125
2 0.6533203125 0.837890625 0.1328125 0.1513671875
0 0.640625 0.103515625 0.138671875 0.158203125
2 0.529296875 0.33203125 0.1357421875 0.1357421875
2 0.376953125 0.8544921875 0.140625 0.15625
2 0.0859375 0.6787109375 0.126953125 0.1435546875
2 0.5009765625 0.6875 0.1357421875 0.1455078125
2 0.1064453125 0.4189453125 0.1044921875 0.107421875
2 0.9345703125 0.671875 0.1123046875 0.123046875
2 0.798828125 0.328125 0.1142578125 0.126953125