0 0.896484375 0.451171875 0.1123046875 0.109375
2 0.25390625 0.3603515625 0.09375 0.142578125
0 0.423828125 0.1279296875 0.1123046875 0.1220703125
0 0.56640625 0.712890625 0.1142578125 0.1171875
0 0.37109375 0.541015625 0.1015625 0.1064453125
2 0.83203125 0.6513671875 0.0966796875 0.1015625
2 0.4072265625 0.3369140625 0.0888671875 0.109375
0 0.8076171875 0.873046875 0.1064453125 0.099609375
0 0.119140625 0.333984375 0.091796875 0.1064453125
0 0.7978515625 0.115234375 0.115234375 0.119140625
0 0.5625 0.5224609375 0.1064453125 0.1015625
2 0.0576171875 0.671875 0.1044921875 0.1015625
0 0.162109375 0.169921875 0.0908203125 0.1220703125
2 0.76171875 0.361328125 0.1015625 0.1142578125
0 0.5625 0.9326171875 0.095703125 0.109375
2 0.5810546875 0.1376953125 0.095703125 0.115234375
2 0.2197265625 0.90625 0.1123046875 0.1123046875
2 0.39453125 0.763671875 0.0986328125 0.1123046875
2 0.578125 0.337890625 0.1142578125 0.1298828125
0 0.2060546875 0.703125 0.0986328125 0.123046875