0 0.626953125 0.4580078125 0.103515625 0.123046875
0 0.1396484375 0.314453125 0.0986328125 0.1376953125
0 0.6884765625 0.8759765625 0.0966796875 0.1142578125
2 0.892578125 0.1162109375 0.0986328125 0.1123046875
0 0.1025390625 0.84765625 0.1015625 0.107421875
0 0.4736328125 0.11328125 0.111328125 0.1123046875
2 0.8662109375 0.646484375 0.09375 0.1298828125
0 0.2548828125 0.892578125 0.09375 0.146484375
2 0.244140625 0.4853515625 0.0986328125 0.099609375
2 0.4404296875 0.806640625 0.09375 0.1064453125
0 0.4345703125 0.4931640625 0.0986328125 0.125
2 0.859375 0.8388671875 0.0966796875 0.119140625
0 0.1083984375 0.119140625 0.09375 0.1142578125
0 0.322265625 0.19921875 0.119140625 0.125
2 0.0810546875 0.6220703125 0.083984375 0.1171875
2 0.615234375 0.2431640625 0.0966796875 0.134765625
2 0.802734375 0.4423828125 0.0908203125 0.130859375
0 0.689453125 0.6923828125 0.1064453125 0.119140625
2 0.7529296875 0.203125 0.1279296875 0.126953125
2 0.2705078125 0.724609375 0.1171875 0.1220703125