0 0.7607421875 0.89453125 0.111328125 0.1220703125
0 0.0927734375 0.123046875 0.1142578125 0.1513671875
2 0.9208984375 0.3564453125 0.1201171875 0.150390625
0 0.4306640625 0.5546875 0.1123046875 0.138671875
2 0.939453125 0.892578125 0.1044921875 0.142578125
0 0.498046875 0.1875 0.1044921875 0.130859375
2 0.8232421875 0.162109375 0.1142578125 0.154296875
2 0.8359375 0.728515625 0.087890625 0.109375
2 0.611328125 0.740234375 0.0986328125 0.103515625
0 0.2646484375 0.587890625 0.107421875 0.1357421875
0 0.6181640625 0.9091796875 0.103515625 0.142578125
2 0.103515625 0.478515625 0.1171875 0.1279296875
2 0.271484375 0.884765625 0.109375 0.134765625
0 0.3154296875 0.12890625 0.103515625 0.1064453125
0 0.748046875 0.4501953125 0.091796875 0.123046875
0 0.103515625 0.7900390625 0.115234375 0.142578125
2 0.591796875 0.4140625 0.123046875 0.1513671875
2 0.248046875 0.3544921875 0.1142578125 0.125
0 0.396484375 0.771484375 0.1171875 0.134765625
2 0.6611328125 0.181640625 0.1220703125 0.1328125