2 0.484375 0.9462890625 0.1064453125 0.1044921875
0 0.3056640625 0.1650390625 0.138671875 0.158203125
2 0.4677734375 0.646484375 0.125 0.1455078125
2 0.06640625 0.537109375 0.1328125 0.1455078125
2 0.6181640625 0.8564453125 0.123046875 0.1220703125
0 0.7939453125 0.033203125 0.126953125 0.06640625
2 0.9267578125 0.734375 0.130859375 0.140625
0 0.341796875 0.712890625 0.1357421875 0.158203125
2 0.759765625 0.2080078125 0.119140625 0.126953125
0 0.6376953125 0.587890625 0.134765625 0.134765625
2 0.7900390625 0.8642578125 0.1357421875 0.150390625
2 0.6708984375 0.0576171875 0.1064453125 0.111328125
2 0.1494140625 0.755859375 0.119140625 0.142578125
2 0.439453125 0.349609375 0.1220703125 0.130859375
0 0.5908203125 0.279296875 0.134765625 0.140625
2 0.4541015625 0.12109375 0.125 0.1298828125
0 0.212890625 0.4873046875 0.125 0.142578125
2 0.1044921875 0.353515625 0.134765625 0.134765625
2 0.3173828125 0.931640625 0.103515625 0.103515625
0 0.90625 0.537109375 0.140625 0.142578125