2 0.078125 0.865234375 0.0986328125 0.1123046875
2 0.416015625 0.841796875 0.119140625 0.1220703125
2 0.2509765625 0.892578125 0.1064453125 0.1064453125
0 0.080078125 0.3388671875 0.115234375 0.1142578125
2 0.126953125 0.5107421875 0.0888671875 0.1279296875
0 0.59375 0.7177734375 0.1044921875 0.1123046875
2 0.9248046875 0.9091796875 0.099609375 0.126953125
0 0.302734375 0.6396484375 0.0966796875 0.1015625
0 0.248046875 0.2880859375 0.0908203125 0.1171875
0 0.900390625 0.6669921875 0.0810546875 0.0986328125
2 0.6669921875 0.2587890625 0.1064453125 0.1044921875
2 0.310546875 0.466796875 0.087890625 0.1201171875
0 0.8515625 0.4345703125 0.103515625 0.1455078125
0 0.7373046875 0.828125 0.103515625 0.125
2 0.5126953125 0.455078125 0.09375 0.0966796875
0 0.3349609375 0.095703125 0.1123046875 0.126953125
2 0.6865234375 0.54296875 0.09375 0.1044921875
0 0.4970703125 0.154296875 0.107421875 0.1123046875
0 0.0859375 0.123046875 0.109375 0.134765625
2 0.90234375 0.2001953125 0.1201171875 0.1220703125