0 0.544921875 0.396484375 0.0908203125 0.1142578125
0 0.759765625 0.181640625 0.109375 0.107421875
0 0.337890625 0.75390625 0.0966796875 0.109375
2 0.876953125 0.376953125 0.0986328125 0.1376953125
0 0.5263671875 0.5771484375 0.095703125 0.119140625
2 0.8955078125 0.873046875 0.099609375 0.1044921875
2 0.3232421875 0.552734375 0.1142578125 0.0986328125
0 0.4921875 0.865234375 0.095703125 0.1220703125
2 0.6787109375 0.4326171875 0.0888671875 0.0986328125
2 0.373046875 0.33984375 0.109375 0.111328125
2 0.671875 0.638671875 0.0908203125 0.1123046875
0 0.8515625 0.591796875 0.119140625 0.111328125
0 0.166015625 0.5859375 0.0888671875 0.109375
0 0.576171875 0.1728515625 0.099609375 0.109375
0 0.6494140625 0.8115234375 0.099609375 0.111328125
2 0.912109375 0.111328125 0.0986328125 0.1015625
0 0.119140625 0.1640625 0.0986328125 0.123046875
0 0.2705078125 0.150390625 0.1044921875 0.146484375
2 0.1875 0.7880859375 0.078125 0.09375
2 0.1416015625 0.3564453125 0.115234375 0.1123046875