0 0.755859375 0.279296875 0.134765625 0.125
2 0.73046875 0.7060546875 0.109375 0.1142578125
2 0.556640625 0.1640625 0.1220703125 0.125
0 0.5546875 0.33984375 0.1171875 0.1142578125
0 0.310546875 0.1103515625 0.1220703125 0.1435546875
2 0.3720703125 0.5703125 0.1142578125 0.1376953125
2 0.1240234375 0.84375 0.109375 0.1279296875
0 0.8994140625 0.419921875 0.1171875 0.115234375
2 0.2412109375 0.349609375 0.123046875 0.1435546875
0 0.5205078125 0.591796875 0.111328125 0.115234375
0 0.3095703125 0.853515625 0.1279296875 0.154296875
0 0.6416015625 0.8828125 0.1015625 0.109375
2 0.4638671875 0.833984375 0.109375 0.1298828125
2 0.40234375 0.396484375 0.1044921875 0.1455078125
2 0.1328125 0.1025390625 0.1376953125 0.115234375
2 0.935546875 0.19921875 0.1171875 0.1328125
0 0.8134765625 0.908203125 0.1220703125 0.1484375
2 0.0654296875 0.4541015625 0.130859375 0.158203125
2 0.705078125 0.4853515625 0.1064453125 0.123046875
2 0.1513671875 0.630859375 0.130859375 0.1142578125