0 0.0966796875 0.904296875 0.109375 0.115234375
0 0.583984375 0.8544921875 0.109375 0.1123046875
0 0.115234375 0.2373046875 0.1064453125 0.134765625
0 0.251953125 0.8369140625 0.1044921875 0.1015625
2 0.375 0.123046875 0.1044921875 0.1220703125
0 0.787109375 0.3896484375 0.0986328125 0.107421875
2 0.6845703125 0.1611328125 0.109375 0.123046875
2 0.72265625 0.896484375 0.103515625 0.095703125
2 0.099609375 0.7099609375 0.09375 0.1171875
0 0.826171875 0.642578125 0.1044921875 0.1044921875
2 0.8935546875 0.8076171875 0.0888671875 0.1171875
2 0.587890625 0.5205078125 0.09375 0.119140625
0 0.5498046875 0.119140625 0.095703125 0.1220703125
0 0.392578125 0.873046875 0.095703125 0.123046875
2 0.912109375 0.376953125 0.099609375 0.1513671875
0 0.1240234375 0.4736328125 0.1015625 0.1328125
2 0.4326171875 0.6669921875 0.0966796875 0.1044921875
2 0.53515625 0.337890625 0.0908203125 0.107421875
2 0.3232421875 0.357421875 0.095703125 0.109375
2 0.9296875 0.197265625 0.1044921875 0.115234375