0 0.46484375 0.3916015625 0.099609375 0.0966796875
0 0.435546875 0.138671875 0.0966796875 0.119140625
2 0.2919921875 0.705078125 0.103515625 0.109375
2 0.919921875 0.53125 0.115234375 0.0966796875
2 0.1044921875 0.603515625 0.099609375 0.1201171875
2 0.537109375 0.826171875 0.109375 0.119140625
0 0.2861328125 0.8994140625 0.103515625 0.1455078125
0 0.7099609375 0.794921875 0.103515625 0.1044921875
0 0.6123046875 0.26953125 0.103515625 0.1015625
2 0.77734375 0.5458984375 0.09375 0.1123046875
2 0.458984375 0.587890625 0.1044921875 0.125
2 0.1240234375 0.8544921875 0.0986328125 0.125
2 0.62890625 0.552734375 0.1064453125 0.142578125
0 0.7470703125 0.3388671875 0.0966796875 0.1064453125
2 0.193359375 0.16796875 0.107421875 0.0966796875
0 0.76953125 0.162109375 0.1123046875 0.115234375
0 0.111328125 0.4091796875 0.1064453125 0.1123046875
0 0.9208984375 0.271484375 0.103515625 0.126953125
0 0.8623046875 0.8662109375 0.099609375 0.107421875
2 0.3125 0.330078125 0.09375 0.1279296875