0 0.7021484375 0.6025390625 0.1064453125 0.1044921875
2 0.1337890625 0.6982421875 0.115234375 0.1044921875
0 0.0986328125 0.255859375 0.1064453125 0.1201171875
2 0.2978515625 0.3896484375 0.103515625 0.1142578125
2 0.857421875 0.130859375 0.103515625 0.1611328125
0 0.5244140625 0.11328125 0.1142578125 0.1357421875
2 0.3544921875 0.89453125 0.099609375 0.1201171875
0 0.833984375 0.4892578125 0.1015625 0.1279296875
2 0.62109375 0.369140625 0.095703125 0.1220703125
2 0.1474609375 0.4658203125 0.1201171875 0.1064453125
2 0.1376953125 0.919921875 0.091796875 0.1123046875
2 0.3203125 0.708984375 0.09375 0.109375
2 0.9091796875 0.640625 0.091796875 0.1044921875
2 0.2763671875 0.197265625 0.1044921875 0.1279296875
2 0.93359375 0.8505859375 0.115234375 0.1123046875
2 0.7568359375 0.814453125 0.0810546875 0.107421875
2 0.474609375 0.5244140625 0.1328125 0.1357421875
2 0.5400390625 0.720703125 0.0908203125 0.0986328125
2 0.455078125 0.3134765625 0.1015625 0.119140625
0 0.7021484375 0.15625 0.111328125 0.1435546875