2 0.28515625 0.3486328125 0.0888671875 0.140625
2 0.48046875 0.3076171875 0.0888671875 0.126953125
2 0.400390625 0.126953125 0.1220703125 0.1455078125
2 0.8837890625 0.9033203125 0.09375 0.115234375
2 0.6875 0.4365234375 0.1142578125 0.125
0 0.154296875 0.3115234375 0.083984375 0.103515625
0 0.755859375 0.7080078125 0.109375 0.1328125
2 0.876953125 0.474609375 0.080078125 0.1201171875
2 0.9091796875 0.6435546875 0.09375 0.1171875
2 0.080078125 0.134765625 0.0859375 0.1220703125
2 0.2548828125 0.6123046875 0.1142578125 0.130859375
2 0.7060546875 0.904296875 0.083984375 0.1044921875
0 0.13671875 0.880859375 0.1044921875 0.1123046875
2 0.2421875 0.154296875 0.0908203125 0.107421875
2 0.435546875 0.5908203125 0.087890625 0.1201171875
2 0.3662109375 0.8134765625 0.1123046875 0.1171875
2 0.5419921875 0.7861328125 0.107421875 0.109375
2 0.107421875 0.5947265625 0.1171875 0.1171875
0 0.818359375 0.2138671875 0.111328125 0.1142578125
0 0.6708984375 0.19140625 0.115234375 0.130859375