2 0.7373046875 0.2216796875 0.1279296875 0.126953125
2 0.1240234375 0.587890625 0.1298828125 0.150390625
0 0.783203125 0.4326171875 0.125 0.146484375
0 0.365234375 0.6162109375 0.103515625 0.119140625
2 0.7822265625 0.669921875 0.0986328125 0.1123046875
2 0.171875 0.072265625 0.095703125 0.1171875
0 0.611328125 0.849609375 0.1123046875 0.1123046875
0 0.9169921875 0.5107421875 0.1015625 0.1455078125
0 0.66796875 0.623046875 0.0986328125 0.1201171875
2 0.755859375 0.8984375 0.1484375 0.146484375
0 0.302734375 0.392578125 0.1142578125 0.125
0 0.1494140625 0.3037109375 0.119140625 0.1328125
2 0.60546875 0.404296875 0.1123046875 0.1123046875
0 0.44921875 0.8779296875 0.1298828125 0.146484375
0 0.900390625 0.275390625 0.103515625 0.1044921875
2 0.44921875 0.1787109375 0.095703125 0.125
0 0.59765625 0.22265625 0.125 0.1357421875
0 0.173828125 0.787109375 0.109375 0.1376953125
0 0.49609375 0.607421875 0.119140625 0.130859375
0 0.443359375 0.4052734375 0.1171875 0.111328125