2 0.912109375 0.580078125 0.1171875 0.1142578125
2 0.9228515625 0.8857421875 0.1279296875 0.126953125
2 0.67578125 0.169921875 0.0966796875 0.1298828125
0 0.12890625 0.19140625 0.123046875 0.125
0 0.8427734375 0.1650390625 0.1044921875 0.107421875
0 0.119140625 0.623046875 0.1015625 0.1279296875
0 0.3017578125 0.6484375 0.109375 0.109375
2 0.587890625 0.8681640625 0.0966796875 0.1279296875
2 0.0615234375 0.8232421875 0.109375 0.1484375
2 0.568359375 0.6640625 0.0888671875 0.1123046875
2 0.9140625 0.3837890625 0.1044921875 0.1044921875
0 0.6845703125 0.4208984375 0.109375 0.1435546875
2 0.3349609375 0.4443359375 0.103515625 0.1279296875
2 0.291015625 0.138671875 0.103515625 0.123046875
0 0.1611328125 0.3876953125 0.0986328125 0.109375
2 0.451171875 0.267578125 0.103515625 0.125
2 0.384765625 0.8232421875 0.126953125 0.1220703125
0 0.7763671875 0.880859375 0.1064453125 0.119140625
2 0.2529296875 0.8515625 0.091796875 0.123046875
2 0.4990234375 0.451171875 0.0966796875 0.1220703125