0 0.732421875 0.7724609375 0.125 0.1279296875
2 0.177734375 0.064453125 0.1298828125 0.1279296875
0 0.8037109375 0.5283203125 0.1123046875 0.126953125
2 0.087890625 0.5673828125 0.138671875 0.1484375
2 0.1943359375 0.841796875 0.1064453125 0.1123046875
2 0.560546875 0.36328125 0.115234375 0.1298828125
0 0.7783203125 0.9541015625 0.111328125 0.091796875
0 0.564453125 0.6591796875 0.126953125 0.1513671875
2 0.068359375 0.794921875 0.109375 0.1171875
2 0.5322265625 0.8671875 0.099609375 0.0966796875
0 0.8798828125 0.748046875 0.123046875 0.130859375
2 0.970703125 0.3134765625 0.05859375 0.115234375
0 0.130859375 0.3134765625 0.126953125 0.146484375
2 0.6845703125 0.1328125 0.125 0.1201171875
2 0.357421875 0.3046875 0.1064453125 0.126953125
2 0.310546875 0.626953125 0.123046875 0.1513671875
2 0.537109375 0.130859375 0.1201171875 0.162109375
2 0.814453125 0.302734375 0.1044921875 0.107421875
2 0.3798828125 0.107421875 0.119140625 0.140625
0 0.3486328125 0.89453125 0.115234375 0.1201171875