0 0.376953125 0.685546875 0.119140625 0.1044921875
0 0.0673828125 0.609375 0.095703125 0.1142578125
2 0.7958984375 0.662109375 0.1171875 0.1298828125
0 0.4345703125 0.212890625 0.109375 0.1064453125
2 0.7998046875 0.1494140625 0.125 0.1220703125
0 0.162109375 0.9150390625 0.0986328125 0.134765625
0 0.3095703125 0.904296875 0.1015625 0.099609375
0 0.654296875 0.11328125 0.095703125 0.134765625
0 0.8828125 0.91015625 0.0966796875 0.1064453125
2 0.2666015625 0.1396484375 0.1171875 0.107421875
2 0.6083984375 0.7158203125 0.0888671875 0.1123046875
2 0.6318359375 0.9052734375 0.0908203125 0.1220703125
2 0.490234375 0.9091796875 0.111328125 0.1142578125
0 0.8046875 0.4375 0.107421875 0.107421875
2 0.568359375 0.5205078125 0.109375 0.0986328125
2 0.2392578125 0.6806640625 0.09375 0.125
0 0.412109375 0.435546875 0.111328125 0.1171875
2 0.248046875 0.3779296875 0.087890625 0.0986328125
0 0.0908203125 0.357421875 0.107421875 0.0986328125
2 0.087890625 0.1435546875 0.099609375 0.109375