0 0.697265625 0.69921875 0.107421875 0.1142578125
0 0.5390625 0.119140625 0.0986328125 0.1123046875
0 0.4912109375 0.5458984375 0.109375 0.1064453125
0 0.697265625 0.3798828125 0.0966796875 0.1298828125
0 0.5166015625 0.7109375 0.115234375 0.1064453125
0 0.1904296875 0.5224609375 0.1064453125 0.1357421875
2 0.904296875 0.5625 0.111328125 0.115234375
2 0.2392578125 0.08203125 0.095703125 0.107421875
0 0.9033203125 0.369140625 0.0908203125 0.107421875
2 0.109375 0.3388671875 0.1015625 0.0986328125
2 0.3232421875 0.462890625 0.09375 0.107421875
2 0.306640625 0.27734375 0.091796875 0.126953125
2 0.833984375 0.1572265625 0.087890625 0.1376953125
2 0.861328125 0.853515625 0.1015625 0.1171875
2 0.68359375 0.875 0.1015625 0.1123046875
2 0.0888671875 0.0927734375 0.099609375 0.111328125
2 0.53515625 0.33984375 0.083984375 0.1064453125
2 0.6865234375 0.12890625 0.078125 0.1064453125
0 0.349609375 0.6767578125 0.103515625 0.138671875
0 0.2529296875 0.884765625 0.0986328125 0.115234375