0 0.560546875 0.408203125 0.1171875 0.111328125
0 0.333984375 0.474609375 0.1142578125 0.1328125
0 0.6884765625 0.63671875 0.134765625 0.1455078125
2 0.3017578125 0.798828125 0.119140625 0.1513671875
0 0.607421875 0.220703125 0.1044921875 0.1142578125
2 0.466796875 0.099609375 0.119140625 0.1201171875
2 0.0791015625 0.4208984375 0.1171875 0.1201171875
2 0.0439453125 0.619140625 0.087890625 0.125
2 0.7275390625 0.4130859375 0.134765625 0.1328125
2 0.513671875 0.83984375 0.103515625 0.125
0 0.9404296875 0.375 0.1044921875 0.1455078125
0 0.9189453125 0.5810546875 0.1015625 0.119140625
2 0.900390625 0.185546875 0.0888671875 0.107421875
2 0.2919921875 0.046875 0.125 0.09375
2 0.462890625 0.6064453125 0.115234375 0.125
2 0.3720703125 0.283203125 0.0888671875 0.0966796875
2 0.09765625 0.2275390625 0.138671875 0.1279296875
0 0.935546875 0.740234375 0.0986328125 0.119140625
0 0.15234375 0.8017578125 0.115234375 0.1298828125
0 0.736328125 0.865234375 0.1044921875 0.1279296875