2 0.9345703125 0.5517578125 0.130859375 0.162109375
2 0.5810546875 0.607421875 0.1201171875 0.1298828125
0 0.736328125 0.1845703125 0.125 0.1328125
0 0.4140625 0.1025390625 0.138671875 0.1376953125
2 0.701171875 0.470703125 0.1298828125 0.1484375
0 0.1162109375 0.484375 0.138671875 0.15625
2 0.568359375 0.787109375 0.130859375 0.126953125
2 0.267578125 0.455078125 0.1201171875 0.125
0 0.94921875 0.7705078125 0.1015625 0.150390625
2 0.0634765625 0.2197265625 0.126953125 0.1357421875
2 0.3759765625 0.9052734375 0.119140625 0.138671875
0 0.43359375 0.41015625 0.126953125 0.1611328125
2 0.6240234375 0.294921875 0.1220703125 0.146484375
2 0.58984375 0.109375 0.109375 0.107421875
2 0.8662109375 0.3740234375 0.1171875 0.126953125
0 0.298828125 0.669921875 0.126953125 0.1279296875
0 0.802734375 0.669921875 0.119140625 0.130859375
0 0.1494140625 0.8798828125 0.1201171875 0.1533203125
0 0.119140625 0.6513671875 0.1279296875 0.1376953125
0 0.2353515625 0.2333984375 0.1279296875 0.1513671875