0 0.876953125 0.0849609375 0.1220703125 0.103515625
0 0.7568359375 0.345703125 0.1201171875 0.119140625
0 0.419921875 0.095703125 0.109375 0.1123046875
2 0.412109375 0.9091796875 0.1015625 0.1044921875
2 0.595703125 0.810546875 0.123046875 0.1357421875
0 0.166015625 0.6005859375 0.1298828125 0.130859375
0 0.1015625 0.392578125 0.119140625 0.142578125
2 0.6123046875 0.166015625 0.091796875 0.109375
2 0.9140625 0.525390625 0.109375 0.123046875
0 0.3583984375 0.587890625 0.1142578125 0.1533203125
0 0.8916015625 0.271484375 0.109375 0.126953125
2 0.3232421875 0.369140625 0.109375 0.1220703125
2 0.568359375 0.439453125 0.111328125 0.1279296875
2 0.7802734375 0.884765625 0.1142578125 0.150390625
2 0.15625 0.865234375 0.134765625 0.1513671875
2 0.9140625 0.8564453125 0.107421875 0.140625
0 0.0927734375 0.166015625 0.1015625 0.109375
0 0.5166015625 0.6591796875 0.103515625 0.1357421875
0 0.7529296875 0.6611328125 0.1201171875 0.1279296875
0 0.2568359375 0.0908203125 0.134765625 0.1513671875