0 0.15234375 0.564453125 0.09375 0.1171875
0 0.556640625 0.2470703125 0.1015625 0.1015625
2 0.751953125 0.8994140625 0.0966796875 0.1435546875
0 0.2470703125 0.1123046875 0.1015625 0.1064453125
0 0.7958984375 0.66796875 0.1171875 0.109375
2 0.365234375 0.3017578125 0.0986328125 0.103515625
0 0.6171875 0.642578125 0.099609375 0.1142578125
0 0.3388671875 0.5576171875 0.1064453125 0.115234375
2 0.6181640625 0.8330078125 0.1142578125 0.1142578125
2 0.5615234375 0.4599609375 0.1015625 0.1171875
2 0.927734375 0.701171875 0.087890625 0.1142578125
2 0.705078125 0.294921875 0.1064453125 0.1064453125
2 0.21484375 0.3837890625 0.099609375 0.109375
2 0.3525390625 0.9287109375 0.109375 0.1015625
0 0.103515625 0.1416015625 0.125 0.1298828125
0 0.435546875 0.119140625 0.107421875 0.119140625
2 0.90625 0.4404296875 0.0908203125 0.1298828125
2 0.1982421875 0.775390625 0.1279296875 0.150390625
2 0.6015625 0.0673828125 0.103515625 0.1044921875
2 0.869140625 0.212890625 0.0966796875 0.111328125