0 0.916015625 0.099609375 0.1171875 0.111328125
0 0.751953125 0.48046875 0.099609375 0.099609375
0 0.451171875 0.123046875 0.109375 0.1171875
2 0.0771484375 0.70703125 0.119140625 0.134765625
0 0.5419921875 0.3466796875 0.1064453125 0.1171875
2 0.150390625 0.193359375 0.1044921875 0.1220703125
2 0.72265625 0.77734375 0.1142578125 0.138671875
2 0.18359375 0.4755859375 0.0966796875 0.130859375
2 0.9052734375 0.47265625 0.1015625 0.1279296875
0 0.7578125 0.0908203125 0.0966796875 0.103515625
0 0.6181640625 0.5615234375 0.0986328125 0.109375
0 0.248046875 0.7919921875 0.1015625 0.1142578125
2 0.2939453125 0.1884765625 0.1064453125 0.1220703125
2 0.560546875 0.8134765625 0.1123046875 0.107421875
2 0.6064453125 0.0751953125 0.0810546875 0.0966796875
2 0.779296875 0.259765625 0.095703125 0.1279296875
2 0.4091796875 0.515625 0.0966796875 0.109375
2 0.896484375 0.677734375 0.103515625 0.111328125
2 0.3984375 0.8359375 0.107421875 0.1171875
2 0.8935546875 0.857421875 0.111328125 0.1142578125