0 0.556640625 0.498046875 0.09375 0.095703125
0 0.884765625 0.642578125 0.099609375 0.1220703125
2 0.720703125 0.583984375 0.0966796875 0.1201171875
2 0.296875 0.1279296875 0.09375 0.111328125
2 0.275390625 0.69921875 0.1123046875 0.111328125
0 0.466796875 0.8974609375 0.119140625 0.1044921875
2 0.53125 0.7099609375 0.1142578125 0.103515625
2 0.2294921875 0.5537109375 0.107421875 0.1455078125
2 0.3544921875 0.3291015625 0.0986328125 0.1015625
2 0.2724609375 0.91796875 0.109375 0.0986328125
2 0.736328125 0.3955078125 0.107421875 0.1357421875
2 0.92578125 0.416015625 0.091796875 0.109375
0 0.095703125 0.8037109375 0.0966796875 0.1220703125
2 0.7353515625 0.1728515625 0.076171875 0.099609375
2 0.396484375 0.529296875 0.119140625 0.1171875
0 0.533203125 0.16015625 0.099609375 0.1298828125
2 0.712890625 0.8994140625 0.1064453125 0.1123046875
0 0.8857421875 0.1064453125 0.1064453125 0.1201171875
0 0.181640625 0.296875 0.1015625 0.123046875
2 0.9287109375 0.89453125 0.1015625 0.1328125