0 0.892578125 0.09765625 0.0888671875 0.1171875
0 0.0693359375 0.365234375 0.095703125 0.1376953125
0 0.4677734375 0.4306640625 0.1298828125 0.125
2 0.537109375 0.2041015625 0.125 0.140625
2 0.6474609375 0.556640625 0.09375 0.134765625
2 0.306640625 0.5654296875 0.103515625 0.1171875
2 0.4736328125 0.8955078125 0.0966796875 0.1298828125
0 0.248046875 0.7421875 0.103515625 0.109375
2 0.1181640625 0.1669921875 0.0986328125 0.1435546875
2 0.72265625 0.88671875 0.09375 0.130859375
2 0.865234375 0.658203125 0.103515625 0.1171875
2 0.513671875 0.6787109375 0.1123046875 0.1357421875
2 0.775390625 0.2880859375 0.1142578125 0.1201171875
0 0.09765625 0.7763671875 0.1044921875 0.1123046875
2 0.74609375 0.130859375 0.1015625 0.0966796875
2 0.2734375 0.2958984375 0.1298828125 0.1220703125
0 0.0615234375 0.5771484375 0.1123046875 0.146484375
2 0.314453125 0.11328125 0.103515625 0.109375
2 0.8662109375 0.8515625 0.099609375 0.1220703125
0 0.8388671875 0.4912109375 0.107421875 0.1044921875