0 0.6123046875 0.5087890625 0.119140625 0.1298828125
0 0.443359375 0.2529296875 0.115234375 0.1435546875
0 0.7783203125 0.3515625 0.1171875 0.1201171875
2 0.162109375 0.1357421875 0.109375 0.126953125
0 0.041015625 0.8076171875 0.08203125 0.146484375
2 0.849609375 0.826171875 0.1298828125 0.1328125
2 0.173828125 0.8203125 0.1220703125 0.1533203125
0 0.455078125 0.4638671875 0.1142578125 0.1171875
0 0.3173828125 0.392578125 0.1064453125 0.1279296875
0 0.314453125 0.9052734375 0.1044921875 0.1171875
2 0.31640625 0.1796875 0.1279296875 0.1298828125
2 0.296875 0.625 0.0966796875 0.1171875
2 0.650390625 0.2001953125 0.107421875 0.123046875
2 0.142578125 0.384765625 0.103515625 0.1328125
2 0.564453125 0.912109375 0.109375 0.111328125
2 0.0830078125 0.5986328125 0.095703125 0.1142578125
2 0.4013671875 0.6572265625 0.095703125 0.1123046875
0 0.9462890625 0.2685546875 0.107421875 0.130859375
0 0.7294921875 0.74609375 0.1142578125 0.150390625
2 0.822265625 0.5556640625 0.123046875 0.158203125