0 0.119140625 0.7255859375 0.1015625 0.1298828125
0 0.439453125 0.7861328125 0.099609375 0.1298828125
0 0.4326171875 0.0966796875 0.1044921875 0.134765625
2 0.6533203125 0.609375 0.109375 0.103515625
0 0.630859375 0.34765625 0.099609375 0.1171875
2 0.14453125 0.51171875 0.1015625 0.1376953125
2 0.2744140625 0.1220703125 0.0986328125 0.123046875
2 0.9375 0.220703125 0.0888671875 0.111328125
2 0.7939453125 0.4091796875 0.099609375 0.0986328125
2 0.845703125 0.78515625 0.111328125 0.123046875
0 0.296875 0.5283203125 0.099609375 0.1279296875
2 0.46484375 0.3173828125 0.0966796875 0.115234375
2 0.4365234375 0.5234375 0.1064453125 0.115234375
2 0.6171875 0.138671875 0.09375 0.0888671875
2 0.9267578125 0.462890625 0.09375 0.1376953125
0 0.28125 0.330078125 0.1015625 0.111328125
0 0.1787109375 0.9091796875 0.1123046875 0.130859375
2 0.1171875 0.1650390625 0.0986328125 0.1376953125
2 0.78515625 0.2646484375 0.095703125 0.1171875
0 0.5654296875 0.796875 0.0966796875 0.1123046875