2 0.904296875 0.50390625 0.0888671875 0.162109375
2 0.7333984375 0.337890625 0.103515625 0.119140625
2 0.5947265625 0.365234375 0.107421875 0.1123046875
2 0.4521484375 0.587890625 0.1201171875 0.109375
2 0.111328125 0.8525390625 0.0966796875 0.107421875
2 0.1015625 0.5712890625 0.1123046875 0.140625
2 0.7392578125 0.8349609375 0.1015625 0.1064453125
0 0.5595703125 0.8515625 0.099609375 0.1171875
0 0.884765625 0.787109375 0.119140625 0.1328125
0 0.892578125 0.2890625 0.0888671875 0.1044921875
0 0.7158203125 0.072265625 0.109375 0.107421875
0 0.482421875 0.080078125 0.1064453125 0.1142578125
0 0.3349609375 0.146484375 0.0908203125 0.130859375
0 0.2666015625 0.8515625 0.0986328125 0.125
0 0.291015625 0.6201171875 0.1064453125 0.1123046875
0 0.150390625 0.39453125 0.1064453125 0.134765625
0 0.6630859375 0.541015625 0.115234375 0.115234375
0 0.1669921875 0.083984375 0.09375 0.115234375
0 0.3330078125 0.388671875 0.0986328125 0.140625