0 0.91015625 0.2919921875 0.099609375 0.107421875
2 0.900390625 0.1015625 0.103515625 0.150390625
0 0.513671875 0.2783203125 0.0986328125 0.125
2 0.7275390625 0.673828125 0.0966796875 0.142578125
0 0.8916015625 0.552734375 0.0888671875 0.1171875
2 0.1279296875 0.337890625 0.1142578125 0.140625
2 0.0546875 0.1162109375 0.09375 0.1201171875
0 0.275390625 0.8388671875 0.126953125 0.1142578125
0 0.626953125 0.896484375 0.1123046875 0.1220703125
0 0.52734375 0.486328125 0.1015625 0.1044921875
2 0.4580078125 0.115234375 0.1123046875 0.109375
2 0.3173828125 0.638671875 0.107421875 0.1298828125
2 0.376953125 0.427734375 0.1064453125 0.1044921875
2 0.744140625 0.423828125 0.109375 0.140625
2 0.681640625 0.1044921875 0.09375 0.125
2 0.0810546875 0.6845703125 0.0859375 0.087890625
2 0.279296875 0.1005859375 0.095703125 0.1279296875
2 0.0927734375 0.8935546875 0.0859375 0.109375
2 0.7890625 0.833984375 0.0986328125 0.099609375
0 0.4716796875 0.6943359375 0.099609375 0.123046875