0 0.3955078125 0.3310546875 0.115234375 0.111328125
2 0.943359375 0.5283203125 0.1123046875 0.138671875
2 0.548828125 0.2451171875 0.095703125 0.134765625
0 0.6064453125 0.634765625 0.103515625 0.0859375
0 0.443359375 0.939453125 0.115234375 0.111328125
2 0.1005859375 0.51171875 0.1044921875 0.1142578125
0 0.267578125 0.5322265625 0.115234375 0.1201171875
0 0.2490234375 0.1171875 0.0966796875 0.130859375
0 0.2236328125 0.732421875 0.109375 0.109375
2 0.767578125 0.2236328125 0.091796875 0.111328125
2 0.22265625 0.333984375 0.1015625 0.1015625
2 0.4248046875 0.560546875 0.0859375 0.1142578125
2 0.404296875 0.0888671875 0.1015625 0.1171875
2 0.7607421875 0.5234375 0.1015625 0.0966796875
2 0.1435546875 0.9326171875 0.119140625 0.0966796875
2 0.95703125 0.326171875 0.0859375 0.1357421875
0 0.8427734375 0.8525390625 0.107421875 0.1455078125
2 0.6162109375 0.46875 0.09375 0.107421875
0 0.61328125 0.857421875 0.1171875 0.1533203125
2 0.9052734375 0.142578125 0.107421875 0.111328125