0 0.4267578125 0.49609375 0.091796875 0.0908203125
0 0.9345703125 0.169921875 0.1279296875 0.119140625
0 0.580078125 0.212890625 0.1142578125 0.1123046875
2 0.728515625 0.869140625 0.091796875 0.115234375
2 0.0869140625 0.86328125 0.109375 0.1171875
0 0.123046875 0.12890625 0.115234375 0.126953125
2 0.431640625 0.6630859375 0.087890625 0.0830078125
2 0.75390625 0.345703125 0.09375 0.1201171875
2 0.91015625 0.8857421875 0.119140625 0.1220703125
0 0.3486328125 0.232421875 0.0966796875 0.1123046875
2 0.5947265625 0.4150390625 0.087890625 0.1171875
0 0.392578125 0.9052734375 0.1201171875 0.1376953125
2 0.2578125 0.634765625 0.0830078125 0.119140625
0 0.884765625 0.6630859375 0.111328125 0.1064453125
0 0.65234375 0.6044921875 0.111328125 0.125
2 0.29296875 0.4033203125 0.0986328125 0.1171875
2 0.76953125 0.1162109375 0.099609375 0.1357421875
2 0.5478515625 0.86328125 0.1201171875 0.1376953125
2 0.931640625 0.470703125 0.0966796875 0.095703125
2 0.1064453125 0.482421875 0.119140625 0.150390625