2 0.8603515625 0.283203125 0.1064453125 0.1171875
0 0.9072265625 0.791015625 0.1044921875 0.119140625
2 0.330078125 0.4248046875 0.0908203125 0.1435546875
0 0.0810546875 0.880859375 0.103515625 0.103515625
0 0.392578125 0.8759765625 0.1015625 0.1064453125
0 0.255859375 0.9208984375 0.09375 0.109375
2 0.0908203125 0.0908203125 0.099609375 0.1201171875
2 0.609375 0.8369140625 0.0888671875 0.109375
2 0.7568359375 0.8818359375 0.091796875 0.111328125
2 0.482421875 0.392578125 0.078125 0.119140625
2 0.595703125 0.109375 0.103515625 0.111328125
0 0.2666015625 0.2392578125 0.109375 0.1376953125
2 0.294921875 0.6669921875 0.095703125 0.1044921875
0 0.5595703125 0.57421875 0.091796875 0.1123046875
2 0.646484375 0.2998046875 0.1064453125 0.1171875
0 0.091796875 0.693359375 0.0966796875 0.1064453125
0 0.427734375 0.142578125 0.119140625 0.1142578125
0 0.8212890625 0.0986328125 0.0986328125 0.1015625
0 0.1474609375 0.4599609375 0.1142578125 0.125
2 0.833984375 0.611328125 0.0966796875 0.1142578125