0 0.646484375 0.5234375 0.119140625 0.1484375
0 0.06640625 0.5302734375 0.123046875 0.1357421875
2 0.65234375 0.8720703125 0.1171875 0.126953125
0 0.748046875 0.6923828125 0.1201171875 0.142578125
0 0.5458984375 0.34375 0.126953125 0.1328125
2 0.626953125 0.1689453125 0.1328125 0.134765625
0 0.3896484375 0.177734375 0.162109375 0.1640625
2 0.294921875 0.4306640625 0.119140625 0.1328125
2 0.7919921875 0.154296875 0.099609375 0.1435546875
2 0.431640625 0.55859375 0.1142578125 0.1376953125
2 0.162109375 0.255859375 0.107421875 0.111328125
2 0.2314453125 0.8623046875 0.115234375 0.1533203125
2 0.958984375 0.1669921875 0.08203125 0.119140625
2 0.783203125 0.9541015625 0.095703125 0.091796875
2 0.423828125 0.880859375 0.123046875 0.1220703125
2 0.263671875 0.650390625 0.1201171875 0.1201171875
0 0.1240234375 0.0546875 0.107421875 0.109375
0 0.7744140625 0.3662109375 0.1123046875 0.125
2 0.904296875 0.40234375 0.130859375 0.1279296875