0 0.1298828125 0.9404296875 0.1279296875 0.119140625
0 0.251953125 0.5458984375 0.109375 0.109375
0 0.587890625 0.8701171875 0.1201171875 0.1279296875
2 0.8984375 0.25 0.130859375 0.1455078125
0 0.474609375 0.6572265625 0.1171875 0.1279296875
2 0.880859375 0.767578125 0.115234375 0.130859375
2 0.2490234375 0.248046875 0.126953125 0.150390625
2 0.8173828125 0.490234375 0.109375 0.140625
2 0.099609375 0.5693359375 0.1142578125 0.1376953125
0 0.287109375 0.9345703125 0.1064453125 0.1123046875
0 0.376953125 0.451171875 0.109375 0.1201171875
0 0.720703125 0.1826171875 0.1123046875 0.123046875
2 0.7373046875 0.7880859375 0.1171875 0.1328125
2 0.408203125 0.1943359375 0.1220703125 0.119140625
2 0.439453125 0.93359375 0.0908203125 0.1044921875
2 0.248046875 0.7685546875 0.107421875 0.1376953125
2 0.587890625 0.474609375 0.107421875 0.119140625
2 0.0869140625 0.3642578125 0.1142578125 0.1220703125
2 0.5654296875 0.1552734375 0.119140625 0.1279296875
2 0.0712890625 0.185546875 0.1220703125 0.125