2 0.2431640625 0.1123046875 0.115234375 0.146484375
2 0.6123046875 0.853515625 0.1142578125 0.1357421875
0 0.4833984375 0.4326171875 0.107421875 0.115234375
2 0.3388671875 0.498046875 0.107421875 0.130859375
2 0.91796875 0.8388671875 0.123046875 0.1669921875
0 0.58984375 0.626953125 0.107421875 0.138671875
2 0.806640625 0.5556640625 0.0888671875 0.119140625
0 0.2548828125 0.2685546875 0.1064453125 0.107421875
2 0.73046875 0.091796875 0.111328125 0.1044921875
2 0.423828125 0.197265625 0.095703125 0.1044921875
2 0.419921875 0.685546875 0.099609375 0.1064453125
2 0.66796875 0.279296875 0.091796875 0.103515625
2 0.3662109375 0.875 0.1201171875 0.115234375
2 0.2275390625 0.8076171875 0.076171875 0.1064453125
0 0.1015625 0.3759765625 0.1171875 0.126953125
0 0.892578125 0.0595703125 0.1123046875 0.119140625
0 0.181640625 0.6494140625 0.09375 0.125
2 0.091796875 0.1162109375 0.0966796875 0.123046875
0 0.8544921875 0.31640625 0.1142578125 0.1376953125
0 0.091796875 0.8544921875 0.103515625 0.119140625