0 0.8779296875 0.708984375 0.1123046875 0.1171875
0 0.451171875 0.2294921875 0.1044921875 0.146484375
2 0.650390625 0.224609375 0.1015625 0.1298828125
0 0.1435546875 0.6396484375 0.1123046875 0.115234375
2 0.853515625 0.3134765625 0.1064453125 0.150390625
2 0.662109375 0.611328125 0.0966796875 0.1171875
0 0.837890625 0.5029296875 0.1142578125 0.142578125
0 0.6572265625 0.4208984375 0.111328125 0.134765625
2 0.30078125 0.107421875 0.107421875 0.126953125
2 0.4619140625 0.6572265625 0.115234375 0.103515625
2 0.818359375 0.064453125 0.09375 0.119140625
0 0.595703125 0.806640625 0.087890625 0.09375
2 0.2978515625 0.623046875 0.1142578125 0.1328125
0 0.455078125 0.439453125 0.1142578125 0.1298828125
0 0.2841796875 0.30859375 0.1015625 0.109375
0 0.1005859375 0.416015625 0.1015625 0.1123046875
0 0.19921875 0.912109375 0.107421875 0.1298828125
0 0.4267578125 0.904296875 0.109375 0.1513671875
2 0.748046875 0.7958984375 0.1220703125 0.119140625
0 0.138671875 0.193359375 0.095703125 0.095703125