0 0.728515625 0.1484375 0.0859375 0.1142578125
2 0.900390625 0.123046875 0.1123046875 0.126953125
2 0.880859375 0.5751953125 0.095703125 0.1201171875
2 0.9130859375 0.798828125 0.1201171875 0.1142578125
0 0.7626953125 0.7705078125 0.09375 0.130859375
2 0.7080078125 0.5498046875 0.0966796875 0.1123046875
0 0.3583984375 0.1318359375 0.095703125 0.1123046875
2 0.724609375 0.330078125 0.1015625 0.107421875
2 0.21484375 0.6611328125 0.0966796875 0.134765625
2 0.5078125 0.6669921875 0.0908203125 0.099609375
2 0.40234375 0.896484375 0.087890625 0.125
2 0.4169921875 0.4052734375 0.1123046875 0.115234375
2 0.5947265625 0.853515625 0.1171875 0.138671875
2 0.1767578125 0.12890625 0.107421875 0.103515625
2 0.236328125 0.90625 0.0908203125 0.0966796875
2 0.548828125 0.1865234375 0.087890625 0.103515625
0 0.064453125 0.46484375 0.1123046875 0.1220703125
0 0.0576171875 0.916015625 0.091796875 0.138671875
0 0.9052734375 0.310546875 0.1220703125 0.109375
2 0.2080078125 0.353515625 0.1171875 0.140625