0 0.53515625 0.90234375 0.111328125 0.119140625
0 0.337890625 0.150390625 0.107421875 0.140625
2 0.095703125 0.44140625 0.107421875 0.1357421875
2 0.8095703125 0.125 0.1015625 0.1123046875
0 0.35546875 0.6259765625 0.125 0.146484375
2 0.3212890625 0.853515625 0.115234375 0.1376953125
0 0.5361328125 0.130859375 0.1220703125 0.1357421875
2 0.4013671875 0.3701171875 0.111328125 0.1298828125
2 0.88671875 0.599609375 0.1064453125 0.111328125
2 0.552734375 0.705078125 0.103515625 0.125
2 0.826171875 0.3974609375 0.1171875 0.126953125
0 0.7294921875 0.806640625 0.1201171875 0.1298828125
2 0.095703125 0.71875 0.099609375 0.125
2 0.15625 0.931640625 0.099609375 0.1357421875
2 0.9208984375 0.859375 0.1220703125 0.1357421875
2 0.228515625 0.3505859375 0.0966796875 0.1142578125
2 0.1650390625 0.158203125 0.109375 0.123046875
2 0.0380859375 0.16015625 0.076171875 0.12109375
0 0.685546875 0.5224609375 0.1513671875 0.142578125
0 0.609375 0.318359375 0.107421875 0.1328125