2 0.35546875 0.318359375 0.095703125 0.1064453125
0 0.7109375 0.2646484375 0.095703125 0.1064453125
0 0.7587890625 0.1025390625 0.109375 0.1220703125
2 0.1220703125 0.111328125 0.1201171875 0.1201171875
2 0.6298828125 0.849609375 0.0986328125 0.1015625
0 0.208984375 0.31640625 0.1171875 0.1328125
0 0.3037109375 0.740234375 0.1015625 0.1123046875
2 0.560546875 0.111328125 0.0908203125 0.1279296875
2 0.7451171875 0.591796875 0.1064453125 0.115234375
2 0.294921875 0.4765625 0.095703125 0.1064453125
2 0.130859375 0.5458984375 0.0888671875 0.142578125
2 0.900390625 0.287109375 0.119140625 0.1201171875
2 0.501953125 0.2880859375 0.0830078125 0.1123046875
0 0.916015625 0.6064453125 0.1123046875 0.1357421875
0 0.14453125 0.830078125 0.1142578125 0.154296875
2 0.3388671875 0.0986328125 0.1015625 0.1455078125
2 0.9052734375 0.091796875 0.083984375 0.0888671875
2 0.759765625 0.857421875 0.091796875 0.111328125
2 0.5458984375 0.486328125 0.091796875 0.1064453125