0 0.333984375 0.880859375 0.0986328125 0.130859375
0 0.150390625 0.12109375 0.0859375 0.111328125
2 0.134765625 0.5859375 0.0986328125 0.1142578125
0 0.390625 0.654296875 0.0966796875 0.099609375
2 0.599609375 0.109375 0.1064453125 0.107421875
2 0.361328125 0.474609375 0.109375 0.0908203125
0 0.91796875 0.4365234375 0.09375 0.1123046875
0 0.939453125 0.833984375 0.1015625 0.1064453125
0 0.11328125 0.3642578125 0.111328125 0.1171875
0 0.76171875 0.59765625 0.1064453125 0.1357421875
0 0.595703125 0.658203125 0.0986328125 0.134765625
2 0.5341796875 0.8369140625 0.109375 0.107421875
2 0.2763671875 0.279296875 0.107421875 0.09375
2 0.767578125 0.892578125 0.0888671875 0.0908203125
2 0.4296875 0.1748046875 0.087890625 0.1279296875
2 0.6728515625 0.384765625 0.0810546875 0.103515625
0 0.892578125 0.6357421875 0.091796875 0.1171875
2 0.548828125 0.419921875 0.083984375 0.0908203125
0 0.169921875 0.8818359375 0.095703125 0.125
0 0.8037109375 0.166015625 0.09375 0.125