0 0.142578125 0.056640625 0.1298828125 0.1123046875
0 0.7119140625 0.916015625 0.125 0.125
0 0.6337890625 0.1533203125 0.142578125 0.138671875
2 0.50390625 0.90625 0.134765625 0.1484375
0 0.8095703125 0.306640625 0.125 0.1201171875
2 0.19140625 0.787109375 0.111328125 0.1328125
0 0.849609375 0.529296875 0.134765625 0.134765625
2 0.3349609375 0.052734375 0.1357421875 0.1044921875
2 0.591796875 0.599609375 0.134765625 0.1455078125
2 0.330078125 0.30859375 0.1123046875 0.150390625
0 0.474609375 0.1728515625 0.1201171875 0.154296875
2 0.3994140625 0.65234375 0.125 0.1455078125
0 0.955078125 0.20703125 0.0888671875 0.158203125
2 0.0458984375 0.7490234375 0.091796875 0.126953125
2 0.181640625 0.2744140625 0.0966796875 0.103515625
2 0.6044921875 0.396484375 0.111328125 0.1064453125
2 0.8876953125 0.8125 0.119140625 0.119140625
2 0.24609375 0.5390625 0.1328125 0.146484375
2 0.3701171875 0.818359375 0.126953125 0.1455078125