2 0.7978515625 0.130859375 0.1220703125 0.126953125
0 0.4169921875 0.6728515625 0.1064453125 0.1142578125
2 0.599609375 0.8046875 0.1142578125 0.134765625
0 0.8046875 0.865234375 0.1123046875 0.1298828125
2 0.4365234375 0.0830078125 0.1171875 0.1142578125
2 0.240234375 0.333984375 0.1015625 0.1142578125
2 0.2744140625 0.5537109375 0.091796875 0.09375
0 0.7470703125 0.41015625 0.1064453125 0.103515625
0 0.8466796875 0.6103515625 0.1064453125 0.099609375
2 0.5068359375 0.501953125 0.099609375 0.154296875
0 0.591796875 0.2294921875 0.09375 0.103515625
2 0.416015625 0.2900390625 0.09375 0.1015625
2 0.2802734375 0.857421875 0.115234375 0.115234375
2 0.20703125 0.154296875 0.087890625 0.103515625
2 0.099609375 0.4169921875 0.09375 0.1201171875
0 0.654296875 0.6376953125 0.0986328125 0.1357421875
2 0.447265625 0.890625 0.103515625 0.1455078125
2 0.099609375 0.8828125 0.1015625 0.1279296875
2 0.890625 0.4248046875 0.1015625 0.125
2 0.107421875 0.6064453125 0.0986328125 0.1220703125