0 0.4365234375 0.1015625 0.107421875 0.1171875
0 0.427734375 0.8779296875 0.1044921875 0.138671875
2 0.1220703125 0.654296875 0.103515625 0.1328125
2 0.890625 0.7890625 0.0966796875 0.109375
0 0.3291015625 0.412109375 0.1220703125 0.1435546875
2 0.240234375 0.2001953125 0.111328125 0.134765625
0 0.6240234375 0.849609375 0.1171875 0.1328125
2 0.435546875 0.650390625 0.107421875 0.1279296875
2 0.8505859375 0.310546875 0.103515625 0.107421875
2 0.501953125 0.287109375 0.099609375 0.1220703125
2 0.8408203125 0.521484375 0.1123046875 0.123046875
0 0.6484375 0.146484375 0.115234375 0.126953125
2 0.0546875 0.3857421875 0.095703125 0.1220703125
2 0.0615234375 0.162109375 0.0966796875 0.1357421875
2 0.8212890625 0.0576171875 0.1171875 0.115234375
2 0.2724609375 0.7109375 0.09375 0.111328125
2 0.2578125 0.912109375 0.1064453125 0.1201171875
2 0.109375 0.943359375 0.119140625 0.1123046875
0 0.6748046875 0.4326171875 0.146484375 0.138671875
0 0.650390625 0.6494140625 0.1044921875 0.1298828125