0 0.1064453125 0.4091796875 0.123046875 0.1279296875
2 0.9560546875 0.806640625 0.087890625 0.134765625
2 0.767578125 0.482421875 0.140625 0.1591796875
0 0.8310546875 0.7509765625 0.1279296875 0.15625
0 0.158203125 0.216796875 0.134765625 0.126953125
2 0.94140625 0.5166015625 0.1171875 0.123046875
2 0.728515625 0.0908203125 0.1328125 0.150390625
2 0.501953125 0.361328125 0.126953125 0.1455078125
2 0.548828125 0.857421875 0.1064453125 0.146484375
2 0.5244140625 0.5263671875 0.1171875 0.119140625
2 0.212890625 0.9541015625 0.125 0.091796875
2 0.3095703125 0.6279296875 0.123046875 0.1298828125
2 0.3134765625 0.1875 0.1435546875 0.1640625
2 0.693359375 0.302734375 0.125 0.125
2 0.185546875 0.7451171875 0.1279296875 0.1484375
0 0.111328125 0.580078125 0.123046875 0.111328125
0 0.2734375 0.435546875 0.1220703125 0.130859375
0 0.4736328125 0.11328125 0.1201171875 0.140625
2 0.443359375 0.927734375 0.134765625 0.1435546875
0 0.8828125 0.236328125 0.126953125 0.130859375