0 0.68359375 0.869140625 0.109375 0.119140625
0 0.298828125 0.900390625 0.1123046875 0.1123046875
2 0.0927734375 0.705078125 0.1015625 0.111328125
0 0.689453125 0.330078125 0.107421875 0.1123046875
2 0.634765625 0.09765625 0.125 0.1279296875
2 0.3369140625 0.3125 0.1015625 0.1220703125
0 0.494140625 0.37890625 0.111328125 0.1298828125
0 0.447265625 0.6904296875 0.107421875 0.103515625
0 0.90234375 0.8388671875 0.1220703125 0.1376953125
0 0.892578125 0.537109375 0.1142578125 0.1435546875
0 0.548828125 0.9130859375 0.099609375 0.125
2 0.466796875 0.1201171875 0.1171875 0.1455078125
2 0.3447265625 0.529296875 0.1064453125 0.0966796875
0 0.5947265625 0.611328125 0.1171875 0.1142578125
0 0.173828125 0.376953125 0.111328125 0.1171875
2 0.857421875 0.08984375 0.0888671875 0.109375
2 0.0537109375 0.189453125 0.1015625 0.1201171875
2 0.8935546875 0.310546875 0.099609375 0.123046875
0 0.255859375 0.6845703125 0.115234375 0.142578125