0 0.8037109375 0.80859375 0.1220703125 0.1357421875
0 0.837890625 0.078125 0.115234375 0.125
0 0.634765625 0.34765625 0.123046875 0.140625
0 0.35546875 0.177734375 0.111328125 0.115234375
0 0.8876953125 0.4501953125 0.1298828125 0.126953125
2 0.2568359375 0.419921875 0.115234375 0.130859375
2 0.4970703125 0.0849609375 0.107421875 0.1279296875
0 0.3916015625 0.6201171875 0.126953125 0.1455078125
2 0.0908203125 0.4609375 0.099609375 0.107421875
2 0.615234375 0.8291015625 0.115234375 0.1142578125
2 0.572265625 0.6162109375 0.125 0.1640625
2 0.1748046875 0.7568359375 0.1171875 0.1376953125
2 0.474609375 0.8427734375 0.1201171875 0.166015625
2 0.7900390625 0.30859375 0.115234375 0.1484375
2 0.076171875 0.236328125 0.150390625 0.142578125
0 0.4443359375 0.38671875 0.119140625 0.125
2 0.955078125 0.7109375 0.08984375 0.125
2 0.2236328125 0.919921875 0.150390625 0.1533203125
2 0.6533203125 0.0419921875 0.103515625 0.083984375
2 0.763671875 0.6181640625 0.1279296875 0.1640625