2 0.2939453125 0.1259765625 0.123046875 0.1328125
2 0.751953125 0.6171875 0.109375 0.1376953125
2 0.146484375 0.662109375 0.09375 0.1142578125
0 0.310546875 0.791015625 0.107421875 0.1220703125
2 0.693359375 0.3447265625 0.0986328125 0.1015625
0 0.9384765625 0.47265625 0.099609375 0.1298828125
0 0.921875 0.912109375 0.130859375 0.119140625
2 0.103515625 0.423828125 0.0888671875 0.1064453125
0 0.90234375 0.6708984375 0.107421875 0.142578125
2 0.501953125 0.5654296875 0.103515625 0.1171875
2 0.3427734375 0.5078125 0.09375 0.1044921875
2 0.1748046875 0.888671875 0.1171875 0.134765625
2 0.2744140625 0.3134765625 0.087890625 0.115234375
0 0.111328125 0.1748046875 0.0986328125 0.1044921875
0 0.744140625 0.8369140625 0.1171875 0.1201171875
2 0.4306640625 0.140625 0.09375 0.1171875
0 0.6923828125 0.158203125 0.0966796875 0.107421875
0 0.4755859375 0.767578125 0.107421875 0.123046875
0 0.533203125 0.3701171875 0.109375 0.1064453125