2 0.318359375 0.162109375 0.111328125 0.123046875
0 0.43359375 0.6328125 0.111328125 0.1298828125
0 0.513671875 0.2587890625 0.099609375 0.125
0 0.7041015625 0.40234375 0.09375 0.0966796875
2 0.7392578125 0.6005859375 0.1044921875 0.1279296875
0 0.529296875 0.453125 0.0966796875 0.09375
0 0.291015625 0.533203125 0.103515625 0.134765625
0 0.0947265625 0.4541015625 0.1220703125 0.1171875
0 0.2587890625 0.8974609375 0.103515625 0.103515625
0 0.119140625 0.7021484375 0.1171875 0.1142578125
0 0.4619140625 0.8125 0.103515625 0.123046875
2 0.7470703125 0.0986328125 0.0888671875 0.1142578125
2 0.888671875 0.505859375 0.087890625 0.115234375
2 0.130859375 0.1396484375 0.109375 0.134765625
0 0.7255859375 0.85546875 0.0859375 0.1123046875
0 0.0927734375 0.935546875 0.111328125 0.107421875
0 0.9033203125 0.8828125 0.1064453125 0.1044921875
2 0.9267578125 0.2744140625 0.0908203125 0.1484375
2 0.265625 0.708984375 0.1015625 0.1171875
0 0.32421875 0.3408203125 0.1142578125 0.1171875