2 0.2021484375 0.869140625 0.1220703125 0.126953125
0 0.5830078125 0.3271484375 0.1064453125 0.1142578125
2 0.400390625 0.1953125 0.1142578125 0.134765625
0 0.1953125 0.134765625 0.1123046875 0.1298828125
2 0.5634765625 0.9169921875 0.1171875 0.1142578125
2 0.759765625 0.666015625 0.1015625 0.1142578125
2 0.7255859375 0.4462890625 0.091796875 0.09375
0 0.2529296875 0.58984375 0.1064453125 0.103515625
0 0.1533203125 0.3896484375 0.1064453125 0.099609375
2 0.4931640625 0.498046875 0.099609375 0.154296875
0 0.408203125 0.7705078125 0.09375 0.103515625
2 0.583984375 0.7099609375 0.09375 0.1015625
2 0.7197265625 0.142578125 0.115234375 0.115234375
2 0.79296875 0.845703125 0.087890625 0.103515625
2 0.900390625 0.5830078125 0.09375 0.1201171875
0 0.345703125 0.3623046875 0.0986328125 0.1357421875
2 0.552734375 0.109375 0.103515625 0.1455078125
2 0.900390625 0.1171875 0.1015625 0.1279296875
2 0.109375 0.5751953125 0.1015625 0.125
2 0.892578125 0.3935546875 0.0986328125 0.1220703125