2 0.853515625 0.91796875 0.115234375 0.107421875
0 0.068359375 0.912109375 0.1142578125 0.134765625
0 0.0634765625 0.630859375 0.115234375 0.107421875
0 0.240234375 0.8369140625 0.1142578125 0.126953125
0 0.560546875 0.3876953125 0.103515625 0.134765625
0 0.1171875 0.11328125 0.1142578125 0.126953125
0 0.388671875 0.8662109375 0.103515625 0.1328125
2 0.7431640625 0.720703125 0.1064453125 0.1015625
2 0.5576171875 0.1787109375 0.09375 0.134765625
0 0.568359375 0.716796875 0.1123046875 0.109375
2 0.4208984375 0.64453125 0.1171875 0.1220703125
0 0.6015625 0.90234375 0.09375 0.109375
0 0.7080078125 0.4208984375 0.107421875 0.140625
2 0.3642578125 0.373046875 0.1123046875 0.1513671875
0 0.8994140625 0.650390625 0.1123046875 0.1279296875
0 0.0966796875 0.33984375 0.109375 0.111328125
0 0.8583984375 0.125 0.0986328125 0.1279296875
0 0.353515625 0.1513671875 0.0986328125 0.134765625
2 0.8720703125 0.3583984375 0.1142578125 0.1357421875
0 0.216796875 0.654296875 0.1044921875 0.119140625