2 0.7978515625 0.869140625 0.1220703125 0.126953125
0 0.4169921875 0.3271484375 0.1064453125 0.1142578125
2 0.599609375 0.1953125 0.1142578125 0.134765625
0 0.8046875 0.134765625 0.1123046875 0.1298828125
2 0.4365234375 0.9169921875 0.1171875 0.1142578125
2 0.240234375 0.666015625 0.1015625 0.1142578125
2 0.2744140625 0.4462890625 0.091796875 0.09375
0 0.7470703125 0.58984375 0.1064453125 0.103515625
0 0.8466796875 0.3896484375 0.1064453125 0.099609375
2 0.5068359375 0.498046875 0.099609375 0.154296875
0 0.591796875 0.7705078125 0.09375 0.103515625
2 0.416015625 0.7099609375 0.09375 0.1015625
2 0.2802734375 0.142578125 0.115234375 0.115234375
2 0.20703125 0.845703125 0.087890625 0.103515625
2 0.099609375 0.5830078125 0.09375 0.1201171875
0 0.654296875 0.3623046875 0.0986328125 0.1357421875
2 0.447265625 0.109375 0.103515625 0.1455078125
2 0.099609375 0.1171875 0.1015625 0.1279296875
2 0.890625 0.5751953125 0.1015625 0.125
2 0.107421875 0.3935546875 0.0986328125 0.1220703125