2 0.2490234375 0.09765625 0.1357421875 0.138671875
0 0.560546875 0.681640625 0.1201171875 0.126953125
2 0.36328125 0.7900390625 0.1298828125 0.146484375
0 0.1533203125 0.826171875 0.1279296875 0.142578125
2 0.61328125 0.09375 0.1298828125 0.126953125
2 0.77734375 0.3662109375 0.1142578125 0.125
2 0.716796875 0.5810546875 0.103515625 0.1044921875
0 0.265625 0.380859375 0.1171875 0.1142578125
0 0.142578125 0.5673828125 0.1171875 0.1123046875
2 0.4931640625 0.501953125 0.119140625 0.166015625
0 0.4423828125 0.220703125 0.1064453125 0.1142578125
2 0.6083984375 0.3017578125 0.1064453125 0.1123046875
2 0.673828125 0.8818359375 0.1279296875 0.1279296875
2 0.8330078125 0.193359375 0.099609375 0.1123046875
2 0.9072265625 0.466796875 0.107421875 0.1298828125
0 0.330078125 0.6181640625 0.1142578125 0.146484375
2 0.505859375 0.89453125 0.1201171875 0.15625
2 0.849609375 0.9287109375 0.115234375 0.138671875
2 0.12109375 0.3779296875 0.115234375 0.1357421875
2 0.876953125 0.6533203125 0.1123046875 0.1328125