0 0.8798828125 0.9140625 0.1064453125 0.1298828125
0 0.662109375 0.6845703125 0.1044921875 0.1171875
2 0.09375 0.6923828125 0.123046875 0.146484375
0 0.087890625 0.4921875 0.1142578125 0.115234375
0 0.505859375 0.4609375 0.1123046875 0.1142578125
0 0.107421875 0.3193359375 0.109375 0.1064453125
2 0.400390625 0.869140625 0.1142578125 0.1455078125
2 0.681640625 0.4560546875 0.109375 0.1328125
0 0.2578125 0.876953125 0.1123046875 0.1171875
2 0.712890625 0.1669921875 0.1142578125 0.140625
0 0.291015625 0.4375 0.103515625 0.123046875
0 0.3681640625 0.275390625 0.1279296875 0.1220703125
2 0.544921875 0.181640625 0.115234375 0.1533203125
0 0.267578125 0.64453125 0.1015625 0.1220703125
2 0.5830078125 0.91015625 0.1220703125 0.138671875
0 0.90234375 0.58984375 0.119140625 0.1357421875
0 0.41015625 0.6708984375 0.1064453125 0.1171875
0 0.9111328125 0.34765625 0.115234375 0.111328125
2 0.9130859375 0.1845703125 0.1435546875 0.142578125
0 0.166015625 0.060546875 0.125 0.12109375