0 0.458984375 0.39453125 0.09375 0.115234375
0 0.251953125 0.173828125 0.1123046875 0.111328125
0 0.654296875 0.759765625 0.099609375 0.1123046875
2 0.1279296875 0.36328125 0.103515625 0.140625
0 0.470703125 0.576171875 0.0986328125 0.1220703125
2 0.091796875 0.859375 0.103515625 0.107421875
2 0.6748046875 0.55859375 0.119140625 0.103515625
0 0.4951171875 0.865234375 0.099609375 0.125
2 0.3232421875 0.4267578125 0.091796875 0.1015625
2 0.6328125 0.3447265625 0.1123046875 0.1142578125
2 0.3232421875 0.6318359375 0.09375 0.115234375
0 0.1455078125 0.5791015625 0.1220703125 0.115234375
0 0.8310546875 0.59765625 0.091796875 0.111328125
0 0.435546875 0.169921875 0.103515625 0.1123046875
0 0.33984375 0.806640625 0.103515625 0.1142578125
2 0.1015625 0.0966796875 0.103515625 0.1044921875
0 0.892578125 0.177734375 0.1015625 0.126953125
0 0.7412109375 0.158203125 0.109375 0.150390625
2 0.802734375 0.798828125 0.0810546875 0.0966796875
2 0.86328125 0.369140625 0.119140625 0.115234375