0 0.5 0.9228515625 0.111328125 0.0966796875
0 0.33984375 0.931640625 0.1064453125 0.1064453125
0 0.634765625 0.5859375 0.0908203125 0.115234375
0 0.095703125 0.1357421875 0.119140625 0.1220703125
0 0.509765625 0.341796875 0.095703125 0.1064453125
2 0.8759765625 0.2333984375 0.09375 0.1435546875
0 0.55859375 0.185546875 0.09375 0.0986328125
2 0.310546875 0.7099609375 0.103515625 0.130859375
0 0.314453125 0.4931640625 0.099609375 0.103515625
2 0.142578125 0.5927734375 0.087890625 0.1123046875
2 0.916015625 0.8525390625 0.1201171875 0.1533203125
2 0.4736328125 0.69140625 0.0908203125 0.099609375
2 0.0732421875 0.787109375 0.0966796875 0.115234375
2 0.6689453125 0.791015625 0.0986328125 0.115234375
0 0.384765625 0.123046875 0.099609375 0.1220703125
0 0.111328125 0.3623046875 0.1044921875 0.1064453125
2 0.9287109375 0.556640625 0.099609375 0.1298828125
2 0.302734375 0.3564453125 0.1064453125 0.087890625
0 0.732421875 0.1865234375 0.115234375 0.1435546875
2 0.763671875 0.4287109375 0.1220703125 0.1376953125