2 0.93359375 0.3076171875 0.0966796875 0.1279296875
2 0.228515625 0.9453125 0.0966796875 0.109375
0 0.9423828125 0.880859375 0.115234375 0.1298828125
2 0.697265625 0.1357421875 0.09375 0.130859375
2 0.466796875 0.7265625 0.115234375 0.150390625
2 0.404296875 0.15234375 0.0908203125 0.1298828125
2 0.607421875 0.69921875 0.103515625 0.1279296875
0 0.482421875 0.462890625 0.1064453125 0.1123046875
2 0.09375 0.408203125 0.0986328125 0.109375
2 0.3505859375 0.8896484375 0.107421875 0.107421875
2 0.216796875 0.6552734375 0.1201171875 0.1328125
2 0.3193359375 0.4638671875 0.09375 0.154296875
0 0.6767578125 0.435546875 0.126953125 0.1435546875
2 0.552734375 0.130859375 0.1201171875 0.134765625
2 0.923828125 0.677734375 0.111328125 0.1484375
2 0.236328125 0.2255859375 0.103515625 0.138671875
2 0.7568359375 0.796875 0.123046875 0.115234375
2 0.541015625 0.91796875 0.125 0.138671875
2 0.880859375 0.11328125 0.099609375 0.1064453125
0 0.08984375 0.1484375 0.1142578125 0.138671875