2 0.93359375 0.802734375 0.111328125 0.1533203125
0 0.8740234375 0.587890625 0.109375 0.1171875
0 0.119140625 0.896484375 0.126953125 0.123046875
2 0.599609375 0.8564453125 0.1064453125 0.130859375
2 0.4453125 0.41796875 0.0966796875 0.119140625
2 0.1611328125 0.1435546875 0.107421875 0.142578125
2 0.9404296875 0.3525390625 0.103515625 0.130859375
0 0.396484375 0.87890625 0.1123046875 0.1298828125
2 0.740234375 0.876953125 0.115234375 0.126953125
0 0.75390625 0.384765625 0.1044921875 0.142578125
2 0.29296875 0.4794921875 0.103515625 0.123046875
0 0.6162109375 0.630859375 0.1142578125 0.126953125
0 0.884765625 0.087890625 0.1064453125 0.109375
0 0.2607421875 0.787109375 0.1171875 0.150390625
2 0.751953125 0.197265625 0.0966796875 0.0986328125
2 0.451171875 0.658203125 0.103515625 0.1279296875
2 0.623046875 0.435546875 0.1201171875 0.1328125
2 0.369140625 0.2158203125 0.1298828125 0.1455078125
0 0.10546875 0.3935546875 0.1123046875 0.119140625
0 0.5673828125 0.267578125 0.111328125 0.1171875