0 0.478515625 0.9033203125 0.0966796875 0.107421875
0 0.388671875 0.130859375 0.0908203125 0.1298828125
2 0.107421875 0.3857421875 0.091796875 0.125
2 0.8583984375 0.171875 0.087890625 0.1015625
0 0.3388671875 0.6044921875 0.107421875 0.1328125
2 0.2734375 0.826171875 0.0986328125 0.125
0 0.5869140625 0.138671875 0.1064453125 0.1220703125
2 0.419921875 0.357421875 0.0966796875 0.119140625
2 0.869140625 0.65234375 0.09375 0.0986328125
2 0.5234375 0.7109375 0.0888671875 0.1142578125
2 0.8369140625 0.443359375 0.1015625 0.1142578125
0 0.6845703125 0.8359375 0.1044921875 0.1171875
2 0.068359375 0.66015625 0.083984375 0.1142578125
2 0.099609375 0.880859375 0.083984375 0.1279296875
2 0.8671875 0.9150390625 0.1064453125 0.1220703125
2 0.251953125 0.314453125 0.0830078125 0.103515625
2 0.2158203125 0.115234375 0.09375 0.111328125
2 0.0654296875 0.0966796875 0.107421875 0.107421875
0 0.681640625 0.548828125 0.134765625 0.125
0 0.6337890625 0.3359375 0.091796875 0.1220703125