2 0.515625 0.0537109375 0.1064453125 0.1044921875
0 0.6943359375 0.8349609375 0.138671875 0.158203125
2 0.5322265625 0.353515625 0.125 0.1455078125
2 0.93359375 0.462890625 0.1328125 0.1455078125
2 0.3818359375 0.1435546875 0.123046875 0.1220703125
0 0.2060546875 0.966796875 0.126953125 0.06640625
2 0.0732421875 0.265625 0.130859375 0.140625
0 0.658203125 0.287109375 0.1357421875 0.158203125
2 0.240234375 0.7919921875 0.119140625 0.126953125
0 0.3623046875 0.412109375 0.134765625 0.134765625
2 0.2099609375 0.1357421875 0.1357421875 0.150390625
2 0.3291015625 0.9423828125 0.1064453125 0.111328125
2 0.8505859375 0.244140625 0.119140625 0.142578125
2 0.560546875 0.650390625 0.1220703125 0.130859375
0 0.4091796875 0.720703125 0.134765625 0.140625
2 0.5458984375 0.87890625 0.125 0.1298828125
0 0.787109375 0.5126953125 0.125 0.142578125
2 0.8955078125 0.646484375 0.134765625 0.134765625
2 0.6826171875 0.068359375 0.103515625 0.103515625
0 0.09375 0.462890625 0.140625 0.142578125