0 0.8076171875 0.857421875 0.1015625 0.1279296875
0 0.8916015625 0.400390625 0.1123046875 0.1201171875
0 0.361328125 0.9111328125 0.1015625 0.1171875
0 0.7548828125 0.640625 0.0986328125 0.1064453125
2 0.880859375 0.234375 0.103515625 0.1328125
2 0.453125 0.6328125 0.09375 0.107421875
0 0.2705078125 0.6826171875 0.123046875 0.1220703125
0 0.599609375 0.6279296875 0.1064453125 0.130859375
0 0.1318359375 0.9052734375 0.1044921875 0.140625
2 0.595703125 0.3994140625 0.1064453125 0.1142578125
2 0.919921875 0.62890625 0.119140625 0.1591796875
2 0.537109375 0.8525390625 0.103515625 0.109375
2 0.0830078125 0.4111328125 0.1171875 0.142578125
2 0.9423828125 0.8603515625 0.09375 0.126953125
0 0.2890625 0.498046875 0.111328125 0.1435546875
0 0.677734375 0.205078125 0.1171875 0.1484375
0 0.412109375 0.27734375 0.123046875 0.130859375
2 0.125 0.7138671875 0.1015625 0.1201171875
2 0.7412109375 0.447265625 0.107421875 0.134765625
2 0.087890625 0.162109375 0.109375 0.111328125