2 0.748046875 0.30859375 0.0966796875 0.1142578125
0 0.353515625 0.767578125 0.09375 0.1201171875
2 0.087890625 0.1630859375 0.1064453125 0.138671875
0 0.9169921875 0.322265625 0.103515625 0.1201171875
2 0.1337890625 0.880859375 0.1015625 0.1064453125
2 0.5 0.708984375 0.091796875 0.1201171875
2 0.8955078125 0.828125 0.091796875 0.1357421875
0 0.1552734375 0.642578125 0.103515625 0.1435546875
2 0.2265625 0.263671875 0.0859375 0.115234375
2 0.779296875 0.595703125 0.09375 0.107421875
2 0.5361328125 0.912109375 0.103515625 0.1201171875
2 0.537109375 0.3505859375 0.1044921875 0.123046875
0 0.337890625 0.5302734375 0.109375 0.1357421875
0 0.759765625 0.1015625 0.099609375 0.1201171875
2 0.0888671875 0.3798828125 0.09375 0.1279296875
2 0.892578125 0.509765625 0.1044921875 0.1484375
0 0.3798828125 0.2705078125 0.1123046875 0.109375
2 0.916015625 0.1259765625 0.115234375 0.1328125
0 0.5615234375 0.123046875 0.109375 0.126953125
2 0.7578125 0.849609375 0.1044921875 0.1220703125