2 0.4501953125 0.89453125 0.1484375 0.158203125
0 0.474609375 0.71484375 0.119140625 0.130859375
0 0.0712890625 0.70703125 0.1220703125 0.140625
0 0.625 0.4150390625 0.1142578125 0.130859375
0 0.34375 0.3291015625 0.1376953125 0.1435546875
2 0.1328125 0.3095703125 0.107421875 0.111328125
2 0.8095703125 0.458984375 0.1201171875 0.1298828125
2 0.451171875 0.498046875 0.1171875 0.142578125
2 0.876953125 0.283203125 0.1328125 0.15625
2 0.642578125 0.904296875 0.1220703125 0.130859375
0 0.841796875 0.943359375 0.1328125 0.1123046875
2 0.912109375 0.611328125 0.107421875 0.099609375
2 0.892578125 0.7568359375 0.0986328125 0.103515625
2 0.314453125 0.1337890625 0.1171875 0.1123046875
2 0.69921875 0.6689453125 0.1201171875 0.125
0 0.66015625 0.14453125 0.1328125 0.158203125
0 0.3115234375 0.6669921875 0.125 0.1484375
2 0.08984375 0.501953125 0.1357421875 0.125
0 0.2197265625 0.8720703125 0.134765625 0.146484375