0 0.2001953125 0.9091796875 0.1123046875 0.109375
0 0.8076171875 0.8251953125 0.1064453125 0.130859375
0 0.615234375 0.642578125 0.1015625 0.1123046875
0 0.416015625 0.724609375 0.1123046875 0.1064453125
0 0.791015625 0.599609375 0.1044921875 0.1015625
0 0.94140625 0.8330078125 0.091796875 0.09375
2 0.595703125 0.857421875 0.099609375 0.119140625
0 0.087890625 0.2666015625 0.1171875 0.123046875
0 0.369140625 0.921875 0.111328125 0.130859375
2 0.2294921875 0.1455078125 0.1015625 0.1357421875
2 0.857421875 0.103515625 0.115234375 0.1455078125
2 0.650390625 0.3408203125 0.0986328125 0.1201171875
0 0.19921875 0.541015625 0.107421875 0.126953125
0 0.669921875 0.15625 0.1201171875 0.1201171875
0 0.4423828125 0.4462890625 0.1201171875 0.138671875
2 0.248046875 0.3525390625 0.1279296875 0.1201171875
2 0.9326171875 0.626953125 0.1220703125 0.1171875
0 0.4013671875 0.13671875 0.115234375 0.1328125
0 0.8154296875 0.3798828125 0.1171875 0.126953125
0 0.134765625 0.7138671875 0.099609375 0.1328125