0 0.2822265625 0.853515625 0.115234375 0.1435546875
0 0.2060546875 0.076171875 0.099609375 0.1220703125
2 0.126953125 0.5341796875 0.1142578125 0.126953125
0 0.3701171875 0.638671875 0.109375 0.1123046875
2 0.65234375 0.126953125 0.119140625 0.1220703125
2 0.365234375 0.4560546875 0.1201171875 0.1044921875
0 0.9228515625 0.4951171875 0.107421875 0.125
0 0.888671875 0.8916015625 0.1142578125 0.119140625
0 0.1357421875 0.3115234375 0.125 0.130859375
0 0.7451171875 0.6328125 0.123046875 0.1484375
0 0.5732421875 0.669921875 0.115234375 0.1455078125
2 0.4873046875 0.837890625 0.123046875 0.1220703125
2 0.3095703125 0.25 0.1201171875 0.107421875
2 0.7109375 0.9267578125 0.099609375 0.1015625
2 0.4755859375 0.1689453125 0.1044921875 0.138671875
2 0.6865234375 0.4091796875 0.095703125 0.1123046875
0 0.8701171875 0.689453125 0.1064453125 0.1279296875
2 0.5595703125 0.427734375 0.095703125 0.099609375
0 0.119140625 0.83203125 0.1123046875 0.1376953125
0 0.84765625 0.2109375 0.111328125 0.1376953125