0 0.623046875 0.66796875 0.0986328125 0.1357421875
2 0.12890625 0.822265625 0.115234375 0.099609375
0 0.8984375 0.60546875 0.1123046875 0.111328125
0 0.416015625 0.3828125 0.103515625 0.126953125
0 0.8359375 0.3984375 0.1044921875 0.1064453125
2 0.205078125 0.146484375 0.109375 0.1357421875
0 0.052734375 0.21484375 0.099609375 0.126953125
2 0.609375 0.9111328125 0.119140625 0.107421875
2 0.3408203125 0.5849609375 0.1015625 0.099609375
2 0.646484375 0.4638671875 0.09375 0.130859375
0 0.5263671875 0.126953125 0.109375 0.125
2 0.908203125 0.81640625 0.109375 0.134765625
0 0.8994140625 0.14453125 0.0986328125 0.126953125
2 0.099609375 0.4384765625 0.119140625 0.107421875
2 0.087890625 0.634765625 0.09375 0.1044921875
0 0.4150390625 0.822265625 0.1015625 0.123046875
2 0.3681640625 0.150390625 0.1123046875 0.1064453125
2 0.697265625 0.1748046875 0.087890625 0.0966796875
2 0.75 0.8779296875 0.09375 0.099609375
2 0.2578125 0.373046875 0.0888671875 0.0966796875