2 0.9658203125 0.791015625 0.068359375 0.1533203125
0 0.33984375 0.810546875 0.1220703125 0.1357421875
0 0.052734375 0.4775390625 0.10546875 0.138671875
2 0.818359375 0.2333984375 0.125 0.134765625
0 0.2255859375 0.4248046875 0.1142578125 0.126953125
2 0.8173828125 0.830078125 0.126953125 0.142578125
2 0.517578125 0.6474609375 0.1279296875 0.140625
2 0.4111328125 0.951171875 0.146484375 0.0966796875
0 0.333984375 0.607421875 0.1279296875 0.1455078125
2 0.2587890625 0.181640625 0.1455078125 0.158203125
2 0.4140625 0.1572265625 0.107421875 0.1123046875
2 0.6982421875 0.4912109375 0.1201171875 0.1220703125
0 0.2509765625 0.92578125 0.123046875 0.130859375
0 0.044921875 0.23046875 0.0888671875 0.1513671875
2 0.173828125 0.638671875 0.1455078125 0.166015625
2 0.412109375 0.3876953125 0.1455078125 0.15625
2 0.580078125 0.345703125 0.109375 0.1142578125
0 0.9072265625 0.486328125 0.1298828125 0.146484375
2 0.591796875 0.9033203125 0.142578125 0.1611328125
2 0.5947265625 0.126953125 0.123046875 0.1298828125