2 0.251953125 0.48046875 0.0966796875 0.1279296875
0 0.619140625 0.107421875 0.1015625 0.126953125
2 0.138671875 0.6650390625 0.1044921875 0.126953125
0 0.3564453125 0.6708984375 0.095703125 0.126953125
0 0.859375 0.83203125 0.099609375 0.1435546875
0 0.4267578125 0.140625 0.1044921875 0.123046875
0 0.4755859375 0.423828125 0.107421875 0.125
2 0.61328125 0.5361328125 0.0830078125 0.130859375
2 0.892578125 0.134765625 0.0966796875 0.1064453125
0 0.876953125 0.4345703125 0.099609375 0.1064453125
2 0.2373046875 0.8955078125 0.103515625 0.111328125
0 0.654296875 0.2978515625 0.0986328125 0.0986328125
2 0.7080078125 0.888671875 0.111328125 0.126953125
2 0.541015625 0.826171875 0.1123046875 0.1201171875
2 0.2626953125 0.068359375 0.0986328125 0.1220703125
2 0.0888671875 0.181640625 0.107421875 0.103515625
0 0.244140625 0.279296875 0.1015625 0.119140625
2 0.8466796875 0.5947265625 0.09375 0.115234375
2 0.0859375 0.853515625 0.0908203125 0.1015625