2 0.439453125 0.6513671875 0.0986328125 0.0986328125
2 0.751953125 0.1630859375 0.0810546875 0.1357421875
0 0.638671875 0.7646484375 0.1015625 0.0986328125
2 0.251953125 0.126953125 0.107421875 0.1328125
0 0.796875 0.552734375 0.1015625 0.119140625
0 0.560546875 0.396484375 0.1171875 0.1201171875
2 0.9140625 0.2177734375 0.0830078125 0.1123046875
2 0.724609375 0.345703125 0.1044921875 0.0888671875
0 0.3994140625 0.21875 0.1015625 0.109375
2 0.212890625 0.921875 0.0908203125 0.1044921875
2 0.560546875 0.1640625 0.0986328125 0.1044921875
0 0.1259765625 0.560546875 0.107421875 0.1201171875
0 0.771484375 0.818359375 0.095703125 0.103515625
2 0.28125 0.654296875 0.123046875 0.1201171875
0 0.9169921875 0.818359375 0.1064453125 0.111328125
0 0.921875 0.61328125 0.09375 0.1201171875
0 0.3291015625 0.4091796875 0.1123046875 0.123046875
2 0.072265625 0.228515625 0.109375 0.126953125
0 0.4443359375 0.912109375 0.1123046875 0.140625
2 0.927734375 0.4287109375 0.115234375 0.107421875