2 0.2392578125 0.783203125 0.1064453125 0.1220703125
2 0.5283203125 0.408203125 0.095703125 0.1171875
0 0.0947265625 0.916015625 0.103515625 0.1015625
0 0.611328125 0.65234375 0.1044921875 0.1201171875
0 0.203125 0.140625 0.09375 0.1044921875
2 0.92578125 0.21484375 0.1064453125 0.130859375
2 0.419921875 0.22265625 0.09375 0.0966796875
2 0.666015625 0.392578125 0.1064453125 0.109375
2 0.0859375 0.701171875 0.1044921875 0.1435546875
2 0.443359375 0.87890625 0.095703125 0.1357421875
0 0.4482421875 0.7021484375 0.123046875 0.1142578125
0 0.703125 0.8310546875 0.1142578125 0.1357421875
0 0.3251953125 0.435546875 0.0986328125 0.126953125
2 0.142578125 0.5009765625 0.0859375 0.09375
2 0.8837890625 0.4716796875 0.1044921875 0.115234375
0 0.88671875 0.8388671875 0.109375 0.1201171875
2 0.826171875 0.626953125 0.095703125 0.1298828125
0 0.189453125 0.359375 0.1064453125 0.1298828125
0 0.759765625 0.123046875 0.0986328125 0.0966796875