0 0.076171875 0.3212890625 0.1015625 0.1357421875
0 0.158203125 0.53515625 0.087890625 0.1328125
0 0.103515625 0.837890625 0.1064453125 0.130859375
0 0.6591796875 0.6689453125 0.0859375 0.1044921875
0 0.5771484375 0.14453125 0.1015625 0.1201171875
0 0.939453125 0.326171875 0.087890625 0.111328125
0 0.845703125 0.8046875 0.1064453125 0.123046875
2 0.138671875 0.107421875 0.1142578125 0.142578125
2 0.263671875 0.2978515625 0.095703125 0.1357421875
2 0.419921875 0.283203125 0.09375 0.130859375
2 0.732421875 0.29296875 0.0908203125 0.109375
2 0.9296875 0.126953125 0.0830078125 0.126953125
2 0.5458984375 0.458984375 0.109375 0.119140625
2 0.7099609375 0.47265625 0.0908203125 0.109375
2 0.865234375 0.587890625 0.0888671875 0.130859375
2 0.498046875 0.6279296875 0.1015625 0.103515625
2 0.3271484375 0.525390625 0.091796875 0.125
2 0.306640625 0.7294921875 0.099609375 0.115234375
2 0.4111328125 0.92578125 0.080078125 0.1015625
2 0.64453125 0.8779296875 0.099609375 0.1201171875