0 0.3310546875 0.130859375 0.0966796875 0.1279296875
0 0.3134765625 0.84765625 0.111328125 0.109375
0 0.646484375 0.451171875 0.1044921875 0.125
2 0.318359375 0.5751953125 0.1015625 0.1357421875
2 0.6494140625 0.6787109375 0.103515625 0.123046875
2 0.45703125 0.3271484375 0.099609375 0.107421875
2 0.1904296875 0.138671875 0.09375 0.1435546875
2 0.150390625 0.693359375 0.1123046875 0.1142578125
0 0.8671875 0.1767578125 0.099609375 0.126953125
0 0.0830078125 0.935546875 0.1064453125 0.111328125
2 0.779296875 0.388671875 0.1015625 0.103515625
2 0.4990234375 0.7490234375 0.107421875 0.119140625
2 0.8447265625 0.916015625 0.1044921875 0.1142578125
2 0.66796875 0.880859375 0.095703125 0.1220703125
2 0.455078125 0.546875 0.087890625 0.1220703125
0 0.142578125 0.421875 0.1044921875 0.1298828125
2 0.275390625 0.36328125 0.119140625 0.126953125
0 0.7177734375 0.1904296875 0.0986328125 0.123046875
0 0.509765625 0.08984375 0.0986328125 0.123046875
2 0.822265625 0.6279296875 0.107421875 0.1328125