0 0.455078125 0.603515625 0.0908203125 0.1142578125
0 0.240234375 0.818359375 0.109375 0.107421875
0 0.662109375 0.24609375 0.0966796875 0.109375
2 0.123046875 0.623046875 0.0986328125 0.1376953125
0 0.4736328125 0.4228515625 0.095703125 0.119140625
2 0.1044921875 0.126953125 0.099609375 0.1044921875
2 0.6767578125 0.447265625 0.1142578125 0.0986328125
0 0.5078125 0.134765625 0.095703125 0.1220703125
2 0.3212890625 0.5673828125 0.0888671875 0.0986328125
2 0.626953125 0.66015625 0.109375 0.111328125
2 0.328125 0.361328125 0.0908203125 0.1123046875
0 0.1484375 0.408203125 0.119140625 0.111328125
0 0.833984375 0.4140625 0.0888671875 0.109375
0 0.423828125 0.8271484375 0.099609375 0.109375
0 0.3505859375 0.1884765625 0.099609375 0.111328125
2 0.087890625 0.888671875 0.0986328125 0.1015625
0 0.880859375 0.8359375 0.0986328125 0.123046875
0 0.7294921875 0.849609375 0.1044921875 0.146484375
2 0.8125 0.2119140625 0.078125 0.09375
2 0.8583984375 0.6435546875 0.115234375 0.1123046875