0 0.333984375 0.119140625 0.0986328125 0.130859375
0 0.150390625 0.87890625 0.0859375 0.111328125
2 0.134765625 0.4140625 0.0986328125 0.1142578125
0 0.390625 0.345703125 0.0966796875 0.099609375
2 0.599609375 0.890625 0.1064453125 0.107421875
2 0.361328125 0.525390625 0.109375 0.0908203125
0 0.91796875 0.5634765625 0.09375 0.1123046875
0 0.939453125 0.166015625 0.1015625 0.1064453125
0 0.11328125 0.6357421875 0.111328125 0.1171875
0 0.76171875 0.40234375 0.1064453125 0.1357421875
0 0.595703125 0.341796875 0.0986328125 0.134765625
2 0.5341796875 0.1630859375 0.109375 0.107421875
2 0.2763671875 0.720703125 0.107421875 0.09375
2 0.767578125 0.107421875 0.0888671875 0.0908203125
2 0.4296875 0.8251953125 0.087890625 0.1279296875
2 0.6728515625 0.615234375 0.0810546875 0.103515625
0 0.892578125 0.3642578125 0.091796875 0.1171875
2 0.548828125 0.580078125 0.083984375 0.0908203125
0 0.169921875 0.1181640625 0.095703125 0.125
0 0.8037109375 0.833984375 0.09375 0.125