0 0.681640625 0.6357421875 0.1123046875 0.111328125
2 0.1044921875 0.6318359375 0.1220703125 0.111328125
0 0.146484375 0.189453125 0.1123046875 0.126953125
2 0.3203125 0.357421875 0.109375 0.1201171875
2 0.916015625 0.19921875 0.1123046875 0.1669921875
0 0.591796875 0.123046875 0.1220703125 0.1435546875
2 0.2880859375 0.86328125 0.107421875 0.126953125
0 0.8310546875 0.546875 0.109375 0.1328125
2 0.642578125 0.392578125 0.103515625 0.126953125
2 0.1591796875 0.404296875 0.126953125 0.1142578125
2 0.0693359375 0.8505859375 0.0986328125 0.1171875
2 0.287109375 0.673828125 0.099609375 0.1142578125
2 0.87890625 0.708984375 0.0986328125 0.109375
2 0.3330078125 0.1640625 0.1123046875 0.134765625
2 0.8662109375 0.919921875 0.1220703125 0.119140625
2 0.6982421875 0.8544921875 0.0888671875 0.1123046875
2 0.470703125 0.51953125 0.142578125 0.1435546875
2 0.5009765625 0.724609375 0.095703125 0.103515625
2 0.4892578125 0.3076171875 0.107421875 0.125
0 0.759765625 0.197265625 0.1201171875 0.150390625