0 0.669921875 0.48046875 0.126953125 0.1328125
0 0.26171875 0.443359375 0.115234375 0.1484375
2 0.560546875 0.1162109375 0.111328125 0.140625
2 0.654296875 0.921875 0.115234375 0.1171875
0 0.689453125 0.666015625 0.1220703125 0.123046875
2 0.0693359375 0.494140625 0.123046875 0.1142578125
2 0.5107421875 0.8408203125 0.1123046875 0.1220703125
0 0.2861328125 0.1845703125 0.1328125 0.1455078125
2 0.783203125 0.1650390625 0.107421875 0.1171875
2 0.4873046875 0.5888671875 0.1044921875 0.130859375
2 0.306640625 0.724609375 0.1328125 0.166015625
0 0.8642578125 0.357421875 0.111328125 0.1201171875
0 0.951171875 0.1748046875 0.09765625 0.123046875
2 0.12109375 0.0546875 0.1171875 0.109375
2 0.8994140625 0.5322265625 0.0966796875 0.111328125
0 0.0673828125 0.7763671875 0.123046875 0.123046875
2 0.8349609375 0.943359375 0.103515625 0.11328125
2 0.0986328125 0.3232421875 0.1376953125 0.1298828125
2 0.462890625 0.3544921875 0.1201171875 0.1376953125
2 0.8759765625 0.74609375 0.107421875 0.140625