0 0.18359375 0.2958984375 0.1142578125 0.150390625
0 0.421875 0.455078125 0.1142578125 0.111328125
2 0.392578125 0.67578125 0.1220703125 0.1201171875
2 0.8203125 0.125 0.1123046875 0.150390625
0 0.564453125 0.306640625 0.109375 0.134765625
0 0.9033203125 0.490234375 0.111328125 0.115234375
2 0.8486328125 0.3193359375 0.125 0.1513671875
2 0.0712890625 0.419921875 0.123046875 0.134765625
2 0.205078125 0.923828125 0.123046875 0.1513671875
2 0.900390625 0.685546875 0.1171875 0.142578125
2 0.568359375 0.1025390625 0.1142578125 0.1220703125
2 0.107421875 0.634765625 0.125 0.1123046875
0 0.3798828125 0.255859375 0.125 0.126953125
2 0.03515625 0.259765625 0.0703125 0.115234375
2 0.271484375 0.4736328125 0.099609375 0.1015625
0 0.466796875 0.8994140625 0.1201171875 0.146484375
0 0.7421875 0.8251953125 0.107421875 0.123046875
0 0.73046875 0.478515625 0.1376953125 0.150390625
2 0.607421875 0.677734375 0.130859375 0.1298828125
2 0.263671875 0.7314453125 0.1279296875 0.1201171875