2 0.06640625 0.802734375 0.111328125 0.1533203125
0 0.1259765625 0.587890625 0.109375 0.1171875
0 0.880859375 0.896484375 0.126953125 0.123046875
2 0.400390625 0.8564453125 0.1064453125 0.130859375
2 0.5546875 0.41796875 0.0966796875 0.119140625
2 0.8388671875 0.1435546875 0.107421875 0.142578125
2 0.0595703125 0.3525390625 0.103515625 0.130859375
0 0.603515625 0.87890625 0.1123046875 0.1298828125
2 0.259765625 0.876953125 0.115234375 0.126953125
0 0.24609375 0.384765625 0.1044921875 0.142578125
2 0.70703125 0.4794921875 0.103515625 0.123046875
0 0.3837890625 0.630859375 0.1142578125 0.126953125
0 0.115234375 0.087890625 0.1064453125 0.109375
0 0.7392578125 0.787109375 0.1171875 0.150390625
2 0.248046875 0.197265625 0.0966796875 0.0986328125
2 0.548828125 0.658203125 0.103515625 0.1279296875
2 0.376953125 0.435546875 0.1201171875 0.1328125
2 0.630859375 0.2158203125 0.1298828125 0.1455078125
0 0.89453125 0.3935546875 0.1123046875 0.119140625
0 0.4326171875 0.267578125 0.111328125 0.1171875