2 0.9560546875 0.197265625 0.087890625 0.125
2 0.630859375 0.173828125 0.134765625 0.1376953125
2 0.8017578125 0.1455078125 0.1201171875 0.1201171875
0 0.8935546875 0.7177734375 0.130859375 0.1298828125
2 0.8701171875 0.541015625 0.1064453125 0.138671875
0 0.4375 0.271484375 0.119140625 0.125
2 0.134765625 0.052734375 0.1171875 0.1044921875
0 0.71484375 0.388671875 0.109375 0.1142578125
0 0.720703125 0.744140625 0.1064453125 0.1279296875
0 0.126953125 0.279296875 0.09375 0.107421875
2 0.30078125 0.7158203125 0.1201171875 0.1171875
2 0.68359375 0.55859375 0.103515625 0.130859375
0 0.142578125 0.5166015625 0.1220703125 0.158203125
0 0.310546875 0.142578125 0.119140625 0.1376953125
2 0.4814453125 0.54296875 0.1064453125 0.109375
0 0.607421875 0.9228515625 0.1279296875 0.140625
2 0.3212890625 0.431640625 0.107421875 0.115234375
0 0.455078125 0.841796875 0.1220703125 0.126953125
0 0.857421875 0.927734375 0.126953125 0.1435546875
2 0.064453125 0.740234375 0.1279296875 0.1376953125