2 0.2939453125 0.447265625 0.1044921875 0.130859375
2 0.173828125 0.240234375 0.111328125 0.1220703125
0 0.9326171875 0.6201171875 0.111328125 0.111328125
0 0.7548828125 0.533203125 0.095703125 0.1015625
2 0.58984375 0.84765625 0.095703125 0.1357421875
0 0.087890625 0.8759765625 0.1064453125 0.150390625
2 0.931640625 0.439453125 0.109375 0.109375
2 0.6171875 0.353515625 0.0830078125 0.123046875
2 0.3203125 0.6572265625 0.095703125 0.1015625
2 0.896484375 0.228515625 0.099609375 0.134765625
2 0.783203125 0.3173828125 0.119140625 0.1220703125
2 0.927734375 0.869140625 0.1142578125 0.140625
0 0.30859375 0.8974609375 0.107421875 0.111328125
0 0.3095703125 0.220703125 0.09375 0.1357421875
2 0.6083984375 0.0849609375 0.0986328125 0.126953125
0 0.796875 0.7099609375 0.107421875 0.119140625
2 0.759765625 0.107421875 0.0908203125 0.109375
2 0.4404296875 0.3056640625 0.091796875 0.1142578125
0 0.5810546875 0.6572265625 0.0986328125 0.123046875
0 0.126953125 0.4892578125 0.1015625 0.115234375