0 0.283203125 0.8154296875 0.095703125 0.1220703125
0 0.7841796875 0.8291015625 0.1064453125 0.1044921875
0 0.4990234375 0.662109375 0.1171875 0.134765625
0 0.666015625 0.4140625 0.103515625 0.119140625
2 0.119140625 0.8232421875 0.091796875 0.1064453125
0 0.2626953125 0.3837890625 0.0908203125 0.1220703125
2 0.3759765625 0.130859375 0.087890625 0.1015625
2 0.5458984375 0.2021484375 0.0908203125 0.099609375
0 0.931640625 0.322265625 0.109375 0.140625
2 0.1962890625 0.0791015625 0.099609375 0.1328125
2 0.771484375 0.1865234375 0.091796875 0.119140625
0 0.90625 0.505859375 0.1201171875 0.1298828125
2 0.564453125 0.896484375 0.123046875 0.1376953125
2 0.443359375 0.462890625 0.0908203125 0.0966796875
2 0.228515625 0.5830078125 0.1220703125 0.130859375
2 0.951171875 0.779296875 0.095703125 0.1064453125
2 0.9501953125 0.08984375 0.099609375 0.1298828125
0 0.427734375 0.876953125 0.1044921875 0.119140625
0 0.1083984375 0.306640625 0.107421875 0.130859375
2 0.6728515625 0.6455078125 0.0908203125 0.134765625