2 0.3046875 0.1259765625 0.125 0.146484375
0 0.654296875 0.654296875 0.0888671875 0.125
2 0.908203125 0.865234375 0.109375 0.1220703125
2 0.111328125 0.095703125 0.103515625 0.1064453125
2 0.572265625 0.8818359375 0.0908203125 0.1279296875
2 0.419921875 0.8427734375 0.095703125 0.111328125
2 0.513671875 0.115234375 0.1015625 0.126953125
2 0.251953125 0.66796875 0.095703125 0.1015625
2 0.4501953125 0.662109375 0.083984375 0.109375
2 0.111328125 0.8701171875 0.103515625 0.107421875
0 0.7431640625 0.880859375 0.095703125 0.107421875
2 0.103515625 0.6416015625 0.091796875 0.1044921875
2 0.923828125 0.654296875 0.087890625 0.1044921875
2 0.806640625 0.6640625 0.103515625 0.1591796875
2 0.9189453125 0.408203125 0.103515625 0.1064453125
0 0.373046875 0.369140625 0.107421875 0.126953125
2 0.1865234375 0.466796875 0.107421875 0.1484375
0 0.650390625 0.4619140625 0.0966796875 0.109375
0 0.6826171875 0.142578125 0.125 0.1201171875
0 0.923828125 0.115234375 0.0859375 0.1123046875