0 0.927734375 0.4208984375 0.087890625 0.087890625
2 0.392578125 0.9033203125 0.0986328125 0.103515625
0 0.607421875 0.9013671875 0.0986328125 0.1171875
0 0.1318359375 0.5166015625 0.1123046875 0.1064453125
0 0.1259765625 0.9111328125 0.09375 0.123046875
0 0.8583984375 0.9306640625 0.095703125 0.1220703125
2 0.3134765625 0.720703125 0.1064453125 0.109375
0 0.5908203125 0.716796875 0.1015625 0.1220703125
2 0.33203125 0.2392578125 0.09375 0.1279296875
2 0.537109375 0.111328125 0.1123046875 0.1201171875
0 0.1708984375 0.125 0.1015625 0.107421875
2 0.111328125 0.322265625 0.0966796875 0.107421875
2 0.1416015625 0.751953125 0.0966796875 0.0986328125
0 0.7763671875 0.6591796875 0.0888671875 0.125
2 0.947265625 0.162109375 0.1044921875 0.1328125
2 0.7451171875 0.26953125 0.1015625 0.1298828125
2 0.943359375 0.587890625 0.0888671875 0.0986328125
2 0.732421875 0.4912109375 0.0986328125 0.111328125
2 0.328125 0.5126953125 0.1201171875 0.1171875
2 0.6044921875 0.47265625 0.1015625 0.1455078125