0 0.4541015625 0.4609375 0.107421875 0.109375
0 0.462890625 0.28515625 0.0986328125 0.0986328125
0 0.865234375 0.365234375 0.1015625 0.111328125
0 0.119140625 0.3193359375 0.0908203125 0.119140625
0 0.69140625 0.638671875 0.091796875 0.126953125
0 0.3203125 0.8759765625 0.091796875 0.1376953125
2 0.4013671875 0.0849609375 0.109375 0.1357421875
2 0.267578125 0.5166015625 0.0986328125 0.1142578125
0 0.6806640625 0.1123046875 0.107421875 0.1142578125
2 0.8701171875 0.1259765625 0.0888671875 0.1279296875
2 0.3056640625 0.31640625 0.09375 0.0966796875
0 0.5341796875 0.73046875 0.0986328125 0.107421875
2 0.6318359375 0.4140625 0.0859375 0.1201171875
2 0.119140625 0.810546875 0.09375 0.1142578125
2 0.1181640625 0.0751953125 0.0888671875 0.126953125
0 0.853515625 0.603515625 0.095703125 0.1220703125
2 0.0546875 0.5556640625 0.0859375 0.1123046875
2 0.314453125 0.697265625 0.0966796875 0.0986328125
2 0.873046875 0.802734375 0.1201171875 0.103515625