0 0.5732421875 0.498046875 0.095703125 0.09375
0 0.0888671875 0.859375 0.1328125 0.123046875
0 0.439453125 0.7919921875 0.1171875 0.1171875
2 0.24609375 0.146484375 0.0966796875 0.119140625
2 0.88671875 0.1083984375 0.1142578125 0.1201171875
0 0.90234375 0.8447265625 0.1201171875 0.130859375
2 0.556640625 0.3330078125 0.0908203125 0.0859375
2 0.2578125 0.6728515625 0.0966796875 0.123046875
2 0.0634765625 0.1435546875 0.1220703125 0.125
0 0.669921875 0.755859375 0.1015625 0.115234375
2 0.412109375 0.591796875 0.0908203125 0.1201171875
0 0.5791015625 0.087890625 0.125 0.140625
2 0.732421875 0.3486328125 0.087890625 0.1220703125
0 0.103515625 0.3642578125 0.1142578125 0.111328125
0 0.3408203125 0.4052734375 0.115234375 0.1298828125
2 0.712890625 0.58203125 0.1015625 0.1201171875
2 0.2578125 0.9013671875 0.1044921875 0.138671875
2 0.427734375 0.140625 0.125 0.140625
2 0.0712890625 0.560546875 0.099609375 0.0986328125
2 0.8935546875 0.490234375 0.123046875 0.154296875