2 0.5400390625 0.3017578125 0.1201171875 0.126953125
0 0.626953125 0.810546875 0.1171875 0.125
0 0.1201171875 0.7158203125 0.111328125 0.1201171875
0 0.669921875 0.236328125 0.107421875 0.1201171875
0 0.3173828125 0.861328125 0.1142578125 0.1328125
2 0.8798828125 0.236328125 0.1064453125 0.115234375
2 0.8486328125 0.0615234375 0.115234375 0.123046875
2 0.9140625 0.8017578125 0.1123046875 0.126953125
2 0.82421875 0.583984375 0.111328125 0.1142578125
2 0.3349609375 0.4482421875 0.1142578125 0.1064453125
2 0.4990234375 0.591796875 0.1220703125 0.134765625
0 0.4794921875 0.810546875 0.1220703125 0.146484375
2 0.3544921875 0.205078125 0.1279296875 0.138671875
0 0.671875 0.5703125 0.119140625 0.1171875
0 0.322265625 0.642578125 0.107421875 0.1201171875
2 0.1513671875 0.92578125 0.134765625 0.1484375
2 0.154296875 0.521484375 0.115234375 0.109375
0 0.0693359375 0.208984375 0.138671875 0.15625
0 0.521484375 0.056640625 0.1279296875 0.1123046875
2 0.162109375 0.1328125 0.119140625 0.1328125