0 0.5625 0.130859375 0.107421875 0.126953125
2 0.0771484375 0.1396484375 0.0908203125 0.1220703125
2 0.7060546875 0.5986328125 0.1044921875 0.1015625
0 0.388671875 0.5595703125 0.1064453125 0.123046875
0 0.525390625 0.40234375 0.095703125 0.1142578125
2 0.33984375 0.900390625 0.099609375 0.1044921875
2 0.7939453125 0.1279296875 0.109375 0.146484375
2 0.677734375 0.822265625 0.095703125 0.1015625
2 0.3916015625 0.177734375 0.0908203125 0.115234375
2 0.1240234375 0.935546875 0.1064453125 0.107421875
0 0.1591796875 0.748046875 0.1015625 0.103515625
2 0.7666015625 0.357421875 0.09375 0.1171875
2 0.841796875 0.9306640625 0.103515625 0.130859375
2 0.216796875 0.40234375 0.0810546875 0.107421875
2 0.052734375 0.4658203125 0.1044921875 0.138671875
2 0.4912109375 0.7958984375 0.109375 0.1357421875
2 0.9306640625 0.5615234375 0.087890625 0.0859375
2 0.904296875 0.365234375 0.109375 0.1220703125
0 0.552734375 0.6064453125 0.09375 0.115234375
0 0.2158203125 0.1083984375 0.1015625 0.158203125