0 0.64453125 0.3642578125 0.140625 0.1376953125
2 0.068359375 0.412109375 0.1357421875 0.162109375
2 0.5185546875 0.2412109375 0.126953125 0.154296875
0 0.3623046875 0.6025390625 0.1220703125 0.109375
0 0.4404296875 0.9345703125 0.138671875 0.130859375
2 0.8828125 0.615234375 0.1298828125 0.1376953125
0 0.716796875 0.591796875 0.142578125 0.1455078125
0 0.841796875 0.1953125 0.126953125 0.1513671875
0 0.70703125 0.7958984375 0.134765625 0.134765625
2 0.3134765625 0.1640625 0.1171875 0.130859375
2 0.810546875 0.4111328125 0.125 0.125
2 0.556640625 0.5771484375 0.1123046875 0.1328125
2 0.6982421875 0.126953125 0.1279296875 0.138671875
2 0.2421875 0.455078125 0.123046875 0.1201171875
2 0.7314453125 0.9736328125 0.138671875 0.052734375
2 0.103515625 0.212890625 0.119140625 0.1533203125
0 0.0771484375 0.751953125 0.142578125 0.1669921875
2 0.3955078125 0.439453125 0.119140625 0.1279296875
0 0.298828125 0.8154296875 0.1513671875 0.1767578125
2 0.201171875 0.0576171875 0.1328125 0.115234375