0 0.7900390625 0.103515625 0.107421875 0.126953125
0 0.904296875 0.517578125 0.1220703125 0.1171875
0 0.6923828125 0.384765625 0.0966796875 0.134765625
0 0.4013671875 0.65234375 0.0986328125 0.1513671875
0 0.2294921875 0.623046875 0.111328125 0.107421875
0 0.068359375 0.3076171875 0.1123046875 0.1298828125
0 0.3955078125 0.8974609375 0.1044921875 0.1064453125
0 0.490234375 0.419921875 0.0966796875 0.1298828125
0 0.0693359375 0.111328125 0.091796875 0.123046875
0 0.0947265625 0.8876953125 0.1201171875 0.126953125
0 0.2412109375 0.8564453125 0.0908203125 0.1123046875
2 0.1064453125 0.498046875 0.083984375 0.119140625
2 0.638671875 0.1142578125 0.109375 0.126953125
2 0.837890625 0.3232421875 0.0888671875 0.130859375
2 0.775390625 0.767578125 0.09375 0.1279296875
2 0.5634765625 0.88671875 0.103515625 0.1279296875
2 0.5908203125 0.6953125 0.076171875 0.126953125
2 0.4482421875 0.193359375 0.0908203125 0.1123046875
0 0.2158203125 0.189453125 0.0751953125 0.146484375
0 0.3203125 0.3876953125 0.087890625 0.111328125