2 0.1142578125 0.943359375 0.130859375 0.11328125
2 0.3193359375 0.8515625 0.115234375 0.134765625
2 0.3251953125 0.662109375 0.103515625 0.1201171875
2 0.330078125 0.474609375 0.109375 0.126953125
2 0.6142578125 0.642578125 0.109375 0.150390625
2 0.89453125 0.841796875 0.115234375 0.134765625
2 0.8603515625 0.3310546875 0.111328125 0.1298828125
2 0.673828125 0.185546875 0.087890625 0.1015625
2 0.23046875 0.228515625 0.1123046875 0.125
2 0.119140625 0.716796875 0.1142578125 0.1279296875
0 0.1064453125 0.26953125 0.1201171875 0.130859375
0 0.1787109375 0.5185546875 0.0986328125 0.126953125
0 0.484375 0.486328125 0.107421875 0.125
0 0.7099609375 0.3623046875 0.111328125 0.109375
0 0.904296875 0.525390625 0.1142578125 0.126953125
0 0.7822265625 0.6416015625 0.111328125 0.109375
0 0.6416015625 0.8212890625 0.107421875 0.1357421875
0 0.470703125 0.8759765625 0.1171875 0.1220703125
0 0.5361328125 0.158203125 0.107421875 0.130859375
0 0.8564453125 0.0986328125 0.091796875 0.1142578125