0 0.8115234375 0.1552734375 0.1123046875 0.1328125
2 0.318359375 0.0791015625 0.142578125 0.158203125
0 0.1357421875 0.212890625 0.123046875 0.1279296875
2 0.7392578125 0.349609375 0.109375 0.109375
0 0.5576171875 0.900390625 0.1328125 0.1357421875
2 0.1376953125 0.625 0.123046875 0.166015625
0 0.412109375 0.744140625 0.126953125 0.1279296875
0 0.736328125 0.5302734375 0.123046875 0.1220703125
2 0.4775390625 0.509765625 0.1328125 0.146484375
2 0.27734375 0.357421875 0.1201171875 0.1279296875
2 0.455078125 0.0908203125 0.1142578125 0.119140625
2 0.912109375 0.7197265625 0.111328125 0.1220703125
0 0.181640625 0.810546875 0.142578125 0.158203125
2 0.6767578125 0.708984375 0.138671875 0.15625
2 0.96875 0.251953125 0.0625 0.1044921875
2 0.8203125 0.9423828125 0.1279296875 0.115234375
2 0.203125 0.025390625 0.1279296875 0.0498046875
2 0.943359375 0.435546875 0.11328125 0.125
2 0.1357421875 0.376953125 0.1298828125 0.140625
2 0.587890625 0.2802734375 0.126953125 0.138671875