0 0.46484375 0.07421875 0.09375 0.1171875
0 0.8837890625 0.23046875 0.103515625 0.099609375
2 0.73046875 0.1220703125 0.1064453125 0.154296875
2 0.6015625 0.873046875 0.095703125 0.103515625
2 0.794921875 0.8876953125 0.091796875 0.1142578125
0 0.705078125 0.669921875 0.1123046875 0.109375
2 0.119140625 0.1044921875 0.109375 0.095703125
2 0.8740234375 0.4638671875 0.087890625 0.115234375
2 0.091796875 0.251953125 0.091796875 0.126953125
0 0.3125 0.365234375 0.1064453125 0.0966796875
0 0.4140625 0.6162109375 0.1064453125 0.115234375
2 0.072265625 0.716796875 0.0986328125 0.130859375
2 0.8916015625 0.67578125 0.0888671875 0.09375
2 0.513671875 0.3134765625 0.126953125 0.1357421875
2 0.1796875 0.517578125 0.0908203125 0.1142578125
0 0.25 0.736328125 0.095703125 0.1298828125
0 0.6787109375 0.34765625 0.1015625 0.1171875
0 0.291015625 0.076171875 0.1064453125 0.1220703125
0 0.4423828125 0.8671875 0.1123046875 0.1513671875
2 0.083984375 0.912109375 0.1142578125 0.1142578125