2 0.158203125 0.2470703125 0.1064453125 0.1484375
2 0.7626953125 0.6572265625 0.0986328125 0.1171875
0 0.4140625 0.9287109375 0.1015625 0.1298828125
2 0.5615234375 0.259765625 0.1015625 0.125
2 0.9384765625 0.708984375 0.095703125 0.111328125
2 0.2314453125 0.87109375 0.095703125 0.0966796875
2 0.2724609375 0.4677734375 0.087890625 0.1015625
2 0.3330078125 0.2060546875 0.091796875 0.125
2 0.470703125 0.4345703125 0.095703125 0.1015625
2 0.6171875 0.857421875 0.087890625 0.09375
2 0.7060546875 0.142578125 0.103515625 0.111328125
2 0.107421875 0.6962890625 0.1123046875 0.142578125
2 0.84765625 0.0927734375 0.091796875 0.111328125
0 0.107421875 0.443359375 0.111328125 0.115234375
2 0.6611328125 0.4541015625 0.1015625 0.1328125
0 0.51171875 0.68359375 0.1123046875 0.140625
2 0.798828125 0.923828125 0.09375 0.138671875
2 0.267578125 0.720703125 0.1064453125 0.0986328125
2 0.8212890625 0.3671875 0.1015625 0.140625
2 0.927734375 0.8740234375 0.1044921875 0.1357421875