0 0.4404296875 0.126953125 0.1123046875 0.138671875
0 0.80859375 0.103515625 0.1015625 0.103515625
0 0.75 0.8876953125 0.0986328125 0.115234375
2 0.609375 0.861328125 0.1044921875 0.1220703125
0 0.185546875 0.8662109375 0.111328125 0.125
2 0.548828125 0.30859375 0.125 0.1279296875
2 0.333984375 0.935546875 0.125 0.1279296875
2 0.8857421875 0.373046875 0.1171875 0.158203125
0 0.380859375 0.5888671875 0.099609375 0.119140625
2 0.9228515625 0.861328125 0.1044921875 0.1376953125
0 0.896484375 0.640625 0.1123046875 0.140625
2 0.099609375 0.279296875 0.115234375 0.1142578125
2 0.7216796875 0.515625 0.1064453125 0.1357421875
2 0.662109375 0.0927734375 0.095703125 0.109375
2 0.412109375 0.333984375 0.095703125 0.115234375
2 0.57421875 0.5478515625 0.1044921875 0.146484375
0 0.2265625 0.634765625 0.115234375 0.126953125
0 0.0517578125 0.552734375 0.103515625 0.1279296875
2 0.6865234375 0.33203125 0.130859375 0.1513671875
2 0.248046875 0.1826171875 0.111328125 0.154296875