0 0.7021484375 0.3974609375 0.1064453125 0.1044921875
2 0.1337890625 0.3017578125 0.115234375 0.1044921875
0 0.0986328125 0.744140625 0.1064453125 0.1201171875
2 0.2978515625 0.6103515625 0.103515625 0.1142578125
2 0.857421875 0.869140625 0.103515625 0.1611328125
0 0.5244140625 0.88671875 0.1142578125 0.1357421875
2 0.3544921875 0.10546875 0.099609375 0.1201171875
0 0.833984375 0.5107421875 0.1015625 0.1279296875
2 0.62109375 0.630859375 0.095703125 0.1220703125
2 0.1474609375 0.5341796875 0.1201171875 0.1064453125
2 0.1376953125 0.080078125 0.091796875 0.1123046875
2 0.3203125 0.291015625 0.09375 0.109375
2 0.9091796875 0.359375 0.091796875 0.1044921875
2 0.2763671875 0.802734375 0.1044921875 0.1279296875
2 0.93359375 0.1494140625 0.115234375 0.1123046875
2 0.7568359375 0.185546875 0.0810546875 0.107421875
2 0.474609375 0.4755859375 0.1328125 0.1357421875
2 0.5400390625 0.279296875 0.0908203125 0.0986328125
2 0.455078125 0.6865234375 0.1015625 0.119140625
0 0.7021484375 0.84375 0.111328125 0.1435546875