0 0.884765625 0.853515625 0.1142578125 0.1298828125
0 0.623046875 0.26953125 0.1064453125 0.1044921875
2 0.62890625 0.0693359375 0.1123046875 0.109375
2 0.2158203125 0.7529296875 0.1123046875 0.126953125
0 0.44921875 0.81640625 0.1123046875 0.126953125
2 0.61328125 0.6826171875 0.109375 0.1357421875
2 0.4306640625 0.1015625 0.1064453125 0.115234375
0 0.3583984375 0.2958984375 0.0888671875 0.0986328125
0 0.8505859375 0.5712890625 0.109375 0.1298828125
2 0.265625 0.0654296875 0.107421875 0.126953125
2 0.107421875 0.3994140625 0.0859375 0.107421875
2 0.81640625 0.3212890625 0.087890625 0.109375
0 0.353515625 0.470703125 0.107421875 0.1201171875
2 0.1171875 0.193359375 0.083984375 0.0966796875
0 0.498046875 0.455078125 0.1015625 0.126953125
0 0.7255859375 0.869140625 0.107421875 0.111328125
2 0.806640625 0.1162109375 0.119140625 0.126953125
0 0.05859375 0.8603515625 0.1044921875 0.138671875
0 0.658203125 0.4462890625 0.099609375 0.125
0 0.068359375 0.5712890625 0.1142578125 0.1220703125