0 0.8955078125 0.271484375 0.123046875 0.140625
2 0.642578125 0.92578125 0.1064453125 0.125
0 0.794921875 0.912109375 0.1015625 0.140625
2 0.5283203125 0.2490234375 0.115234375 0.1279296875
0 0.4384765625 0.5126953125 0.1064453125 0.1142578125
0 0.06640625 0.4833984375 0.09375 0.1015625
2 0.330078125 0.341796875 0.091796875 0.109375
0 0.357421875 0.115234375 0.1015625 0.1044921875
2 0.4677734375 0.900390625 0.109375 0.099609375
2 0.708984375 0.177734375 0.1064453125 0.107421875
2 0.0908203125 0.900390625 0.123046875 0.123046875
2 0.404296875 0.7314453125 0.0966796875 0.140625
0 0.5810546875 0.716796875 0.1044921875 0.1064453125
2 0.142578125 0.18359375 0.0908203125 0.0966796875
2 0.896484375 0.7060546875 0.1171875 0.138671875
0 0.884765625 0.48046875 0.1123046875 0.119140625
2 0.26171875 0.7880859375 0.0888671875 0.115234375
2 0.095703125 0.7236328125 0.0966796875 0.109375
2 0.2705078125 0.537109375 0.123046875 0.134765625
2 0.6708984375 0.4775390625 0.1171875 0.1171875