2 0.1494140625 0.7861328125 0.1171875 0.115234375
2 0.6689453125 0.16015625 0.134765625 0.162109375
0 0.7353515625 0.8828125 0.1201171875 0.109375
0 0.841796875 0.3544921875 0.1142578125 0.142578125
0 0.31640625 0.6513671875 0.1357421875 0.1435546875
2 0.064453125 0.3427734375 0.126953125 0.15625
2 0.447265625 0.626953125 0.1201171875 0.162109375
2 0.138671875 0.5908203125 0.125 0.125
2 0.900390625 0.869140625 0.1298828125 0.1298828125
2 0.6220703125 0.6630859375 0.1142578125 0.1220703125
2 0.603515625 0.466796875 0.109375 0.140625
0 0.416015625 0.3720703125 0.125 0.130859375
2 0.2138671875 0.275390625 0.123046875 0.107421875
0 0.177734375 0.9501953125 0.1201171875 0.099609375
2 0.8916015625 0.111328125 0.1044921875 0.111328125
2 0.8427734375 0.591796875 0.109375 0.1064453125
0 0.337890625 0.171875 0.134765625 0.1533203125
2 0.3525390625 0.8759765625 0.125 0.1611328125
0 0.2734375 0.43359375 0.125 0.1298828125
0 0.51953125 0.8857421875 0.125 0.119140625