0 0.58203125 0.9072265625 0.1015625 0.126953125
0 0.78125 0.880859375 0.0986328125 0.1044921875
2 0.91796875 0.1767578125 0.1015625 0.1142578125
2 0.2607421875 0.880859375 0.103515625 0.1044921875
0 0.1591796875 0.349609375 0.09375 0.119140625
0 0.8798828125 0.396484375 0.1201171875 0.1123046875
2 0.09375 0.8759765625 0.0908203125 0.111328125
0 0.48046875 0.603515625 0.115234375 0.1201171875
2 0.6474609375 0.48828125 0.0908203125 0.107421875
0 0.8125 0.6591796875 0.1064453125 0.125
2 0.087890625 0.162109375 0.0986328125 0.123046875
2 0.7099609375 0.130859375 0.09375 0.1015625
2 0.4990234375 0.2119140625 0.0986328125 0.123046875
0 0.1181640625 0.5986328125 0.1123046875 0.1220703125
2 0.451171875 0.890625 0.0908203125 0.1123046875
2 0.2607421875 0.580078125 0.0859375 0.1376953125
0 0.9501953125 0.916015625 0.099609375 0.1298828125
2 0.283203125 0.2080078125 0.0908203125 0.080078125
2 0.4140625 0.41015625 0.1015625 0.107421875
0 0.6494140625 0.6552734375 0.1064453125 0.0966796875