2 0.6474609375 0.2060546875 0.099609375 0.130859375
0 0.4599609375 0.255859375 0.111328125 0.123046875
0 0.1181640625 0.111328125 0.1123046875 0.119140625
2 0.658203125 0.9248046875 0.1064453125 0.140625
2 0.2001953125 0.837890625 0.0986328125 0.1064453125
2 0.861328125 0.912109375 0.130859375 0.154296875
2 0.2744140625 0.2734375 0.109375 0.1123046875
2 0.861328125 0.41796875 0.1044921875 0.1171875
2 0.2705078125 0.0888671875 0.1298828125 0.158203125
2 0.07421875 0.603515625 0.1123046875 0.123046875
2 0.4189453125 0.72265625 0.1015625 0.142578125
0 0.6767578125 0.5966796875 0.107421875 0.1201171875
2 0.521484375 0.4599609375 0.1201171875 0.1279296875
0 0.4951171875 0.9072265625 0.1123046875 0.1298828125
2 0.119140625 0.28125 0.1044921875 0.103515625
2 0.943359375 0.181640625 0.1123046875 0.142578125
2 0.298828125 0.587890625 0.115234375 0.119140625
2 0.7138671875 0.435546875 0.119140625 0.1142578125
0 0.8427734375 0.6865234375 0.1142578125 0.1220703125
2 0.0361328125 0.826171875 0.072265625 0.142578125