0 0.314453125 0.236328125 0.1123046875 0.107421875
2 0.548828125 0.6806640625 0.119140625 0.111328125
0 0.392578125 0.8720703125 0.1171875 0.134765625
2 0.8076171875 0.7578125 0.103515625 0.125
0 0.82421875 0.4189453125 0.1015625 0.115234375
0 0.5615234375 0.873046875 0.1201171875 0.1201171875
0 0.240234375 0.65234375 0.107421875 0.1201171875
0 0.8369140625 0.1201171875 0.1123046875 0.126953125
2 0.1064453125 0.369140625 0.1201171875 0.115234375
2 0.16015625 0.158203125 0.1171875 0.1201171875
0 0.236328125 0.837890625 0.1015625 0.1142578125
0 0.6435546875 0.232421875 0.1220703125 0.1455078125
2 0.62109375 0.45703125 0.107421875 0.111328125
2 0.859375 0.931640625 0.1064453125 0.1357421875
2 0.330078125 0.056640625 0.119140625 0.1123046875
2 0.474609375 0.1513671875 0.103515625 0.1123046875
2 0.3740234375 0.5048828125 0.103515625 0.103515625
0 0.083984375 0.6123046875 0.1142578125 0.1220703125
2 0.392578125 0.6376953125 0.1123046875 0.1044921875
0 0.0419921875 0.78125 0.083984375 0.134765625