0 0.443359375 0.509765625 0.1044921875 0.1044921875
0 0.099609375 0.4052734375 0.1142578125 0.1328125
2 0.2705078125 0.443359375 0.111328125 0.1298828125
2 0.7470703125 0.8447265625 0.1064453125 0.1201171875
2 0.69921875 0.275390625 0.125 0.123046875
0 0.4853515625 0.1015625 0.1298828125 0.1171875
2 0.443359375 0.294921875 0.125 0.115234375
2 0.76171875 0.4130859375 0.125 0.15625
2 0.6650390625 0.65234375 0.111328125 0.1142578125
2 0.6748046875 0.0576171875 0.1201171875 0.111328125
2 0.279296875 0.6328125 0.123046875 0.146484375
2 0.087890625 0.6357421875 0.1044921875 0.1201171875
0 0.865234375 0.1494140625 0.111328125 0.1328125
2 0.306640625 0.853515625 0.087890625 0.109375
2 0.599609375 0.458984375 0.1328125 0.130859375
0 0.5078125 0.841796875 0.115234375 0.140625
2 0.240234375 0.1298828125 0.1201171875 0.123046875
0 0.166015625 0.935546875 0.119140625 0.1279296875
0 0.841796875 0.662109375 0.115234375 0.134765625
2 0.0419921875 0.1611328125 0.083984375 0.1435546875