2 0.6923828125 0.078125 0.1279296875 0.15625
2 0.4443359375 0.8662109375 0.125 0.1435546875
0 0.505859375 0.4306640625 0.1171875 0.125
2 0.658203125 0.47265625 0.119140625 0.138671875
2 0.1396484375 0.900390625 0.1376953125 0.1748046875
0 0.431640625 0.6396484375 0.119140625 0.146484375
2 0.2060546875 0.603515625 0.0986328125 0.126953125
0 0.705078125 0.232421875 0.115234375 0.1171875
2 0.208984375 0.1328125 0.119140625 0.1142578125
2 0.5283203125 0.189453125 0.103515625 0.1123046875
2 0.6083984375 0.6708984375 0.109375 0.1142578125
2 0.298828125 0.30859375 0.099609375 0.111328125
2 0.6904296875 0.849609375 0.1298828125 0.125
2 0.818359375 0.76171875 0.083984375 0.111328125
0 0.8740234375 0.314453125 0.1279296875 0.1357421875
0 0.052734375 0.1240234375 0.1044921875 0.1328125
0 0.8369140625 0.59765625 0.103515625 0.1328125
2 0.841796875 0.0615234375 0.1064453125 0.123046875
0 0.12109375 0.3740234375 0.125 0.1455078125
0 0.951171875 0.787109375 0.0966796875 0.126953125