0 0.87890625 0.6513671875 0.1142578125 0.1201171875
2 0.361328125 0.046875 0.1220703125 0.09375
0 0.2470703125 0.6669921875 0.138671875 0.15625
2 0.4384765625 0.759765625 0.1376953125 0.150390625
2 0.787109375 0.3779296875 0.1201171875 0.1328125
0 0.123046875 0.5126953125 0.126953125 0.1279296875
2 0.748046875 0.541015625 0.1064453125 0.1298828125
0 0.189453125 0.345703125 0.1171875 0.115234375
2 0.94140625 0.408203125 0.1171875 0.1220703125
0 0.19140625 0.064453125 0.1298828125 0.1279296875
0 0.5341796875 0.529296875 0.1279296875 0.138671875
2 0.7978515625 0.169921875 0.126953125 0.1328125
2 0.615234375 0.724609375 0.125 0.1455078125
2 0.9697265625 0.193359375 0.060546875 0.1298828125
2 0.568359375 0.9091796875 0.1328125 0.140625
2 0.51171875 0.181640625 0.126953125 0.125
2 0.05078125 0.6904296875 0.1015625 0.1748046875
0 0.640625 0.330078125 0.125 0.142578125
0 0.7705078125 0.896484375 0.1328125 0.166015625
0 0.3779296875 0.462890625 0.1220703125 0.1484375