0 0.521484375 0.498046875 0.123046875 0.154296875
2 0.2099609375 0.931640625 0.142578125 0.13671875
2 0.451171875 0.1083984375 0.138671875 0.15625
0 0.33984375 0.3212890625 0.1201171875 0.146484375
0 0.7158203125 0.263671875 0.1279296875 0.1484375
2 0.7119140625 0.521484375 0.1142578125 0.150390625
0 0.017578125 0.2578125 0.0341796875 0.146484375
0 0.283203125 0.123046875 0.126953125 0.1328125
0 0.212890625 0.505859375 0.1123046875 0.119140625
2 0.3701171875 0.5458984375 0.123046875 0.1435546875
0 0.890625 0.5703125 0.1201171875 0.1201171875
2 0.5537109375 0.2978515625 0.1220703125 0.119140625
0 0.791015625 0.0546875 0.1201171875 0.109375
2 0.591796875 0.052734375 0.1015625 0.1044921875
2 0.283203125 0.7216796875 0.1298828125 0.162109375
2 0.125 0.2353515625 0.1044921875 0.099609375
2 0.072265625 0.60546875 0.134765625 0.1376953125
2 0.4794921875 0.771484375 0.1298828125 0.1298828125
0 0.888671875 0.794921875 0.1484375 0.173828125
0 0.7216796875 0.7958984375 0.126953125 0.1455078125