2 0.2255859375 0.349609375 0.115234375 0.1123046875
2 0.1328125 0.6533203125 0.1142578125 0.115234375
0 0.8828125 0.1044921875 0.115234375 0.138671875
0 0.7197265625 0.6025390625 0.107421875 0.126953125
2 0.828125 0.3359375 0.1064453125 0.138671875
2 0.484375 0.587890625 0.1171875 0.134765625
2 0.154296875 0.9208984375 0.103515625 0.1123046875
2 0.0888671875 0.4423828125 0.109375 0.130859375
2 0.6826171875 0.1337890625 0.099609375 0.103515625
0 0.5009765625 0.369140625 0.111328125 0.1455078125
2 0.763671875 0.859375 0.095703125 0.1171875
0 0.265625 0.1201171875 0.1015625 0.1142578125
2 0.482421875 0.162109375 0.099609375 0.1171875
2 0.712890625 0.443359375 0.1328125 0.125
0 0.92578125 0.8701171875 0.1142578125 0.125
0 0.0751953125 0.1708984375 0.125 0.138671875
0 0.5703125 0.806640625 0.107421875 0.1455078125
2 0.3359375 0.6328125 0.134765625 0.146484375
0 0.3515625 0.9033203125 0.1220703125 0.140625
0 0.89453125 0.580078125 0.1142578125 0.142578125