0 0.779296875 0.529296875 0.103515625 0.1142578125
0 0.828125 0.361328125 0.099609375 0.119140625
2 0.865234375 0.9326171875 0.1044921875 0.134765625
2 0.5283203125 0.85546875 0.111328125 0.150390625
0 0.291015625 0.2861328125 0.1142578125 0.1298828125
0 0.134765625 0.087890625 0.1298828125 0.1455078125
0 0.4453125 0.6572265625 0.1142578125 0.1298828125
0 0.494140625 0.28125 0.109375 0.1376953125
0 0.0595703125 0.53515625 0.109375 0.1142578125
2 0.1640625 0.810546875 0.1201171875 0.1298828125
2 0.8916015625 0.7001953125 0.09375 0.130859375
2 0.107421875 0.322265625 0.1015625 0.125
0 0.701171875 0.6865234375 0.107421875 0.126953125
0 0.7265625 0.8876953125 0.1044921875 0.111328125
2 0.6806640625 0.3369140625 0.115234375 0.1220703125
2 0.67578125 0.158203125 0.111328125 0.1328125
2 0.2978515625 0.873046875 0.1015625 0.1171875
0 0.4990234375 0.4638671875 0.1044921875 0.1328125
0 0.8759765625 0.169921875 0.1044921875 0.1201171875
2 0.212890625 0.6181640625 0.103515625 0.119140625