0 0.78515625 0.25390625 0.0966796875 0.138671875
0 0.5712890625 0.4443359375 0.1015625 0.0986328125
2 0.630859375 0.6591796875 0.107421875 0.1064453125
2 0.130859375 0.173828125 0.09375 0.138671875
0 0.4091796875 0.318359375 0.09375 0.1220703125
0 0.099609375 0.5458984375 0.0986328125 0.1015625
2 0.1298828125 0.369140625 0.1064453125 0.138671875
2 0.9140625 0.361328125 0.107421875 0.1201171875
2 0.8505859375 0.8837890625 0.1044921875 0.146484375
2 0.1298828125 0.7392578125 0.099609375 0.1298828125
2 0.376953125 0.115234375 0.099609375 0.109375
2 0.908203125 0.578125 0.1123046875 0.0986328125
0 0.5849609375 0.2412109375 0.109375 0.1123046875
2 0.9443359375 0.1943359375 0.095703125 0.103515625
2 0.72265625 0.4423828125 0.0888671875 0.0908203125
0 0.587890625 0.890625 0.103515625 0.134765625
0 0.3056640625 0.85546875 0.09375 0.111328125
0 0.2685546875 0.5107421875 0.1201171875 0.134765625
2 0.41796875 0.6904296875 0.115234375 0.1142578125
2 0.765625 0.6962890625 0.1142578125 0.1064453125