0 0.373046875 0.4580078125 0.103515625 0.123046875
0 0.8603515625 0.314453125 0.0986328125 0.1376953125
0 0.3115234375 0.8759765625 0.0966796875 0.1142578125
2 0.107421875 0.1162109375 0.0986328125 0.1123046875
0 0.8974609375 0.84765625 0.1015625 0.107421875
0 0.5263671875 0.11328125 0.111328125 0.1123046875
2 0.1337890625 0.646484375 0.09375 0.1298828125
0 0.7451171875 0.892578125 0.09375 0.146484375
2 0.755859375 0.4853515625 0.0986328125 0.099609375
2 0.5595703125 0.806640625 0.09375 0.1064453125
0 0.5654296875 0.4931640625 0.0986328125 0.125
2 0.140625 0.8388671875 0.0966796875 0.119140625
0 0.8916015625 0.119140625 0.09375 0.1142578125
0 0.677734375 0.19921875 0.119140625 0.125
2 0.9189453125 0.6220703125 0.083984375 0.1171875
2 0.384765625 0.2431640625 0.0966796875 0.134765625
2 0.197265625 0.4423828125 0.0908203125 0.130859375
0 0.310546875 0.6923828125 0.1064453125 0.119140625
2 0.2470703125 0.203125 0.1279296875 0.126953125
2 0.7294921875 0.724609375 0.1171875 0.1220703125