0 0.03125 0.818359375 0.0625 0.1435546875
0 0.1455078125 0.3134765625 0.1279296875 0.150390625
2 0.92578125 0.3525390625 0.115234375 0.115234375
0 0.638671875 0.9033203125 0.111328125 0.1220703125
2 0.611328125 0.16015625 0.1357421875 0.1611328125
0 0.2822265625 0.0634765625 0.1201171875 0.126953125
0 0.568359375 0.4609375 0.123046875 0.1279296875
0 0.791015625 0.2578125 0.119140625 0.119140625
2 0.857421875 0.7451171875 0.119140625 0.1171875
2 0.4765625 0.9150390625 0.109375 0.130859375
0 0.322265625 0.89453125 0.119140625 0.126953125
2 0.8125 0.9541015625 0.1064453125 0.091796875
0 0.1845703125 0.744140625 0.1279296875 0.1328125
0 0.9384765625 0.5390625 0.123046875 0.1513671875
2 0.298828125 0.47265625 0.1015625 0.0986328125
2 0.74609375 0.4755859375 0.103515625 0.103515625
2 0.728515625 0.7060546875 0.1015625 0.142578125
0 0.419921875 0.1435546875 0.1123046875 0.1220703125
2 0.5 0.658203125 0.1142578125 0.1201171875
0 0.0908203125 0.5185546875 0.1171875 0.1298828125