2 0.759765625 0.326171875 0.1064453125 0.103515625
2 0.87890625 0.6201171875 0.1044921875 0.1064453125
0 0.083984375 0.1396484375 0.1064453125 0.1298828125
0 0.2900390625 0.62109375 0.0986328125 0.119140625
2 0.158203125 0.365234375 0.095703125 0.130859375
2 0.5234375 0.5859375 0.1064453125 0.126953125
2 0.880859375 0.888671875 0.095703125 0.1044921875
2 0.904296875 0.40625 0.0986328125 0.123046875
2 0.2861328125 0.150390625 0.0908203125 0.095703125
0 0.4873046875 0.369140625 0.099609375 0.1376953125
2 0.267578125 0.880859375 0.087890625 0.109375
0 0.701171875 0.1015625 0.09375 0.1064453125
2 0.4873046875 0.162109375 0.091796875 0.111328125
2 0.283203125 0.4619140625 0.1220703125 0.115234375
0 0.107421875 0.90625 0.1044921875 0.115234375
0 0.89453125 0.134765625 0.115234375 0.1298828125
0 0.4560546875 0.810546875 0.0966796875 0.1376953125
2 0.6748046875 0.6181640625 0.123046875 0.1357421875
0 0.6826171875 0.888671875 0.109375 0.130859375
0 0.1142578125 0.6142578125 0.103515625 0.134765625