0 0.447265625 0.5966796875 0.109375 0.1015625
0 0.66796875 0.5107421875 0.103515625 0.125
0 0.30078125 0.380859375 0.123046875 0.134765625
2 0.671875 0.185546875 0.107421875 0.142578125
0 0.4169921875 0.787109375 0.0966796875 0.1064453125
2 0.568359375 0.8955078125 0.111328125 0.111328125
2 0.9267578125 0.5419921875 0.109375 0.111328125
2 0.9501953125 0.341796875 0.0908203125 0.1171875
2 0.28125 0.6064453125 0.125 0.1220703125
2 0.4560546875 0.162109375 0.09375 0.1171875
0 0.072265625 0.6630859375 0.09375 0.1376953125
0 0.076171875 0.455078125 0.091796875 0.1123046875
2 0.12890625 0.84765625 0.0810546875 0.1015625
2 0.74609375 0.935546875 0.1171875 0.0859375
2 0.52734375 0.390625 0.1064453125 0.115234375
2 0.646484375 0.705078125 0.0830078125 0.0908203125
2 0.923828125 0.736328125 0.1298828125 0.119140625
0 0.044921875 0.298828125 0.0888671875 0.111328125
0 0.8203125 0.169921875 0.1064453125 0.1201171875
0 0.232421875 0.1572265625 0.09375 0.1220703125