0 0.556640625 0.501953125 0.09375 0.095703125
0 0.884765625 0.357421875 0.099609375 0.1220703125
2 0.720703125 0.416015625 0.0966796875 0.1201171875
2 0.296875 0.8720703125 0.09375 0.111328125
2 0.275390625 0.30078125 0.1123046875 0.111328125
0 0.466796875 0.1025390625 0.119140625 0.1044921875
2 0.53125 0.2900390625 0.1142578125 0.103515625
2 0.2294921875 0.4462890625 0.107421875 0.1455078125
2 0.3544921875 0.6708984375 0.0986328125 0.1015625
2 0.2724609375 0.08203125 0.109375 0.0986328125
2 0.736328125 0.6044921875 0.107421875 0.1357421875
2 0.92578125 0.583984375 0.091796875 0.109375
0 0.095703125 0.1962890625 0.0966796875 0.1220703125
2 0.7353515625 0.8271484375 0.076171875 0.099609375
2 0.396484375 0.470703125 0.119140625 0.1171875
0 0.533203125 0.83984375 0.099609375 0.1298828125
2 0.712890625 0.1005859375 0.1064453125 0.1123046875
0 0.8857421875 0.8935546875 0.1064453125 0.1201171875
0 0.181640625 0.703125 0.1015625 0.123046875
2 0.9287109375 0.10546875 0.1015625 0.1328125