2 0.8564453125 0.1455078125 0.095703125 0.123046875
2 0.9013671875 0.734375 0.0986328125 0.1171875
0 0.396484375 0.728515625 0.0908203125 0.115234375
0 0.07421875 0.9345703125 0.083984375 0.1171875
2 0.6494140625 0.259765625 0.0966796875 0.1142578125
0 0.1796875 0.7353515625 0.1044921875 0.1435546875
2 0.080078125 0.1142578125 0.1279296875 0.111328125
0 0.2392578125 0.1298828125 0.0908203125 0.109375
0 0.5595703125 0.517578125 0.1201171875 0.119140625
2 0.412109375 0.529296875 0.0830078125 0.1298828125
2 0.576171875 0.767578125 0.0986328125 0.109375
2 0.7373046875 0.595703125 0.0732421875 0.1298828125
0 0.8642578125 0.560546875 0.1064453125 0.109375
2 0.1591796875 0.44921875 0.099609375 0.140625
2 0.873046875 0.314453125 0.1064453125 0.109375
2 0.7900390625 0.939453125 0.107421875 0.1044921875
2 0.49609375 0.330078125 0.103515625 0.126953125
2 0.328125 0.3115234375 0.0966796875 0.109375
0 0.5 0.119140625 0.0986328125 0.1064453125
2 0.275390625 0.9033203125 0.107421875 0.1171875