0 0.521484375 0.5029296875 0.095703125 0.1376953125
2 0.1201171875 0.8603515625 0.1171875 0.125
2 0.541015625 0.107421875 0.111328125 0.1357421875
0 0.384765625 0.2900390625 0.095703125 0.1279296875
0 0.763671875 0.318359375 0.1015625 0.1298828125
2 0.701171875 0.568359375 0.0859375 0.134765625
0 0.044921875 0.1455078125 0.0888671875 0.1298828125
0 0.373046875 0.083984375 0.1044921875 0.1123046875
0 0.21875 0.44140625 0.09375 0.099609375
2 0.36328125 0.515625 0.0986328125 0.125
0 0.865234375 0.65625 0.099609375 0.099609375
2 0.5986328125 0.314453125 0.103515625 0.0986328125
0 0.8857421875 0.123046875 0.0986328125 0.1064453125
2 0.69140625 0.0791015625 0.0830078125 0.0986328125
2 0.23828125 0.6669921875 0.099609375 0.1435546875
2 0.193359375 0.158203125 0.0888671875 0.0830078125
2 0.0595703125 0.505859375 0.1123046875 0.115234375
2 0.4189453125 0.759765625 0.109375 0.109375
0 0.8115234375 0.8740234375 0.119140625 0.1513671875
0 0.650390625 0.837890625 0.1015625 0.126953125