0 0.892578125 0.388671875 0.1064453125 0.1123046875
2 0.3125 0.9462890625 0.11328125 0.107421875
0 0.265625 0.3076171875 0.1279296875 0.146484375
2 0.4658203125 0.2353515625 0.125 0.140625
2 0.7724609375 0.6513671875 0.111328125 0.125
0 0.126953125 0.4482421875 0.1171875 0.119140625
2 0.7509765625 0.486328125 0.095703125 0.1220703125
0 0.17578125 0.6220703125 0.109375 0.107421875
2 0.935546875 0.638671875 0.119140625 0.1123046875
0 0.1455078125 0.916015625 0.1171875 0.150390625
0 0.537109375 0.474609375 0.1171875 0.130859375
2 0.76171875 0.8603515625 0.115234375 0.125
2 0.638671875 0.2890625 0.1142578125 0.1376953125
2 0.9541015625 0.857421875 0.091796875 0.1220703125
2 0.611328125 0.099609375 0.1220703125 0.130859375
2 0.478515625 0.8173828125 0.1171875 0.115234375
2 0.05859375 0.2607421875 0.1171875 0.166015625
0 0.623046875 0.68359375 0.1142578125 0.134765625
0 0.810546875 0.134765625 0.1201171875 0.158203125
0 0.375 0.5244140625 0.111328125 0.140625