0 0.1015625 0.5205078125 0.1201171875 0.1171875
2 0.736328125 0.6572265625 0.103515625 0.1484375
0 0.5498046875 0.876953125 0.1201171875 0.1279296875
0 0.4482421875 0.283203125 0.1220703125 0.123046875
0 0.630859375 0.4677734375 0.109375 0.1123046875
2 0.1796875 0.326171875 0.103515625 0.107421875
2 0.5810546875 0.669921875 0.0966796875 0.115234375
0 0.21875 0.107421875 0.1123046875 0.107421875
0 0.869140625 0.6923828125 0.0986328125 0.1123046875
0 0.1767578125 0.86328125 0.123046875 0.126953125
0 0.439453125 0.47265625 0.1123046875 0.109375
2 0.94921875 0.3603515625 0.1015625 0.107421875
0 0.814453125 0.8525390625 0.099609375 0.126953125
2 0.228515625 0.619140625 0.107421875 0.1201171875
0 0.4677734375 0.064453125 0.1015625 0.115234375
2 0.3935546875 0.8564453125 0.103515625 0.1220703125
2 0.8076171875 0.1142578125 0.1201171875 0.1201171875
2 0.623046875 0.244140625 0.1064453125 0.119140625
2 0.4111328125 0.6572265625 0.123046875 0.1376953125
0 0.806640625 0.318359375 0.1064453125 0.1298828125