2 0.517578125 0.9091796875 0.1220703125 0.1142578125
0 0.212890625 0.416015625 0.1220703125 0.1298828125
0 0.8603515625 0.8603515625 0.1220703125 0.125
0 0.0625 0.853515625 0.1142578125 0.111328125
2 0.552734375 0.5107421875 0.111328125 0.1357421875
0 0.3388671875 0.5556640625 0.115234375 0.109375
2 0.337890625 0.90234375 0.1171875 0.1201171875
0 0.8134765625 0.4326171875 0.1142578125 0.125
0 0.3955078125 0.708984375 0.099609375 0.103515625
0 0.736328125 0.2158203125 0.119140625 0.1123046875
2 0.1611328125 0.115234375 0.1220703125 0.1328125
2 0.5849609375 0.1396484375 0.111328125 0.1357421875
0 0.712890625 0.8623046875 0.115234375 0.142578125
2 0.560546875 0.6591796875 0.119140625 0.1171875
2 0.310546875 0.1748046875 0.1201171875 0.138671875
2 0.0595703125 0.4033203125 0.1064453125 0.1279296875
2 0.46484375 0.3154296875 0.115234375 0.1279296875
2 0.12890625 0.654296875 0.0888671875 0.095703125
2 0.8935546875 0.248046875 0.095703125 0.111328125
2 0.826171875 0.611328125 0.0966796875 0.1123046875