0 0.732421875 0.466796875 0.111328125 0.130859375
2 0.2958984375 0.5126953125 0.111328125 0.1201171875
2 0.533203125 0.8974609375 0.123046875 0.1484375
2 0.947265625 0.556640625 0.1044921875 0.115234375
0 0.3916015625 0.169921875 0.1298828125 0.158203125
0 0.326171875 0.91796875 0.1201171875 0.1171875
0 0.708984375 0.681640625 0.115234375 0.130859375
0 0.3271484375 0.732421875 0.1279296875 0.1357421875
2 0.1611328125 0.669921875 0.123046875 0.1279296875
2 0.830078125 0.083984375 0.109375 0.115234375
0 0.4560546875 0.5703125 0.1298828125 0.134765625
0 0.9189453125 0.294921875 0.1044921875 0.1220703125
0 0.12109375 0.2041015625 0.1298828125 0.1357421875
2 0.9462890625 0.779296875 0.107421875 0.1611328125
2 0.1259765625 0.875 0.1064453125 0.1357421875
2 0.6669921875 0.8603515625 0.111328125 0.119140625
2 0.54296875 0.3779296875 0.126953125 0.1298828125
0 0.08203125 0.4306640625 0.123046875 0.158203125
2 0.6318359375 0.1142578125 0.126953125 0.125