0 0.728515625 0.36328125 0.130859375 0.1357421875
0 0.119140625 0.4599609375 0.140625 0.134765625
2 0.40625 0.19140625 0.1142578125 0.109375
2 0.8876953125 0.330078125 0.123046875 0.140625
2 0.947265625 0.4931640625 0.1044921875 0.154296875
2 0.564453125 0.1806640625 0.1123046875 0.130859375
0 0.15625 0.8330078125 0.1357421875 0.1513671875
0 0.3974609375 0.412109375 0.1142578125 0.1171875
2 0.880859375 0.1337890625 0.123046875 0.126953125
2 0.796875 0.8564453125 0.103515625 0.111328125
0 0.44921875 0.7421875 0.123046875 0.130859375
2 0.94140625 0.71484375 0.1171875 0.1328125
2 0.1767578125 0.2158203125 0.123046875 0.142578125
2 0.548828125 0.373046875 0.107421875 0.119140625
0 0.759765625 0.572265625 0.123046875 0.142578125
0 0.626953125 0.7060546875 0.125 0.1279296875
2 0.443359375 0.9443359375 0.1201171875 0.111328125
2 0.6630859375 0.8720703125 0.1220703125 0.1328125
2 0.685546875 0.09375 0.125 0.1748046875