0 0.8232421875 0.0537109375 0.103515625 0.107421875
0 0.0556640625 0.43359375 0.111328125 0.1513671875
0 0.4580078125 0.4365234375 0.146484375 0.1435546875
2 0.490234375 0.201171875 0.1455078125 0.158203125
2 0.654296875 0.533203125 0.1142578125 0.146484375
2 0.318359375 0.595703125 0.119140625 0.130859375
2 0.5361328125 0.89453125 0.115234375 0.1435546875
0 0.2890625 0.779296875 0.119140625 0.123046875
2 0.0703125 0.2314453125 0.119140625 0.15625
2 0.7802734375 0.8466796875 0.1123046875 0.1435546875
2 0.884765625 0.599609375 0.1201171875 0.130859375
2 0.541015625 0.6748046875 0.1328125 0.1513671875
2 0.73828125 0.248046875 0.130859375 0.1357421875
0 0.146484375 0.8359375 0.1201171875 0.1279296875
2 0.685546875 0.0966796875 0.115234375 0.111328125
2 0.244140625 0.333984375 0.146484375 0.140625
0 0.0791015625 0.6455078125 0.1328125 0.1640625
2 0.255859375 0.146484375 0.119140625 0.123046875
2 0.9169921875 0.7900390625 0.119140625 0.1357421875
0 0.833984375 0.4384765625 0.123046875 0.1201171875