2 0.1767578125 0.033203125 0.123046875 0.06640625
2 0.9619140625 0.2431640625 0.076171875 0.1611328125
0 0.796875 0.9697265625 0.1376953125 0.060546875
0 0.447265625 0.3095703125 0.1220703125 0.1376953125
0 0.6611328125 0.4267578125 0.125 0.1357421875
2 0.8310546875 0.392578125 0.126953125 0.146484375
2 0.1123046875 0.5654296875 0.1201171875 0.1435546875
2 0.4833984375 0.7138671875 0.1328125 0.142578125
0 0.318359375 0.466796875 0.1376953125 0.1455078125
0 0.1064453125 0.826171875 0.126953125 0.138671875
2 0.669921875 0.7783203125 0.1123046875 0.1123046875
2 0.8515625 0.6240234375 0.134765625 0.1748046875
2 0.3427734375 0.087890625 0.1142578125 0.130859375
2 0.6181640625 0.9580078125 0.107421875 0.083984375
2 0.2900390625 0.640625 0.142578125 0.150390625
2 0.412109375 0.880859375 0.1533203125 0.150390625
2 0.8349609375 0.798828125 0.1455078125 0.1689453125
0 0.658203125 0.130859375 0.1376953125 0.1640625
2 0.814453125 0.201171875 0.146484375 0.162109375
2 0.1826171875 0.23828125 0.1201171875 0.1298828125