0 0.9091796875 0.3466796875 0.099609375 0.146484375
2 0.1240234375 0.544921875 0.09375 0.140625
2 0.2451171875 0.8466796875 0.0986328125 0.1015625
2 0.099609375 0.912109375 0.0986328125 0.0908203125
0 0.908203125 0.5654296875 0.0859375 0.1015625
2 0.3291015625 0.615234375 0.0859375 0.0830078125
2 0.919921875 0.763671875 0.1171875 0.1171875
2 0.5712890625 0.8779296875 0.087890625 0.1044921875
2 0.9462890625 0.169921875 0.095703125 0.103515625
0 0.427734375 0.78515625 0.0966796875 0.109375
2 0.455078125 0.0888671875 0.0908203125 0.1220703125
0 0.48046875 0.333984375 0.107421875 0.1376953125
0 0.759765625 0.806640625 0.107421875 0.1044921875
2 0.6396484375 0.2158203125 0.0830078125 0.111328125
2 0.3125 0.423828125 0.0966796875 0.1015625
0 0.4755859375 0.52734375 0.0908203125 0.111328125
2 0.294921875 0.2119140625 0.111328125 0.1201171875
2 0.1142578125 0.263671875 0.1064453125 0.1201171875