0 0.4755859375 0.3896484375 0.1123046875 0.1279296875
0 0.1025390625 0.7060546875 0.111328125 0.142578125
0 0.8974609375 0.6806640625 0.1171875 0.109375
0 0.6982421875 0.361328125 0.1142578125 0.1357421875
2 0.912109375 0.4375 0.1171875 0.119140625
0 0.4619140625 0.177734375 0.1142578125 0.134765625
2 0.3212890625 0.7744140625 0.099609375 0.123046875
2 0.0751953125 0.255859375 0.138671875 0.138671875
2 0.7646484375 0.12109375 0.1044921875 0.107421875
2 0.201171875 0.1240234375 0.111328125 0.1064453125
2 0.14453125 0.9091796875 0.1123046875 0.150390625
2 0.3427734375 0.5546875 0.09375 0.107421875
2 0.9248046875 0.853515625 0.103515625 0.109375
2 0.591796875 0.185546875 0.0986328125 0.099609375
2 0.5166015625 0.9091796875 0.091796875 0.107421875
2 0.15625 0.4638671875 0.1279296875 0.126953125
2 0.6083984375 0.5791015625 0.1220703125 0.146484375
0 0.3154296875 0.353515625 0.099609375 0.109375
2 0.8056640625 0.869140625 0.1044921875 0.111328125