0 0.03125 0.181640625 0.0625 0.1435546875
0 0.1455078125 0.6865234375 0.1279296875 0.150390625
2 0.92578125 0.6474609375 0.115234375 0.115234375
0 0.638671875 0.0966796875 0.111328125 0.1220703125
2 0.611328125 0.83984375 0.1357421875 0.1611328125
0 0.2822265625 0.9365234375 0.1201171875 0.126953125
0 0.568359375 0.5390625 0.123046875 0.1279296875
0 0.791015625 0.7421875 0.119140625 0.119140625
2 0.857421875 0.2548828125 0.119140625 0.1171875
2 0.4765625 0.0849609375 0.109375 0.130859375
0 0.322265625 0.10546875 0.119140625 0.126953125
2 0.8125 0.0458984375 0.1064453125 0.091796875
0 0.1845703125 0.255859375 0.1279296875 0.1328125
0 0.9384765625 0.4609375 0.123046875 0.1513671875
2 0.298828125 0.52734375 0.1015625 0.0986328125
2 0.74609375 0.5244140625 0.103515625 0.103515625
2 0.728515625 0.2939453125 0.1015625 0.142578125
0 0.419921875 0.8564453125 0.1123046875 0.1220703125
2 0.5 0.341796875 0.1142578125 0.1201171875
0 0.0908203125 0.4814453125 0.1171875 0.1298828125