0 0.1142578125 0.564453125 0.099609375 0.1298828125
2 0.3984375 0.865234375 0.107421875 0.1142578125
0 0.1318359375 0.099609375 0.095703125 0.1142578125
2 0.7216796875 0.080078125 0.1064453125 0.111328125
0 0.576171875 0.1201171875 0.09375 0.1044921875
0 0.3369140625 0.6083984375 0.099609375 0.1015625
2 0.1044921875 0.3193359375 0.0966796875 0.1376953125
0 0.873046875 0.1376953125 0.1015625 0.109375
0 0.564453125 0.8232421875 0.1015625 0.1201171875
0 0.708984375 0.333984375 0.0986328125 0.0966796875
2 0.8837890625 0.466796875 0.1015625 0.140625
2 0.560546875 0.560546875 0.0986328125 0.1220703125
2 0.755859375 0.6728515625 0.0908203125 0.1015625
2 0.740234375 0.892578125 0.1044921875 0.146484375
0 0.912109375 0.8642578125 0.107421875 0.123046875
0 0.091796875 0.794921875 0.0986328125 0.1123046875
0 0.2578125 0.404296875 0.0986328125 0.1142578125
0 0.4462890625 0.34375 0.095703125 0.134765625
2 0.248046875 0.8330078125 0.1123046875 0.1201171875
0 0.3974609375 0.076171875 0.0966796875 0.1220703125