0 0.0576171875 0.234375 0.115234375 0.1435546875
0 0.427734375 0.7509765625 0.119140625 0.1171875
2 0.4638671875 0.9423828125 0.126953125 0.115234375
2 0.724609375 0.193359375 0.1279296875 0.140625
0 0.484375 0.1796875 0.1279296875 0.138671875
2 0.3515625 0.3447265625 0.126953125 0.1484375
2 0.650390625 0.8759765625 0.1201171875 0.1279296875
0 0.6806640625 0.669921875 0.1015625 0.109375
0 0.142578125 0.50390625 0.125 0.142578125
2 0.8193359375 0.8759765625 0.123046875 0.138671875
2 0.904296875 0.5166015625 0.099609375 0.119140625
2 0.2275390625 0.740234375 0.099609375 0.119140625
0 0.6494140625 0.498046875 0.1220703125 0.1328125
2 0.9384765625 0.720703125 0.0966796875 0.1064453125
0 0.5107421875 0.54296875 0.1171875 0.138671875
0 0.2021484375 0.185546875 0.1220703125 0.125
2 0.2802734375 0.9345703125 0.1328125 0.130859375
0 0.857421875 0.0654296875 0.123046875 0.130859375
0 0.3564453125 0.5859375 0.115234375 0.1357421875
0 0.908203125 0.3408203125 0.1279296875 0.1357421875