0 0.8623046875 0.150390625 0.099609375 0.0986328125
0 0.427734375 0.24609375 0.0986328125 0.125
2 0.806640625 0.849609375 0.111328125 0.130859375
0 0.7197265625 0.6123046875 0.1123046875 0.1171875
0 0.2392578125 0.740234375 0.107421875 0.1171875
2 0.650390625 0.876953125 0.0908203125 0.1044921875
2 0.1064453125 0.1318359375 0.09375 0.1298828125
0 0.4619140625 0.74609375 0.1044921875 0.142578125
0 0.080078125 0.8310546875 0.107421875 0.1064453125
0 0.87890625 0.611328125 0.1123046875 0.115234375
0 0.75 0.373046875 0.083984375 0.1015625
2 0.8916015625 0.40234375 0.1015625 0.1064453125
0 0.271484375 0.0634765625 0.095703125 0.1171875
0 0.064453125 0.638671875 0.107421875 0.1123046875
2 0.693359375 0.1923828125 0.103515625 0.0966796875
2 0.115234375 0.4013671875 0.115234375 0.1484375
0 0.248046875 0.533203125 0.095703125 0.119140625
0 0.431640625 0.5126953125 0.095703125 0.1201171875
0 0.2431640625 0.3486328125 0.1142578125 0.140625
0 0.603515625 0.3896484375 0.0888671875 0.109375