0 0.6845703125 0.5576171875 0.1064453125 0.1044921875
2 0.0986328125 0.1884765625 0.0966796875 0.1279296875
2 0.3173828125 0.216796875 0.0966796875 0.1201171875
2 0.7607421875 0.806640625 0.111328125 0.15625
0 0.896484375 0.1845703125 0.0888671875 0.111328125
2 0.4931640625 0.884765625 0.095703125 0.109375
2 0.501953125 0.6943359375 0.1044921875 0.0986328125
2 0.220703125 0.7236328125 0.091796875 0.109375
0 0.333984375 0.7119140625 0.0966796875 0.119140625
2 0.701171875 0.142578125 0.107421875 0.095703125
2 0.94140625 0.923828125 0.09375 0.123046875
0 0.259765625 0.8896484375 0.09375 0.1279296875
2 0.087890625 0.517578125 0.0888671875 0.1064453125
0 0.291015625 0.4873046875 0.103515625 0.119140625
2 0.517578125 0.4931640625 0.09375 0.1015625
2 0.845703125 0.5390625 0.0908203125 0.0966796875
2 0.8681640625 0.365234375 0.0830078125 0.103515625
2 0.123046875 0.92578125 0.078125 0.0986328125
2 0.52734375 0.26171875 0.1298828125 0.1142578125
2 0.7041015625 0.337890625 0.09375 0.126953125