0 0.21875 0.505859375 0.095703125 0.1064453125
0 0.185546875 0.3330078125 0.0908203125 0.1123046875
2 0.099609375 0.904296875 0.09375 0.1357421875
2 0.4404296875 0.8515625 0.0986328125 0.142578125
0 0.7275390625 0.3046875 0.1044921875 0.1220703125
0 0.8994140625 0.12109375 0.119140625 0.1357421875
0 0.541015625 0.6611328125 0.1044921875 0.1220703125
0 0.525390625 0.283203125 0.099609375 0.1298828125
0 0.935546875 0.5732421875 0.1015625 0.1064453125
2 0.8076171875 0.837890625 0.109375 0.1220703125
2 0.0927734375 0.6650390625 0.0830078125 0.125
2 0.9072265625 0.357421875 0.091796875 0.1171875
0 0.283203125 0.6689453125 0.0986328125 0.1171875
0 0.240234375 0.8662109375 0.095703125 0.103515625
2 0.333984375 0.322265625 0.1064453125 0.1123046875
2 0.3544921875 0.1435546875 0.1015625 0.125
2 0.6689453125 0.8896484375 0.09375 0.109375
0 0.50390625 0.4638671875 0.095703125 0.125
0 0.154296875 0.138671875 0.095703125 0.1123046875
2 0.775390625 0.642578125 0.095703125 0.111328125