0 0.9423828125 0.3818359375 0.115234375 0.1484375
0 0.833984375 0.5830078125 0.1044921875 0.1435546875
0 0.845703125 0.8896484375 0.1220703125 0.1435546875
0 0.318359375 0.6455078125 0.099609375 0.115234375
0 0.47265625 0.1376953125 0.1171875 0.1328125
0 0.0888671875 0.2666015625 0.1015625 0.123046875
0 0.115234375 0.75390625 0.1220703125 0.1357421875
2 0.912109375 0.1611328125 0.130859375 0.15625
2 0.76171875 0.3330078125 0.1142578125 0.146484375
2 0.6103515625 0.296875 0.1123046875 0.142578125
2 0.298828125 0.2626953125 0.1044921875 0.1201171875
2 0.126953125 0.0703125 0.099609375 0.1357421875
2 0.4599609375 0.453125 0.123046875 0.130859375
2 0.294921875 0.443359375 0.1064453125 0.1201171875
2 0.1259765625 0.5361328125 0.1064453125 0.142578125
2 0.4833984375 0.626953125 0.115234375 0.115234375
2 0.6669921875 0.548828125 0.107421875 0.1357421875
2 0.66015625 0.7548828125 0.115234375 0.1279296875
2 0.529296875 0.9345703125 0.091796875 0.111328125
2 0.3037109375 0.8544921875 0.115234375 0.1328125