0 0.30078125 0.865234375 0.109375 0.138671875
0 0.1845703125 0.091796875 0.095703125 0.119140625
2 0.12890625 0.5537109375 0.109375 0.1220703125
0 0.376953125 0.64453125 0.1044921875 0.107421875
2 0.6328125 0.119140625 0.1142578125 0.1171875
2 0.36328125 0.462890625 0.1171875 0.099609375
0 0.921875 0.4736328125 0.103515625 0.1201171875
0 0.9091796875 0.8701171875 0.109375 0.1142578125
0 0.126953125 0.3310546875 0.1201171875 0.125
0 0.751953125 0.6201171875 0.1171875 0.1435546875
0 0.58203125 0.666015625 0.109375 0.142578125
2 0.5048828125 0.837890625 0.119140625 0.115234375
2 0.296875 0.259765625 0.115234375 0.1015625
2 0.732421875 0.9150390625 0.095703125 0.0966796875
2 0.458984375 0.169921875 0.0986328125 0.1357421875
2 0.681640625 0.400390625 0.0908203125 0.109375
0 0.8798828125 0.669921875 0.1015625 0.123046875
2 0.5556640625 0.423828125 0.091796875 0.0966796875
0 0.1376953125 0.8515625 0.1064453125 0.1328125
0 0.83203125 0.193359375 0.1044921875 0.1328125