0 0.4970703125 0.9150390625 0.123046875 0.1435546875
0 0.296875 0.927734375 0.115234375 0.1201171875
2 0.044921875 0.26171875 0.0888671875 0.1298828125
2 0.806640625 0.8291015625 0.1201171875 0.1220703125
0 0.8056640625 0.287109375 0.1142578125 0.134765625
0 0.107421875 0.470703125 0.138671875 0.1328125
2 0.9580078125 0.791015625 0.083984375 0.125
0 0.5390625 0.59765625 0.1357421875 0.140625
2 0.353515625 0.5166015625 0.109375 0.1220703125
0 0.2236328125 0.716796875 0.1279296875 0.142578125
2 0.8408203125 0.08984375 0.1201171875 0.140625
2 0.2236328125 0.177734375 0.111328125 0.1171875
2 0.4462890625 0.216796875 0.119140625 0.138671875
0 0.8935546875 0.5234375 0.134765625 0.140625
2 0.623046875 0.8740234375 0.109375 0.1279296875
2 0.75 0.533203125 0.109375 0.150390625
0 0.138671875 0.9599609375 0.123046875 0.080078125
2 0.6572265625 0.171875 0.103515625 0.095703125
2 0.5673828125 0.3955078125 0.119140625 0.125
0 0.3828125 0.681640625 0.1220703125 0.1142578125