0 0.31640625 0.392578125 0.0908203125 0.1123046875
0 0.0888671875 0.404296875 0.099609375 0.0986328125
2 0.37890625 0.876953125 0.099609375 0.1171875
2 0.2275390625 0.568359375 0.09375 0.109375
2 0.529296875 0.166015625 0.1015625 0.123046875
0 0.8603515625 0.111328125 0.1064453125 0.1123046875
2 0.1494140625 0.1640625 0.126953125 0.1376953125
2 0.892578125 0.3349609375 0.087890625 0.1142578125
0 0.7578125 0.861328125 0.091796875 0.111328125
2 0.8515625 0.642578125 0.0966796875 0.1171875
0 0.53125 0.654296875 0.0986328125 0.1376953125
2 0.697265625 0.6484375 0.091796875 0.123046875
2 0.732421875 0.4482421875 0.099609375 0.0908203125
2 0.4013671875 0.69921875 0.0859375 0.1171875
2 0.544921875 0.810546875 0.1123046875 0.1044921875
0 0.509765625 0.4345703125 0.109375 0.1298828125
0 0.068359375 0.58984375 0.107421875 0.109375
2 0.0859375 0.8046875 0.0810546875 0.103515625
2 0.3740234375 0.0830078125 0.1064453125 0.1513671875
2 0.662109375 0.1728515625 0.0703125 0.1015625