2 0.7333984375 0.708984375 0.1201171875 0.1171875
2 0.892578125 0.43359375 0.119140625 0.1201171875
0 0.048828125 0.7998046875 0.09765625 0.142578125
0 0.30859375 0.3505859375 0.1123046875 0.130859375
2 0.142578125 0.5859375 0.1123046875 0.1435546875
2 0.53515625 0.41796875 0.123046875 0.138671875
2 0.931640625 0.16796875 0.107421875 0.115234375
2 0.8876953125 0.6494140625 0.115234375 0.1357421875
2 0.2392578125 0.81640625 0.103515625 0.107421875
0 0.4697265625 0.626953125 0.119140625 0.150390625
2 0.3232421875 0.08984375 0.1015625 0.1201171875
0 0.6435546875 0.9228515625 0.1064453125 0.119140625
2 0.4404296875 0.833984375 0.1064453125 0.1220703125
2 0.2802734375 0.5078125 0.1376953125 0.130859375
0 0.16796875 0.0537109375 0.1201171875 0.107421875
0 0.83984375 0.916015625 0.130859375 0.1435546875
0 0.5 0.185546875 0.1142578125 0.1484375
2 0.689453125 0.408203125 0.140625 0.1513671875
0 0.7353515625 0.1396484375 0.1279296875 0.1455078125
0 0.1337890625 0.333984375 0.1201171875 0.146484375