2 0.908203125 0.1435546875 0.0986328125 0.1455078125
0 0.6748046875 0.599609375 0.103515625 0.1064453125
0 0.529296875 0.560546875 0.095703125 0.1220703125
2 0.91796875 0.3291015625 0.1123046875 0.130859375
0 0.5947265625 0.369140625 0.1044921875 0.107421875
0 0.1162109375 0.5517578125 0.0986328125 0.1220703125
2 0.9169921875 0.802734375 0.1123046875 0.123046875
2 0.4013671875 0.3935546875 0.095703125 0.125
2 0.6767578125 0.1494140625 0.111328125 0.130859375
0 0.3056640625 0.5732421875 0.103515625 0.107421875
2 0.7080078125 0.857421875 0.1279296875 0.1513671875
0 0.3974609375 0.763671875 0.119140625 0.126953125
2 0.111328125 0.7890625 0.123046875 0.126953125
2 0.5537109375 0.7861328125 0.0986328125 0.109375
2 0.7275390625 0.4228515625 0.0966796875 0.1171875
2 0.1962890625 0.095703125 0.119140625 0.1298828125
2 0.482421875 0.1044921875 0.103515625 0.115234375
0 0.8349609375 0.5947265625 0.103515625 0.1357421875
0 0.337890625 0.134765625 0.103515625 0.1171875
0 0.1962890625 0.37890625 0.109375 0.1357421875