0 0.474609375 0.3095703125 0.1142578125 0.126953125
0 0.0712890625 0.435546875 0.1279296875 0.146484375
0 0.447265625 0.0908203125 0.1171875 0.1220703125
2 0.5078125 0.716796875 0.134765625 0.1357421875
2 0.333984375 0.6787109375 0.140625 0.146484375
2 0.607421875 0.107421875 0.119140625 0.154296875
2 0.908203125 0.490234375 0.140625 0.1298828125
0 0.6337890625 0.333984375 0.123046875 0.134765625
2 0.9326171875 0.7197265625 0.1328125 0.125
2 0.1279296875 0.2080078125 0.1142578125 0.1220703125
2 0.072265625 0.634765625 0.115234375 0.142578125
0 0.505859375 0.4951171875 0.1220703125 0.142578125
2 0.779296875 0.1904296875 0.115234375 0.1220703125
2 0.0107421875 0.2373046875 0.021484375 0.1064453125
2 0.298828125 0.251953125 0.134765625 0.1455078125
0 0.748046875 0.498046875 0.126953125 0.123046875
0 0.201171875 0.9326171875 0.1298828125 0.134765625
0 0.3955078125 0.8544921875 0.138671875 0.140625
0 0.6962890625 0.783203125 0.138671875 0.1435546875
0 0.267578125 0.474609375 0.115234375 0.1201171875