2 0.287109375 0.7978515625 0.119140625 0.1171875
2 0.8662109375 0.380859375 0.119140625 0.140625
0 0.224609375 0.591796875 0.1142578125 0.1376953125
0 0.623046875 0.373046875 0.09375 0.111328125
2 0.2041015625 0.3544921875 0.0908203125 0.1064453125
2 0.8642578125 0.896484375 0.087890625 0.109375
0 0.357421875 0.1611328125 0.1044921875 0.103515625
0 0.083984375 0.525390625 0.0908203125 0.1376953125
0 0.322265625 0.3916015625 0.0888671875 0.1123046875
2 0.2109375 0.125 0.1376953125 0.1357421875
0 0.7060546875 0.58984375 0.1044921875 0.1171875
0 0.8662109375 0.6650390625 0.107421875 0.125
2 0.4033203125 0.603515625 0.103515625 0.1044921875
0 0.517578125 0.119140625 0.119140625 0.1376953125
0 0.1201171875 0.7587890625 0.095703125 0.0966796875
2 0.5791015625 0.8154296875 0.0859375 0.1171875
0 0.4267578125 0.78515625 0.1142578125 0.126953125
0 0.7998046875 0.185546875 0.099609375 0.1298828125
0 0.494140625 0.392578125 0.107421875 0.123046875
0 0.564453125 0.5888671875 0.109375 0.1015625