2 0.517578125 0.2861328125 0.1298828125 0.1298828125
2 0.83203125 0.8896484375 0.091796875 0.111328125
2 0.83984375 0.2392578125 0.1064453125 0.1064453125
2 0.5068359375 0.6728515625 0.09375 0.1064453125
0 0.6826171875 0.8798828125 0.109375 0.119140625
0 0.09375 0.427734375 0.0986328125 0.1220703125
0 0.8994140625 0.689453125 0.09375 0.125
2 0.505859375 0.921875 0.095703125 0.0966796875
0 0.244140625 0.49609375 0.109375 0.1328125
2 0.3173828125 0.21875 0.1015625 0.115234375
2 0.083984375 0.806640625 0.0888671875 0.087890625
0 0.693359375 0.669921875 0.099609375 0.115234375
2 0.8974609375 0.4375 0.091796875 0.126953125
0 0.595703125 0.48046875 0.0986328125 0.107421875
0 0.349609375 0.669921875 0.0908203125 0.103515625
2 0.23046875 0.90625 0.109375 0.1279296875
0 0.09765625 0.150390625 0.1015625 0.1171875
0 0.654296875 0.248046875 0.09375 0.126953125
0 0.431640625 0.482421875 0.09375 0.1142578125
2 0.0341796875 0.6357421875 0.068359375 0.123046875