2 0.076171875 0.2646484375 0.1376953125 0.169921875
0 0.744140625 0.0771484375 0.107421875 0.125
0 0.6689453125 0.6953125 0.1044921875 0.1015625
2 0.478515625 0.408203125 0.107421875 0.1279296875
2 0.193359375 0.896484375 0.103515625 0.123046875
2 0.830078125 0.5810546875 0.1064453125 0.1357421875
0 0.51171875 0.791015625 0.1123046875 0.140625
2 0.541015625 0.140625 0.1220703125 0.142578125
2 0.373046875 0.908203125 0.0966796875 0.119140625
0 0.322265625 0.439453125 0.1142578125 0.1513671875
2 0.220703125 0.103515625 0.0986328125 0.1142578125
2 0.6845703125 0.5185546875 0.125 0.1455078125
2 0.642578125 0.3203125 0.115234375 0.1298828125
2 0.232421875 0.6845703125 0.1328125 0.140625
0 0.083984375 0.4697265625 0.1142578125 0.123046875
2 0.482421875 0.560546875 0.1044921875 0.111328125
2 0.8916015625 0.087890625 0.125 0.134765625
2 0.908203125 0.822265625 0.134765625 0.15625
2 0.669921875 0.859375 0.1201171875 0.111328125
2 0.9189453125 0.29296875 0.1328125 0.1533203125