0 0.7470703125 0.126953125 0.1220703125 0.1201171875
0 0.5498046875 0.419921875 0.115234375 0.125
2 0.943359375 0.181640625 0.1123046875 0.126953125
0 0.8818359375 0.521484375 0.119140625 0.138671875
0 0.529296875 0.81640625 0.126953125 0.1298828125
2 0.83203125 0.939453125 0.111328125 0.1201171875
0 0.7421875 0.29296875 0.1279296875 0.130859375
2 0.888671875 0.716796875 0.109375 0.125
2 0.1953125 0.357421875 0.1220703125 0.1201171875
0 0.1142578125 0.7958984375 0.125 0.1220703125
0 0.7041015625 0.919921875 0.1298828125 0.142578125
2 0.326171875 0.1796875 0.1328125 0.15625
2 0.7041015625 0.4736328125 0.09375 0.1171875
0 0.3115234375 0.849609375 0.140625 0.146484375
2 0.4833984375 0.5869140625 0.1123046875 0.1328125
0 0.3212890625 0.552734375 0.125 0.138671875
2 0.7421875 0.6923828125 0.119140625 0.1435546875
0 0.146484375 0.6083984375 0.1220703125 0.1455078125
0 0.1865234375 0.1376953125 0.126953125 0.154296875
2 0.55859375 0.185546875 0.126953125 0.126953125