0 0.4853515625 0.611328125 0.103515625 0.1201171875
0 0.0859375 0.3291015625 0.099609375 0.1328125
0 0.880859375 0.2861328125 0.109375 0.099609375
0 0.708984375 0.6201171875 0.1044921875 0.1279296875
2 0.916015625 0.5263671875 0.107421875 0.109375
0 0.490234375 0.8251953125 0.1044921875 0.126953125
2 0.2978515625 0.2421875 0.0908203125 0.1171875
2 0.09765625 0.7802734375 0.1298828125 0.1279296875
2 0.796875 0.8544921875 0.0966796875 0.099609375
2 0.2353515625 0.900390625 0.103515625 0.0986328125
2 0.1103515625 0.123046875 0.1015625 0.142578125
2 0.3388671875 0.458984375 0.0859375 0.099609375
2 0.892578125 0.1103515625 0.095703125 0.1015625
2 0.619140625 0.8046875 0.0908203125 0.09375
2 0.48046875 0.0908203125 0.083984375 0.1015625
2 0.1611328125 0.5654296875 0.119140625 0.1171875
2 0.6015625 0.412109375 0.111328125 0.1376953125
0 0.3291015625 0.662109375 0.091796875 0.1015625
2 0.771484375 0.10546875 0.0966796875 0.103515625