0 0.2265625 0.583984375 0.1220703125 0.130859375
2 0.5546875 0.90625 0.1279296875 0.1279296875
2 0.029296875 0.255859375 0.05859375 0.140625
2 0.568359375 0.080078125 0.146484375 0.1591796875
2 0.3935546875 0.455078125 0.138671875 0.169921875
2 0.8447265625 0.216796875 0.169921875 0.154296875
2 0.73828125 0.818359375 0.1123046875 0.1123046875
2 0.083984375 0.7099609375 0.1142578125 0.130859375
2 0.70703125 0.689453125 0.1435546875 0.138671875
0 0.0576171875 0.412109375 0.115234375 0.123046875
2 0.7080078125 0.4189453125 0.142578125 0.1591796875
0 0.4296875 0.9306640625 0.12890625 0.138671875
2 0.865234375 0.365234375 0.125 0.1328125
2 0.2607421875 0.87109375 0.1201171875 0.140625
2 0.9541015625 0.7578125 0.091796875 0.1220703125
2 0.2265625 0.17578125 0.1357421875 0.1328125
0 0.5927734375 0.287109375 0.130859375 0.1435546875
2 0.4443359375 0.6318359375 0.1328125 0.1376953125
2 0.3857421875 0.240234375 0.119140625 0.1298828125
0 0.8974609375 0.556640625 0.1357421875 0.1435546875