2 0.6982421875 0.501953125 0.1201171875 0.15625
2 0.1357421875 0.111328125 0.1142578125 0.1376953125
2 0.7236328125 0.7236328125 0.1123046875 0.109375
2 0.3642578125 0.3388671875 0.1015625 0.1123046875
0 0.90234375 0.39453125 0.115234375 0.107421875
0 0.59765625 0.904296875 0.111328125 0.107421875
2 0.87109375 0.962890625 0.123046875 0.0732421875
2 0.931640625 0.658203125 0.109375 0.1220703125
0 0.951171875 0.1875 0.0966796875 0.119140625
0 0.548828125 0.6669921875 0.1123046875 0.115234375
2 0.302734375 0.541015625 0.1123046875 0.1484375
2 0.2138671875 0.837890625 0.099609375 0.134765625
2 0.5146484375 0.3798828125 0.119140625 0.123046875
2 0.58203125 0.1435546875 0.099609375 0.119140625
0 0.0791015625 0.8525390625 0.1171875 0.1201171875
2 0.39453125 0.853515625 0.126953125 0.1220703125
0 0.357421875 0.142578125 0.1044921875 0.109375
2 0.1337890625 0.384765625 0.1142578125 0.1328125
2 0.76171875 0.2919921875 0.1220703125 0.1484375
0 0.0908203125 0.619140625 0.1064453125 0.1328125