2 0.71875 0.326171875 0.095703125 0.09375
0 0.908203125 0.408203125 0.0888671875 0.107421875
2 0.125 0.91796875 0.1044921875 0.125
0 0.775390625 0.865234375 0.1142578125 0.109375
2 0.5205078125 0.1611328125 0.091796875 0.123046875
0 0.087890625 0.685546875 0.103515625 0.0908203125
0 0.9384765625 0.9013671875 0.1064453125 0.1142578125
2 0.4951171875 0.3623046875 0.095703125 0.1044921875
2 0.1484375 0.53125 0.109375 0.1279296875
0 0.447265625 0.568359375 0.1064453125 0.1279296875
2 0.162109375 0.267578125 0.1015625 0.0986328125
2 0.859375 0.1416015625 0.107421875 0.1142578125
2 0.2724609375 0.552734375 0.0888671875 0.130859375
2 0.615234375 0.7138671875 0.1015625 0.1357421875
2 0.3349609375 0.1396484375 0.0986328125 0.099609375
2 0.423828125 0.888671875 0.0908203125 0.111328125
2 0.884765625 0.6650390625 0.1044921875 0.0859375
2 0.6640625 0.5361328125 0.0986328125 0.1142578125
2 0.2666015625 0.794921875 0.111328125 0.126953125
2 0.6123046875 0.8994140625 0.1220703125 0.146484375