2 0.3154296875 0.08203125 0.1357421875 0.1279296875
2 0.876953125 0.111328125 0.0986328125 0.1376953125
0 0.6328125 0.5078125 0.109375 0.111328125
0 0.4140625 0.8583984375 0.1044921875 0.1298828125
2 0.197265625 0.48046875 0.0830078125 0.1171875
2 0.923828125 0.62109375 0.0908203125 0.123046875
2 0.09375 0.861328125 0.095703125 0.1201171875
0 0.1552734375 0.1005859375 0.09375 0.1298828125
2 0.904296875 0.837890625 0.0908203125 0.099609375
0 0.630859375 0.791015625 0.0986328125 0.1015625
2 0.0888671875 0.3330078125 0.1064453125 0.1123046875
0 0.4765625 0.10546875 0.1044921875 0.1171875
0 0.787109375 0.6298828125 0.099609375 0.130859375
0 0.8388671875 0.427734375 0.1044921875 0.1484375
2 0.392578125 0.66015625 0.1064453125 0.123046875
2 0.3115234375 0.3125 0.107421875 0.1328125
2 0.474609375 0.2890625 0.0888671875 0.1044921875