2 0.484375 0.7138671875 0.146484375 0.146484375
2 0.888671875 0.1669921875 0.107421875 0.123046875
2 0.794921875 0.810546875 0.1201171875 0.1220703125
2 0.533203125 0.330078125 0.109375 0.1201171875
0 0.740234375 0.154296875 0.126953125 0.134765625
0 0.087890625 0.5078125 0.115234375 0.134765625
0 0.923828125 0.3759765625 0.1123046875 0.1376953125
2 0.572265625 0.083984375 0.107421875 0.109375
0 0.24609375 0.4638671875 0.1279296875 0.146484375
2 0.275390625 0.7490234375 0.1171875 0.1298828125
2 0.1376953125 0.1328125 0.1015625 0.099609375
0 0.7177734375 0.361328125 0.115234375 0.1298828125
2 0.8828125 0.6240234375 0.111328125 0.138671875
0 0.591796875 0.5341796875 0.1123046875 0.1201171875
0 0.3779296875 0.3095703125 0.1044921875 0.115234375
2 0.298828125 0.064453125 0.1279296875 0.1279296875
0 0.0537109375 0.7841796875 0.107421875 0.130859375
0 0.6123046875 0.7724609375 0.1123046875 0.138671875
0 0.4306640625 0.505859375 0.111328125 0.126953125
2 0.060546875 0.29296875 0.0859375 0.1328125