0 0.7880859375 0.607421875 0.1357421875 0.1357421875
2 0.361328125 0.763671875 0.1142578125 0.15625
0 0.0322265625 0.84375 0.064453125 0.119140625
2 0.19140625 0.0830078125 0.1123046875 0.134765625
2 0.380859375 0.279296875 0.1064453125 0.1279296875
0 0.716796875 0.806640625 0.1064453125 0.1328125
0 0.216796875 0.48046875 0.126953125 0.130859375
2 0.892578125 0.458984375 0.1044921875 0.111328125
2 0.5458984375 0.68359375 0.107421875 0.15625
2 0.6708984375 0.47265625 0.119140625 0.1484375
2 0.701171875 0.265625 0.1201171875 0.119140625
2 0.4150390625 0.5498046875 0.099609375 0.109375
2 0.8525390625 0.9716796875 0.1171875 0.056640625
2 0.4580078125 0.1083984375 0.109375 0.1142578125
0 0.1044921875 0.291015625 0.126953125 0.126953125
2 0.9208984375 0.2041015625 0.123046875 0.1357421875
2 0.5009765625 0.341796875 0.1171875 0.126953125
2 0.0458984375 0.5927734375 0.091796875 0.1044921875
0 0.5546875 0.904296875 0.1201171875 0.1298828125
0 0.1474609375 0.814453125 0.1220703125 0.1455078125