2 0.09765625 0.470703125 0.1220703125 0.166015625
0 0.0615234375 0.82421875 0.1123046875 0.1123046875
2 0.73046875 0.73828125 0.1376953125 0.158203125
2 0.794921875 0.2744140625 0.138671875 0.1455078125
2 0.7373046875 0.453125 0.1298828125 0.140625
0 0.1591796875 0.08203125 0.1298828125 0.1455078125
2 0.248046875 0.435546875 0.109375 0.119140625
2 0.2060546875 0.8740234375 0.1220703125 0.103515625
2 0.4345703125 0.59765625 0.111328125 0.115234375
0 0.904296875 0.486328125 0.1171875 0.130859375
0 0.59765625 0.353515625 0.109375 0.1328125
0 0.4482421875 0.318359375 0.1123046875 0.1220703125
2 0.34765625 0.875 0.1201171875 0.119140625
2 0.5615234375 0.6962890625 0.123046875 0.134765625
2 0.228515625 0.6689453125 0.1044921875 0.115234375
0 0.9384765625 0.1650390625 0.123046875 0.158203125
0 0.29296875 0.20703125 0.1298828125 0.1328125
2 0.8681640625 0.80859375 0.119140625 0.1533203125
0 0.607421875 0.1298828125 0.125 0.123046875
0 0.5859375 0.888671875 0.1279296875 0.123046875