0 0.822265625 0.291015625 0.1064453125 0.103515625
0 0.8955078125 0.7734375 0.1044921875 0.099609375
2 0.8935546875 0.490234375 0.0966796875 0.119140625
2 0.7119140625 0.68359375 0.1142578125 0.1171875
0 0.47265625 0.1259765625 0.1201171875 0.1357421875
0 0.287109375 0.2421875 0.123046875 0.1357421875
0 0.53125 0.416015625 0.1171875 0.1201171875
2 0.318359375 0.0576171875 0.1357421875 0.115234375
2 0.123046875 0.826171875 0.09375 0.111328125
2 0.2470703125 0.845703125 0.111328125 0.126953125
2 0.802734375 0.087890625 0.095703125 0.142578125
0 0.099609375 0.1376953125 0.1044921875 0.1171875
2 0.1123046875 0.6474609375 0.1123046875 0.134765625
2 0.642578125 0.1142578125 0.09375 0.099609375
0 0.4521484375 0.701171875 0.1044921875 0.138671875
2 0.3388671875 0.4580078125 0.1044921875 0.115234375
2 0.115234375 0.3349609375 0.1171875 0.1279296875
2 0.5107421875 0.87890625 0.1298828125 0.126953125
2 0.9462890625 0.111328125 0.107421875 0.1171875
0 0.708984375 0.900390625 0.107421875 0.1435546875