0 0.2265625 0.7685546875 0.115234375 0.138671875
0 0.716796875 0.876953125 0.125 0.123046875
0 0.4677734375 0.6591796875 0.140625 0.154296875
0 0.6796875 0.447265625 0.123046875 0.1357421875
2 0.064453125 0.744140625 0.111328125 0.1220703125
0 0.2890625 0.3408203125 0.111328125 0.1376953125
2 0.4482421875 0.1142578125 0.1044921875 0.115234375
2 0.6025390625 0.216796875 0.109375 0.115234375
0 0.9453125 0.408203125 0.109375 0.1591796875
2 0.2822265625 0.0517578125 0.123046875 0.103515625
2 0.826171875 0.244140625 0.1123046875 0.1328125
0 0.8974609375 0.5830078125 0.142578125 0.150390625
2 0.48828125 0.90234375 0.146484375 0.158203125
2 0.451171875 0.4521484375 0.1064453125 0.111328125
2 0.216796875 0.529296875 0.1455078125 0.1513671875
2 0.888671875 0.8603515625 0.1123046875 0.1220703125
2 0.9794921875 0.1845703125 0.041015625 0.146484375
0 0.357421875 0.857421875 0.125 0.1357421875
0 0.1533203125 0.2353515625 0.1298828125 0.150390625
2 0.6416015625 0.67578125 0.1142578125 0.1484375