2 0.439453125 0.3486328125 0.0986328125 0.0986328125
2 0.751953125 0.8369140625 0.0810546875 0.1357421875
0 0.638671875 0.2353515625 0.1015625 0.0986328125
2 0.251953125 0.873046875 0.107421875 0.1328125
0 0.796875 0.447265625 0.1015625 0.119140625
0 0.560546875 0.603515625 0.1171875 0.1201171875
2 0.9140625 0.7822265625 0.0830078125 0.1123046875
2 0.724609375 0.654296875 0.1044921875 0.0888671875
0 0.3994140625 0.78125 0.1015625 0.109375
2 0.212890625 0.078125 0.0908203125 0.1044921875
2 0.560546875 0.8359375 0.0986328125 0.1044921875
0 0.1259765625 0.439453125 0.107421875 0.1201171875
0 0.771484375 0.181640625 0.095703125 0.103515625
2 0.28125 0.345703125 0.123046875 0.1201171875
0 0.9169921875 0.181640625 0.1064453125 0.111328125
0 0.921875 0.38671875 0.09375 0.1201171875
0 0.3291015625 0.5908203125 0.1123046875 0.123046875
2 0.072265625 0.771484375 0.109375 0.126953125
0 0.4443359375 0.087890625 0.1123046875 0.140625
2 0.927734375 0.5712890625 0.115234375 0.107421875