0 0.5888671875 0.7919921875 0.130859375 0.140625
0 0.7802734375 0.833984375 0.1298828125 0.1591796875
0 0.927734375 0.8037109375 0.1142578125 0.1611328125
0 0.7421875 0.626953125 0.1279296875 0.162109375
0 0.546875 0.57421875 0.123046875 0.15625
0 0.302734375 0.5546875 0.1328125 0.15625
0 0.548828125 0.396484375 0.123046875 0.15625
0 0.8173828125 0.3330078125 0.1298828125 0.162109375
0 0.53515625 0.11328125 0.1298828125 0.146484375
0 0.349609375 0.0927734375 0.1533203125 0.15625
0 0.28125 0.2763671875 0.126953125 0.15625
0 0.1513671875 0.326171875 0.130859375 0.1484375
2 0.4365234375 0.8896484375 0.1298828125 0.1435546875
2 0.2607421875 0.927734375 0.123046875 0.14453125
2 0.263671875 0.7353515625 0.123046875 0.1435546875
2 0.162109375 0.576171875 0.1357421875 0.154296875
2 0.2177734375 0.115234375 0.130859375 0.1669921875
2 0.7041015625 0.08203125 0.140625 0.142578125
2 0.8681640625 0.0654296875 0.138671875 0.130859375
2 0.912109375 0.576171875 0.130859375 0.1357421875