2 0.392578125 0.1318359375 0.134765625 0.1435546875
0 0.408203125 0.6162109375 0.1357421875 0.150390625
0 0.5634765625 0.2666015625 0.123046875 0.142578125
0 0.7197265625 0.447265625 0.1123046875 0.1142578125
2 0.712890625 0.6484375 0.1298828125 0.146484375
0 0.5390625 0.4599609375 0.1142578125 0.1123046875
0 0.2880859375 0.48828125 0.1279296875 0.1513671875
0 0.11328125 0.3701171875 0.142578125 0.138671875
0 0.181640625 0.8388671875 0.1220703125 0.1220703125
0 0.0849609375 0.619140625 0.1376953125 0.1357421875
0 0.3974609375 0.7978515625 0.126953125 0.142578125
2 0.8251953125 0.158203125 0.109375 0.1298828125
2 0.8798828125 0.5859375 0.109375 0.130859375
2 0.212890625 0.0732421875 0.134765625 0.146484375
0 0.646484375 0.89453125 0.107421875 0.1279296875
0 0.0380859375 0.8408203125 0.076171875 0.1279296875
0 0.814453125 0.947265625 0.125 0.1044921875
2 0.9521484375 0.3671875 0.095703125 0.162109375
2 0.2275390625 0.6552734375 0.123046875 0.1357421875
0 0.361328125 0.3076171875 0.1357421875 0.138671875