2 0.314453125 0.390625 0.125 0.1171875
0 0.765625 0.8662109375 0.0908203125 0.126953125
0 0.623046875 0.8818359375 0.0966796875 0.0966796875
2 0.64453125 0.13671875 0.1279296875 0.146484375
0 0.744140625 0.666015625 0.0986328125 0.103515625
0 0.345703125 0.892578125 0.123046875 0.1376953125
2 0.107421875 0.7880859375 0.115234375 0.125
2 0.1064453125 0.1513671875 0.1123046875 0.1142578125
2 0.6875 0.412109375 0.0986328125 0.1142578125
0 0.2587890625 0.63671875 0.1044921875 0.1357421875
2 0.904296875 0.826171875 0.1064453125 0.091796875
2 0.908203125 0.525390625 0.1044921875 0.1142578125
2 0.154296875 0.4150390625 0.111328125 0.0966796875
0 0.46875 0.458984375 0.099609375 0.1279296875
0 0.44140625 0.080078125 0.1015625 0.1044921875
0 0.2666015625 0.1015625 0.099609375 0.1123046875
2 0.6015625 0.6875 0.0908203125 0.119140625
2 0.884765625 0.3466796875 0.099609375 0.109375
0 0.43359375 0.6806640625 0.1142578125 0.111328125
2 0.83984375 0.11328125 0.0986328125 0.115234375