0 0.55859375 0.767578125 0.0986328125 0.1044921875
2 0.5009765625 0.171875 0.126953125 0.134765625
0 0.080078125 0.5263671875 0.1201171875 0.130859375
0 0.875 0.2353515625 0.1220703125 0.1328125
0 0.3232421875 0.05859375 0.125 0.1171875
0 0.314453125 0.345703125 0.1298828125 0.1455078125
2 0.6904296875 0.9130859375 0.103515625 0.1201171875
2 0.4833984375 0.421875 0.115234375 0.1142578125
0 0.8671875 0.912109375 0.1376953125 0.142578125
2 0.138671875 0.294921875 0.115234375 0.1123046875
2 0.888671875 0.4423828125 0.1220703125 0.1376953125
0 0.1611328125 0.7265625 0.1171875 0.1455078125
2 0.244140625 0.513671875 0.115234375 0.125
2 0.755859375 0.7216796875 0.1044921875 0.1220703125
2 0.4296875 0.654296875 0.1279296875 0.138671875
2 0.673828125 0.3603515625 0.125 0.1298828125
2 0.154296875 0.06640625 0.1376953125 0.1044921875
2 0.6953125 0.1591796875 0.125 0.125
0 0.5908203125 0.5986328125 0.1171875 0.140625
2 0.2900390625 0.828125 0.1298828125 0.158203125