0 0.15234375 0.1923828125 0.1171875 0.1171875
2 0.947265625 0.828125 0.10546875 0.12890625
0 0.5693359375 0.37109375 0.1357421875 0.1328125
0 0.408203125 0.427734375 0.1201171875 0.1220703125
2 0.81640625 0.29296875 0.1123046875 0.1298828125
0 0.099609375 0.572265625 0.125 0.1298828125
2 0.4208984375 0.888671875 0.1142578125 0.1279296875
2 0.283203125 0.650390625 0.111328125 0.1298828125
2 0.75 0.8447265625 0.1123046875 0.1201171875
2 0.712890625 0.1044921875 0.138671875 0.1455078125
2 0.21484375 0.4580078125 0.1044921875 0.123046875
2 0.5673828125 0.8369140625 0.103515625 0.1044921875
2 0.2294921875 0.8935546875 0.1328125 0.1298828125
2 0.9482421875 0.62109375 0.103515625 0.1357421875
2 0.056640625 0.38671875 0.1123046875 0.126953125
2 0.873046875 0.466796875 0.1044921875 0.1015625
2 0.326171875 0.21484375 0.1357421875 0.1298828125
2 0.72265625 0.5576171875 0.150390625 0.158203125
2 0.5634765625 0.1767578125 0.142578125 0.1611328125