2 0.583984375 0.6845703125 0.115234375 0.1220703125
0 0.552734375 0.1689453125 0.111328125 0.1201171875
0 0.0810546875 0.375 0.1044921875 0.1171875
0 0.724609375 0.71875 0.103515625 0.115234375
0 0.240234375 0.1884765625 0.107421875 0.1279296875
2 0.9287109375 0.671875 0.1015625 0.111328125
2 0.9375 0.8525390625 0.109375 0.1201171875
2 0.8349609375 0.11328125 0.107421875 0.1220703125
2 0.796875 0.3447265625 0.1064453125 0.109375
2 0.3505859375 0.587890625 0.109375 0.1015625
2 0.478515625 0.4111328125 0.115234375 0.1298828125
0 0.41015625 0.201171875 0.115234375 0.142578125
2 0.423828125 0.8203125 0.1220703125 0.1328125
0 0.6513671875 0.392578125 0.1142578125 0.1123046875
0 0.294921875 0.400390625 0.103515625 0.115234375
2 0.064453125 0.162109375 0.1279296875 0.1484375
2 0.158203125 0.556640625 0.111328125 0.1044921875
0 0.14453125 0.8828125 0.134765625 0.1513671875
0 0.6220703125 0.935546875 0.123046875 0.1220703125
2 0.25390625 0.93359375 0.1123046875 0.1279296875