0 0.779296875 0.5595703125 0.1201171875 0.1298828125
2 0.6494140625 0.119140625 0.126953125 0.1279296875
2 0.8193359375 0.943359375 0.115234375 0.11328125
2 0.2333984375 0.837890625 0.1435546875 0.166015625
2 0.572265625 0.5908203125 0.1376953125 0.1689453125
2 0.0732421875 0.580078125 0.146484375 0.1513671875
2 0.4462890625 0.1064453125 0.111328125 0.111328125
2 0.955078125 0.5185546875 0.08984375 0.130859375
2 0.4111328125 0.2333984375 0.142578125 0.1376953125
0 0.8466796875 0.7939453125 0.125 0.123046875
2 0.279296875 0.470703125 0.138671875 0.158203125
0 0.7734375 0.150390625 0.126953125 0.1513671875
2 0.115234375 0.44140625 0.123046875 0.130859375
2 0.888671875 0.291015625 0.119140625 0.138671875
2 0.2158203125 0.0537109375 0.119140625 0.107421875
2 0.58203125 0.916015625 0.134765625 0.130859375
0 0.314453125 0.6416015625 0.1298828125 0.142578125
2 0.6123046875 0.4111328125 0.130859375 0.1357421875
2 0.474609375 0.7822265625 0.1171875 0.1279296875
0 0.1796875 0.2587890625 0.134765625 0.142578125