0 0.5341796875 0.107421875 0.123046875 0.1376953125
0 0.169921875 0.7607421875 0.123046875 0.123046875
2 0.6826171875 0.5830078125 0.142578125 0.1279296875
0 0.427734375 0.474609375 0.125 0.125
0 0.76953125 0.7958984375 0.134765625 0.1484375
2 0.123046875 0.5341796875 0.109375 0.1279296875
2 0.9423828125 0.8251953125 0.115234375 0.134765625
2 0.703125 0.2919921875 0.109375 0.1279296875
2 0.6298828125 0.923828125 0.115234375 0.115234375
2 0.5009765625 0.666015625 0.130859375 0.138671875
0 0.3408203125 0.7158203125 0.1455078125 0.166015625
2 0.3896484375 0.248046875 0.09375 0.1123046875
2 0.849609375 0.068359375 0.123046875 0.125
2 0.6943359375 0.1064453125 0.115234375 0.125
2 0.26953125 0.2216796875 0.130859375 0.1484375
2 0.259765625 0.474609375 0.1328125 0.142578125
2 0.31640625 0.8935546875 0.1328125 0.125