2 0.431640625 0.61328125 0.115234375 0.123046875
0 0.833984375 0.5908203125 0.1064453125 0.125
0 0.669921875 0.435546875 0.119140625 0.150390625
0 0.0888671875 0.3818359375 0.125 0.134765625
2 0.84375 0.8251953125 0.130859375 0.162109375
0 0.5888671875 0.134765625 0.115234375 0.126953125
2 0.869140625 0.4423828125 0.138671875 0.1435546875
2 0.314453125 0.1025390625 0.130859375 0.138671875
0 0.2470703125 0.548828125 0.1142578125 0.1201171875
0 0.0576171875 0.580078125 0.115234375 0.130859375
0 0.634765625 0.8564453125 0.107421875 0.123046875
2 0.1640625 0.77734375 0.095703125 0.1064453125
0 0.1630859375 0.0849609375 0.1171875 0.1328125
2 0.564453125 0.6357421875 0.1123046875 0.123046875
2 0.4482421875 0.3447265625 0.1376953125 0.1533203125
2 0.7900390625 0.1240234375 0.1044921875 0.123046875
2 0.294921875 0.33203125 0.095703125 0.111328125
2 0.3330078125 0.8154296875 0.0888671875 0.099609375
2 0.4541015625 0.8369140625 0.103515625 0.119140625
0 0.947265625 0.2421875 0.10546875 0.1328125