0 0.54296875 0.1279296875 0.1142578125 0.130859375
2 0.0595703125 0.162109375 0.0966796875 0.125
2 0.7109375 0.587890625 0.109375 0.107421875
0 0.392578125 0.564453125 0.1142578125 0.1279296875
0 0.5205078125 0.400390625 0.1015625 0.119140625
2 0.361328125 0.908203125 0.1044921875 0.109375
2 0.7744140625 0.11328125 0.1171875 0.1533203125
2 0.6943359375 0.8134765625 0.1015625 0.1064453125
2 0.375 0.1845703125 0.0966796875 0.1201171875
2 0.1474609375 0.94921875 0.111328125 0.1015625
0 0.1728515625 0.765625 0.1064453125 0.107421875
2 0.7587890625 0.3427734375 0.099609375 0.123046875
2 0.86328125 0.912109375 0.109375 0.1357421875
2 0.212890625 0.4169921875 0.087890625 0.1123046875
2 0.052734375 0.4873046875 0.10546875 0.146484375
2 0.5068359375 0.7958984375 0.1171875 0.142578125
2 0.9326171875 0.5390625 0.091796875 0.0908203125
2 0.896484375 0.34375 0.1142578125 0.1279296875
0 0.55859375 0.603515625 0.0986328125 0.1201171875
0 0.1953125 0.1240234375 0.111328125 0.162109375