0 0.568359375 0.6865234375 0.0908203125 0.09375
0 0.49609375 0.9091796875 0.1044921875 0.1201171875
2 0.658203125 0.3193359375 0.091796875 0.1298828125
2 0.458984375 0.1376953125 0.0986328125 0.115234375
2 0.5068359375 0.4814453125 0.095703125 0.1064453125
0 0.3466796875 0.45703125 0.0908203125 0.1201171875
0 0.6337890625 0.0859375 0.09375 0.111328125
0 0.1123046875 0.4853515625 0.103515625 0.1220703125
0 0.298828125 0.2470703125 0.1220703125 0.1328125
2 0.6923828125 0.8935546875 0.1015625 0.1142578125
2 0.1533203125 0.2001953125 0.087890625 0.0966796875
0 0.7470703125 0.6630859375 0.1064453125 0.1142578125
0 0.669921875 0.482421875 0.09375 0.1142578125
0 0.8505859375 0.1796875 0.1015625 0.1015625
0 0.9111328125 0.552734375 0.111328125 0.119140625
2 0.9013671875 0.732421875 0.0859375 0.087890625
0 0.3173828125 0.677734375 0.1064453125 0.1064453125
2 0.83984375 0.396484375 0.0888671875 0.1064453125
2 0.13671875 0.7607421875 0.107421875 0.126953125
0 0.3203125 0.83984375 0.109375 0.1201171875