2 0.9169921875 0.904296875 0.1044921875 0.1044921875
2 0.8671875 0.267578125 0.123046875 0.1279296875
0 0.740234375 0.68359375 0.109375 0.1064453125
0 0.771484375 0.8994140625 0.099609375 0.099609375
0 0.1259765625 0.58984375 0.1220703125 0.115234375
2 0.9228515625 0.5478515625 0.1064453125 0.103515625
0 0.884765625 0.732421875 0.099609375 0.103515625
0 0.4580078125 0.791015625 0.0966796875 0.1171875
0 0.24609375 0.8779296875 0.095703125 0.099609375
0 0.1015625 0.8818359375 0.099609375 0.111328125
2 0.435546875 0.251953125 0.109375 0.1455078125
2 0.578125 0.248046875 0.099609375 0.1376953125
2 0.712890625 0.478515625 0.109375 0.142578125
2 0.087890625 0.158203125 0.1064453125 0.1201171875
2 0.2509765625 0.388671875 0.0830078125 0.115234375
2 0.626953125 0.8740234375 0.0810546875 0.0986328125
0 0.298828125 0.6865234375 0.099609375 0.1201171875
2 0.521484375 0.5927734375 0.125 0.126953125
2 0.091796875 0.43359375 0.111328125 0.115234375
0 0.271484375 0.115234375 0.1064453125 0.119140625