2 0.03515625 0.19140625 0.0703125 0.123046875
2 0.189453125 0.802734375 0.146484375 0.1513671875
0 0.2265625 0.3701171875 0.1279296875 0.125
0 0.150390625 0.166015625 0.119140625 0.119140625
0 0.84765625 0.333984375 0.142578125 0.1376953125
2 0.076171875 0.541015625 0.125 0.123046875
0 0.076171875 0.353515625 0.119140625 0.1220703125
0 0.48046875 0.2060546875 0.119140625 0.134765625
0 0.669921875 0.0771484375 0.1123046875 0.1171875
0 0.810546875 0.0537109375 0.1201171875 0.107421875
2 0.615234375 0.728515625 0.1376953125 0.1640625
2 0.4755859375 0.7626953125 0.126953125 0.15625
2 0.296875 0.564453125 0.1357421875 0.1611328125
2 0.955078125 0.7490234375 0.0888671875 0.138671875
2 0.767578125 0.5576171875 0.1044921875 0.1298828125
2 0.298828125 0.16015625 0.0986328125 0.1123046875
0 0.658203125 0.275390625 0.1220703125 0.1376953125
2 0.458984375 0.4130859375 0.1484375 0.150390625
2 0.9130859375 0.4794921875 0.1328125 0.1357421875
0 0.802734375 0.830078125 0.1279296875 0.1376953125