0 0.900390625 0.8955078125 0.0908203125 0.1171875
0 0.072265625 0.642578125 0.0966796875 0.140625
0 0.4697265625 0.5703125 0.130859375 0.126953125
2 0.54296875 0.794921875 0.1279296875 0.142578125
2 0.646484375 0.4404296875 0.0966796875 0.1357421875
2 0.3056640625 0.4375 0.1044921875 0.119140625
2 0.466796875 0.10546875 0.0986328125 0.130859375
0 0.244140625 0.2626953125 0.1044921875 0.111328125
2 0.1240234375 0.8388671875 0.099609375 0.1455078125
2 0.7158203125 0.109375 0.095703125 0.1328125
2 0.861328125 0.3349609375 0.1044921875 0.119140625
2 0.509765625 0.3212890625 0.1142578125 0.1376953125
2 0.779296875 0.70703125 0.115234375 0.1220703125
0 0.0927734375 0.23046875 0.1064453125 0.1142578125
2 0.751953125 0.865234375 0.103515625 0.0986328125
2 0.27734375 0.7080078125 0.130859375 0.125
0 0.060546875 0.4306640625 0.1142578125 0.150390625
2 0.322265625 0.8896484375 0.1044921875 0.111328125
2 0.8603515625 0.142578125 0.103515625 0.123046875
0 0.8388671875 0.501953125 0.109375 0.1064453125