0 0.3466796875 0.6669921875 0.1328125 0.138671875
0 0.681640625 0.869140625 0.138671875 0.150390625
0 0.1943359375 0.97265625 0.1298828125 0.0546875
2 0.779296875 0.01953125 0.109375 0.0390625
2 0.8359375 0.22265625 0.1142578125 0.1435546875
2 0.3212890625 0.931640625 0.1279296875 0.1328125
0 0.2080078125 0.7431640625 0.126953125 0.1435546875
0 0.26171875 0.486328125 0.115234375 0.134765625
0 0.775390625 0.43359375 0.115234375 0.125
2 0.396484375 0.337890625 0.125 0.1279296875
0 0.068359375 0.548828125 0.1357421875 0.1640625
2 0.505859375 0.92578125 0.1171875 0.1142578125
2 0.583984375 0.470703125 0.111328125 0.1201171875
2 0.6015625 0.1640625 0.142578125 0.1591796875
0 0.88671875 0.8251953125 0.1328125 0.1484375
2 0.841796875 0.5771484375 0.119140625 0.125
2 0.1123046875 0.23828125 0.140625 0.15625
0 0.275390625 0.2080078125 0.1455078125 0.181640625
2 0.701171875 0.654296875 0.125 0.15625
2 0.5419921875 0.6845703125 0.1455078125 0.1455078125