0 0.4462890625 0.2822265625 0.107421875 0.107421875
2 0.333984375 0.478515625 0.1123046875 0.119140625
2 0.0849609375 0.8505859375 0.115234375 0.15625
0 0.46875 0.869140625 0.1142578125 0.1279296875
0 0.181640625 0.515625 0.1064453125 0.1357421875
0 0.8173828125 0.359375 0.1376953125 0.1357421875
2 0.28125 0.8837890625 0.1220703125 0.119140625
2 0.44140625 0.087890625 0.123046875 0.111328125
2 0.6845703125 0.830078125 0.119140625 0.134765625
0 0.6484375 0.1259765625 0.103515625 0.1044921875
0 0.1083984375 0.30078125 0.1298828125 0.140625
2 0.7880859375 0.0888671875 0.126953125 0.1201171875
0 0.240234375 0.3203125 0.1044921875 0.099609375
0 0.826171875 0.8798828125 0.1123046875 0.1328125
0 0.5205078125 0.6630859375 0.1044921875 0.1328125
0 0.48046875 0.462890625 0.130859375 0.140625
2 0.3447265625 0.7060546875 0.119140625 0.1064453125
0 0.80078125 0.689453125 0.1171875 0.1201171875
2 0.6630859375 0.4638671875 0.115234375 0.140625
2 0.1201171875 0.109375 0.111328125 0.111328125