2 0.88671875 0.3349609375 0.1220703125 0.1298828125
0 0.8623046875 0.8447265625 0.119140625 0.1328125
2 0.341796875 0.40234375 0.109375 0.154296875
0 0.044921875 0.8203125 0.08984375 0.1171875
0 0.341796875 0.857421875 0.1142578125 0.119140625
0 0.19921875 0.8828125 0.107421875 0.1201171875
2 0.1513671875 0.052734375 0.115234375 0.1044921875
2 0.5615234375 0.8486328125 0.103515625 0.1201171875
2 0.701171875 0.9140625 0.1064453125 0.1220703125
2 0.498046875 0.390625 0.09375 0.1279296875
2 0.6484375 0.126953125 0.1171875 0.123046875
0 0.3046875 0.208984375 0.126953125 0.1513671875
2 0.2734375 0.63671875 0.107421875 0.1171875
0 0.548828125 0.58203125 0.1064453125 0.125
2 0.6728515625 0.322265625 0.1201171875 0.130859375
0 0.0693359375 0.634765625 0.109375 0.1171875
0 0.478515625 0.1357421875 0.1328125 0.1298828125
0 0.8740234375 0.146484375 0.111328125 0.1142578125
0 0.15625 0.412109375 0.1298828125 0.140625
2 0.814453125 0.65625 0.111328125 0.125