0 0.521484375 0.2236328125 0.111328125 0.134765625
0 0.1865234375 0.9228515625 0.1376953125 0.1533203125
0 0.1357421875 0.513671875 0.138671875 0.1435546875
0 0.380859375 0.93359375 0.1279296875 0.1328125
0 0.6923828125 0.2900390625 0.1171875 0.1357421875
2 0.951171875 0.6044921875 0.0966796875 0.162109375
0 0.9453125 0.7958984375 0.109375 0.1455078125
2 0.7431640625 0.744140625 0.1611328125 0.154296875
0 0.900390625 0.345703125 0.130859375 0.138671875
2 0.3330078125 0.1845703125 0.115234375 0.1513671875
2 0.677734375 0.072265625 0.1201171875 0.1220703125
2 0.1416015625 0.2197265625 0.107421875 0.1279296875
2 0.3896484375 0.705078125 0.1279296875 0.1171875
2 0.2919921875 0.4208984375 0.126953125 0.1376953125
0 0.158203125 0.744140625 0.140625 0.142578125
0 0.763671875 0.4990234375 0.1328125 0.1328125
2 0.607421875 0.873046875 0.1123046875 0.126953125
2 0.8232421875 0.060546875 0.138671875 0.12109375
0 0.525390625 0.4697265625 0.1220703125 0.1455078125
2 0.578125 0.681640625 0.1435546875 0.15625