2 0.427734375 0.861328125 0.126953125 0.1123046875
0 0.111328125 0.1513671875 0.1044921875 0.123046875
2 0.740234375 0.10546875 0.111328125 0.123046875
0 0.6953125 0.4853515625 0.0888671875 0.0966796875
2 0.7998046875 0.91796875 0.095703125 0.099609375
2 0.1376953125 0.8037109375 0.103515625 0.1044921875
0 0.525390625 0.255859375 0.0986328125 0.1171875
0 0.6826171875 0.318359375 0.1015625 0.1015625
2 0.123046875 0.349609375 0.0888671875 0.125
2 0.0693359375 0.564453125 0.0986328125 0.099609375
0 0.9130859375 0.271484375 0.107421875 0.1142578125
2 0.8427734375 0.439453125 0.1064453125 0.111328125
2 0.572265625 0.943359375 0.1142578125 0.0986328125
2 0.712890625 0.697265625 0.107421875 0.111328125
2 0.5546875 0.6689453125 0.1328125 0.1220703125
0 0.5537109375 0.470703125 0.109375 0.1064453125
2 0.3720703125 0.181640625 0.1142578125 0.1171875
0 0.21484375 0.556640625 0.1044921875 0.119140625
2 0.384765625 0.4912109375 0.1064453125 0.134765625