0 0.869140625 0.2548828125 0.095703125 0.125
0 0.5458984375 0.2109375 0.09375 0.125
0 0.587890625 0.8994140625 0.0986328125 0.1298828125
2 0.341796875 0.3984375 0.1044921875 0.0986328125
0 0.376953125 0.6591796875 0.09375 0.1123046875
2 0.8544921875 0.4697265625 0.095703125 0.1328125
2 0.7451171875 0.865234375 0.09375 0.119140625
2 0.078125 0.802734375 0.0830078125 0.1064453125
2 0.2119140625 0.60546875 0.095703125 0.09375
2 0.1396484375 0.2333984375 0.1044921875 0.119140625
0 0.701171875 0.4609375 0.09375 0.123046875
2 0.544921875 0.6806640625 0.0908203125 0.1123046875
2 0.5615234375 0.4736328125 0.1015625 0.109375
2 0.4013671875 0.8662109375 0.0888671875 0.083984375
2 0.076171875 0.560546875 0.087890625 0.1328125
0 0.7275390625 0.658203125 0.0966796875 0.1064453125
0 0.798828125 0.07421875 0.1064453125 0.126953125
2 0.900390625 0.814453125 0.091796875 0.134765625
2 0.2275390625 0.75 0.0908203125 0.1142578125
0 0.4189453125 0.20703125 0.0908203125 0.107421875