0 0.9033203125 0.4375 0.09375 0.103515625
2 0.259765625 0.92578125 0.1015625 0.1044921875
0 0.291015625 0.2802734375 0.1123046875 0.134765625
2 0.498046875 0.232421875 0.111328125 0.1279296875
2 0.751953125 0.68359375 0.0986328125 0.1142578125
0 0.1357421875 0.4033203125 0.1064453125 0.107421875
2 0.7509765625 0.5166015625 0.0830078125 0.1142578125
0 0.1630859375 0.5810546875 0.0986328125 0.0966796875
2 0.9150390625 0.6904296875 0.107421875 0.1015625
0 0.09765625 0.869140625 0.1015625 0.138671875
0 0.5400390625 0.478515625 0.103515625 0.1201171875
2 0.7158203125 0.888671875 0.103515625 0.1142578125
2 0.6630859375 0.3076171875 0.099609375 0.126953125
2 0.9169921875 0.912109375 0.099609375 0.111328125
2 0.658203125 0.1162109375 0.109375 0.1201171875
2 0.439453125 0.8125 0.1064453125 0.1044921875
2 0.0830078125 0.208984375 0.115234375 0.1533203125
0 0.599609375 0.697265625 0.099609375 0.1220703125
0 0.8525390625 0.1748046875 0.103515625 0.146484375
0 0.373046875 0.5087890625 0.095703125 0.1298828125