0 0.4482421875 0.3994140625 0.0966796875 0.119140625
0 0.21875 0.201171875 0.1171875 0.115234375
0 0.6796875 0.7421875 0.1044921875 0.115234375
2 0.115234375 0.4033203125 0.107421875 0.1435546875
0 0.478515625 0.5791015625 0.103515625 0.125
2 0.1318359375 0.900390625 0.1064453125 0.111328125
2 0.6796875 0.5400390625 0.1220703125 0.1064453125
0 0.533203125 0.86328125 0.103515625 0.1279296875
2 0.3173828125 0.4453125 0.095703125 0.1044921875
2 0.615234375 0.3310546875 0.1171875 0.119140625
2 0.337890625 0.650390625 0.0986328125 0.119140625
0 0.1552734375 0.615234375 0.125 0.119140625
0 0.83984375 0.5625 0.095703125 0.1142578125
0 0.400390625 0.1787109375 0.107421875 0.115234375
0 0.373046875 0.8212890625 0.1064453125 0.1171875
2 0.0615234375 0.140625 0.1064453125 0.107421875
0 0.857421875 0.138671875 0.1064453125 0.1298828125
0 0.705078125 0.134765625 0.1142578125 0.1533203125
2 0.83203125 0.765625 0.083984375 0.0986328125
2 0.84765625 0.3310546875 0.1220703125 0.119140625