0 0.4208984375 0.765625 0.0888671875 0.119140625
0 0.89453125 0.1513671875 0.1123046875 0.1328125
0 0.8583984375 0.5625 0.115234375 0.123046875
0 0.7080078125 0.09375 0.1044921875 0.1279296875
0 0.267578125 0.666015625 0.095703125 0.119140625
2 0.060546875 0.298828125 0.111328125 0.1435546875
0 0.11328125 0.115234375 0.1123046875 0.125
2 0.3134765625 0.2099609375 0.1376953125 0.1298828125
0 0.076171875 0.568359375 0.109375 0.119140625
2 0.59765625 0.84375 0.0908203125 0.1357421875
2 0.236328125 0.8818359375 0.1015625 0.103515625
2 0.7919921875 0.849609375 0.0859375 0.1123046875
2 0.650390625 0.322265625 0.111328125 0.0966796875
2 0.6865234375 0.6201171875 0.1044921875 0.119140625
0 0.884765625 0.33203125 0.119140625 0.1201171875
0 0.2412109375 0.4462890625 0.1123046875 0.1123046875
2 0.47265625 0.1123046875 0.091796875 0.109375
2 0.08984375 0.8828125 0.111328125 0.142578125
0 0.46875 0.5244140625 0.0966796875 0.1279296875
2 0.4619140625 0.3056640625 0.119140625 0.1357421875