0 0.283203125 0.607421875 0.1171875 0.138671875
2 0.23828125 0.404296875 0.126953125 0.1328125
0 0.6875 0.564453125 0.123046875 0.1298828125
0 0.1025390625 0.845703125 0.125 0.1357421875
2 0.2412109375 0.8076171875 0.1064453125 0.130859375
2 0.470703125 0.6494140625 0.1142578125 0.15625
2 0.3515625 0.12890625 0.1142578125 0.138671875
2 0.732421875 0.380859375 0.126953125 0.134765625
2 0.7548828125 0.1259765625 0.1357421875 0.1328125
2 0.1748046875 0.19140625 0.1435546875 0.1357421875
2 0.904296875 0.55859375 0.123046875 0.1533203125
2 0.634765625 0.8427734375 0.099609375 0.119140625
2 0.9541015625 0.3330078125 0.091796875 0.138671875
0 0.0771484375 0.6220703125 0.1357421875 0.166015625
2 0.4609375 0.869140625 0.1357421875 0.134765625
2 0.791015625 0.923828125 0.107421875 0.1201171875
2 0.5263671875 0.171875 0.142578125 0.162109375
2 0.5595703125 0.361328125 0.130859375 0.1298828125