2 0.1494140625 0.2138671875 0.1171875 0.115234375
2 0.6689453125 0.83984375 0.134765625 0.162109375
0 0.7353515625 0.1171875 0.1201171875 0.109375
0 0.841796875 0.6455078125 0.1142578125 0.142578125
0 0.31640625 0.3486328125 0.1357421875 0.1435546875
2 0.064453125 0.6572265625 0.126953125 0.15625
2 0.447265625 0.373046875 0.1201171875 0.162109375
2 0.138671875 0.4091796875 0.125 0.125
2 0.900390625 0.130859375 0.1298828125 0.1298828125
2 0.6220703125 0.3369140625 0.1142578125 0.1220703125
2 0.603515625 0.533203125 0.109375 0.140625
0 0.416015625 0.6279296875 0.125 0.130859375
2 0.2138671875 0.724609375 0.123046875 0.107421875
0 0.177734375 0.0498046875 0.1201171875 0.099609375
2 0.8916015625 0.888671875 0.1044921875 0.111328125
2 0.8427734375 0.408203125 0.109375 0.1064453125
0 0.337890625 0.828125 0.134765625 0.1533203125
2 0.3525390625 0.1240234375 0.125 0.1611328125
0 0.2734375 0.56640625 0.125 0.1298828125
0 0.51953125 0.1142578125 0.125 0.119140625