2 0.080078125 0.6865234375 0.1201171875 0.1455078125
0 0.0888671875 0.9140625 0.119140625 0.119140625
0 0.689453125 0.197265625 0.0986328125 0.115234375
2 0.3740234375 0.3662109375 0.099609375 0.1201171875
0 0.21484375 0.5 0.107421875 0.130859375
0 0.8857421875 0.3515625 0.1064453125 0.142578125
2 0.763671875 0.7451171875 0.1044921875 0.134765625
2 0.525390625 0.119140625 0.095703125 0.1142578125
2 0.7529296875 0.4833984375 0.1220703125 0.111328125
2 0.548828125 0.880859375 0.103515625 0.140625
0 0.853515625 0.1396484375 0.099609375 0.1171875
2 0.08984375 0.447265625 0.1171875 0.15625
2 0.4736328125 0.5556640625 0.1171875 0.119140625
0 0.2568359375 0.87109375 0.109375 0.1298828125
0 0.55078125 0.33984375 0.109375 0.1279296875
2 0.2060546875 0.67578125 0.1015625 0.1123046875
0 0.099609375 0.1171875 0.107421875 0.119140625
0 0.9052734375 0.869140625 0.1220703125 0.1298828125
0 0.3515625 0.15625 0.107421875 0.173828125
2 0.892578125 0.6416015625 0.1171875 0.146484375