0 0.5546875 0.8115234375 0.0966796875 0.107421875
0 0.7490234375 0.2890625 0.09375 0.1064453125
2 0.6318359375 0.1025390625 0.0986328125 0.095703125
0 0.0654296875 0.3671875 0.087890625 0.1064453125
0 0.7666015625 0.681640625 0.099609375 0.1220703125
2 0.7119140625 0.8876953125 0.1064453125 0.1123046875
0 0.310546875 0.60546875 0.103515625 0.1171875
2 0.330078125 0.869140625 0.1064453125 0.1376953125
2 0.466796875 0.1279296875 0.1064453125 0.111328125
2 0.318359375 0.4296875 0.103515625 0.099609375
2 0.0849609375 0.126953125 0.0888671875 0.1123046875
2 0.1376953125 0.59375 0.1064453125 0.123046875
2 0.896484375 0.08984375 0.119140625 0.125
2 0.744140625 0.4990234375 0.0908203125 0.1201171875
2 0.494140625 0.634765625 0.09375 0.0908203125
2 0.224609375 0.2431640625 0.111328125 0.125
2 0.884765625 0.482421875 0.09375 0.115234375
0 0.8984375 0.908203125 0.1220703125 0.1123046875
2 0.080078125 0.8349609375 0.109375 0.138671875
0 0.486328125 0.3388671875 0.1015625 0.1376953125