0 0.6494140625 0.1220703125 0.0908203125 0.123046875
0 0.705078125 0.837890625 0.1064453125 0.1044921875
0 0.3515625 0.458984375 0.0986328125 0.1201171875
2 0.685546875 0.5654296875 0.095703125 0.1298828125
2 0.3603515625 0.6865234375 0.0986328125 0.119140625
2 0.533203125 0.3251953125 0.095703125 0.1015625
2 0.7900390625 0.123046875 0.087890625 0.138671875
2 0.8583984375 0.673828125 0.1064453125 0.109375
0 0.1162109375 0.1962890625 0.09375 0.1220703125
0 0.939453125 0.912109375 0.1015625 0.1064453125
2 0.21484375 0.4033203125 0.0966796875 0.0986328125
2 0.513671875 0.748046875 0.1015625 0.1142578125
2 0.177734375 0.9326171875 0.0986328125 0.109375
2 0.3525390625 0.8896484375 0.0888671875 0.119140625
2 0.546875 0.544921875 0.0810546875 0.119140625
0 0.8525390625 0.4033203125 0.0986328125 0.125
2 0.716796875 0.3515625 0.1142578125 0.1220703125
0 0.2666015625 0.2021484375 0.09375 0.119140625
0 0.4697265625 0.0908203125 0.091796875 0.1201171875
2 0.1845703125 0.64453125 0.1015625 0.1279296875