2 0.5078125 0.1083984375 0.1298828125 0.138671875
0 0.259765625 0.935546875 0.125 0.1279296875
0 0.767578125 0.435546875 0.115234375 0.119140625
0 0.5830078125 0.90625 0.109375 0.107421875
0 0.9521484375 0.849609375 0.095703125 0.126953125
0 0.658203125 0.2421875 0.1142578125 0.123046875
2 0.689453125 0.650390625 0.103515625 0.109375
2 0.7861328125 0.841796875 0.107421875 0.1357421875
0 0.1669921875 0.72265625 0.1328125 0.1591796875
2 0.828125 0.232421875 0.111328125 0.142578125
2 0.341796875 0.4677734375 0.138671875 0.115234375
0 0.5673828125 0.505859375 0.103515625 0.1064453125
2 0.888671875 0.443359375 0.107421875 0.1376953125
0 0.21484375 0.146484375 0.1171875 0.119140625
0 0.494140625 0.314453125 0.1123046875 0.140625
2 0.876953125 0.685546875 0.1279296875 0.140625
0 0.392578125 0.78515625 0.1123046875 0.126953125
2 0.0849609375 0.357421875 0.095703125 0.1123046875
2 0.55078125 0.6875 0.0986328125 0.1279296875
2 0.06640625 0.185546875 0.123046875 0.119140625