2 0.7021484375 0.427734375 0.1435546875 0.138671875
0 0.169921875 0.8095703125 0.1123046875 0.140625
0 0.306640625 0.8515625 0.1142578125 0.1123046875
2 0.427734375 0.115234375 0.1533203125 0.1669921875
0 0.228515625 0.6162109375 0.1171875 0.1201171875
0 0.576171875 0.9140625 0.146484375 0.158203125
2 0.830078125 0.857421875 0.1357421875 0.1455078125
2 0.943359375 0.2333984375 0.1123046875 0.1328125
2 0.3330078125 0.376953125 0.119140625 0.1298828125
0 0.7109375 0.6806640625 0.1279296875 0.1533203125
2 0.05078125 0.744140625 0.1015625 0.109375
2 0.0947265625 0.447265625 0.123046875 0.130859375
2 0.8564453125 0.482421875 0.1279296875 0.115234375
0 0.5380859375 0.466796875 0.1220703125 0.1435546875
0 0.6376953125 0.099609375 0.119140625 0.1220703125
0 0.8056640625 0.1533203125 0.1201171875 0.1298828125
2 0.365234375 0.6650390625 0.111328125 0.134765625
2 0.1513671875 0.2763671875 0.119140625 0.126953125
0 0.5302734375 0.689453125 0.1328125 0.130859375
2 0.2392578125 0.0615234375 0.119140625 0.123046875