0 0.3115234375 0.9345703125 0.119140625 0.1279296875
0 0.8349609375 0.068359375 0.123046875 0.1357421875
2 0.0625 0.4306640625 0.125 0.158203125
0 0.578125 0.541015625 0.1201171875 0.146484375
2 0.134765625 0.943359375 0.1123046875 0.1123046875
0 0.447265625 0.19140625 0.1123046875 0.1376953125
2 0.123046875 0.22265625 0.123046875 0.1611328125
2 0.208984375 0.783203125 0.095703125 0.1142578125
2 0.431640625 0.755859375 0.1044921875 0.107421875
0 0.74609375 0.544921875 0.1171875 0.142578125
0 0.455078125 0.923828125 0.111328125 0.1484375
2 0.8876953125 0.41015625 0.125 0.134765625
2 0.7919921875 0.83984375 0.1171875 0.140625
0 0.6171875 0.1025390625 0.109375 0.1123046875
0 0.2470703125 0.494140625 0.099609375 0.1298828125
0 0.939453125 0.7158203125 0.1201171875 0.150390625
2 0.3935546875 0.431640625 0.1328125 0.158203125
2 0.72265625 0.3125 0.1220703125 0.130859375
0 0.6494140625 0.75 0.126953125 0.142578125
2 0.2861328125 0.2138671875 0.1298828125 0.138671875