0 0.7080078125 0.091796875 0.0986328125 0.126953125
0 0.9345703125 0.7685546875 0.109375 0.109375
2 0.107421875 0.794921875 0.109375 0.111328125
2 0.494140625 0.283203125 0.095703125 0.1142578125
0 0.875 0.3046875 0.103515625 0.111328125
2 0.0869140625 0.3447265625 0.1044921875 0.119140625
2 0.408203125 0.0732421875 0.087890625 0.111328125
0 0.9091796875 0.54296875 0.107421875 0.134765625
2 0.5849609375 0.0849609375 0.1064453125 0.146484375
2 0.4912109375 0.888671875 0.095703125 0.109375
0 0.2451171875 0.576171875 0.126953125 0.123046875
2 0.19140625 0.154296875 0.09375 0.123046875
2 0.642578125 0.775390625 0.0986328125 0.1064453125
0 0.08203125 0.63671875 0.109375 0.115234375
2 0.865234375 0.091796875 0.1142578125 0.1513671875
0 0.423828125 0.490234375 0.109375 0.109375
2 0.294921875 0.748046875 0.0986328125 0.115234375
2 0.3359375 0.2978515625 0.1123046875 0.150390625
0 0.689453125 0.298828125 0.103515625 0.111328125
2 0.603515625 0.5078125 0.103515625 0.0966796875