0 0.072265625 0.134765625 0.091796875 0.119140625
0 0.31640625 0.3369140625 0.091796875 0.1064453125
2 0.8798828125 0.259765625 0.107421875 0.134765625
0 0.9091796875 0.4580078125 0.103515625 0.1044921875
0 0.498046875 0.5400390625 0.1015625 0.103515625
0 0.9111328125 0.630859375 0.099609375 0.09375
2 0.5537109375 0.12109375 0.0986328125 0.134765625
2 0.326171875 0.5654296875 0.095703125 0.123046875
0 0.6943359375 0.0966796875 0.1015625 0.1064453125
2 0.3291015625 0.8564453125 0.0986328125 0.1298828125
0 0.71484375 0.537109375 0.0908203125 0.1142578125
0 0.658203125 0.70703125 0.1171875 0.107421875
2 0.494140625 0.8212890625 0.0986328125 0.142578125
0 0.712890625 0.328125 0.0888671875 0.1123046875
2 0.3681640625 0.103515625 0.1064453125 0.1279296875
0 0.08984375 0.4599609375 0.1044921875 0.123046875
0 0.568359375 0.3193359375 0.09375 0.1064453125
0 0.111328125 0.701171875 0.1044921875 0.0986328125
2 0.1279296875 0.86328125 0.1298828125 0.1279296875
0 0.8876953125 0.90625 0.111328125 0.1328125