2 0.4443359375 0.1123046875 0.115234375 0.126953125
0 0.791015625 0.90234375 0.1123046875 0.115234375
0 0.2275390625 0.46875 0.103515625 0.1064453125
0 0.466796875 0.9130859375 0.0986328125 0.0966796875
0 0.0810546875 0.904296875 0.109375 0.115234375
0 0.310546875 0.263671875 0.1015625 0.1123046875
2 0.330078125 0.6728515625 0.0908203125 0.0986328125
2 0.2578125 0.8740234375 0.09375 0.125
0 0.857421875 0.6806640625 0.115234375 0.1455078125
2 0.1416015625 0.2744140625 0.095703125 0.1328125
2 0.654296875 0.44921875 0.1279296875 0.1015625
0 0.43359375 0.513671875 0.091796875 0.0966796875
2 0.107421875 0.4912109375 0.09375 0.1279296875
0 0.740234375 0.1142578125 0.1044921875 0.1064453125
0 0.482421875 0.3154296875 0.0986328125 0.130859375
2 0.1484375 0.73046875 0.1142578125 0.1279296875
0 0.6416015625 0.7705078125 0.099609375 0.115234375
2 0.89453125 0.30859375 0.0830078125 0.103515625
2 0.47265625 0.6923828125 0.0859375 0.119140625
2 0.892578125 0.134765625 0.111328125 0.1064453125