0 0.2666015625 0.62890625 0.1279296875 0.1328125
0 0.8798828125 0.552734375 0.1357421875 0.130859375
2 0.5830078125 0.8115234375 0.1123046875 0.1064453125
2 0.107421875 0.65625 0.1201171875 0.1376953125
2 0.05078125 0.4921875 0.1015625 0.1533203125
2 0.423828125 0.8173828125 0.109375 0.1279296875
0 0.8544921875 0.1796875 0.1328125 0.1484375
0 0.599609375 0.591796875 0.111328125 0.1142578125
2 0.1064453125 0.8525390625 0.1201171875 0.123046875
2 0.2158203125 0.1337890625 0.099609375 0.109375
0 0.5595703125 0.259765625 0.1201171875 0.1279296875
2 0.0634765625 0.26953125 0.1201171875 0.1298828125
2 0.8134765625 0.794921875 0.119140625 0.140625
2 0.447265625 0.625 0.1044921875 0.1171875
0 0.2431640625 0.4189453125 0.1201171875 0.138671875
0 0.380859375 0.2900390625 0.1220703125 0.125
2 0.5712890625 0.0556640625 0.1171875 0.111328125
2 0.349609375 0.123046875 0.119140625 0.1298828125
2 0.2998046875 0.8994140625 0.1201171875 0.173828125