0 0.541015625 0.39453125 0.09375 0.115234375
0 0.748046875 0.173828125 0.1123046875 0.111328125
0 0.345703125 0.759765625 0.099609375 0.1123046875
2 0.8720703125 0.36328125 0.103515625 0.140625
0 0.529296875 0.576171875 0.0986328125 0.1220703125
2 0.908203125 0.859375 0.103515625 0.107421875
2 0.3251953125 0.55859375 0.119140625 0.103515625
0 0.5048828125 0.865234375 0.099609375 0.125
2 0.6767578125 0.4267578125 0.091796875 0.1015625
2 0.3671875 0.3447265625 0.1123046875 0.1142578125
2 0.6767578125 0.6318359375 0.09375 0.115234375
0 0.8544921875 0.5791015625 0.1220703125 0.115234375
0 0.1689453125 0.59765625 0.091796875 0.111328125
0 0.564453125 0.169921875 0.103515625 0.1123046875
0 0.66015625 0.806640625 0.103515625 0.1142578125
2 0.8984375 0.0966796875 0.103515625 0.1044921875
0 0.107421875 0.177734375 0.1015625 0.126953125
0 0.2587890625 0.158203125 0.109375 0.150390625
2 0.197265625 0.798828125 0.0810546875 0.0966796875
2 0.13671875 0.369140625 0.119140625 0.115234375