0 0.130859375 0.3125 0.126953125 0.1376953125
0 0.49609375 0.849609375 0.111328125 0.134765625
2 0.259765625 0.119140625 0.123046875 0.1357421875
0 0.6328125 0.109375 0.1142578125 0.150390625
0 0.4365234375 0.11328125 0.119140625 0.146484375
2 0.5654296875 0.658203125 0.1279296875 0.158203125
0 0.810546875 0.9638671875 0.111328125 0.072265625
0 0.435546875 0.537109375 0.119140625 0.1513671875
2 0.306640625 0.3671875 0.1376953125 0.154296875
2 0.07421875 0.5703125 0.1220703125 0.126953125
2 0.3740234375 0.7431640625 0.1142578125 0.134765625
2 0.7646484375 0.4921875 0.107421875 0.1279296875
2 0.5595703125 0.3203125 0.107421875 0.138671875
0 0.7734375 0.291015625 0.123046875 0.138671875
2 0.646484375 0.9365234375 0.109375 0.119140625
2 0.1923828125 0.8095703125 0.119140625 0.125
0 0.0576171875 0.759765625 0.115234375 0.1455078125
0 0.197265625 0.591796875 0.109375 0.125
2 0.939453125 0.279296875 0.115234375 0.1298828125