2 0.11328125 0.6650390625 0.1220703125 0.1298828125
0 0.1376953125 0.1552734375 0.119140625 0.1328125
2 0.658203125 0.59765625 0.109375 0.154296875
0 0.955078125 0.1796875 0.08984375 0.1171875
0 0.658203125 0.142578125 0.1142578125 0.119140625
0 0.80078125 0.1171875 0.107421875 0.1201171875
2 0.8486328125 0.947265625 0.115234375 0.1044921875
2 0.4384765625 0.1513671875 0.103515625 0.1201171875
2 0.298828125 0.0859375 0.1064453125 0.1220703125
2 0.501953125 0.609375 0.09375 0.1279296875
2 0.3515625 0.873046875 0.1171875 0.123046875
0 0.6953125 0.791015625 0.126953125 0.1513671875
2 0.7265625 0.36328125 0.107421875 0.1171875
0 0.451171875 0.41796875 0.1064453125 0.125
2 0.3271484375 0.677734375 0.1201171875 0.130859375
0 0.9306640625 0.365234375 0.109375 0.1171875
0 0.521484375 0.8642578125 0.1328125 0.1298828125
0 0.1259765625 0.853515625 0.111328125 0.1142578125
0 0.84375 0.587890625 0.1298828125 0.140625
2 0.185546875 0.34375 0.111328125 0.125