0 0.1953125 0.162109375 0.1123046875 0.123046875
0 0.8671875 0.39453125 0.126953125 0.126953125
2 0.1337890625 0.3662109375 0.111328125 0.1376953125
0 0.3935546875 0.607421875 0.1171875 0.115234375
0 0.912109375 0.869140625 0.1123046875 0.1171875
0 0.150390625 0.7138671875 0.115234375 0.140625
0 0.251953125 0.89453125 0.1220703125 0.142578125
0 0.734375 0.8994140625 0.107421875 0.123046875
0 0.5419921875 0.21484375 0.1201171875 0.125
0 0.412109375 0.7890625 0.119140625 0.1513671875
0 0.7138671875 0.291015625 0.1201171875 0.1376953125
2 0.728515625 0.5234375 0.109375 0.111328125
0 0.7080078125 0.72265625 0.109375 0.1357421875
2 0.0478515625 0.185546875 0.095703125 0.142578125
2 0.8447265625 0.2041015625 0.1171875 0.1201171875
0 0.568359375 0.7978515625 0.107421875 0.1123046875
2 0.3388671875 0.1435546875 0.1123046875 0.138671875
0 0.8955078125 0.6953125 0.125 0.142578125
2 0.3662109375 0.376953125 0.142578125 0.150390625
2 0.5224609375 0.408203125 0.1298828125 0.1484375