0 0.0986328125 0.12109375 0.1064453125 0.103515625
0 0.2080078125 0.357421875 0.0966796875 0.1044921875
0 0.5986328125 0.3369140625 0.0966796875 0.138671875
2 0.720703125 0.892578125 0.1455078125 0.154296875
2 0.537109375 0.56640625 0.107421875 0.1044921875
0 0.12109375 0.830078125 0.099609375 0.103515625
2 0.904296875 0.5634765625 0.099609375 0.1455078125
2 0.0556640625 0.306640625 0.111328125 0.123046875
2 0.7451171875 0.6796875 0.1044921875 0.1328125
2 0.8603515625 0.3212890625 0.107421875 0.130859375
2 0.60546875 0.1318359375 0.1044921875 0.1201171875
2 0.4462890625 0.162109375 0.0986328125 0.123046875
2 0.525390625 0.86328125 0.1357421875 0.1279296875
0 0.830078125 0.087890625 0.107421875 0.119140625
2 0.3896484375 0.353515625 0.0888671875 0.1142578125
0 0.3447265625 0.5712890625 0.107421875 0.1279296875
0 0.25 0.76953125 0.111328125 0.125
2 0.2880859375 0.123046875 0.1142578125 0.15625
0 0.90234375 0.8876953125 0.1142578125 0.126953125