2 0.7353515625 0.8056640625 0.115234375 0.1298828125
2 0.4794921875 0.40625 0.1044921875 0.125
0 0.8681640625 0.9462890625 0.111328125 0.107421875
0 0.3759765625 0.642578125 0.1142578125 0.1298828125
0 0.8271484375 0.16796875 0.103515625 0.111328125
2 0.1005859375 0.1787109375 0.1171875 0.140625
2 0.603515625 0.23046875 0.1015625 0.1044921875
2 0.3447265625 0.37890625 0.115234375 0.1171875
2 0.89453125 0.736328125 0.1171875 0.1513671875
2 0.5234375 0.8828125 0.1064453125 0.142578125
0 0.533203125 0.7060546875 0.1328125 0.125
0 0.2685546875 0.8125 0.125 0.1455078125
0 0.6796875 0.451171875 0.109375 0.134765625
2 0.8564453125 0.5322265625 0.09375 0.099609375
2 0.1201171875 0.4384765625 0.1142578125 0.123046875
0 0.0849609375 0.8037109375 0.119140625 0.1298828125
2 0.1630859375 0.5986328125 0.1064453125 0.1376953125
0 0.822265625 0.38671875 0.1171875 0.138671875
0 0.2734375 0.1015625 0.1064453125 0.1044921875