0 0.3994140625 0.44140625 0.091796875 0.119140625
0 0.115234375 0.2109375 0.107421875 0.130859375
0 0.724609375 0.294921875 0.1015625 0.1376953125
0 0.462890625 0.8623046875 0.0986328125 0.1220703125
2 0.6142578125 0.662109375 0.111328125 0.1171875
2 0.1494140625 0.669921875 0.087890625 0.109375
2 0.9052734375 0.505859375 0.099609375 0.1064453125
2 0.6494140625 0.8759765625 0.109375 0.09375
0 0.2724609375 0.15234375 0.107421875 0.123046875
0 0.7197265625 0.46484375 0.099609375 0.109375
0 0.26171875 0.8837890625 0.0888671875 0.1357421875
0 0.798828125 0.740234375 0.1044921875 0.142578125
2 0.3427734375 0.625 0.0888671875 0.109375
0 0.888671875 0.302734375 0.1064453125 0.1064453125
2 0.076171875 0.4384765625 0.099609375 0.1201171875
2 0.8125 0.1103515625 0.107421875 0.1171875
2 0.6455078125 0.1025390625 0.1142578125 0.140625
2 0.4716796875 0.2412109375 0.0859375 0.119140625
2 0.236328125 0.390625 0.1064453125 0.115234375
2 0.0615234375 0.8623046875 0.123046875 0.142578125