0 0.7353515625 0.4970703125 0.09375 0.119140625
2 0.296875 0.51953125 0.095703125 0.107421875
2 0.470703125 0.1025390625 0.103515625 0.134765625
2 0.94140625 0.373046875 0.109375 0.0986328125
0 0.4443359375 0.8427734375 0.109375 0.1435546875
0 0.2626953125 0.1142578125 0.1064453125 0.103515625
0 0.677734375 0.287109375 0.0986328125 0.119140625
0 0.29296875 0.2978515625 0.111328125 0.1201171875
2 0.138671875 0.384765625 0.1064453125 0.1123046875
2 0.8916015625 0.8583984375 0.095703125 0.1015625
0 0.4462890625 0.4375 0.1123046875 0.119140625
0 0.9462890625 0.6376953125 0.0888671875 0.109375
0 0.171875 0.8515625 0.1123046875 0.1201171875
2 0.904296875 0.154296875 0.1044921875 0.146484375
2 0.072265625 0.1884765625 0.087890625 0.125
2 0.6083984375 0.1181640625 0.0966796875 0.1064453125
2 0.5615234375 0.61328125 0.109375 0.1142578125
0 0.0986328125 0.634765625 0.103515625 0.1435546875
2 0.6904296875 0.861328125 0.109375 0.109375