0 0.458984375 0.142578125 0.1298828125 0.1484375
0 0.2880859375 0.0849609375 0.125 0.1669921875
0 0.115234375 0.09375 0.1123046875 0.1376953125
0 0.701171875 0.470703125 0.1279296875 0.1455078125
0 0.8466796875 0.541015625 0.1328125 0.1669921875
0 0.6484375 0.9033203125 0.123046875 0.154296875
0 0.4453125 0.6748046875 0.126953125 0.1357421875
0 0.2919921875 0.826171875 0.1201171875 0.158203125
0 0.2265625 0.556640625 0.125 0.125
0 0.0888671875 0.5478515625 0.125 0.1533203125
2 0.84375 0.1630859375 0.115234375 0.1298828125
2 0.61328125 0.158203125 0.125 0.125
2 0.181640625 0.2919921875 0.1015625 0.1279296875
2 0.6787109375 0.7255859375 0.109375 0.1142578125
2 0.845703125 0.7890625 0.119140625 0.140625
2 0.80859375 0.951171875 0.111328125 0.0966796875
2 0.095703125 0.7275390625 0.1123046875 0.1484375
0 0.5 0.392578125 0.1201171875 0.1455078125
0 0.4580078125 0.892578125 0.126953125 0.1435546875
0 0.34765625 0.337890625 0.1171875 0.1689453125