2 0.5849609375 0.1416015625 0.1298828125 0.1171875
0 0.876953125 0.861328125 0.109375 0.126953125
2 0.2470703125 0.8857421875 0.115234375 0.126953125
0 0.3037109375 0.5078125 0.091796875 0.0986328125
2 0.21484375 0.072265625 0.0986328125 0.103515625
2 0.873046875 0.208984375 0.1064453125 0.107421875
0 0.466796875 0.7431640625 0.103515625 0.1220703125
0 0.310546875 0.6748046875 0.1064453125 0.1044921875
2 0.87109375 0.6640625 0.091796875 0.1279296875
2 0.9326171875 0.451171875 0.1015625 0.103515625
0 0.0791015625 0.712890625 0.1123046875 0.1171875
2 0.1552734375 0.548828125 0.109375 0.1142578125
2 0.443359375 0.0537109375 0.1171875 0.1015625
2 0.294921875 0.294921875 0.111328125 0.1142578125
2 0.451171875 0.330078125 0.1357421875 0.126953125
0 0.4453125 0.52734375 0.1142578125 0.109375
2 0.6171875 0.822265625 0.119140625 0.1201171875
0 0.787109375 0.453125 0.107421875 0.1220703125
2 0.615234375 0.5126953125 0.111328125 0.1376953125