0 0.478515625 0.4970703125 0.095703125 0.1376953125
2 0.8798828125 0.1396484375 0.1171875 0.125
2 0.458984375 0.892578125 0.111328125 0.1357421875
0 0.615234375 0.7099609375 0.095703125 0.1279296875
0 0.236328125 0.681640625 0.1015625 0.1298828125
2 0.298828125 0.431640625 0.0859375 0.134765625
0 0.955078125 0.8544921875 0.0888671875 0.1298828125
0 0.626953125 0.916015625 0.1044921875 0.1123046875
0 0.78125 0.55859375 0.09375 0.099609375
2 0.63671875 0.484375 0.0986328125 0.125
0 0.134765625 0.34375 0.099609375 0.099609375
2 0.4013671875 0.685546875 0.103515625 0.0986328125
0 0.1142578125 0.876953125 0.0986328125 0.1064453125
2 0.30859375 0.9208984375 0.0830078125 0.0986328125
2 0.76171875 0.3330078125 0.099609375 0.1435546875
2 0.806640625 0.841796875 0.0888671875 0.0830078125
2 0.9404296875 0.494140625 0.1123046875 0.115234375
2 0.5810546875 0.240234375 0.109375 0.109375
0 0.1884765625 0.1259765625 0.119140625 0.1513671875
0 0.349609375 0.162109375 0.1015625 0.126953125