0 0.361328125 0.68359375 0.130859375 0.1279296875
0 0.1953125 0.4609375 0.1064453125 0.130859375
2 0.224609375 0.248046875 0.109375 0.123046875
0 0.0673828125 0.2763671875 0.115234375 0.126953125
2 0.791015625 0.6474609375 0.134765625 0.1376953125
0 0.140625 0.646484375 0.115234375 0.1201171875
0 0.8828125 0.3837890625 0.1201171875 0.125
0 0.771484375 0.8935546875 0.126953125 0.1220703125
0 0.564453125 0.3525390625 0.109375 0.1142578125
2 0.3857421875 0.189453125 0.119140625 0.123046875
0 0.369140625 0.9326171875 0.1220703125 0.134765625
2 0.189453125 0.865234375 0.119140625 0.140625
0 0.3310546875 0.3828125 0.1142578125 0.1220703125
0 0.587890625 0.896484375 0.1171875 0.126953125
2 0.9423828125 0.75390625 0.115234375 0.1455078125
2 0.759765625 0.419921875 0.119140625 0.130859375
0 0.53125 0.5703125 0.107421875 0.126953125
2 0.578125 0.119140625 0.1220703125 0.138671875
2 0.9541015625 0.5966796875 0.0888671875 0.103515625
2 0.7822265625 0.201171875 0.134765625 0.1533203125