0 0.515625 0.703125 0.115234375 0.1279296875
0 0.861328125 0.7529296875 0.109375 0.1171875
0 0.384765625 0.470703125 0.1220703125 0.1376953125
0 0.93359375 0.5751953125 0.1279296875 0.126953125
0 0.474609375 0.1982421875 0.115234375 0.125
2 0.240234375 0.3505859375 0.099609375 0.123046875
0 0.1181640625 0.65625 0.1123046875 0.125
0 0.224609375 0.12109375 0.1357421875 0.146484375
2 0.8212890625 0.32421875 0.134765625 0.1201171875
2 0.48828125 0.845703125 0.111328125 0.1298828125
2 0.685546875 0.71875 0.1015625 0.126953125
2 0.9599609375 0.3486328125 0.080078125 0.1064453125
2 0.7021484375 0.203125 0.1171875 0.1357421875
2 0.7109375 0.521484375 0.1044921875 0.1171875
2 0.34765625 0.87890625 0.095703125 0.1171875
0 0.8486328125 0.9423828125 0.115234375 0.115234375
2 0.04296875 0.8212890625 0.0859375 0.1669921875
2 0.2783203125 0.67578125 0.095703125 0.1123046875
0 0.53125 0.443359375 0.109375 0.1220703125
2 0.671875 0.9453125 0.109375 0.109375