0 0.58984375 0.677734375 0.125 0.1201171875
2 0.0615234375 0.43359375 0.123046875 0.1484375
2 0.4287109375 0.7490234375 0.1064453125 0.142578125
0 0.40625 0.357421875 0.109375 0.09375
0 0.595703125 0.068359375 0.123046875 0.1201171875
2 0.8984375 0.5234375 0.1142578125 0.123046875
0 0.734375 0.48828125 0.125 0.1298828125
0 0.716796875 0.9033203125 0.107421875 0.138671875
0 0.7958984375 0.29296875 0.119140625 0.119140625
2 0.208984375 0.751953125 0.1015625 0.119140625
2 0.76171875 0.689453125 0.109375 0.111328125
2 0.580078125 0.447265625 0.095703125 0.1220703125
2 0.5595703125 0.91796875 0.111328125 0.125
2 0.2421875 0.4541015625 0.111328125 0.1044921875
2 0.892578125 0.099609375 0.126953125 0.1064453125
2 0.0390625 0.6337890625 0.078125 0.142578125
0 0.189453125 0.119140625 0.1201171875 0.1533203125
2 0.380859375 0.521484375 0.103515625 0.1142578125
0 0.41796875 0.134765625 0.1298828125 0.162109375
2 0.064453125 0.8212890625 0.1171875 0.119140625