0 0.333984375 0.3408203125 0.115234375 0.1123046875
0 0.205078125 0.5859375 0.0888671875 0.1201171875
2 0.267578125 0.791015625 0.09375 0.111328125
0 0.107421875 0.7880859375 0.0986328125 0.111328125
2 0.763671875 0.30859375 0.1171875 0.1220703125
0 0.1220703125 0.4111328125 0.1015625 0.1064453125
0 0.896484375 0.5556640625 0.1044921875 0.109375
0 0.7060546875 0.068359375 0.111328125 0.1064453125
0 0.587890625 0.6357421875 0.095703125 0.1015625
2 0.435546875 0.82421875 0.103515625 0.109375
0 0.3017578125 0.087890625 0.103515625 0.1298828125
2 0.1357421875 0.1884765625 0.099609375 0.125
0 0.3515625 0.642578125 0.0986328125 0.109375
0 0.525390625 0.095703125 0.1015625 0.1123046875
2 0.912109375 0.1767578125 0.1279296875 0.126953125
2 0.76953125 0.5380859375 0.1015625 0.1171875
0 0.51953125 0.42578125 0.0908203125 0.1142578125
2 0.63671875 0.8642578125 0.103515625 0.125
2 0.93359375 0.333984375 0.076171875 0.091796875
2 0.826171875 0.751953125 0.1142578125 0.1376953125