0 0.205078125 0.1845703125 0.1279296875 0.130859375
0 0.462890625 0.7724609375 0.125 0.1591796875
2 0.271484375 0.7158203125 0.1201171875 0.142578125
0 0.8818359375 0.4765625 0.1279296875 0.130859375
2 0.1064453125 0.568359375 0.1279296875 0.162109375
2 0.380859375 0.34375 0.1123046875 0.1298828125
0 0.1787109375 0.392578125 0.1357421875 0.158203125
0 0.326171875 0.5263671875 0.1298828125 0.1484375
2 0.568359375 0.9326171875 0.126953125 0.134765625
2 0.5849609375 0.3623046875 0.1298828125 0.119140625
2 0.0625 0.8154296875 0.111328125 0.1298828125
0 0.5048828125 0.177734375 0.099609375 0.1064453125
2 0.73046875 0.4453125 0.1328125 0.146484375
0 0.5244140625 0.572265625 0.130859375 0.1435546875
0 0.6455078125 0.7490234375 0.1171875 0.1220703125
0 0.853515625 0.7021484375 0.1171875 0.126953125
0 0.9130859375 0.201171875 0.126953125 0.1435546875
0 0.6953125 0.138671875 0.130859375 0.166015625
2 0.35546875 0.142578125 0.1376953125 0.1357421875
0 0.748046875 0.9033203125 0.109375 0.107421875