0 0.8984375 0.4794921875 0.1201171875 0.1171875
2 0.263671875 0.3427734375 0.103515625 0.1484375
0 0.4501953125 0.123046875 0.1201171875 0.1279296875
0 0.5517578125 0.716796875 0.1220703125 0.123046875
0 0.369140625 0.5322265625 0.109375 0.1123046875
2 0.8203125 0.673828125 0.103515625 0.107421875
2 0.4189453125 0.330078125 0.0966796875 0.115234375
0 0.78125 0.892578125 0.1123046875 0.107421875
0 0.130859375 0.3076171875 0.0986328125 0.1123046875
0 0.8232421875 0.13671875 0.123046875 0.126953125
0 0.560546875 0.52734375 0.1123046875 0.109375
2 0.05078125 0.6396484375 0.1015625 0.107421875
0 0.185546875 0.1474609375 0.099609375 0.126953125
2 0.771484375 0.380859375 0.107421875 0.1201171875
0 0.5322265625 0.935546875 0.1015625 0.115234375
2 0.6064453125 0.1435546875 0.103515625 0.1220703125
2 0.1923828125 0.8857421875 0.1201171875 0.1201171875
2 0.376953125 0.755859375 0.1064453125 0.119140625
2 0.5888671875 0.3427734375 0.123046875 0.1376953125
0 0.193359375 0.681640625 0.1064453125 0.1298828125