2 0.0654296875 0.5517578125 0.130859375 0.162109375
2 0.4189453125 0.607421875 0.1201171875 0.1298828125
0 0.263671875 0.1845703125 0.125 0.1328125
0 0.5859375 0.1025390625 0.138671875 0.1376953125
2 0.298828125 0.470703125 0.1298828125 0.1484375
0 0.8837890625 0.484375 0.138671875 0.15625
2 0.431640625 0.787109375 0.130859375 0.126953125
2 0.732421875 0.455078125 0.1201171875 0.125
0 0.05078125 0.7705078125 0.1015625 0.150390625
2 0.9365234375 0.2197265625 0.126953125 0.1357421875
2 0.6240234375 0.9052734375 0.119140625 0.138671875
0 0.56640625 0.41015625 0.126953125 0.1611328125
2 0.3759765625 0.294921875 0.1220703125 0.146484375
2 0.41015625 0.109375 0.109375 0.107421875
2 0.1337890625 0.3740234375 0.1171875 0.126953125
0 0.701171875 0.669921875 0.126953125 0.1279296875
0 0.197265625 0.669921875 0.119140625 0.130859375
0 0.8505859375 0.8798828125 0.1201171875 0.1533203125
0 0.880859375 0.6513671875 0.1279296875 0.1376953125
0 0.7646484375 0.2333984375 0.1279296875 0.1513671875