2 0.8984375 0.884765625 0.1015625 0.1142578125
2 0.720703125 0.6484375 0.087890625 0.095703125
0 0.8876953125 0.443359375 0.1171875 0.1220703125
2 0.7509765625 0.380859375 0.103515625 0.130859375
0 0.119140625 0.3154296875 0.1015625 0.109375
2 0.6796875 0.17578125 0.09375 0.109375
0 0.3525390625 0.826171875 0.0986328125 0.1220703125
2 0.3310546875 0.3427734375 0.111328125 0.1201171875
2 0.162109375 0.1298828125 0.091796875 0.138671875
2 0.171875 0.6484375 0.123046875 0.1171875
2 0.9140625 0.1826171875 0.091796875 0.123046875
2 0.3134765625 0.119140625 0.1015625 0.095703125
2 0.560546875 0.814453125 0.0830078125 0.1015625
2 0.513671875 0.4912109375 0.1123046875 0.119140625
2 0.9501953125 0.609375 0.0859375 0.0908203125
0 0.1484375 0.8447265625 0.1015625 0.1298828125
2 0.701171875 0.837890625 0.0888671875 0.1044921875
2 0.533203125 0.3134765625 0.1171875 0.1435546875
2 0.52734375 0.1103515625 0.103515625 0.154296875
2 0.3466796875 0.6181640625 0.09375 0.119140625