0 0.4228515625 0.708984375 0.138671875 0.1279296875
0 0.103515625 0.7041015625 0.1171875 0.1328125
2 0.8251953125 0.5908203125 0.142578125 0.1513671875
0 0.37109375 0.234375 0.1298828125 0.126953125
2 0.712890625 0.0908203125 0.1484375 0.146484375
0 0.263671875 0.9521484375 0.125 0.095703125
0 0.4052734375 0.9365234375 0.1220703125 0.119140625
0 0.564453125 0.087890625 0.123046875 0.1513671875
0 0.953125 0.8125 0.09375 0.125
2 0.19140625 0.201171875 0.1376953125 0.130859375
2 0.654296875 0.685546875 0.1123046875 0.1298828125
2 0.7197265625 0.865234375 0.1142578125 0.1376953125
2 0.5830078125 0.900390625 0.134765625 0.1357421875
0 0.783203125 0.3701171875 0.1298828125 0.1279296875
2 0.5712890625 0.5048828125 0.1279296875 0.1201171875
2 0.287109375 0.734375 0.1201171875 0.1435546875
0 0.3994140625 0.45703125 0.1328125 0.1376953125
2 0.2275390625 0.4375 0.1064453125 0.115234375
0 0.068359375 0.4541015625 0.126953125 0.1201171875
2 0.0400390625 0.244140625 0.080078125 0.1298828125