0 0.44921875 0.5322265625 0.1220703125 0.123046875
0 0.4326171875 0.7080078125 0.111328125 0.111328125
0 0.84375 0.68359375 0.115234375 0.123046875
0 0.09765625 0.6259765625 0.1064453125 0.1298828125
0 0.708984375 0.388671875 0.109375 0.1376953125
0 0.3740234375 0.103515625 0.111328125 0.1484375
2 0.3447265625 0.896484375 0.126953125 0.150390625
2 0.2724609375 0.451171875 0.1142578125 0.126953125
0 0.625 0.908203125 0.1220703125 0.1279296875
2 0.814453125 0.921875 0.1064453125 0.138671875
2 0.2822265625 0.654296875 0.1044921875 0.107421875
0 0.56640625 0.2763671875 0.111328125 0.1201171875
2 0.619140625 0.603515625 0.103515625 0.130859375
2 0.166015625 0.1396484375 0.107421875 0.126953125
2 0.0625 0.8681640625 0.1064453125 0.1376953125
0 0.865234375 0.447265625 0.111328125 0.1328125
2 0.06640625 0.3828125 0.099609375 0.123046875
2 0.34375 0.279296875 0.109375 0.111328125
2 0.912109375 0.251953125 0.1328125 0.119140625