0 0.7890625 0.0810546875 0.1015625 0.103515625
2 0.904296875 0.8642578125 0.1279296875 0.1298828125
2 0.291015625 0.083984375 0.1123046875 0.103515625
0 0.072265625 0.44921875 0.091796875 0.1298828125
0 0.666015625 0.51171875 0.109375 0.1123046875
2 0.8994140625 0.662109375 0.109375 0.1142578125
0 0.3046875 0.869140625 0.1142578125 0.1142578125
2 0.255859375 0.287109375 0.087890625 0.1171875
2 0.84375 0.435546875 0.109375 0.126953125
0 0.8876953125 0.259765625 0.1123046875 0.126953125
0 0.154296875 0.677734375 0.1220703125 0.140625
0 0.5927734375 0.724609375 0.1044921875 0.1171875
2 0.5185546875 0.0615234375 0.1171875 0.1044921875
2 0.087890625 0.080078125 0.103515625 0.1171875
0 0.0869140625 0.896484375 0.107421875 0.1064453125
2 0.0751953125 0.2646484375 0.099609375 0.125
2 0.431640625 0.6142578125 0.1142578125 0.119140625
0 0.703125 0.2783203125 0.1201171875 0.1455078125
2 0.421875 0.41796875 0.0986328125 0.123046875
0 0.767578125 0.783203125 0.0986328125 0.115234375