0 0.072265625 0.3408203125 0.087890625 0.1171875
0 0.060546875 0.15234375 0.0986328125 0.1044921875
2 0.9267578125 0.5263671875 0.099609375 0.150390625
2 0.267578125 0.4921875 0.107421875 0.115234375
0 0.9072265625 0.796875 0.123046875 0.1376953125
0 0.07421875 0.6689453125 0.1123046875 0.107421875
2 0.4873046875 0.2216796875 0.0986328125 0.109375
0 0.1103515625 0.8701171875 0.103515625 0.119140625
0 0.693359375 0.3994140625 0.099609375 0.146484375
2 0.837890625 0.216796875 0.0966796875 0.1357421875
0 0.642578125 0.09375 0.087890625 0.1044921875
2 0.2705078125 0.89453125 0.109375 0.0986328125
2 0.244140625 0.689453125 0.091796875 0.099609375
2 0.744140625 0.84765625 0.091796875 0.1357421875
0 0.220703125 0.0849609375 0.1044921875 0.125
2 0.669921875 0.60546875 0.09375 0.111328125
2 0.294921875 0.267578125 0.087890625 0.091796875
2 0.50390625 0.431640625 0.1123046875 0.1015625
0 0.41796875 0.728515625 0.1044921875 0.1171875