0 0.673828125 0.599609375 0.1220703125 0.1357421875
0 0.3271484375 0.90234375 0.126953125 0.1298828125
0 0.701171875 0.8427734375 0.1220703125 0.126953125
0 0.076171875 0.193359375 0.138671875 0.1669921875
2 0.1533203125 0.685546875 0.138671875 0.169921875
2 0.619140625 0.396484375 0.140625 0.1748046875
2 0.486328125 0.232421875 0.130859375 0.119140625
2 0.2041015625 0.3916015625 0.1298828125 0.1171875
2 0.6279296875 0.107421875 0.1171875 0.15625
2 0.064453125 0.4345703125 0.12890625 0.158203125
0 0.5068359375 0.826171875 0.1171875 0.119140625
2 0.3251953125 0.302734375 0.1357421875 0.140625
2 0.798828125 0.0712890625 0.126953125 0.142578125
2 0.2939453125 0.662109375 0.1123046875 0.134765625
2 0.80078125 0.412109375 0.1357421875 0.1533203125
0 0.23828125 0.1728515625 0.1279296875 0.130859375
0 0.478515625 0.533203125 0.1220703125 0.130859375
2 0.892578125 0.6005859375 0.1328125 0.1455078125
2 0.9345703125 0.759765625 0.126953125 0.1201171875
2 0.216796875 0.935546875 0.146484375 0.1279296875