2 0.0439453125 0.197265625 0.087890625 0.125
2 0.369140625 0.173828125 0.134765625 0.1376953125
2 0.1982421875 0.1455078125 0.1201171875 0.1201171875
0 0.1064453125 0.7177734375 0.130859375 0.1298828125
2 0.1298828125 0.541015625 0.1064453125 0.138671875
0 0.5625 0.271484375 0.119140625 0.125
2 0.865234375 0.052734375 0.1171875 0.1044921875
0 0.28515625 0.388671875 0.109375 0.1142578125
0 0.279296875 0.744140625 0.1064453125 0.1279296875
0 0.873046875 0.279296875 0.09375 0.107421875
2 0.69921875 0.7158203125 0.1201171875 0.1171875
2 0.31640625 0.55859375 0.103515625 0.130859375
0 0.857421875 0.5166015625 0.1220703125 0.158203125
0 0.689453125 0.142578125 0.119140625 0.1376953125
2 0.5185546875 0.54296875 0.1064453125 0.109375
0 0.392578125 0.9228515625 0.1279296875 0.140625
2 0.6787109375 0.431640625 0.107421875 0.115234375
0 0.544921875 0.841796875 0.1220703125 0.126953125
0 0.142578125 0.927734375 0.126953125 0.1435546875
2 0.935546875 0.740234375 0.1279296875 0.1376953125