2 0.546875 0.943359375 0.1015625 0.1015625
0 0.669921875 0.1513671875 0.130859375 0.1533203125
2 0.5419921875 0.6435546875 0.119140625 0.140625
2 0.935546875 0.505859375 0.1279296875 0.138671875
2 0.4072265625 0.8642578125 0.119140625 0.1171875
0 0.169921875 0.0439453125 0.1220703125 0.087890625
2 0.0908203125 0.763671875 0.125 0.1357421875
0 0.6728515625 0.701171875 0.1298828125 0.1513671875
2 0.220703125 0.2265625 0.1142578125 0.1201171875
0 0.369140625 0.5966796875 0.1298828125 0.1279296875
2 0.236328125 0.8837890625 0.1279296875 0.1455078125
2 0.298828125 0.0712890625 0.1015625 0.1064453125
2 0.8671875 0.73046875 0.1123046875 0.138671875
2 0.5498046875 0.345703125 0.115234375 0.126953125
0 0.39453125 0.2861328125 0.1279296875 0.1357421875
2 0.51953125 0.119140625 0.119140625 0.125
0 0.78515625 0.4677734375 0.119140625 0.1376953125
2 0.8837890625 0.326171875 0.1279296875 0.1279296875
2 0.712890625 0.91796875 0.0986328125 0.099609375
0 0.09765625 0.564453125 0.134765625 0.1357421875