0 0.396484375 0.4453125 0.0966796875 0.1220703125
0 0.10546875 0.224609375 0.1123046875 0.134765625
0 0.7177734375 0.287109375 0.1064453125 0.140625
0 0.4755859375 0.86328125 0.103515625 0.125
2 0.619140625 0.658203125 0.115234375 0.1220703125
2 0.1552734375 0.681640625 0.0908203125 0.111328125
2 0.9052734375 0.4912109375 0.103515625 0.111328125
2 0.662109375 0.8701171875 0.1123046875 0.0966796875
0 0.2607421875 0.16015625 0.1123046875 0.126953125
0 0.7177734375 0.45703125 0.103515625 0.1123046875
0 0.275390625 0.8916015625 0.09375 0.138671875
0 0.8076171875 0.7294921875 0.109375 0.1455078125
2 0.34765625 0.630859375 0.091796875 0.1123046875
0 0.8818359375 0.2900390625 0.109375 0.109375
2 0.0751953125 0.453125 0.1044921875 0.123046875
2 0.798828125 0.099609375 0.1123046875 0.1201171875
2 0.630859375 0.09765625 0.119140625 0.1435546875
2 0.462890625 0.2421875 0.0908203125 0.1220703125
2 0.232421875 0.400390625 0.109375 0.119140625
2 0.0732421875 0.8759765625 0.126953125 0.1484375