0 0.1044921875 0.8369140625 0.0986328125 0.107421875
0 0.70703125 0.68359375 0.09375 0.1142578125
0 0.3515625 0.111328125 0.107421875 0.125
0 0.3935546875 0.560546875 0.095703125 0.1220703125
0 0.6123046875 0.3876953125 0.1044921875 0.103515625
2 0.4716796875 0.8544921875 0.1064453125 0.091796875
0 0.119140625 0.5771484375 0.103515625 0.1123046875
0 0.5361328125 0.205078125 0.091796875 0.119140625
0 0.931640625 0.5654296875 0.109375 0.1357421875
2 0.755859375 0.365234375 0.09375 0.1171875
2 0.5361328125 0.6103515625 0.123046875 0.130859375
0 0.728515625 0.1064453125 0.1015625 0.1171875
2 0.697265625 0.8583984375 0.080078125 0.125
0 0.412109375 0.3623046875 0.103515625 0.1044921875
2 0.2626953125 0.787109375 0.0966796875 0.1123046875
2 0.2080078125 0.068359375 0.09375 0.1298828125
2 0.880859375 0.134765625 0.1123046875 0.0888671875
2 0.9462890625 0.326171875 0.107421875 0.1142578125
2 0.865234375 0.8642578125 0.0888671875 0.0986328125