0 0.6650390625 0.662109375 0.119140625 0.1142578125
0 0.0693359375 0.6044921875 0.107421875 0.115234375
0 0.0458984375 0.83984375 0.091796875 0.14453125
0 0.5390625 0.8916015625 0.1044921875 0.109375
0 0.541015625 0.173828125 0.1201171875 0.140625
0 0.0703125 0.4111328125 0.1171875 0.1201171875
0 0.87109375 0.9423828125 0.123046875 0.115234375
2 0.7060546875 0.14453125 0.09375 0.140625
0 0.240234375 0.224609375 0.1142578125 0.1220703125
0 0.2744140625 0.8466796875 0.1044921875 0.1171875
0 0.708984375 0.830078125 0.115234375 0.1328125
0 0.650390625 0.412109375 0.1279296875 0.1533203125
0 0.3720703125 0.2802734375 0.107421875 0.109375
2 0.876953125 0.380859375 0.107421875 0.0986328125
0 0.880859375 0.556640625 0.1298828125 0.1533203125
2 0.228515625 0.4072265625 0.0986328125 0.1064453125
2 0.8642578125 0.1572265625 0.103515625 0.1171875
2 0.349609375 0.6103515625 0.1201171875 0.142578125
2 0.3916015625 0.0517578125 0.123046875 0.103515625
2 0.494140625 0.701171875 0.1015625 0.1201171875