2 0.3017578125 0.669921875 0.087890625 0.142578125
2 0.58984375 0.853515625 0.0986328125 0.1044921875
2 0.3115234375 0.451171875 0.1123046875 0.1015625
2 0.5576171875 0.1318359375 0.1015625 0.1201171875
2 0.111328125 0.6787109375 0.1064453125 0.138671875
2 0.5673828125 0.650390625 0.0908203125 0.099609375
0 0.384765625 0.208984375 0.1015625 0.1376953125
2 0.8974609375 0.1962890625 0.09375 0.099609375
2 0.7890625 0.5244140625 0.0966796875 0.1015625
0 0.2041015625 0.150390625 0.099609375 0.126953125
2 0.70703125 0.138671875 0.0966796875 0.1142578125
0 0.9501953125 0.7490234375 0.099609375 0.142578125
0 0.142578125 0.369140625 0.095703125 0.1044921875
2 0.51953125 0.4560546875 0.09375 0.134765625
2 0.779296875 0.912109375 0.1064453125 0.099609375
2 0.7578125 0.7216796875 0.091796875 0.1142578125
0 0.388671875 0.904296875 0.0986328125 0.1142578125
0 0.9189453125 0.4970703125 0.103515625 0.130859375
0 0.193359375 0.9384765625 0.1064453125 0.115234375