2 0.8505859375 0.2138671875 0.1171875 0.115234375
2 0.3310546875 0.83984375 0.134765625 0.162109375
0 0.2646484375 0.1171875 0.1201171875 0.109375
0 0.158203125 0.6455078125 0.1142578125 0.142578125
0 0.68359375 0.3486328125 0.1357421875 0.1435546875
2 0.935546875 0.6572265625 0.126953125 0.15625
2 0.552734375 0.373046875 0.1201171875 0.162109375
2 0.861328125 0.4091796875 0.125 0.125
2 0.099609375 0.130859375 0.1298828125 0.1298828125
2 0.3779296875 0.3369140625 0.1142578125 0.1220703125
2 0.396484375 0.533203125 0.109375 0.140625
0 0.583984375 0.6279296875 0.125 0.130859375
2 0.7861328125 0.724609375 0.123046875 0.107421875
0 0.822265625 0.0498046875 0.1201171875 0.099609375
2 0.1083984375 0.888671875 0.1044921875 0.111328125
2 0.1572265625 0.408203125 0.109375 0.1064453125
0 0.662109375 0.828125 0.134765625 0.1533203125
2 0.6474609375 0.1240234375 0.125 0.1611328125
0 0.7265625 0.56640625 0.125 0.1298828125
0 0.48046875 0.1142578125 0.125 0.119140625