2 0.490234375 0.1298828125 0.0908203125 0.1064453125
0 0.662109375 0.681640625 0.103515625 0.1015625
0 0.5302734375 0.556640625 0.099609375 0.1064453125
0 0.8857421875 0.384765625 0.09375 0.1044921875
0 0.9326171875 0.880859375 0.1015625 0.107421875
0 0.2353515625 0.619140625 0.1015625 0.1142578125
0 0.77734375 0.892578125 0.087890625 0.1044921875
2 0.419921875 0.8212890625 0.1064453125 0.1484375
0 0.568359375 0.3564453125 0.1044921875 0.1171875
0 0.158203125 0.171875 0.1064453125 0.1298828125
2 0.3740234375 0.5400390625 0.0830078125 0.109375
2 0.267578125 0.859375 0.0966796875 0.0986328125
0 0.1201171875 0.8193359375 0.1123046875 0.107421875
0 0.14453125 0.3681640625 0.109375 0.1220703125
2 0.86328125 0.67578125 0.091796875 0.1357421875
2 0.638671875 0.9013671875 0.091796875 0.1064453125
2 0.7001953125 0.3466796875 0.0908203125 0.1142578125
2 0.314453125 0.33203125 0.130859375 0.123046875
2 0.9228515625 0.140625 0.083984375 0.1064453125
0 0.6396484375 0.1123046875 0.1015625 0.1357421875