0 0.6884765625 0.455078125 0.1142578125 0.1123046875
2 0.0771484375 0.783203125 0.1044921875 0.134765625
2 0.2978515625 0.76953125 0.1044921875 0.126953125
2 0.7822265625 0.212890625 0.1220703125 0.1640625
0 0.8740234375 0.841796875 0.0966796875 0.115234375
2 0.51953125 0.1162109375 0.103515625 0.115234375
2 0.5146484375 0.306640625 0.111328125 0.1044921875
2 0.236328125 0.2578125 0.099609375 0.115234375
0 0.349609375 0.27734375 0.1044921875 0.125
2 0.6748046875 0.8701171875 0.1142578125 0.103515625
2 0.9599609375 0.1083984375 0.080078125 0.1298828125
0 0.287109375 0.0947265625 0.103515625 0.1328125
2 0.08984375 0.453125 0.0966796875 0.111328125
0 0.291015625 0.498046875 0.1123046875 0.125
2 0.5166015625 0.5087890625 0.099609375 0.107421875
2 0.8466796875 0.4853515625 0.0966796875 0.1015625
2 0.857421875 0.66015625 0.0888671875 0.109375
2 0.1533203125 0.05078125 0.083984375 0.1015625
2 0.5107421875 0.740234375 0.1376953125 0.1220703125
2 0.6923828125 0.67578125 0.1015625 0.1328125