0 0.564453125 0.50390625 0.107421875 0.1171875
2 0.337890625 0.099609375 0.1279296875 0.125
0 0.232421875 0.8818359375 0.0986328125 0.125
0 0.693359375 0.87890625 0.1142578125 0.107421875
2 0.578125 0.224609375 0.0888671875 0.095703125
0 0.333984375 0.408203125 0.0966796875 0.115234375
2 0.1259765625 0.193359375 0.0888671875 0.103515625
2 0.927734375 0.15625 0.103515625 0.1015625
0 0.3544921875 0.642578125 0.091796875 0.1064453125
2 0.6015625 0.705078125 0.095703125 0.1015625
0 0.8935546875 0.78515625 0.109375 0.1201171875
0 0.74609375 0.6572265625 0.115234375 0.1201171875
0 0.189453125 0.6875 0.111328125 0.109375
2 0.7626953125 0.197265625 0.119140625 0.0908203125
0 0.9345703125 0.369140625 0.1044921875 0.1142578125
2 0.541015625 0.8896484375 0.09375 0.103515625
2 0.740234375 0.3642578125 0.1015625 0.109375
2 0.0703125 0.404296875 0.1015625 0.1171875
2 0.3935546875 0.8974609375 0.123046875 0.1328125
0 0.931640625 0.595703125 0.1142578125 0.1123046875