2 0.875 0.8994140625 0.1201171875 0.1142578125
0 0.08984375 0.931640625 0.1201171875 0.1357421875
0 0.0712890625 0.6533203125 0.1220703125 0.1142578125
0 0.2578125 0.849609375 0.1201171875 0.130859375
0 0.5546875 0.384765625 0.109375 0.138671875
0 0.09765625 0.1337890625 0.1201171875 0.130859375
0 0.408203125 0.8720703125 0.109375 0.138671875
2 0.75390625 0.70703125 0.111328125 0.1064453125
2 0.541015625 0.1767578125 0.099609375 0.138671875
0 0.580078125 0.712890625 0.119140625 0.1142578125
2 0.4287109375 0.6484375 0.1220703125 0.126953125
0 0.623046875 0.896484375 0.099609375 0.1142578125
0 0.703125 0.41015625 0.115234375 0.1455078125
2 0.357421875 0.380859375 0.1201171875 0.158203125
0 0.90625 0.6298828125 0.119140625 0.1328125
0 0.0888671875 0.361328125 0.115234375 0.1171875
0 0.837890625 0.107421875 0.1044921875 0.1328125
0 0.3349609375 0.1591796875 0.1064453125 0.138671875
2 0.8642578125 0.3388671875 0.1201171875 0.140625
0 0.224609375 0.6689453125 0.109375 0.123046875