2 0.908203125 0.8564453125 0.0986328125 0.1455078125
0 0.6748046875 0.400390625 0.103515625 0.1064453125
0 0.529296875 0.439453125 0.095703125 0.1220703125
2 0.91796875 0.6708984375 0.1123046875 0.130859375
0 0.5947265625 0.630859375 0.1044921875 0.107421875
0 0.1162109375 0.4482421875 0.0986328125 0.1220703125
2 0.9169921875 0.197265625 0.1123046875 0.123046875
2 0.4013671875 0.6064453125 0.095703125 0.125
2 0.6767578125 0.8505859375 0.111328125 0.130859375
0 0.3056640625 0.4267578125 0.103515625 0.107421875
2 0.7080078125 0.142578125 0.1279296875 0.1513671875
0 0.3974609375 0.236328125 0.119140625 0.126953125
2 0.111328125 0.2109375 0.123046875 0.126953125
2 0.5537109375 0.2138671875 0.0986328125 0.109375
2 0.7275390625 0.5771484375 0.0966796875 0.1171875
2 0.1962890625 0.904296875 0.119140625 0.1298828125
2 0.482421875 0.8955078125 0.103515625 0.115234375
0 0.8349609375 0.4052734375 0.103515625 0.1357421875
0 0.337890625 0.865234375 0.103515625 0.1171875
0 0.1962890625 0.62109375 0.109375 0.1357421875