2 0.630859375 0.9267578125 0.087890625 0.0859375
0 0.6005859375 0.1259765625 0.107421875 0.134765625
2 0.568359375 0.6328125 0.0966796875 0.125
2 0.93359375 0.421875 0.1171875 0.119140625
2 0.478515625 0.875 0.1015625 0.099609375
0 0.0849609375 0.091796875 0.1015625 0.119140625
2 0.1484375 0.8369140625 0.1044921875 0.119140625
0 0.7080078125 0.6650390625 0.1064453125 0.134765625
2 0.173828125 0.28515625 0.095703125 0.1044921875
0 0.3896484375 0.6201171875 0.109375 0.109375
2 0.314453125 0.9267578125 0.1064453125 0.1279296875
2 0.220703125 0.1171875 0.0859375 0.091796875
2 0.904296875 0.65625 0.0908203125 0.123046875
2 0.51953125 0.337890625 0.0966796875 0.109375
0 0.35546875 0.310546875 0.107421875 0.1171875
2 0.4462890625 0.1220703125 0.1015625 0.107421875
0 0.7734375 0.4140625 0.0986328125 0.1201171875
2 0.84375 0.255859375 0.109375 0.109375
2 0.7880859375 0.869140625 0.083984375 0.0859375
0 0.1171875 0.640625 0.1142578125 0.1171875