0 0.4111328125 0.0947265625 0.103515625 0.1279296875
0 0.212890625 0.1240234375 0.099609375 0.1064453125
2 0.087890625 0.830078125 0.103515625 0.115234375
2 0.732421875 0.115234375 0.1044921875 0.1064453125
0 0.8427734375 0.64453125 0.095703125 0.1220703125
0 0.1220703125 0.6103515625 0.1220703125 0.1142578125
2 0.900390625 0.1171875 0.091796875 0.1123046875
0 0.517578125 0.396484375 0.1171875 0.1220703125
2 0.3525390625 0.513671875 0.09375 0.109375
0 0.185546875 0.345703125 0.107421875 0.126953125
2 0.91796875 0.830078125 0.099609375 0.125
2 0.2958984375 0.873046875 0.095703125 0.103515625
2 0.505859375 0.7880859375 0.099609375 0.125
0 0.880859375 0.39453125 0.1142578125 0.123046875
2 0.5419921875 0.1083984375 0.091796875 0.1142578125
2 0.7373046875 0.416015625 0.087890625 0.1376953125
0 0.046875 0.091796875 0.09375 0.130859375
2 0.720703125 0.7880859375 0.0908203125 0.0810546875
2 0.587890625 0.587890625 0.103515625 0.109375
0 0.3486328125 0.3466796875 0.107421875 0.0986328125