0 0.923828125 0.6708984375 0.142578125 0.15625
2 0.5830078125 0.064453125 0.1220703125 0.1279296875
0 0.7353515625 0.064453125 0.1201171875 0.1279296875
2 0.5625 0.744140625 0.130859375 0.142578125
0 0.4375 0.49609375 0.1201171875 0.126953125
0 0.072265625 0.576171875 0.1064453125 0.1142578125
2 0.353515625 0.6806640625 0.1064453125 0.1220703125
0 0.412109375 0.900390625 0.115234375 0.1171875
2 0.412109375 0.1083984375 0.123046875 0.1142578125
2 0.751953125 0.7900390625 0.119140625 0.1201171875
2 0.0546875 0.162109375 0.109375 0.138671875
2 0.373046875 0.2841796875 0.1142578125 0.1513671875
0 0.5498046875 0.2734375 0.1171875 0.1201171875
2 0.1904296875 0.86328125 0.1015625 0.107421875
2 0.86328125 0.240234375 0.134765625 0.154296875
0 0.8837890625 0.4658203125 0.126953125 0.1328125
2 0.224609375 0.248046875 0.103515625 0.126953125
2 0.068359375 0.3349609375 0.111328125 0.1220703125
2 0.267578125 0.494140625 0.140625 0.150390625
2 0.6728515625 0.498046875 0.1328125 0.130859375