0 0.45703125 0.8720703125 0.1142578125 0.130859375
2 0.9404296875 0.837890625 0.0966796875 0.125
2 0.2890625 0.412109375 0.109375 0.107421875
0 0.607421875 0.435546875 0.1142578125 0.1279296875
0 0.4794921875 0.599609375 0.1015625 0.119140625
2 0.638671875 0.091796875 0.1044921875 0.109375
2 0.2255859375 0.88671875 0.1171875 0.1533203125
2 0.3056640625 0.1865234375 0.1015625 0.1064453125
2 0.625 0.8154296875 0.0966796875 0.1201171875
2 0.8525390625 0.05078125 0.111328125 0.1015625
0 0.8271484375 0.234375 0.1064453125 0.107421875
2 0.2412109375 0.6572265625 0.099609375 0.123046875
2 0.13671875 0.087890625 0.109375 0.1357421875
2 0.787109375 0.5830078125 0.087890625 0.1123046875
2 0.947265625 0.5126953125 0.10546875 0.146484375
2 0.4931640625 0.2041015625 0.1171875 0.142578125
2 0.0673828125 0.4609375 0.091796875 0.0908203125
2 0.103515625 0.65625 0.1142578125 0.1279296875
0 0.44140625 0.396484375 0.0986328125 0.1201171875
0 0.8046875 0.8759765625 0.111328125 0.162109375