0 0.5888671875 0.2080078125 0.130859375 0.140625
0 0.7802734375 0.166015625 0.1298828125 0.1591796875
0 0.927734375 0.1962890625 0.1142578125 0.1611328125
0 0.7421875 0.373046875 0.1279296875 0.162109375
0 0.546875 0.42578125 0.123046875 0.15625
0 0.302734375 0.4453125 0.1328125 0.15625
0 0.548828125 0.603515625 0.123046875 0.15625
0 0.8173828125 0.6669921875 0.1298828125 0.162109375
0 0.53515625 0.88671875 0.1298828125 0.146484375
0 0.349609375 0.9072265625 0.1533203125 0.15625
0 0.28125 0.7236328125 0.126953125 0.15625
0 0.1513671875 0.673828125 0.130859375 0.1484375
2 0.4365234375 0.1103515625 0.1298828125 0.1435546875
2 0.2607421875 0.072265625 0.123046875 0.14453125
2 0.263671875 0.2646484375 0.123046875 0.1435546875
2 0.162109375 0.423828125 0.1357421875 0.154296875
2 0.2177734375 0.884765625 0.130859375 0.1669921875
2 0.7041015625 0.91796875 0.140625 0.142578125
2 0.8681640625 0.9345703125 0.138671875 0.130859375
2 0.912109375 0.423828125 0.130859375 0.1357421875