2 0.685546875 0.390625 0.125 0.1171875
0 0.234375 0.8662109375 0.0908203125 0.126953125
0 0.376953125 0.8818359375 0.0966796875 0.0966796875
2 0.35546875 0.13671875 0.1279296875 0.146484375
0 0.255859375 0.666015625 0.0986328125 0.103515625
0 0.654296875 0.892578125 0.123046875 0.1376953125
2 0.892578125 0.7880859375 0.115234375 0.125
2 0.8935546875 0.1513671875 0.1123046875 0.1142578125
2 0.3125 0.412109375 0.0986328125 0.1142578125
0 0.7412109375 0.63671875 0.1044921875 0.1357421875
2 0.095703125 0.826171875 0.1064453125 0.091796875
2 0.091796875 0.525390625 0.1044921875 0.1142578125
2 0.845703125 0.4150390625 0.111328125 0.0966796875
0 0.53125 0.458984375 0.099609375 0.1279296875
0 0.55859375 0.080078125 0.1015625 0.1044921875
0 0.7333984375 0.1015625 0.099609375 0.1123046875
2 0.3984375 0.6875 0.0908203125 0.119140625
2 0.115234375 0.3466796875 0.099609375 0.109375
0 0.56640625 0.6806640625 0.1142578125 0.111328125
2 0.16015625 0.11328125 0.0986328125 0.115234375