2 0.8232421875 0.033203125 0.123046875 0.06640625
2 0.0380859375 0.2431640625 0.076171875 0.1611328125
0 0.203125 0.9697265625 0.1376953125 0.060546875
0 0.552734375 0.3095703125 0.1220703125 0.1376953125
0 0.3388671875 0.4267578125 0.125 0.1357421875
2 0.1689453125 0.392578125 0.126953125 0.146484375
2 0.8876953125 0.5654296875 0.1201171875 0.1435546875
2 0.5166015625 0.7138671875 0.1328125 0.142578125
0 0.681640625 0.466796875 0.1376953125 0.1455078125
0 0.8935546875 0.826171875 0.126953125 0.138671875
2 0.330078125 0.7783203125 0.1123046875 0.1123046875
2 0.1484375 0.6240234375 0.134765625 0.1748046875
2 0.6572265625 0.087890625 0.1142578125 0.130859375
2 0.3818359375 0.9580078125 0.107421875 0.083984375
2 0.7099609375 0.640625 0.142578125 0.150390625
2 0.587890625 0.880859375 0.1533203125 0.150390625
2 0.1650390625 0.798828125 0.1455078125 0.1689453125
0 0.341796875 0.130859375 0.1376953125 0.1640625
2 0.185546875 0.201171875 0.146484375 0.162109375
2 0.8173828125 0.23828125 0.1201171875 0.1298828125