0 0.490234375 0.927734375 0.1064453125 0.126953125
0 0.0908203125 0.728515625 0.1123046875 0.111328125
2 0.2314453125 0.8525390625 0.1220703125 0.1640625
2 0.4384765625 0.1181640625 0.1064453125 0.1123046875
2 0.2470703125 0.083984375 0.103515625 0.1220703125
0 0.314453125 0.310546875 0.123046875 0.1201171875
2 0.837890625 0.9326171875 0.119140625 0.1064453125
2 0.1240234375 0.4970703125 0.0986328125 0.123046875
2 0.8798828125 0.7900390625 0.1044921875 0.1357421875
0 0.6728515625 0.6533203125 0.115234375 0.1064453125
0 0.59765625 0.392578125 0.1171875 0.125
2 0.9462890625 0.328125 0.107421875 0.140625
2 0.12890625 0.2841796875 0.0966796875 0.103515625
2 0.466796875 0.6845703125 0.138671875 0.146484375
2 0.8203125 0.5166015625 0.1015625 0.123046875
0 0.7734375 0.291015625 0.107421875 0.138671875
0 0.306640625 0.6328125 0.1123046875 0.126953125
0 0.6630859375 0.9384765625 0.1171875 0.123046875
0 0.595703125 0.140625 0.1279296875 0.162109375
2 0.9462890625 0.1328125 0.107421875 0.125