2 0.951171875 0.818359375 0.0966796875 0.1220703125
2 0.619140625 0.830078125 0.1298828125 0.1328125
2 0.7890625 0.865234375 0.1171875 0.1171875
0 0.9013671875 0.2958984375 0.126953125 0.126953125
2 0.8720703125 0.4716796875 0.1015625 0.1376953125
0 0.4296875 0.7265625 0.115234375 0.1220703125
2 0.1201171875 0.9423828125 0.1123046875 0.115234375
0 0.7109375 0.619140625 0.1064453125 0.1123046875
0 0.728515625 0.263671875 0.103515625 0.125
0 0.119140625 0.7080078125 0.0908203125 0.1064453125
2 0.30859375 0.27734375 0.1171875 0.1142578125
2 0.685546875 0.447265625 0.0986328125 0.1279296875
0 0.1435546875 0.470703125 0.1171875 0.154296875
0 0.298828125 0.8505859375 0.115234375 0.134765625
2 0.482421875 0.4560546875 0.103515625 0.1064453125
0 0.6220703125 0.0810546875 0.125 0.1376953125
2 0.318359375 0.5625 0.1044921875 0.1123046875
0 0.466796875 0.15625 0.119140625 0.123046875
0 0.873046875 0.0810546875 0.123046875 0.1455078125
2 0.068359375 0.244140625 0.1328125 0.134765625