2 0.369140625 0.0732421875 0.087890625 0.0859375
0 0.3994140625 0.8740234375 0.107421875 0.134765625
2 0.431640625 0.3671875 0.0966796875 0.125
2 0.06640625 0.578125 0.1171875 0.119140625
2 0.521484375 0.125 0.1015625 0.099609375
0 0.9150390625 0.908203125 0.1015625 0.119140625
2 0.8515625 0.1630859375 0.1044921875 0.119140625
0 0.2919921875 0.3349609375 0.1064453125 0.134765625
2 0.826171875 0.71484375 0.095703125 0.1044921875
0 0.6103515625 0.3798828125 0.109375 0.109375
2 0.685546875 0.0732421875 0.1064453125 0.1279296875
2 0.779296875 0.8828125 0.0859375 0.091796875
2 0.095703125 0.34375 0.0908203125 0.123046875
2 0.48046875 0.662109375 0.0966796875 0.109375
0 0.64453125 0.689453125 0.107421875 0.1171875
2 0.5537109375 0.8779296875 0.1015625 0.107421875
0 0.2265625 0.5859375 0.0986328125 0.1201171875
2 0.15625 0.744140625 0.109375 0.109375
2 0.2119140625 0.130859375 0.083984375 0.0859375
0 0.8828125 0.359375 0.1142578125 0.1171875