0 0.6298828125 0.310546875 0.1279296875 0.115234375
2 0.8935546875 0.81640625 0.0986328125 0.0908203125
2 0.7646484375 0.1181640625 0.0966796875 0.115234375
2 0.3212890625 0.623046875 0.099609375 0.1376953125
0 0.517578125 0.697265625 0.1015625 0.1064453125
2 0.9267578125 0.123046875 0.091796875 0.1357421875
0 0.244140625 0.4296875 0.0908203125 0.0986328125
0 0.189453125 0.236328125 0.111328125 0.1201171875
0 0.888671875 0.421875 0.107421875 0.1376953125
2 0.0712890625 0.5107421875 0.134765625 0.1171875
2 0.5673828125 0.091796875 0.09375 0.1044921875
2 0.146484375 0.724609375 0.103515625 0.1220703125
2 0.431640625 0.3701171875 0.115234375 0.138671875
2 0.87109375 0.609375 0.0859375 0.1279296875
0 0.376953125 0.9189453125 0.0986328125 0.1171875
2 0.7353515625 0.56640625 0.107421875 0.1142578125
2 0.736328125 0.9306640625 0.0986328125 0.107421875
2 0.1337890625 0.884765625 0.0830078125 0.091796875
0 0.3837890625 0.1572265625 0.1064453125 0.1376953125
2 0.677734375 0.740234375 0.1044921875 0.1357421875