2 0.1435546875 0.1455078125 0.095703125 0.123046875
2 0.0986328125 0.734375 0.0986328125 0.1171875
0 0.603515625 0.728515625 0.0908203125 0.115234375
0 0.92578125 0.9345703125 0.083984375 0.1171875
2 0.3505859375 0.259765625 0.0966796875 0.1142578125
0 0.8203125 0.7353515625 0.1044921875 0.1435546875
2 0.919921875 0.1142578125 0.1279296875 0.111328125
0 0.7607421875 0.1298828125 0.0908203125 0.109375
0 0.4404296875 0.517578125 0.1201171875 0.119140625
2 0.587890625 0.529296875 0.0830078125 0.1298828125
2 0.423828125 0.767578125 0.0986328125 0.109375
2 0.2626953125 0.595703125 0.0732421875 0.1298828125
0 0.1357421875 0.560546875 0.1064453125 0.109375
2 0.8408203125 0.44921875 0.099609375 0.140625
2 0.126953125 0.314453125 0.1064453125 0.109375
2 0.2099609375 0.939453125 0.107421875 0.1044921875
2 0.50390625 0.330078125 0.103515625 0.126953125
2 0.671875 0.3115234375 0.0966796875 0.109375
0 0.5 0.119140625 0.0986328125 0.1064453125
2 0.724609375 0.9033203125 0.107421875 0.1171875