0 0.556640625 0.494140625 0.0986328125 0.099609375
0 0.892578125 0.6220703125 0.1044921875 0.126953125
2 0.724609375 0.572265625 0.103515625 0.125
2 0.27734375 0.138671875 0.099609375 0.115234375
2 0.2861328125 0.7109375 0.119140625 0.1171875
0 0.4873046875 0.8994140625 0.123046875 0.109375
2 0.5419921875 0.708984375 0.119140625 0.109375
2 0.232421875 0.568359375 0.115234375 0.150390625
2 0.345703125 0.3369140625 0.103515625 0.107421875
2 0.294921875 0.9287109375 0.1142578125 0.1044921875
2 0.73046875 0.3828125 0.1142578125 0.140625
2 0.9208984375 0.3935546875 0.0986328125 0.1142578125
0 0.111328125 0.8251953125 0.103515625 0.1279296875
2 0.7177734375 0.1611328125 0.0810546875 0.1044921875
2 0.3974609375 0.5341796875 0.125 0.123046875
0 0.515625 0.158203125 0.1064453125 0.134765625
2 0.732421875 0.8876953125 0.1123046875 0.1171875
0 0.865234375 0.0869140625 0.111328125 0.125
0 0.1708984375 0.314453125 0.107421875 0.1279296875
2 0.947265625 0.8720703125 0.1044921875 0.1376953125