0 0.7333984375 0.9013671875 0.0908203125 0.1171875
2 0.232421875 0.880859375 0.1142578125 0.150390625
0 0.083984375 0.705078125 0.103515625 0.109375
2 0.7021484375 0.6962890625 0.091796875 0.09375
0 0.6396484375 0.12109375 0.1123046875 0.115234375
2 0.1708984375 0.302734375 0.09375 0.150390625
0 0.4638671875 0.2431640625 0.107421875 0.107421875
0 0.7373046875 0.51953125 0.1044921875 0.1015625
2 0.4794921875 0.486328125 0.109375 0.1279296875
2 0.251953125 0.59375 0.099609375 0.111328125
2 0.37109375 0.8916015625 0.095703125 0.1015625
2 0.9482421875 0.37109375 0.091796875 0.1064453125
0 0.251953125 0.130859375 0.1171875 0.1357421875
2 0.716796875 0.3330078125 0.1142578125 0.1357421875
2 0.9306640625 0.845703125 0.095703125 0.087890625
2 0.908203125 0.119140625 0.1044921875 0.126953125
2 0.1015625 0.943359375 0.107421875 0.1123046875
2 0.9287109375 0.6572265625 0.1142578125 0.103515625
2 0.1181640625 0.544921875 0.107421875 0.1201171875
2 0.541015625 0.732421875 0.103515625 0.1201171875