0 0.6572265625 0.6435546875 0.111328125 0.1279296875
0 0.8818359375 0.6787109375 0.119140625 0.115234375
2 0.697265625 0.15625 0.1220703125 0.134765625
2 0.78125 0.4892578125 0.1142578125 0.125
2 0.40234375 0.8212890625 0.123046875 0.140625
0 0.0673828125 0.8046875 0.126953125 0.130859375
2 0.7734375 0.9013671875 0.1513671875 0.1591796875
2 0.0810546875 0.580078125 0.109375 0.1298828125
0 0.322265625 0.0927734375 0.1123046875 0.1279296875
2 0.185546875 0.287109375 0.119140625 0.134765625
0 0.501953125 0.341796875 0.125 0.154296875
2 0.337890625 0.314453125 0.115234375 0.140625
2 0.26171875 0.501953125 0.1171875 0.111328125
2 0.6376953125 0.326171875 0.109375 0.1328125
2 0.521484375 0.1875 0.130859375 0.125
0 0.4765625 0.5615234375 0.134765625 0.1484375
0 0.9384765625 0.5009765625 0.123046875 0.1298828125
2 0.958984375 0.2880859375 0.0810546875 0.1171875
2 0.53515625 0.923828125 0.1357421875 0.1513671875
2 0.2734375 0.787109375 0.0908203125 0.1142578125