2 0.83984375 0.748046875 0.115234375 0.125
0 0.9306640625 0.24609375 0.1142578125 0.1279296875
2 0.32421875 0.560546875 0.1015625 0.1513671875
0 0.115234375 0.083984375 0.1123046875 0.1123046875
0 0.42578125 0.1162109375 0.109375 0.1142578125
0 0.29296875 0.0595703125 0.103515625 0.115234375
2 0.056640625 0.8720703125 0.109375 0.1279296875
2 0.638671875 0.173828125 0.0986328125 0.115234375
2 0.7890625 0.142578125 0.099609375 0.119140625
2 0.4736328125 0.6064453125 0.087890625 0.125
2 0.560546875 0.8974609375 0.1123046875 0.119140625
0 0.244140625 0.740234375 0.1201171875 0.146484375
2 0.310546875 0.3154296875 0.103515625 0.1123046875
0 0.5654296875 0.431640625 0.1015625 0.1201171875
2 0.6279296875 0.7119140625 0.115234375 0.126953125
0 0.111328125 0.271484375 0.1044921875 0.1142578125
0 0.396484375 0.849609375 0.1279296875 0.123046875
0 0.78515625 0.927734375 0.1064453125 0.109375
0 0.1455078125 0.5087890625 0.123046875 0.1357421875
2 0.841796875 0.4189453125 0.1064453125 0.1220703125