0 0.8046875 0.162109375 0.1123046875 0.123046875
0 0.1328125 0.39453125 0.126953125 0.126953125
2 0.8662109375 0.3662109375 0.111328125 0.1376953125
0 0.6064453125 0.607421875 0.1171875 0.115234375
0 0.087890625 0.869140625 0.1123046875 0.1171875
0 0.849609375 0.7138671875 0.115234375 0.140625
0 0.748046875 0.89453125 0.1220703125 0.142578125
0 0.265625 0.8994140625 0.107421875 0.123046875
0 0.4580078125 0.21484375 0.1201171875 0.125
0 0.587890625 0.7890625 0.119140625 0.1513671875
0 0.2861328125 0.291015625 0.1201171875 0.1376953125
2 0.271484375 0.5234375 0.109375 0.111328125
0 0.2919921875 0.72265625 0.109375 0.1357421875
2 0.9521484375 0.185546875 0.095703125 0.142578125
2 0.1552734375 0.2041015625 0.1171875 0.1201171875
0 0.431640625 0.7978515625 0.107421875 0.1123046875
2 0.6611328125 0.1435546875 0.1123046875 0.138671875
0 0.1044921875 0.6953125 0.125 0.142578125
2 0.6337890625 0.376953125 0.142578125 0.150390625
2 0.4775390625 0.408203125 0.1298828125 0.1484375