0 0.494140625 0.1943359375 0.130859375 0.140625
0 0.6640625 0.095703125 0.1298828125 0.1591796875
0 0.8134765625 0.080078125 0.1142578125 0.1591796875
0 0.69140625 0.3037109375 0.1279296875 0.162109375
0 0.521484375 0.4150390625 0.123046875 0.15625
0 0.294921875 0.5087890625 0.1328125 0.15625
0 0.5791015625 0.5830078125 0.123046875 0.15625
0 0.853515625 0.560546875 0.1298828125 0.162109375
0 0.6533203125 0.857421875 0.1298828125 0.146484375
0 0.4853515625 0.9267578125 0.154296875 0.146484375
0 0.361328125 0.779296875 0.126953125 0.15625
0 0.2216796875 0.7724609375 0.130859375 0.1484375
2 0.3193359375 0.1494140625 0.1298828125 0.1435546875
2 0.138671875 0.15625 0.123046875 0.1689453125
2 0.203125 0.349609375 0.123046875 0.1435546875
2 0.154296875 0.533203125 0.1357421875 0.154296875
2 0.349609375 0.9345703125 0.130859375 0.130859375
2 0.8232421875 0.833984375 0.140625 0.142578125
2 0.958984375 0.8095703125 0.0810546875 0.150390625
2 0.869140625 0.30078125 0.130859375 0.1357421875