0 0.927734375 0.6591796875 0.087890625 0.1171875
0 0.939453125 0.84765625 0.0986328125 0.1044921875
2 0.0732421875 0.4736328125 0.099609375 0.150390625
2 0.732421875 0.5078125 0.107421875 0.115234375
0 0.0927734375 0.203125 0.123046875 0.1376953125
0 0.92578125 0.3310546875 0.1123046875 0.107421875
2 0.5126953125 0.7783203125 0.0986328125 0.109375
0 0.8896484375 0.1298828125 0.103515625 0.119140625
0 0.306640625 0.6005859375 0.099609375 0.146484375
2 0.162109375 0.783203125 0.0966796875 0.1357421875
0 0.357421875 0.90625 0.087890625 0.1044921875
2 0.7294921875 0.10546875 0.109375 0.0986328125
2 0.755859375 0.310546875 0.091796875 0.099609375
2 0.255859375 0.15234375 0.091796875 0.1357421875
0 0.779296875 0.9150390625 0.1044921875 0.125
2 0.330078125 0.39453125 0.09375 0.111328125
2 0.705078125 0.732421875 0.087890625 0.091796875
2 0.49609375 0.568359375 0.1123046875 0.1015625
0 0.58203125 0.271484375 0.1044921875 0.1171875