0 0.6748046875 0.5498046875 0.1123046875 0.1357421875
2 0.232421875 0.802734375 0.1142578125 0.1435546875
2 0.9580078125 0.1865234375 0.083984375 0.123046875
0 0.0615234375 0.794921875 0.1171875 0.1376953125
0 0.71484375 0.7802734375 0.1142578125 0.1142578125
0 0.90234375 0.4423828125 0.1484375 0.134765625
2 0.177734375 0.037109375 0.125 0.0732421875
2 0.3251953125 0.1171875 0.1328125 0.1328125
2 0.837890625 0.630859375 0.1298828125 0.146484375
2 0.8349609375 0.912109375 0.119140625 0.142578125
2 0.619140625 0.3095703125 0.1171875 0.125
2 0.1259765625 0.5927734375 0.1171875 0.1279296875
2 0.537109375 0.79296875 0.125 0.1201171875
2 0.142578125 0.244140625 0.107421875 0.119140625
0 0.3798828125 0.708984375 0.138671875 0.1455078125
0 0.4814453125 0.19140625 0.119140625 0.150390625
0 0.3310546875 0.349609375 0.1376953125 0.142578125
0 0.701171875 0.115234375 0.109375 0.1142578125
0 0.767578125 0.3798828125 0.142578125 0.142578125
0 0.5205078125 0.4921875 0.1279296875 0.142578125