0 0.7294921875 0.263671875 0.1201171875 0.1201171875
2 0.9287109375 0.783203125 0.142578125 0.1533203125
0 0.8828125 0.1806640625 0.1171875 0.1123046875
2 0.7841796875 0.80859375 0.1201171875 0.15625
2 0.607421875 0.509765625 0.125 0.15625
0 0.5595703125 0.3046875 0.1220703125 0.1513671875
2 0.423828125 0.662109375 0.1357421875 0.1513671875
0 0.8388671875 0.0263671875 0.107421875 0.052734375
2 0.3671875 0.205078125 0.111328125 0.1328125
2 0.0576171875 0.232421875 0.115234375 0.13671875
2 0.8681640625 0.4853515625 0.1220703125 0.1279296875
2 0.6162109375 0.708984375 0.111328125 0.150390625
2 0.6865234375 0.087890625 0.1201171875 0.111328125
0 0.345703125 0.50390625 0.125 0.130859375
2 0.212890625 0.66015625 0.109375 0.1220703125
2 0.17578125 0.2158203125 0.1220703125 0.150390625
0 0.1630859375 0.876953125 0.1279296875 0.1376953125
0 0.5283203125 0.0859375 0.1298828125 0.1435546875
2 0.3681640625 0.8740234375 0.1376953125 0.1591796875