0 0.69140625 0.6220703125 0.107421875 0.1142578125
0 0.419921875 0.9033203125 0.111328125 0.126953125
0 0.9306640625 0.9248046875 0.099609375 0.1298828125
2 0.095703125 0.0703125 0.087890625 0.0986328125
2 0.103515625 0.318359375 0.083984375 0.125
2 0.7841796875 0.8701171875 0.1044921875 0.111328125
0 0.845703125 0.6591796875 0.0986328125 0.1220703125
0 0.7265625 0.4248046875 0.0888671875 0.115234375
0 0.216796875 0.5068359375 0.091796875 0.1044921875
2 0.5576171875 0.3173828125 0.1015625 0.1044921875
0 0.931640625 0.435546875 0.107421875 0.140625
2 0.6044921875 0.912109375 0.0966796875 0.091796875
2 0.412109375 0.4931640625 0.087890625 0.1015625
2 0.314453125 0.201171875 0.111328125 0.1357421875
0 0.2109375 0.9140625 0.1044921875 0.126953125
2 0.189453125 0.6630859375 0.095703125 0.1044921875
2 0.806640625 0.146484375 0.111328125 0.1328125
0 0.6416015625 0.1591796875 0.1064453125 0.1591796875
2 0.345703125 0.701171875 0.091796875 0.1376953125
2 0.5068359375 0.689453125 0.119140625 0.119140625