0 0.4794921875 0.876953125 0.103515625 0.1328125
0 0.8486328125 0.861328125 0.095703125 0.0966796875
0 0.708984375 0.087890625 0.091796875 0.109375
2 0.5712890625 0.12890625 0.0966796875 0.1171875
0 0.150390625 0.1689453125 0.103515625 0.119140625
2 0.568359375 0.685546875 0.1171875 0.1201171875
2 0.2880859375 0.07421875 0.115234375 0.138671875
2 0.896484375 0.5849609375 0.107421875 0.1513671875
0 0.373046875 0.423828125 0.091796875 0.1123046875
2 0.8828125 0.095703125 0.095703125 0.130859375
0 0.87890625 0.318359375 0.103515625 0.134765625
2 0.125 0.76171875 0.109375 0.107421875
2 0.71875 0.4609375 0.0966796875 0.1298828125
2 0.705078125 0.888671875 0.0888671875 0.103515625
2 0.4306640625 0.6748046875 0.087890625 0.109375
2 0.568359375 0.4443359375 0.095703125 0.142578125
0 0.2138671875 0.3935546875 0.107421875 0.1201171875
0 0.0478515625 0.4931640625 0.095703125 0.123046875
2 0.703125 0.646484375 0.1220703125 0.1435546875
2 0.283203125 0.841796875 0.1015625 0.1484375