2 0.7021484375 0.56640625 0.1123046875 0.1376953125
2 0.806640625 0.7822265625 0.119140625 0.1298828125
0 0.076171875 0.349609375 0.119140625 0.119140625
0 0.248046875 0.4482421875 0.1015625 0.107421875
2 0.4345703125 0.146484375 0.103515625 0.142578125
0 0.9365234375 0.154296875 0.115234375 0.15625
2 0.0654296875 0.5302734375 0.1171875 0.1171875
2 0.373046875 0.638671875 0.0908203125 0.1298828125
2 0.689453125 0.3564453125 0.1015625 0.107421875
2 0.0859375 0.744140625 0.107421875 0.140625
2 0.205078125 0.662109375 0.126953125 0.1298828125
2 0.0986328125 0.1025390625 0.123046875 0.146484375
0 0.71875 0.1162109375 0.1142578125 0.119140625
0 0.6708984375 0.791015625 0.103515625 0.140625
2 0.3623046875 0.90625 0.107421875 0.1328125
0 0.21875 0.26953125 0.115234375 0.126953125
2 0.2138671875 0.873046875 0.0986328125 0.115234375
2 0.544921875 0.6982421875 0.099609375 0.1201171875
0 0.4296875 0.337890625 0.107421875 0.1298828125
0 0.8720703125 0.537109375 0.109375 0.1220703125