0 0.31640625 0.607421875 0.0908203125 0.1123046875
0 0.0888671875 0.595703125 0.099609375 0.0986328125
2 0.37890625 0.123046875 0.099609375 0.1171875
2 0.2275390625 0.431640625 0.09375 0.109375
2 0.529296875 0.833984375 0.1015625 0.123046875
0 0.8603515625 0.888671875 0.1064453125 0.1123046875
2 0.1494140625 0.8359375 0.126953125 0.1376953125
2 0.892578125 0.6650390625 0.087890625 0.1142578125
0 0.7578125 0.138671875 0.091796875 0.111328125
2 0.8515625 0.357421875 0.0966796875 0.1171875
0 0.53125 0.345703125 0.0986328125 0.1376953125
2 0.697265625 0.3515625 0.091796875 0.123046875
2 0.732421875 0.5517578125 0.099609375 0.0908203125
2 0.4013671875 0.30078125 0.0859375 0.1171875
2 0.544921875 0.189453125 0.1123046875 0.1044921875
0 0.509765625 0.5654296875 0.109375 0.1298828125
0 0.068359375 0.41015625 0.107421875 0.109375
2 0.0859375 0.1953125 0.0810546875 0.103515625
2 0.3740234375 0.9169921875 0.1064453125 0.1513671875
2 0.662109375 0.8271484375 0.0703125 0.1015625