0 0.3017578125 0.7529296875 0.107421875 0.1015625
2 0.5576171875 0.322265625 0.1142578125 0.1064453125
0 0.412109375 0.123046875 0.111328125 0.1298828125
2 0.8203125 0.2587890625 0.0986328125 0.1220703125
0 0.8193359375 0.5986328125 0.095703125 0.111328125
0 0.5810546875 0.130859375 0.115234375 0.115234375
0 0.248046875 0.333984375 0.103515625 0.115234375
0 0.81640625 0.896484375 0.1064453125 0.1220703125
2 0.099609375 0.6103515625 0.115234375 0.111328125
2 0.142578125 0.822265625 0.111328125 0.115234375
0 0.25390625 0.1484375 0.0966796875 0.111328125
0 0.62890625 0.775390625 0.115234375 0.138671875
2 0.619140625 0.548828125 0.103515625 0.1064453125
2 0.8828125 0.083984375 0.099609375 0.140625
2 0.306640625 0.9365234375 0.1123046875 0.1123046875
2 0.455078125 0.845703125 0.0966796875 0.109375
2 0.3740234375 0.4892578125 0.0986328125 0.0986328125
0 0.0908203125 0.365234375 0.107421875 0.115234375
2 0.400390625 0.357421875 0.107421875 0.099609375
0 0.048828125 0.1943359375 0.0966796875 0.1298828125