0 0.822265625 0.646484375 0.119140625 0.1357421875
0 0.5068359375 0.240234375 0.123046875 0.1220703125
2 0.158203125 0.826171875 0.1279296875 0.162109375
0 0.8388671875 0.185546875 0.123046875 0.126953125
0 0.171875 0.591796875 0.140625 0.134765625
2 0.6787109375 0.33984375 0.1201171875 0.123046875
0 0.3515625 0.6103515625 0.123046875 0.134765625
0 0.642578125 0.595703125 0.130859375 0.1376953125
2 0.3046875 0.794921875 0.1376953125 0.1376953125
2 0.4501953125 0.4462890625 0.126953125 0.1376953125
2 0.0458984375 0.591796875 0.091796875 0.130859375
2 0.349609375 0.251953125 0.1279296875 0.1279296875
2 0.8046875 0.4560546875 0.123046875 0.130859375
2 0.541015625 0.9443359375 0.130859375 0.111328125
0 0.947265625 0.248046875 0.1044921875 0.15625
0 0.654296875 0.146484375 0.1328125 0.140625
2 0.1201171875 0.34375 0.119140625 0.146484375
2 0.7255859375 0.83984375 0.1591796875 0.1767578125
2 0.505859375 0.0595703125 0.125 0.119140625
2 0.2109375 0.1318359375 0.1201171875 0.130859375