0 0.57421875 0.099609375 0.1123046875 0.138671875
0 0.765625 0.7919921875 0.123046875 0.123046875
0 0.345703125 0.4873046875 0.1201171875 0.1376953125
2 0.6943359375 0.529296875 0.1171875 0.146484375
2 0.3984375 0.7099609375 0.119140625 0.1357421875
2 0.4990234375 0.322265625 0.1123046875 0.119140625
2 0.7119140625 0.076171875 0.111328125 0.1513671875
2 0.884765625 0.6025390625 0.125 0.126953125
0 0.0654296875 0.275390625 0.115234375 0.1376953125
0 0.974609375 0.8212890625 0.0498046875 0.123046875
2 0.201171875 0.458984375 0.1123046875 0.115234375
2 0.560546875 0.7412109375 0.1220703125 0.130859375
2 0.2646484375 0.9619140625 0.1171875 0.076171875
2 0.4296875 0.9111328125 0.109375 0.1328125
2 0.5546875 0.53515625 0.1015625 0.130859375
0 0.8271484375 0.337890625 0.1201171875 0.142578125
2 0.685546875 0.3125 0.134765625 0.140625
0 0.2138671875 0.251953125 0.1142578125 0.134765625
0 0.392578125 0.103515625 0.1142578125 0.134765625
2 0.2177734375 0.7021484375 0.123046875 0.1455078125