2 0.447265625 0.6220703125 0.1015625 0.111328125
0 0.8427734375 0.54296875 0.091796875 0.1123046875
0 0.658203125 0.412109375 0.1015625 0.1376953125
0 0.076171875 0.4404296875 0.109375 0.1220703125
2 0.8857421875 0.7744140625 0.111328125 0.1484375
0 0.537109375 0.126953125 0.1015625 0.1142578125
2 0.857421875 0.3916015625 0.1220703125 0.1279296875
2 0.259765625 0.1318359375 0.1142578125 0.125
0 0.255859375 0.583984375 0.099609375 0.107421875
0 0.0693359375 0.640625 0.107421875 0.1171875
0 0.68359375 0.833984375 0.09375 0.111328125
2 0.2060546875 0.8212890625 0.0830078125 0.0966796875
0 0.1083984375 0.1357421875 0.1015625 0.1201171875
2 0.5830078125 0.6259765625 0.0986328125 0.111328125
2 0.427734375 0.353515625 0.1201171875 0.1376953125
2 0.734375 0.087890625 0.0908203125 0.1123046875
2 0.2744140625 0.3623046875 0.0830078125 0.1015625
2 0.3779296875 0.8359375 0.078125 0.0908203125
2 0.501953125 0.83984375 0.0908203125 0.107421875
0 0.919921875 0.1787109375 0.1220703125 0.1171875