2 0.2255859375 0.8203125 0.1533203125 0.169921875
0 0.6845703125 0.3837890625 0.115234375 0.142578125
2 0.9560546875 0.234375 0.087890625 0.1435546875
2 0.044921875 0.8056640625 0.08984375 0.126953125
2 0.6572265625 0.1435546875 0.115234375 0.1455078125
2 0.4990234375 0.1474609375 0.1171875 0.1279296875
2 0.4267578125 0.8779296875 0.126953125 0.1455078125
2 0.2958984375 0.2802734375 0.1171875 0.1201171875
2 0.4873046875 0.3310546875 0.1064453125 0.125
2 0.2041015625 0.0576171875 0.123046875 0.115234375
0 0.822265625 0.1826171875 0.1171875 0.126953125
2 0.146484375 0.2734375 0.1142578125 0.123046875
2 0.9462890625 0.443359375 0.107421875 0.1220703125
2 0.8349609375 0.4091796875 0.1357421875 0.177734375
2 0.8876953125 0.6845703125 0.123046875 0.126953125
0 0.3466796875 0.5986328125 0.1328125 0.146484375
2 0.1875 0.4619140625 0.1376953125 0.1669921875
0 0.6376953125 0.5712890625 0.119140625 0.1279296875
0 0.59765625 0.8896484375 0.150390625 0.1455078125
0 0.8251953125 0.953125 0.109375 0.09375