0 0.615234375 0.9228515625 0.107421875 0.109375
0 0.0634765625 0.3896484375 0.099609375 0.1044921875
0 0.107421875 0.591796875 0.1015625 0.1201171875
2 0.8583984375 0.728515625 0.0908203125 0.1142578125
2 0.841796875 0.1591796875 0.095703125 0.126953125
0 0.7822265625 0.908203125 0.1015625 0.1064453125
2 0.46484375 0.1279296875 0.109375 0.107421875
0 0.6279296875 0.7060546875 0.1201171875 0.1298828125
2 0.28515625 0.9111328125 0.091796875 0.1220703125
0 0.1162109375 0.1572265625 0.111328125 0.1298828125
0 0.6806640625 0.140625 0.1064453125 0.103515625
0 0.4609375 0.720703125 0.0908203125 0.1171875
0 0.4443359375 0.9287109375 0.0986328125 0.107421875
2 0.466796875 0.3779296875 0.107421875 0.1298828125
2 0.7236328125 0.4970703125 0.1123046875 0.111328125
0 0.904296875 0.37109375 0.1015625 0.142578125
2 0.3251953125 0.1318359375 0.0859375 0.1064453125
2 0.212890625 0.431640625 0.0908203125 0.09375
2 0.2939453125 0.6298828125 0.1044921875 0.1376953125
0 0.1142578125 0.794921875 0.103515625 0.1435546875