0 0.748046875 0.169921875 0.109375 0.115234375
0 0.1494140625 0.8837890625 0.1064453125 0.123046875
2 0.2890625 0.220703125 0.1044921875 0.1435546875
2 0.6943359375 0.40234375 0.1201171875 0.1376953125
2 0.90234375 0.662109375 0.087890625 0.1201171875
2 0.380859375 0.6435546875 0.1064453125 0.119140625
0 0.9326171875 0.3232421875 0.099609375 0.1171875
0 0.7578125 0.810546875 0.1142578125 0.1376953125
0 0.0908203125 0.3408203125 0.107421875 0.111328125
2 0.3076171875 0.431640625 0.0908203125 0.1015625
0 0.45703125 0.8154296875 0.0986328125 0.107421875
2 0.9482421875 0.8642578125 0.091796875 0.126953125
2 0.580078125 0.1591796875 0.0908203125 0.115234375
0 0.1123046875 0.095703125 0.1044921875 0.125
2 0.8974609375 0.10546875 0.091796875 0.138671875
2 0.4150390625 0.1796875 0.107421875 0.107421875
2 0.771484375 0.619140625 0.0986328125 0.125
0 0.123046875 0.6142578125 0.103515625 0.1123046875
0 0.5322265625 0.4375 0.09375 0.1123046875
0 0.59765625 0.818359375 0.115234375 0.1357421875