2 0.1064453125 0.5703125 0.1171875 0.099609375
2 0.111328125 0.388671875 0.119140625 0.123046875
2 0.3291015625 0.7109375 0.1015625 0.119140625
2 0.9326171875 0.470703125 0.107421875 0.1298828125
2 0.767578125 0.416015625 0.111328125 0.130859375
2 0.3486328125 0.89453125 0.0966796875 0.109375
0 0.1337890625 0.1640625 0.0966796875 0.1123046875
2 0.3056640625 0.2177734375 0.103515625 0.1015625
2 0.095703125 0.8955078125 0.119140625 0.1455078125
0 0.7734375 0.623046875 0.1044921875 0.1201171875
2 0.4951171875 0.83203125 0.109375 0.154296875
2 0.533203125 0.3232421875 0.0908203125 0.111328125
0 0.5830078125 0.54296875 0.1123046875 0.1298828125
0 0.947265625 0.6572265625 0.0986328125 0.109375
0 0.6318359375 0.091796875 0.1171875 0.126953125
0 0.802734375 0.1376953125 0.1044921875 0.1298828125
0 0.783203125 0.8388671875 0.099609375 0.115234375
2 0.4345703125 0.0947265625 0.103515625 0.1298828125
2 0.36328125 0.4921875 0.111328125 0.119140625
0 0.9091796875 0.822265625 0.0888671875 0.115234375