2 0.546875 0.3232421875 0.0986328125 0.1015625
0 0.841796875 0.6015625 0.099609375 0.0986328125
0 0.7470703125 0.884765625 0.09375 0.107421875
0 0.599609375 0.8798828125 0.1044921875 0.140625
0 0.736328125 0.1337890625 0.1064453125 0.103515625
2 0.4482421875 0.763671875 0.095703125 0.1123046875
2 0.326171875 0.474609375 0.0986328125 0.146484375
0 0.123046875 0.1494140625 0.0966796875 0.1279296875
2 0.3125 0.1357421875 0.1044921875 0.1220703125
2 0.8974609375 0.814453125 0.0908203125 0.125
2 0.876953125 0.115234375 0.107421875 0.1123046875
0 0.87890625 0.375 0.09375 0.107421875
0 0.5341796875 0.1181640625 0.1064453125 0.1220703125
2 0.138671875 0.525390625 0.109375 0.150390625
2 0.189453125 0.8857421875 0.099609375 0.1357421875
2 0.091796875 0.3310546875 0.1064453125 0.103515625
2 0.498046875 0.537109375 0.099609375 0.130859375
2 0.6357421875 0.6474609375 0.1123046875 0.1123046875
0 0.150390625 0.708984375 0.1015625 0.130859375
0 0.716796875 0.3603515625 0.09375 0.099609375