0 0.142578125 0.90234375 0.1142578125 0.1201171875
2 0.0625 0.681640625 0.1064453125 0.1142578125
2 0.744140625 0.3193359375 0.109375 0.1044921875
2 0.849609375 0.5556640625 0.087890625 0.1064453125
0 0.6845703125 0.5673828125 0.1142578125 0.115234375
2 0.103515625 0.158203125 0.09375 0.1357421875
0 0.9111328125 0.35546875 0.107421875 0.1171875
2 0.4931640625 0.490234375 0.0888671875 0.0986328125
2 0.89453125 0.83203125 0.087890625 0.119140625
2 0.873046875 0.158203125 0.0859375 0.103515625
2 0.322265625 0.5634765625 0.09375 0.109375
0 0.095703125 0.443359375 0.119140625 0.1220703125
2 0.6796875 0.8505859375 0.1142578125 0.1328125
0 0.2578125 0.111328125 0.107421875 0.1220703125
0 0.5595703125 0.2333984375 0.1044921875 0.146484375
2 0.3076171875 0.763671875 0.1142578125 0.109375
2 0.716796875 0.1181640625 0.095703125 0.1044921875
0 0.275390625 0.38671875 0.1015625 0.107421875
0 0.3974609375 0.099609375 0.111328125 0.140625
2 0.52734375 0.76171875 0.107421875 0.126953125