2 0.7431640625 0.103515625 0.111328125 0.1435546875
2 0.400390625 0.857421875 0.109375 0.1328125
0 0.513671875 0.431640625 0.1044921875 0.1123046875
2 0.6611328125 0.4921875 0.1044921875 0.1279296875
2 0.09375 0.853515625 0.119140625 0.162109375
0 0.4150390625 0.630859375 0.103515625 0.1357421875
2 0.1962890625 0.56640625 0.083984375 0.1171875
0 0.736328125 0.259765625 0.103515625 0.1044921875
2 0.255859375 0.099609375 0.107421875 0.1015625
2 0.5654296875 0.1943359375 0.0908203125 0.1015625
2 0.5869140625 0.6826171875 0.0966796875 0.1015625
2 0.32421875 0.2861328125 0.0888671875 0.1015625
2 0.646484375 0.8701171875 0.1171875 0.1123046875
2 0.783203125 0.798828125 0.0732421875 0.103515625
0 0.8935546875 0.361328125 0.1142578125 0.123046875
0 0.09375 0.0712890625 0.107421875 0.1201171875
0 0.822265625 0.638671875 0.0888671875 0.123046875
2 0.89453125 0.1025390625 0.09375 0.1201171875
0 0.138671875 0.3291015625 0.111328125 0.1328125
0 0.9208984375 0.83984375 0.0986328125 0.115234375