0 0.220703125 0.529296875 0.103515625 0.1142578125
0 0.171875 0.361328125 0.099609375 0.119140625
2 0.134765625 0.9326171875 0.1044921875 0.134765625
2 0.4716796875 0.85546875 0.111328125 0.150390625
0 0.708984375 0.2861328125 0.1142578125 0.1298828125
0 0.865234375 0.087890625 0.1298828125 0.1455078125
0 0.5546875 0.6572265625 0.1142578125 0.1298828125
0 0.505859375 0.28125 0.109375 0.1376953125
0 0.9404296875 0.53515625 0.109375 0.1142578125
2 0.8359375 0.810546875 0.1201171875 0.1298828125
2 0.1083984375 0.7001953125 0.09375 0.130859375
2 0.892578125 0.322265625 0.1015625 0.125
0 0.298828125 0.6865234375 0.107421875 0.126953125
0 0.2734375 0.8876953125 0.1044921875 0.111328125
2 0.3193359375 0.3369140625 0.115234375 0.1220703125
2 0.32421875 0.158203125 0.111328125 0.1328125
2 0.7021484375 0.873046875 0.1015625 0.1171875
0 0.5009765625 0.4638671875 0.1044921875 0.1328125
0 0.1240234375 0.169921875 0.1044921875 0.1201171875
2 0.787109375 0.6181640625 0.103515625 0.119140625