0 0.21484375 0.74609375 0.0966796875 0.138671875
0 0.4287109375 0.5556640625 0.1015625 0.0986328125
2 0.369140625 0.3408203125 0.107421875 0.1064453125
2 0.869140625 0.826171875 0.09375 0.138671875
0 0.5908203125 0.681640625 0.09375 0.1220703125
0 0.900390625 0.4541015625 0.0986328125 0.1015625
2 0.8701171875 0.630859375 0.1064453125 0.138671875
2 0.0859375 0.638671875 0.107421875 0.1201171875
2 0.1494140625 0.1162109375 0.1044921875 0.146484375
2 0.8701171875 0.2607421875 0.099609375 0.1298828125
2 0.623046875 0.884765625 0.099609375 0.109375
2 0.091796875 0.421875 0.1123046875 0.0986328125
0 0.4150390625 0.7587890625 0.109375 0.1123046875
2 0.0556640625 0.8056640625 0.095703125 0.103515625
2 0.27734375 0.5576171875 0.0888671875 0.0908203125
0 0.412109375 0.109375 0.103515625 0.134765625
0 0.6943359375 0.14453125 0.09375 0.111328125
0 0.7314453125 0.4892578125 0.1201171875 0.134765625
2 0.58203125 0.3095703125 0.115234375 0.1142578125
2 0.234375 0.3037109375 0.1142578125 0.1064453125