0 0.740234375 0.84375 0.0830078125 0.1123046875
2 0.9140625 0.86328125 0.107421875 0.123046875
2 0.8779296875 0.412109375 0.091796875 0.1171875
2 0.90234375 0.1875 0.1171875 0.109375
0 0.7529296875 0.220703125 0.0908203125 0.1298828125
2 0.7060546875 0.443359375 0.09375 0.109375
0 0.3720703125 0.873046875 0.091796875 0.109375
2 0.7294921875 0.662109375 0.0986328125 0.103515625
2 0.208984375 0.349609375 0.09375 0.130859375
2 0.501953125 0.3330078125 0.087890625 0.0966796875
2 0.388671875 0.107421875 0.0830078125 0.123046875
2 0.419921875 0.59765625 0.109375 0.1123046875
2 0.58203125 0.1435546875 0.1123046875 0.1357421875
2 0.189453125 0.8818359375 0.1044921875 0.099609375
2 0.22265625 0.103515625 0.087890625 0.095703125
2 0.5595703125 0.8115234375 0.083984375 0.099609375
0 0.0654296875 0.5498046875 0.107421875 0.1171875
0 0.0439453125 0.099609375 0.087890625 0.1357421875
0 0.912109375 0.67578125 0.119140625 0.1044921875
2 0.212890625 0.6572265625 0.1123046875 0.1376953125