0 0.7587890625 0.064453125 0.123046875 0.126953125
0 0.7099609375 0.689453125 0.1171875 0.1279296875
2 0.263671875 0.2197265625 0.125 0.1279296875
0 0.6435546875 0.5322265625 0.125 0.1279296875
0 0.0908203125 0.302734375 0.1435546875 0.142578125
2 0.8876953125 0.837890625 0.154296875 0.162109375
2 0.8408203125 0.2607421875 0.119140625 0.126953125
0 0.595703125 0.333984375 0.134765625 0.1279296875
0 0.3125 0.4326171875 0.107421875 0.1171875
2 0.873046875 0.677734375 0.130859375 0.130859375
2 0.41796875 0.244140625 0.115234375 0.1376953125
0 0.126953125 0.5107421875 0.1279296875 0.1298828125
2 0.12890625 0.736328125 0.1142578125 0.126953125
0 0.822265625 0.4765625 0.1328125 0.1357421875
2 0.4912109375 0.755859375 0.1171875 0.1142578125
2 0.19921875 0.869140625 0.1123046875 0.103515625
2 0.4736328125 0.4833984375 0.107421875 0.123046875
2 0.3046875 0.716796875 0.138671875 0.1591796875
0 0.4697265625 0.93359375 0.1298828125 0.1328125
2 0.572265625 0.1455078125 0.1298828125 0.1484375