0 0.556640625 0.490234375 0.1044921875 0.1044921875
0 0.900390625 0.5947265625 0.1142578125 0.1328125
2 0.7294921875 0.556640625 0.111328125 0.1298828125
2 0.2529296875 0.1552734375 0.1064453125 0.1201171875
2 0.30078125 0.724609375 0.125 0.123046875
0 0.5146484375 0.8984375 0.1298828125 0.1171875
2 0.556640625 0.705078125 0.125 0.115234375
2 0.23828125 0.5869140625 0.125 0.15625
2 0.3349609375 0.34765625 0.111328125 0.1142578125
2 0.3251953125 0.9423828125 0.1201171875 0.111328125
2 0.720703125 0.3671875 0.123046875 0.146484375
2 0.912109375 0.3642578125 0.1044921875 0.1201171875
0 0.134765625 0.8505859375 0.111328125 0.1328125
2 0.693359375 0.146484375 0.087890625 0.109375
2 0.400390625 0.541015625 0.1328125 0.130859375
0 0.4921875 0.158203125 0.115234375 0.140625
2 0.759765625 0.8701171875 0.1201171875 0.123046875
0 0.833984375 0.064453125 0.119140625 0.1279296875
0 0.158203125 0.337890625 0.115234375 0.134765625
2 0.9580078125 0.8388671875 0.083984375 0.1435546875