0 0.638671875 0.84765625 0.119140625 0.126953125
0 0.166015625 0.650390625 0.1171875 0.1171875
0 0.3994140625 0.3994140625 0.109375 0.1376953125
2 0.0849609375 0.4345703125 0.107421875 0.1435546875
2 0.8544921875 0.126953125 0.1171875 0.1298828125
0 0.4921875 0.837890625 0.111328125 0.1201171875
2 0.607421875 0.642578125 0.1123046875 0.142578125
2 0.9501953125 0.763671875 0.099609375 0.1279296875
2 0.90234375 0.544921875 0.1044921875 0.1328125
0 0.0537109375 0.1630859375 0.1044921875 0.107421875
2 0.537109375 0.10546875 0.107421875 0.115234375
2 0.33984375 0.8642578125 0.1064453125 0.1123046875
2 0.876953125 0.365234375 0.111328125 0.1533203125
0 0.69921875 0.28125 0.1220703125 0.1328125
0 0.146484375 0.9130859375 0.109375 0.130859375
2 0.2373046875 0.216796875 0.0986328125 0.1171875
2 0.39453125 0.1171875 0.1171875 0.1435546875
0 0.5478515625 0.451171875 0.1142578125 0.1513671875
2 0.357421875 0.603515625 0.107421875 0.1171875
2 0.798828125 0.763671875 0.1123046875 0.146484375