2 0.568359375 0.833984375 0.1123046875 0.119140625
0 0.9423828125 0.27734375 0.115234375 0.1298828125
2 0.189453125 0.818359375 0.1279296875 0.146484375
2 0.1005859375 0.5595703125 0.115234375 0.123046875
2 0.5263671875 0.546875 0.1298828125 0.138671875
0 0.427734375 0.3330078125 0.1357421875 0.125
0 0.587890625 0.326171875 0.125 0.1328125
0 0.4130859375 0.1220703125 0.1123046875 0.130859375
2 0.7470703125 0.462890625 0.123046875 0.1591796875
2 0.8388671875 0.9345703125 0.111328125 0.130859375
2 0.22265625 0.05859375 0.1171875 0.1171875
2 0.0537109375 0.8232421875 0.107421875 0.134765625
0 0.576171875 0.1328125 0.1220703125 0.1279296875
2 0.244140625 0.591796875 0.099609375 0.138671875
0 0.796875 0.1650390625 0.125 0.138671875
0 0.8486328125 0.716796875 0.1357421875 0.1533203125
2 0.91015625 0.515625 0.1220703125 0.162109375
2 0.263671875 0.3544921875 0.109375 0.1220703125
0 0.705078125 0.8837890625 0.123046875 0.1220703125
0 0.40234375 0.7099609375 0.119140625 0.142578125