2 0.8759765625 0.6865234375 0.1015625 0.1376953125
0 0.345703125 0.36328125 0.09375 0.1142578125
2 0.630859375 0.8154296875 0.099609375 0.1171875
0 0.8876953125 0.4853515625 0.107421875 0.0966796875
0 0.083984375 0.6181640625 0.0888671875 0.109375
2 0.1064453125 0.8681640625 0.0966796875 0.119140625
0 0.544921875 0.3359375 0.09375 0.1201171875
2 0.1962890625 0.419921875 0.0966796875 0.1015625
0 0.8056640625 0.873046875 0.0966796875 0.109375
2 0.2548828125 0.6640625 0.095703125 0.119140625
2 0.29296875 0.841796875 0.103515625 0.115234375
2 0.783203125 0.2939453125 0.1044921875 0.1201171875
2 0.8232421875 0.09765625 0.099609375 0.0966796875
2 0.3173828125 0.126953125 0.1015625 0.0986328125
2 0.169921875 0.12109375 0.099609375 0.1044921875
2 0.4423828125 0.8466796875 0.1123046875 0.1064453125
2 0.6708984375 0.140625 0.09375 0.1328125
0 0.466796875 0.5693359375 0.1064453125 0.1123046875
0 0.6884765625 0.494140625 0.1123046875 0.1220703125
2 0.4794921875 0.1572265625 0.109375 0.1220703125