2 0.912109375 0.1669921875 0.1015625 0.146484375
0 0.8671875 0.3857421875 0.103515625 0.109375
0 0.0927734375 0.130859375 0.119140625 0.115234375
2 0.57421875 0.1376953125 0.0986328125 0.125
2 0.451171875 0.5859375 0.0888671875 0.1142578125
2 0.1865234375 0.87890625 0.0986328125 0.1357421875
2 0.9501953125 0.6162109375 0.095703125 0.125
0 0.3701171875 0.12890625 0.1044921875 0.123046875
2 0.7138671875 0.107421875 0.1064453125 0.1201171875
0 0.76171875 0.59765625 0.095703125 0.1357421875
2 0.294921875 0.5341796875 0.095703125 0.1171875
0 0.607421875 0.361328125 0.1064453125 0.1201171875
0 0.9130859375 0.884765625 0.099609375 0.103515625
0 0.2412109375 0.23046875 0.107421875 0.1435546875
2 0.7724609375 0.78515625 0.0908203125 0.09375
2 0.439453125 0.345703125 0.095703125 0.1220703125
2 0.626953125 0.5556640625 0.1123046875 0.125
2 0.3896484375 0.79296875 0.1220703125 0.1376953125
0 0.1142578125 0.6337890625 0.1044921875 0.1123046875
0 0.5830078125 0.7265625 0.1044921875 0.111328125