0 0.2724609375 0.146484375 0.1044921875 0.1376953125
0 0.1064453125 0.349609375 0.1064453125 0.1142578125
0 0.2568359375 0.541015625 0.1171875 0.1357421875
0 0.1015625 0.572265625 0.1142578125 0.126953125
0 0.4208984375 0.677734375 0.115234375 0.1142578125
0 0.2587890625 0.8603515625 0.095703125 0.146484375
0 0.654296875 0.7412109375 0.111328125 0.123046875
0 0.65234375 0.9345703125 0.107421875 0.119140625
0 0.8271484375 0.908203125 0.099609375 0.134765625
0 0.828125 0.4619140625 0.099609375 0.1328125
0 0.611328125 0.47265625 0.095703125 0.138671875
2 0.0830078125 0.099609375 0.1201171875 0.1171875
2 0.1279296875 0.7568359375 0.09375 0.1328125
2 0.298828125 0.318359375 0.1142578125 0.119140625
2 0.4814453125 0.13671875 0.111328125 0.134765625
2 0.638671875 0.1220703125 0.1220703125 0.1435546875
2 0.779296875 0.1953125 0.0908203125 0.1376953125
2 0.923828125 0.1962890625 0.0859375 0.134765625
2 0.908203125 0.677734375 0.103515625 0.150390625