2 0.556640625 0.6201171875 0.1044921875 0.1142578125
0 0.158203125 0.5546875 0.095703125 0.115234375
0 0.337890625 0.41796875 0.1064453125 0.140625
0 0.9208984375 0.42578125 0.1123046875 0.125
2 0.1240234375 0.787109375 0.115234375 0.1513671875
0 0.44921875 0.1279296875 0.1044921875 0.1171875
2 0.138671875 0.404296875 0.126953125 0.1328125
2 0.7265625 0.1240234375 0.119140625 0.1279296875
0 0.7470703125 0.5751953125 0.103515625 0.111328125
0 0.935546875 0.6259765625 0.1123046875 0.1201171875
0 0.328125 0.83984375 0.0966796875 0.1142578125
2 0.8046875 0.810546875 0.0859375 0.0986328125
0 0.8779296875 0.123046875 0.1064453125 0.123046875
2 0.421875 0.62890625 0.1015625 0.1142578125
2 0.5673828125 0.3505859375 0.125 0.142578125
2 0.251953125 0.095703125 0.09375 0.115234375
2 0.720703125 0.3544921875 0.0859375 0.103515625
2 0.6337890625 0.8310546875 0.080078125 0.091796875
2 0.509765625 0.83984375 0.09375 0.109375
0 0.068359375 0.193359375 0.125 0.1220703125