0 0.857421875 0.095703125 0.119140625 0.1142578125
0 0.689453125 0.0859375 0.099609375 0.115234375
2 0.3740234375 0.7734375 0.1044921875 0.1533203125
0 0.1875 0.306640625 0.125 0.1328125
0 0.3486328125 0.54296875 0.125 0.142578125
2 0.900390625 0.8671875 0.099609375 0.1279296875
0 0.544921875 0.2939453125 0.109375 0.1044921875
2 0.3876953125 0.208984375 0.1064453125 0.1171875
2 0.892578125 0.302734375 0.1123046875 0.123046875
2 0.865234375 0.583984375 0.0810546875 0.1201171875
0 0.0478515625 0.724609375 0.095703125 0.1328125
0 0.51953125 0.76171875 0.0986328125 0.1171875
2 0.75 0.888671875 0.126953125 0.115234375
2 0.701171875 0.3173828125 0.099609375 0.1376953125
2 0.2314453125 0.109375 0.091796875 0.091796875
0 0.208984375 0.775390625 0.111328125 0.1171875
0 0.0654296875 0.0908203125 0.0966796875 0.1044921875
2 0.13671875 0.509765625 0.09375 0.0830078125
0 0.646484375 0.546875 0.099609375 0.1435546875
0 0.5478515625 0.087890625 0.1064453125 0.126953125