2 0.4892578125 0.869140625 0.1484375 0.1376953125
0 0.9462890625 0.2470703125 0.107421875 0.1435546875
2 0.353515625 0.0673828125 0.1357421875 0.134765625
0 0.3134765625 0.44140625 0.107421875 0.1142578125
2 0.11328125 0.83984375 0.1142578125 0.119140625
2 0.78515625 0.876953125 0.123046875 0.125
0 0.5302734375 0.2568359375 0.123046875 0.1376953125
0 0.3623046875 0.2822265625 0.1220703125 0.1220703125
2 0.900390625 0.4375 0.1142578125 0.142578125
2 0.904296875 0.6591796875 0.1171875 0.119140625
0 0.1484375 0.1845703125 0.130859375 0.1357421875
2 0.1796875 0.3642578125 0.1279296875 0.130859375
2 0.330078125 0.916015625 0.1328125 0.1201171875
2 0.248046875 0.64453125 0.1298828125 0.130859375
2 0.408203125 0.65234375 0.15625 0.1484375
0 0.4541015625 0.458984375 0.130859375 0.1279296875
2 0.697265625 0.2177734375 0.1376953125 0.138671875
0 0.7646484375 0.619140625 0.1279296875 0.138671875
2 0.615234375 0.517578125 0.134765625 0.154296875