0 0.134765625 0.2255859375 0.138671875 0.1533203125
2 0.306640625 0.9052734375 0.1201171875 0.1376953125
0 0.1572265625 0.873046875 0.1171875 0.1513671875
2 0.501953125 0.248046875 0.1298828125 0.140625
0 0.5595703125 0.5205078125 0.119140625 0.125
0 0.931640625 0.537109375 0.1044921875 0.1123046875
2 0.6875 0.36328125 0.1044921875 0.1201171875
0 0.6884765625 0.1357421875 0.1142578125 0.115234375
2 0.482421875 0.900390625 0.1220703125 0.1123046875
2 0.3310546875 0.154296875 0.1171875 0.119140625
2 0.8564453125 0.9384765625 0.138671875 0.123046875
2 0.5673828125 0.7412109375 0.1123046875 0.150390625
0 0.392578125 0.705078125 0.115234375 0.119140625
2 0.892578125 0.2294921875 0.1015625 0.1064453125
2 0.08203125 0.65625 0.1328125 0.1513671875
0 0.12109375 0.43359375 0.125 0.130859375
2 0.701171875 0.814453125 0.1015625 0.125
2 0.8740234375 0.771484375 0.109375 0.1201171875
2 0.7236328125 0.564453125 0.138671875 0.146484375
2 0.3330078125 0.45703125 0.130859375 0.1298828125