0 0.34375 0.3408203125 0.1357421875 0.125
0 0.0556640625 0.4755859375 0.111328125 0.1298828125
2 0.759765625 0.2841796875 0.138671875 0.1484375
0 0.490234375 0.794921875 0.126953125 0.125
2 0.861328125 0.787109375 0.1455078125 0.1435546875
0 0.0888671875 0.1572265625 0.1220703125 0.150390625
0 0.236328125 0.1396484375 0.119140625 0.1171875
0 0.7255859375 0.849609375 0.1201171875 0.150390625
0 0.798828125 0.04296875 0.115234375 0.0859375
2 0.3388671875 0.8984375 0.134765625 0.1279296875
2 0.5654296875 0.267578125 0.109375 0.1279296875
2 0.552734375 0.076171875 0.111328125 0.1357421875
2 0.412109375 0.099609375 0.130859375 0.1328125
0 0.810546875 0.5029296875 0.126953125 0.125
2 0.5625 0.466796875 0.126953125 0.1171875
2 0.208984375 0.373046875 0.115234375 0.140625
0 0.42578125 0.580078125 0.1298828125 0.1357421875
2 0.2763671875 0.66796875 0.1044921875 0.1123046875
0 0.125 0.7177734375 0.125 0.1171875
2 0.1640625 0.927734375 0.119140625 0.126953125