0 0.333984375 0.6591796875 0.115234375 0.1123046875
0 0.205078125 0.4140625 0.0888671875 0.1201171875
2 0.267578125 0.208984375 0.09375 0.111328125
0 0.107421875 0.2119140625 0.0986328125 0.111328125
2 0.763671875 0.69140625 0.1171875 0.1220703125
0 0.1220703125 0.5888671875 0.1015625 0.1064453125
0 0.896484375 0.4443359375 0.1044921875 0.109375
0 0.7060546875 0.931640625 0.111328125 0.1064453125
0 0.587890625 0.3642578125 0.095703125 0.1015625
2 0.435546875 0.17578125 0.103515625 0.109375
0 0.3017578125 0.912109375 0.103515625 0.1298828125
2 0.1357421875 0.8115234375 0.099609375 0.125
0 0.3515625 0.357421875 0.0986328125 0.109375
0 0.525390625 0.904296875 0.1015625 0.1123046875
2 0.912109375 0.8232421875 0.1279296875 0.126953125
2 0.76953125 0.4619140625 0.1015625 0.1171875
0 0.51953125 0.57421875 0.0908203125 0.1142578125
2 0.63671875 0.1357421875 0.103515625 0.125
2 0.93359375 0.666015625 0.076171875 0.091796875
2 0.826171875 0.248046875 0.1142578125 0.1376953125