2 0.259765625 0.6416015625 0.1064453125 0.1064453125
0 0.083984375 0.5341796875 0.103515625 0.119140625
2 0.9296875 0.138671875 0.1201171875 0.1376953125
0 0.2783203125 0.1005859375 0.1279296875 0.123046875
2 0.4326171875 0.8330078125 0.107421875 0.1357421875
0 0.93359375 0.3740234375 0.1142578125 0.1044921875
0 0.12109375 0.052734375 0.1201171875 0.1044921875
2 0.4853515625 0.63671875 0.109375 0.115234375
2 0.8525390625 0.517578125 0.125 0.140625
0 0.560546875 0.439453125 0.123046875 0.142578125
2 0.8017578125 0.77734375 0.1142578125 0.111328125
2 0.0947265625 0.8056640625 0.1220703125 0.126953125
2 0.732421875 0.4794921875 0.1064453125 0.142578125
2 0.416015625 0.271484375 0.119140625 0.1484375
2 0.61328125 0.8798828125 0.111328125 0.1123046875
2 0.62890625 0.125 0.1044921875 0.1220703125
2 0.142578125 0.283203125 0.1142578125 0.0986328125
2 0.341796875 0.44140625 0.1123046875 0.126953125
2 0.7724609375 0.240234375 0.1279296875 0.140625
2 0.4443359375 0.0888671875 0.140625 0.1611328125