0 0.3291015625 0.705078125 0.1298828125 0.134765625
0 0.8720703125 0.509765625 0.134765625 0.1298828125
0 0.412109375 0.904296875 0.111328125 0.1455078125
0 0.6640625 0.392578125 0.115234375 0.138671875
0 0.8701171875 0.298828125 0.119140625 0.1455078125
0 0.5478515625 0.6455078125 0.1298828125 0.134765625
0 0.5068359375 0.427734375 0.119140625 0.1435546875
2 0.1640625 0.724609375 0.126953125 0.1123046875
0 0.7587890625 0.6953125 0.126953125 0.1435546875
2 0.271484375 0.908203125 0.119140625 0.1279296875
0 0.912109375 0.734375 0.1220703125 0.140625
2 0.05859375 0.193359375 0.1142578125 0.1220703125
0 0.087890625 0.365234375 0.1220703125 0.15625
0 0.1484375 0.55078125 0.1123046875 0.109375
2 0.26953125 0.2802734375 0.123046875 0.154296875
2 0.8359375 0.072265625 0.1376953125 0.1435546875
0 0.5751953125 0.876953125 0.140625 0.1533203125
2 0.609375 0.1298828125 0.123046875 0.1357421875
2 0.318359375 0.4580078125 0.140625 0.1435546875
2 0.4208984375 0.0888671875 0.1142578125 0.1201171875