0 0.0615234375 0.806640625 0.123046875 0.1484375
0 0.09375 0.6142578125 0.125 0.140625
0 0.212890625 0.775390625 0.115234375 0.1611328125
0 0.412109375 0.884765625 0.095703125 0.1328125
0 0.484375 0.09765625 0.109375 0.1171875
0 0.9287109375 0.3974609375 0.09375 0.140625
0 0.7705078125 0.353515625 0.0966796875 0.1455078125
0 0.6044921875 0.376953125 0.1123046875 0.115234375
0 0.55859375 0.587890625 0.111328125 0.103515625
0 0.880859375 0.8134765625 0.1015625 0.09375
0 0.82421875 0.591796875 0.109375 0.115234375
2 0.294921875 0.6044921875 0.119140625 0.1220703125
2 0.2783203125 0.310546875 0.0986328125 0.1376953125
2 0.431640625 0.2529296875 0.0888671875 0.091796875
2 0.12890625 0.201171875 0.103515625 0.123046875
2 0.3251953125 0.0908203125 0.1044921875 0.1220703125
2 0.966796875 0.177734375 0.06640625 0.125
2 0.7451171875 0.8466796875 0.0830078125 0.15625
2 0.576171875 0.87109375 0.1201171875 0.1376953125
2 0.654296875 0.1953125 0.0986328125 0.125