0 0.15625 0.0849609375 0.119140625 0.125
2 0.068359375 0.3037109375 0.109375 0.1171875
2 0.7373046875 0.689453125 0.1123046875 0.107421875
2 0.8505859375 0.45703125 0.0908203125 0.107421875
0 0.6865234375 0.439453125 0.1171875 0.119140625
2 0.091796875 0.8271484375 0.0986328125 0.138671875
0 0.9052734375 0.658203125 0.111328125 0.1201171875
2 0.4931640625 0.509765625 0.091796875 0.1015625
2 0.90625 0.181640625 0.091796875 0.1220703125
2 0.861328125 0.853515625 0.0888671875 0.1064453125
2 0.32421875 0.4306640625 0.0966796875 0.1123046875
0 0.0947265625 0.54296875 0.123046875 0.126953125
2 0.6923828125 0.1552734375 0.119140625 0.1357421875
0 0.244140625 0.8798828125 0.1123046875 0.125
0 0.5498046875 0.767578125 0.109375 0.150390625
2 0.3173828125 0.23046875 0.1171875 0.1123046875
2 0.7041015625 0.888671875 0.0986328125 0.107421875
0 0.271484375 0.60546875 0.1044921875 0.111328125
0 0.3837890625 0.896484375 0.115234375 0.1435546875
2 0.537109375 0.2392578125 0.1123046875 0.1298828125