0 0.685546875 0.763671875 0.1123046875 0.107421875
2 0.451171875 0.3193359375 0.119140625 0.111328125
0 0.607421875 0.1279296875 0.1171875 0.134765625
2 0.1923828125 0.2421875 0.103515625 0.125
0 0.17578125 0.5810546875 0.1015625 0.115234375
0 0.4384765625 0.126953125 0.1201171875 0.1201171875
0 0.759765625 0.34765625 0.107421875 0.1201171875
0 0.1630859375 0.8798828125 0.1123046875 0.126953125
2 0.8935546875 0.630859375 0.1201171875 0.115234375
2 0.83984375 0.841796875 0.1171875 0.1201171875
0 0.763671875 0.162109375 0.1015625 0.1142578125
0 0.3564453125 0.767578125 0.1220703125 0.1455078125
2 0.37890625 0.54296875 0.107421875 0.111328125
2 0.140625 0.068359375 0.1064453125 0.1357421875
2 0.669921875 0.943359375 0.119140625 0.1123046875
2 0.525390625 0.8486328125 0.103515625 0.1123046875
2 0.6259765625 0.4951171875 0.103515625 0.103515625
0 0.916015625 0.3876953125 0.1142578125 0.1220703125
2 0.607421875 0.3623046875 0.1123046875 0.1044921875
0 0.9580078125 0.21875 0.083984375 0.134765625