0 0.8984375 0.38671875 0.1064453125 0.1201171875
0 0.4365234375 0.8447265625 0.0888671875 0.1201171875
2 0.8076171875 0.171875 0.103515625 0.119140625
0 0.443359375 0.091796875 0.0908203125 0.1357421875
0 0.6357421875 0.1328125 0.095703125 0.130859375
2 0.4052734375 0.642578125 0.103515625 0.142578125
0 0.103515625 0.9208984375 0.09375 0.1044921875
0 0.5556640625 0.548828125 0.09375 0.1376953125
2 0.71484375 0.40625 0.1142578125 0.1357421875
2 0.904296875 0.650390625 0.103515625 0.109375
2 0.5771484375 0.7626953125 0.09375 0.119140625
2 0.2412109375 0.44140625 0.0888671875 0.1142578125
2 0.4755859375 0.3125 0.0859375 0.125
0 0.271484375 0.2431640625 0.1015625 0.123046875
2 0.2724609375 0.900390625 0.0908203125 0.1044921875
2 0.7431640625 0.8623046875 0.099609375 0.109375
0 0.88671875 0.83984375 0.0966796875 0.1298828125
0 0.7802734375 0.6474609375 0.0908203125 0.109375
2 0.1103515625 0.19921875 0.0966796875 0.1142578125