2 0.83203125 0.2353515625 0.111328125 0.1513671875
2 0.2431640625 0.666015625 0.1015625 0.1201171875
0 0.6005859375 0.92578125 0.1064453125 0.1328125
2 0.4296875 0.2626953125 0.1064453125 0.1279296875
2 0.0693359375 0.7236328125 0.0986328125 0.1142578125
2 0.78125 0.861328125 0.0986328125 0.099609375
2 0.7255859375 0.4599609375 0.0908203125 0.103515625
2 0.6572265625 0.201171875 0.0966796875 0.1279296875
2 0.5263671875 0.43359375 0.0986328125 0.1044921875
2 0.3955078125 0.861328125 0.0908203125 0.095703125
2 0.28125 0.150390625 0.1064453125 0.1142578125
2 0.8994140625 0.681640625 0.1171875 0.1455078125
2 0.138671875 0.10546875 0.095703125 0.1142578125
0 0.8896484375 0.4306640625 0.115234375 0.119140625
2 0.337890625 0.458984375 0.1064453125 0.1357421875
0 0.494140625 0.68359375 0.1171875 0.1435546875
2 0.2158203125 0.9306640625 0.099609375 0.138671875
2 0.740234375 0.7119140625 0.109375 0.1015625
2 0.173828125 0.3779296875 0.1064453125 0.1435546875
2 0.0859375 0.888671875 0.109375 0.138671875