0 0.248046875 0.3154296875 0.1171875 0.1123046875
0 0.220703125 0.8759765625 0.1220703125 0.1484375
0 0.7529296875 0.6064453125 0.1279296875 0.150390625
0 0.580078125 0.591796875 0.1044921875 0.1298828125
2 0.814453125 0.833984375 0.1123046875 0.1201171875
2 0.181640625 0.5087890625 0.103515625 0.1220703125
2 0.4287109375 0.7021484375 0.111328125 0.1298828125
0 0.892578125 0.4306640625 0.1123046875 0.1376953125
2 0.7666015625 0.265625 0.1015625 0.130859375
0 0.9169921875 0.6181640625 0.142578125 0.1298828125
2 0.416015625 0.462890625 0.1220703125 0.1123046875
2 0.1787109375 0.669921875 0.09375 0.107421875
2 0.0732421875 0.837890625 0.1044921875 0.125
0 0.435546875 0.1494140625 0.119140625 0.138671875
0 0.095703125 0.267578125 0.1279296875 0.1455078125
2 0.103515625 0.0771484375 0.1220703125 0.126953125
2 0.5947265625 0.9365234375 0.126953125 0.125
2 0.283203125 0.0908203125 0.125 0.154296875
0 0.927734375 0.208984375 0.119140625 0.140625
2 0.6005859375 0.283203125 0.115234375 0.140625