0 0.7138671875 0.876953125 0.099609375 0.109375
0 0.349609375 0.873046875 0.1220703125 0.1279296875
2 0.1103515625 0.7861328125 0.125 0.126953125
2 0.869140625 0.0625 0.1171875 0.125
2 0.333984375 0.4033203125 0.107421875 0.1171875
2 0.904296875 0.880859375 0.115234375 0.1123046875
0 0.208984375 0.1318359375 0.0986328125 0.125
2 0.439453125 0.111328125 0.103515625 0.1220703125
0 0.4443359375 0.666015625 0.1064453125 0.126953125
2 0.5009765625 0.3193359375 0.103515625 0.130859375
0 0.181640625 0.341796875 0.107421875 0.1201171875
0 0.7783203125 0.66796875 0.115234375 0.138671875
2 0.880859375 0.3916015625 0.0966796875 0.126953125
0 0.0634765625 0.1826171875 0.126953125 0.1201171875
2 0.283203125 0.64453125 0.1044921875 0.107421875
2 0.6787109375 0.294921875 0.111328125 0.111328125
0 0.12890625 0.591796875 0.109375 0.1376953125
2 0.5908203125 0.0986328125 0.0908203125 0.111328125
2 0.498046875 0.861328125 0.107421875 0.123046875
0 0.5947265625 0.5498046875 0.095703125 0.125