0 0.3330078125 0.6591796875 0.1171875 0.1123046875
0 0.927734375 0.611328125 0.1064453125 0.1142578125
0 0.9521484375 0.845703125 0.095703125 0.142578125
0 0.455078125 0.890625 0.103515625 0.107421875
0 0.4658203125 0.173828125 0.119140625 0.138671875
0 0.931640625 0.41796875 0.115234375 0.119140625
0 0.123046875 0.939453125 0.12109375 0.12109375
2 0.2998046875 0.1416015625 0.0908203125 0.138671875
0 0.765625 0.228515625 0.1123046875 0.1201171875
0 0.7197265625 0.849609375 0.103515625 0.115234375
0 0.28515625 0.826171875 0.1123046875 0.1298828125
0 0.3505859375 0.4091796875 0.126953125 0.150390625
0 0.6318359375 0.283203125 0.1064453125 0.107421875
2 0.125 0.3740234375 0.1064453125 0.0966796875
0 0.1181640625 0.548828125 0.126953125 0.1513671875
2 0.7724609375 0.412109375 0.0966796875 0.1044921875
2 0.142578125 0.150390625 0.1015625 0.115234375
2 0.6494140625 0.6123046875 0.119140625 0.140625
2 0.6171875 0.0517578125 0.1220703125 0.103515625
2 0.5029296875 0.701171875 0.099609375 0.119140625