0 0.3349609375 0.337890625 0.119140625 0.1142578125
0 0.9306640625 0.3955078125 0.107421875 0.115234375
0 0.9541015625 0.16015625 0.091796875 0.14453125
0 0.4609375 0.1083984375 0.1044921875 0.109375
0 0.458984375 0.826171875 0.1201171875 0.140625
0 0.9296875 0.5888671875 0.1171875 0.1201171875
0 0.12890625 0.0576171875 0.123046875 0.115234375
2 0.2939453125 0.85546875 0.09375 0.140625
0 0.759765625 0.775390625 0.1142578125 0.1220703125
0 0.7255859375 0.1533203125 0.1044921875 0.1171875
0 0.291015625 0.169921875 0.115234375 0.1328125
0 0.349609375 0.587890625 0.1279296875 0.1533203125
0 0.6279296875 0.7197265625 0.107421875 0.109375
2 0.123046875 0.619140625 0.107421875 0.0986328125
0 0.119140625 0.443359375 0.1298828125 0.1533203125
2 0.771484375 0.5927734375 0.0986328125 0.1064453125
2 0.1357421875 0.8427734375 0.103515625 0.1171875
2 0.650390625 0.3896484375 0.1201171875 0.142578125
2 0.6083984375 0.9482421875 0.123046875 0.103515625
2 0.505859375 0.298828125 0.1015625 0.1201171875