2 0.12109375 0.6806640625 0.103515625 0.138671875
0 0.6572265625 0.365234375 0.095703125 0.115234375
2 0.36328125 0.8134765625 0.1015625 0.119140625
0 0.1123046875 0.478515625 0.109375 0.0986328125
0 0.9130859375 0.625 0.0908203125 0.111328125
2 0.8876953125 0.875 0.0986328125 0.1201171875
0 0.4580078125 0.3349609375 0.095703125 0.1220703125
2 0.8056640625 0.4248046875 0.0986328125 0.103515625
0 0.1884765625 0.8671875 0.0986328125 0.111328125
2 0.7421875 0.66796875 0.0966796875 0.1201171875
2 0.701171875 0.845703125 0.1044921875 0.1171875
2 0.220703125 0.2890625 0.1064453125 0.1220703125
2 0.18359375 0.091796875 0.1015625 0.0986328125
2 0.689453125 0.130859375 0.1044921875 0.099609375
2 0.8359375 0.126953125 0.1015625 0.1064453125
2 0.5517578125 0.84765625 0.1142578125 0.107421875
2 0.3349609375 0.1376953125 0.095703125 0.134765625
0 0.5322265625 0.5703125 0.109375 0.1142578125
0 0.3115234375 0.4912109375 0.1142578125 0.123046875
2 0.5263671875 0.158203125 0.111328125 0.123046875