2 0.0224609375 0.294921875 0.044921875 0.166015625
0 0.130859375 0.669921875 0.126953125 0.134765625
0 0.3447265625 0.494140625 0.1220703125 0.138671875
2 0.244140625 0.283203125 0.126953125 0.1669921875
2 0.884765625 0.421875 0.138671875 0.162109375
0 0.201171875 0.9521484375 0.1328125 0.095703125
2 0.955078125 0.759765625 0.0888671875 0.1171875
0 0.9365234375 0.623046875 0.126953125 0.1298828125
2 0.576171875 0.8271484375 0.1455078125 0.1689453125
0 0.0673828125 0.490234375 0.126953125 0.150390625
2 0.8515625 0.2197265625 0.130859375 0.1376953125
0 0.5224609375 0.1025390625 0.1279296875 0.1357421875
0 0.669921875 0.0595703125 0.1123046875 0.119140625
0 0.3388671875 0.9560546875 0.1279296875 0.087890625
2 0.6044921875 0.3291015625 0.107421875 0.109375
2 0.5029296875 0.646484375 0.1220703125 0.134765625
0 0.806640625 0.7734375 0.1171875 0.1357421875
2 0.35546875 0.755859375 0.125 0.1328125
2 0.3818359375 0.185546875 0.134765625 0.1435546875
0 0.63671875 0.486328125 0.1201171875 0.142578125