0 0.3837890625 0.103515625 0.109375 0.119140625
0 0.767578125 0.140625 0.1123046875 0.1123046875
2 0.9365234375 0.3681640625 0.1015625 0.111328125
0 0.283203125 0.634765625 0.107421875 0.1123046875
2 0.2978515625 0.873046875 0.125 0.1279296875
2 0.6279296875 0.712890625 0.1015625 0.1220703125
0 0.484375 0.6201171875 0.111328125 0.1298828125
0 0.583984375 0.322265625 0.107421875 0.103515625
0 0.162109375 0.095703125 0.1220703125 0.1376953125
0 0.119140625 0.3955078125 0.1142578125 0.1435546875
0 0.5234375 0.083984375 0.099609375 0.125
2 0.466796875 0.8798828125 0.1171875 0.1455078125
2 0.658203125 0.498046875 0.1064453125 0.0966796875
0 0.4267578125 0.3740234375 0.1171875 0.1142578125
0 0.7998046875 0.677734375 0.111328125 0.1171875
2 0.076171875 0.841796875 0.0888671875 0.109375
2 0.884765625 0.8837890625 0.1015625 0.1201171875
2 0.080078125 0.619140625 0.099609375 0.123046875
0 0.771484375 0.361328125 0.115234375 0.142578125