2 0.876953125 0.6845703125 0.142578125 0.138671875
2 0.8095703125 0.9521484375 0.15625 0.095703125
2 0.755859375 0.2265625 0.126953125 0.150390625
0 0.220703125 0.1064453125 0.1513671875 0.1533203125
0 0.91796875 0.2646484375 0.1298828125 0.130859375
0 0.1005859375 0.5205078125 0.130859375 0.150390625
0 0.26953125 0.591796875 0.1328125 0.134765625
2 0.4892578125 0.8779296875 0.126953125 0.1484375
2 0.033203125 0.69921875 0.0654296875 0.169921875
2 0.5234375 0.67578125 0.115234375 0.130859375
2 0.9306640625 0.494140625 0.1279296875 0.1279296875
0 0.6982421875 0.4716796875 0.142578125 0.1669921875
2 0.35546875 0.404296875 0.1328125 0.150390625
2 0.3916015625 0.0966796875 0.130859375 0.1455078125
0 0.201171875 0.3037109375 0.125 0.1328125
2 0.513671875 0.263671875 0.130859375 0.146484375
2 0.3046875 0.783203125 0.154296875 0.150390625
0 0.669921875 0.93359375 0.1328125 0.1328125
2 0.169921875 0.775390625 0.1201171875 0.142578125
2 0.51171875 0.453125 0.125 0.142578125