0 0.2529296875 0.873046875 0.1220703125 0.1201171875
0 0.4501953125 0.580078125 0.115234375 0.125
2 0.056640625 0.818359375 0.1123046875 0.126953125
0 0.1181640625 0.478515625 0.119140625 0.138671875
0 0.470703125 0.18359375 0.126953125 0.1298828125
2 0.16796875 0.060546875 0.111328125 0.1201171875
0 0.2578125 0.70703125 0.1279296875 0.130859375
2 0.111328125 0.283203125 0.109375 0.125
2 0.8046875 0.642578125 0.1220703125 0.1201171875
0 0.8857421875 0.2041015625 0.125 0.1220703125
0 0.2958984375 0.080078125 0.1298828125 0.142578125
2 0.673828125 0.8203125 0.1328125 0.15625
2 0.2958984375 0.5263671875 0.09375 0.1171875
0 0.6884765625 0.150390625 0.140625 0.146484375
2 0.5166015625 0.4130859375 0.1123046875 0.1328125
0 0.6787109375 0.447265625 0.125 0.138671875
2 0.2578125 0.3076171875 0.119140625 0.1435546875
0 0.853515625 0.3916015625 0.1220703125 0.1455078125
0 0.8134765625 0.8623046875 0.126953125 0.154296875
2 0.44140625 0.814453125 0.126953125 0.126953125