2 0.6796875 0.689453125 0.1015625 0.150390625
2 0.373046875 0.841796875 0.107421875 0.1142578125
2 0.6923828125 0.470703125 0.1220703125 0.1123046875
2 0.4814453125 0.1279296875 0.1142578125 0.1298828125
2 0.8681640625 0.71875 0.1201171875 0.150390625
2 0.4169921875 0.642578125 0.1015625 0.109375
0 0.6455078125 0.22265625 0.115234375 0.146484375
2 0.1357421875 0.15625 0.103515625 0.109375
2 0.2099609375 0.494140625 0.1064453125 0.1123046875
0 0.8310546875 0.18359375 0.1123046875 0.1357421875
2 0.33203125 0.119140625 0.107421875 0.123046875
0 0.041015625 0.701171875 0.0810546875 0.1513671875
0 0.869140625 0.408203125 0.1064453125 0.1142578125
2 0.4853515625 0.455078125 0.107421875 0.1435546875
2 0.1796875 0.880859375 0.1171875 0.109375
2 0.220703125 0.693359375 0.103515625 0.123046875
0 0.568359375 0.9140625 0.109375 0.123046875
0 0.083984375 0.453125 0.115234375 0.140625
0 0.7587890625 0.9521484375 0.1171875 0.095703125