0 0.70703125 0.3779296875 0.126953125 0.1435546875
0 0.263671875 0.3359375 0.123046875 0.1435546875
2 0.349609375 0.58984375 0.125 0.134765625
2 0.673828125 0.564453125 0.134765625 0.115234375
0 0.5126953125 0.458984375 0.1513671875 0.158203125
2 0.1337890625 0.51171875 0.130859375 0.1435546875
2 0.8759765625 0.69140625 0.126953125 0.1513671875
2 0.1884765625 0.056640625 0.138671875 0.11328125
0 0.091796875 0.251953125 0.125 0.15625
2 0.607421875 0.224609375 0.1201171875 0.142578125
0 0.552734375 0.73828125 0.1298828125 0.1298828125
0 0.12109375 0.7119140625 0.134765625 0.1279296875
2 0.4228515625 0.91015625 0.125 0.1201171875
2 0.572265625 0.9501953125 0.12890625 0.099609375
2 0.29296875 0.7783203125 0.107421875 0.1171875
2 0.767578125 0.1943359375 0.140625 0.1591796875
2 0.341796875 0.154296875 0.1015625 0.107421875
2 0.919921875 0.267578125 0.134765625 0.150390625
2 0.79296875 0.9501953125 0.1328125 0.099609375
2 0.8857421875 0.4208984375 0.1171875 0.123046875