0 0.869140625 0.3125 0.126953125 0.1376953125
0 0.50390625 0.849609375 0.111328125 0.134765625
2 0.740234375 0.119140625 0.123046875 0.1357421875
0 0.3671875 0.109375 0.1142578125 0.150390625
0 0.5634765625 0.11328125 0.119140625 0.146484375
2 0.4345703125 0.658203125 0.1279296875 0.158203125
0 0.189453125 0.9638671875 0.111328125 0.072265625
0 0.564453125 0.537109375 0.119140625 0.1513671875
2 0.693359375 0.3671875 0.1376953125 0.154296875
2 0.92578125 0.5703125 0.1220703125 0.126953125
2 0.6259765625 0.7431640625 0.1142578125 0.134765625
2 0.2353515625 0.4921875 0.107421875 0.1279296875
2 0.4404296875 0.3203125 0.107421875 0.138671875
0 0.2265625 0.291015625 0.123046875 0.138671875
2 0.353515625 0.9365234375 0.109375 0.119140625
2 0.8076171875 0.8095703125 0.119140625 0.125
0 0.9423828125 0.759765625 0.115234375 0.1455078125
0 0.802734375 0.591796875 0.109375 0.125
2 0.060546875 0.279296875 0.115234375 0.1298828125