0 0.322265625 0.416015625 0.0888671875 0.1123046875
0 0.3095703125 0.17578125 0.107421875 0.1201171875
0 0.7724609375 0.318359375 0.1171875 0.1279296875
2 0.1787109375 0.369140625 0.099609375 0.125
2 0.205078125 0.7421875 0.0859375 0.119140625
2 0.0751953125 0.794921875 0.1123046875 0.146484375
2 0.095703125 0.556640625 0.103515625 0.0986328125
2 0.611328125 0.310546875 0.1044921875 0.1142578125
2 0.5625 0.6103515625 0.1015625 0.111328125
0 0.84375 0.099609375 0.111328125 0.146484375
2 0.138671875 0.1162109375 0.1044921875 0.109375
2 0.4560546875 0.099609375 0.1142578125 0.126953125
0 0.6435546875 0.1240234375 0.0966796875 0.1171875
2 0.419921875 0.654296875 0.095703125 0.115234375
2 0.455078125 0.3779296875 0.095703125 0.1064453125
2 0.416015625 0.8759765625 0.095703125 0.1533203125
2 0.572265625 0.833984375 0.078125 0.1015625
2 0.9072265625 0.5322265625 0.125 0.1455078125
2 0.7197265625 0.521484375 0.099609375 0.109375
0 0.865234375 0.7890625 0.1044921875 0.1220703125