2 0.580078125 0.6416015625 0.111328125 0.1123046875
2 0.2041015625 0.201171875 0.099609375 0.1455078125
0 0.3994140625 0.78125 0.1142578125 0.111328125
2 0.6943359375 0.095703125 0.125 0.1455078125
0 0.212890625 0.59375 0.1171875 0.130859375
0 0.4248046875 0.40625 0.130859375 0.134765625
2 0.05078125 0.2783203125 0.0966796875 0.1220703125
2 0.255859375 0.37890625 0.115234375 0.103515625
0 0.560546875 0.2080078125 0.115234375 0.1220703125
2 0.8427734375 0.8779296875 0.1044921875 0.115234375
2 0.392578125 0.17578125 0.1123046875 0.1171875
0 0.87890625 0.5087890625 0.123046875 0.1328125
0 0.275390625 0.8525390625 0.107421875 0.1142578125
2 0.73828125 0.623046875 0.1376953125 0.1357421875
0 0.130859375 0.873046875 0.1201171875 0.125
0 0.09765625 0.6708984375 0.109375 0.130859375
0 0.6572265625 0.38671875 0.1279296875 0.1376953125
2 0.8857421875 0.171875 0.125 0.138671875
0 0.6123046875 0.900390625 0.1298828125 0.154296875
2 0.06640625 0.4892578125 0.1298828125 0.1220703125