0 0.751953125 0.6337890625 0.1171875 0.1328125
2 0.939453125 0.6533203125 0.12109375 0.169921875
0 0.4619140625 0.703125 0.1298828125 0.1455078125
2 0.7705078125 0.0791015625 0.107421875 0.1298828125
2 0.0419921875 0.205078125 0.083984375 0.13671875
2 0.515625 0.111328125 0.115234375 0.130859375
2 0.1123046875 0.40234375 0.1435546875 0.142578125
0 0.2255859375 0.974609375 0.123046875 0.0498046875
0 0.361328125 0.5283203125 0.142578125 0.150390625
0 0.138671875 0.6171875 0.115234375 0.1298828125
0 0.712890625 0.439453125 0.1171875 0.1142578125
0 0.62109375 0.64453125 0.1357421875 0.1455078125
2 0.673828125 0.259765625 0.1220703125 0.1640625
2 0.2001953125 0.8037109375 0.119140625 0.138671875
2 0.5400390625 0.9072265625 0.103515625 0.1201171875
2 0.2529296875 0.181640625 0.1044921875 0.115234375
2 0.3779296875 0.904296875 0.1015625 0.119140625
2 0.865234375 0.3330078125 0.0966796875 0.1044921875
0 0.6982421875 0.8505859375 0.126953125 0.130859375
0 0.537109375 0.3369140625 0.126953125 0.1484375