2 0.2431640625 0.833984375 0.1484375 0.166015625
0 0.677734375 0.3740234375 0.109375 0.138671875
2 0.9501953125 0.2099609375 0.099609375 0.138671875
2 0.052734375 0.830078125 0.10546875 0.12109375
2 0.638671875 0.13671875 0.111328125 0.142578125
2 0.4814453125 0.1484375 0.1123046875 0.125
2 0.4462890625 0.880859375 0.1220703125 0.142578125
2 0.2841796875 0.291015625 0.1123046875 0.1171875
2 0.478515625 0.33203125 0.1015625 0.1220703125
2 0.181640625 0.068359375 0.119140625 0.123046875
0 0.8056640625 0.166015625 0.1123046875 0.123046875
2 0.134765625 0.2919921875 0.109375 0.119140625
2 0.943359375 0.4208984375 0.1044921875 0.119140625
2 0.830078125 0.3916015625 0.1298828125 0.173828125
2 0.896484375 0.6630859375 0.119140625 0.123046875
0 0.3515625 0.6064453125 0.1279296875 0.1435546875
2 0.185546875 0.478515625 0.130859375 0.1640625
0 0.6416015625 0.564453125 0.1142578125 0.125
0 0.6181640625 0.884765625 0.1455078125 0.140625
0 0.849609375 0.9453125 0.1044921875 0.109375