0 0.857421875 0.09765625 0.1142578125 0.1201171875
2 0.9375 0.318359375 0.1064453125 0.1142578125
2 0.255859375 0.6806640625 0.109375 0.1044921875
2 0.150390625 0.4443359375 0.087890625 0.1064453125
0 0.3154296875 0.4326171875 0.1142578125 0.115234375
2 0.896484375 0.841796875 0.09375 0.1357421875
0 0.0888671875 0.64453125 0.107421875 0.1171875
2 0.5068359375 0.509765625 0.0888671875 0.0986328125
2 0.10546875 0.16796875 0.087890625 0.119140625
2 0.126953125 0.841796875 0.0859375 0.103515625
2 0.677734375 0.4365234375 0.09375 0.109375
0 0.904296875 0.556640625 0.119140625 0.1220703125
2 0.3203125 0.1494140625 0.1142578125 0.1328125
0 0.7421875 0.888671875 0.107421875 0.1220703125
0 0.4404296875 0.7666015625 0.1044921875 0.146484375
2 0.6923828125 0.236328125 0.1142578125 0.109375
2 0.283203125 0.8818359375 0.095703125 0.1044921875
0 0.724609375 0.61328125 0.1015625 0.107421875
0 0.6025390625 0.900390625 0.111328125 0.140625
2 0.47265625 0.23828125 0.107421875 0.126953125