2 0.7060546875 0.908203125 0.142578125 0.134765625
2 0.14453125 0.908203125 0.1044921875 0.142578125
0 0.3671875 0.4990234375 0.1142578125 0.115234375
0 0.5673828125 0.1376953125 0.111328125 0.134765625
2 0.802734375 0.50390625 0.0888671875 0.1201171875
2 0.0703125 0.4013671875 0.0966796875 0.126953125
2 0.88671875 0.1171875 0.099609375 0.125
0 0.865234375 0.880859375 0.099609375 0.134765625
2 0.078125 0.18359375 0.095703125 0.1044921875
0 0.3544921875 0.216796875 0.103515625 0.1064453125
2 0.9189453125 0.6455078125 0.1123046875 0.1171875
0 0.5439453125 0.892578125 0.109375 0.1220703125
0 0.20703125 0.384765625 0.1064453125 0.1357421875
0 0.1650390625 0.58984375 0.1123046875 0.1533203125
2 0.599609375 0.333984375 0.1123046875 0.1279296875
2 0.697265625 0.677734375 0.1142578125 0.1376953125
2 0.5361328125 0.708984375 0.09375 0.107421875