0 0.921875 0.8701171875 0.1044921875 0.1328125
0 0.953125 0.654296875 0.09375 0.123046875
2 0.1005859375 0.8076171875 0.115234375 0.1171875
2 0.53515625 0.85546875 0.109375 0.103515625
0 0.794921875 0.6484375 0.109375 0.119140625
0 0.46484375 0.6611328125 0.103515625 0.1201171875
0 0.267578125 0.150390625 0.115234375 0.119140625
2 0.0810546875 0.2890625 0.1015625 0.1015625
2 0.666015625 0.6669921875 0.103515625 0.1201171875
2 0.27734375 0.794921875 0.0908203125 0.099609375
0 0.1669921875 0.625 0.1064453125 0.123046875
2 0.4267578125 0.4365234375 0.095703125 0.1376953125
0 0.6083984375 0.1591796875 0.0908203125 0.115234375
2 0.8017578125 0.318359375 0.09375 0.15625
2 0.763671875 0.8515625 0.095703125 0.09375
0 0.623046875 0.47265625 0.1171875 0.1171875
2 0.28515625 0.404296875 0.109375 0.1357421875
0 0.740234375 0.1181640625 0.095703125 0.1328125
0 0.4248046875 0.193359375 0.1201171875 0.1298828125
0 0.900390625 0.103515625 0.103515625 0.1123046875