0 0.602304 0.347187 0.036585 0.016875
0 0.642954 0.358750 0.042005 0.016250
0 0.572493 0.364687 0.042005 0.018125
0 0.448509 0.356875 0.046070 0.015000
0 0.479472 0.384375 0.051084 0.017500
0 0.296748 0.382500 0.051491 0.018750
0 0.199187 0.403125 0.029810 0.012500
0 0.374661 0.425625 0.039295 0.017500
0 0.390921 0.443750 0.023035 0.013750
0 0.420732 0.440937 0.033875 0.019375
0 0.602304 0.407500 0.042005 0.021250
0 0.653117 0.403750 0.054201 0.017500
0 0.752033 0.385625 0.035230 0.017500
0 0.382791 0.467187 0.033875 0.016875
0 0.495935 0.464375 0.032520 0.017500
0 0.517615 0.482187 0.032520 0.014375
0 0.603659 0.467813 0.036585 0.019375
0 0.686314 0.505313 0.033875 0.015625
0 0.657520 0.533500 0.047019 0.015750
0 0.586043 0.523438 0.036585 0.018125
0 0.516938 0.525312 0.047425 0.015625
0 0.483062 0.520625 0.031165 0.017500
0 0.363821 0.507188 0.039295 0.018125
0 0.386179 0.493125 0.043360 0.016250
0 0.439702 0.578750 0.031165 0.017500
0 0.474932 0.573750 0.042005 0.020000
0 0.472900 0.540937 0.035230 0.019375
0 0.580623 0.566562 0.036585 0.019375
0 0.665989 0.588437 0.044715 0.016875
0 0.707317 0.619375 0.048780 0.018750
0 0.712060 0.649375 0.036585 0.022500
0 0.806911 0.582812 0.044715 0.019375
0 0.765583 0.569063 0.035230 0.018125
0 0.760840 0.552500 0.044715 0.017500
0 0.728320 0.558750 0.031165 0.017500
0 0.357046 0.572187 0.050136 0.023125
0 0.323171 0.578125 0.039295 0.018750
0 0.291328 0.570625 0.035230 0.016250
0 0.291328 0.588437 0.040650 0.016875
0 0.263550 0.599375 0.039295 0.015000
0 0.271003 0.614688 0.048780 0.016875
0 0.243225 0.626875 0.044715 0.018750
0 0.472222 0.661875 0.044715 0.017500
0 0.357046 0.595313 0.039295 0.018125
0 0.781843 0.286875 0.037940 0.018750
0 0.666667 0.325937 0.032520 0.021875