0 0.665312 0.313125 0.032520 0.022500
0 0.780488 0.274062 0.035230 0.019375
0 0.762195 0.585313 0.036585 0.020625
0 0.817751 0.575625 0.042005 0.016250
0 0.766260 0.562187 0.042005 0.020625
0 0.735095 0.570000 0.033875 0.020000
0 0.699187 0.580000 0.032520 0.017500
0 0.666667 0.607500 0.043360 0.018750
0 0.524390 0.577812 0.040650 0.016875
0 0.491870 0.567187 0.035230 0.015625
0 0.659011 0.716937 0.037263 0.022375
0 0.481030 0.768750 0.054201 0.023750
0 0.528455 0.741250 0.037940 0.021250
0 0.567751 0.686875 0.046070 0.018750
0 0.512873 0.692187 0.042005 0.015625
0 0.358401 0.696562 0.047425 0.020625
0 0.372629 0.639375 0.037940 0.017500
0 0.332656 0.638125 0.039295 0.017500
0 0.296070 0.626250 0.039295 0.015000
0 0.264905 0.618437 0.033875 0.021875
0 0.231707 0.613125 0.040650 0.017500
0 0.267615 0.597500 0.039295 0.016250
0 0.286585 0.583438 0.036585 0.014375
0 0.239160 0.587500 0.036585 0.015000
0 0.637534 0.483438 0.042005 0.015625
0 0.616531 0.464687 0.048780 0.019375
0 0.529133 0.539062 0.042005 0.016875
0 0.474932 0.527188 0.039295 0.018125
0 0.503388 0.509687 0.042005 0.015625
0 0.423442 0.506250 0.031165 0.013750
0 0.319106 0.497500 0.033875 0.016250
0 0.401084 0.475938 0.037940 0.018125
0 0.460705 0.475313 0.029810 0.018125
0 0.485095 0.451250 0.037940 0.017500
0 0.451897 0.455937 0.036585 0.016875
0 0.424797 0.429688 0.036585 0.020625
0 0.211382 0.390313 0.040650 0.014375
0 0.300136 0.370312 0.039295 0.016875
0 0.265583 0.358125 0.029810 0.017500
0 0.476287 0.370937 0.044715 0.015625
0 0.521003 0.382812 0.039295 0.014375
0 0.583333 0.397813 0.042005 0.020625
0 0.616531 0.387500 0.048780 0.016250
0 0.656504 0.387188 0.044715 0.019375
0 0.754065 0.373750 0.042005 0.021250
0 0.649051 0.345625 0.054201 0.018750