0 0.274390 0.561250 0.047425 0.025000
0 0.250678 0.575000 0.046070 0.020000
0 0.207995 0.574375 0.063686 0.016250
0 0.167344 0.587500 0.044715 0.026250
0 0.205285 0.590625 0.042005 0.020000
0 0.241192 0.599562 0.048780 0.019125
0 0.218835 0.614375 0.042005 0.018750
0 0.307588 0.602812 0.037940 0.021875
0 0.355014 0.553750 0.056911 0.020000
0 0.405149 0.562187 0.046070 0.021875
0 0.406504 0.612187 0.040650 0.019375
0 0.360434 0.615375 0.040650 0.020750
0 0.325881 0.657188 0.039295 0.020625
0 0.520325 0.634375 0.046070 0.017500
0 0.541328 0.602812 0.047425 0.023125
0 0.500678 0.582187 0.042005 0.020625
0 0.509485 0.561250 0.040650 0.022500
0 0.588753 0.574375 0.052846 0.017500
0 0.580623 0.586875 0.044715 0.018750
0 0.624661 0.605938 0.040650 0.021875
0 0.558943 0.621500 0.052846 0.018000
0 0.575881 0.640000 0.062331 0.023750
0 0.603659 0.668125 0.060976 0.021250
0 0.654472 0.661563 0.048780 0.015625
0 0.648374 0.645312 0.050136 0.020625
0 0.617886 0.628437 0.040650 0.021875
0 0.662602 0.624375 0.051491 0.020000
0 0.699864 0.635625 0.052846 0.021250
0 0.707317 0.656875 0.051491 0.022500
0 0.758808 0.642813 0.059621 0.020625
0 0.817751 0.647500 0.052846 0.022500
0 0.857046 0.655937 0.047425 0.020625
0 0.867886 0.593750 0.047425 0.021250
0 0.756098 0.593437 0.046070 0.024375
0 0.726287 0.578750 0.046070 0.022500
0 0.646341 0.555312 0.043360 0.021875
0 0.664634 0.520000 0.047425 0.020000
0 0.676829 0.493125 0.052846 0.021250
0 0.668022 0.474375 0.043360 0.021250
0 0.654472 0.275000 0.032520 0.022500
0 0.767615 0.497500 0.047425 0.022500
0 0.775068 0.483750 0.021680 0.010000
0 0.696477 0.203750 0.048780 0.025000
0 0.626694 0.265937 0.039295 0.021875
0 0.724255 0.469687 0.052846 0.024375
0 0.688347 0.270937 0.043360 0.021875
0 0.738482 0.275938 0.048780 0.020625
0 0.720867 0.296250 0.051491 0.021250
0 0.693767 0.315937 0.043360 0.018125
0 0.737127 0.318125 0.043360 0.022500
0 0.786585 0.305937 0.050136 0.016875
0 0.795393 0.327500 0.046070 0.021250
0 0.784553 0.370937 0.054201 0.028125
0 0.721545 0.337500 0.060976 0.021250
0 0.676829 0.358750 0.047425 0.022500
0 0.634824 0.368750 0.052846 0.023750
0 0.596206 0.340625 0.046070 0.020000
0 0.562331 0.329062 0.043360 0.026875
0 0.544715 0.351562 0.051491 0.019375
0 0.502710 0.330625 0.059621 0.020000
0 0.510163 0.310625 0.058266 0.020000
0 0.474932 0.297187 0.050136 0.020625
0 0.466125 0.318750 0.046070 0.021250
0 0.427507 0.321875 0.047425 0.022500
0 0.323171 0.322500 0.042005 0.023750
0 0.555556 0.279375 0.040650 0.022500
0 0.577913 0.292187 0.039295 0.019375
0 0.621951 0.290625 0.048780 0.018750
0 0.624661 0.306875 0.048780 0.017500
0 0.588753 0.314063 0.044715 0.021875
0 0.328591 0.356875 0.058266 0.025000
0 0.303523 0.380625 0.043360 0.021250
0 0.308943 0.414062 0.051491 0.015625
0 0.346883 0.419687 0.040650 0.021875
0 0.387534 0.408438 0.054201 0.019375
0 0.408537 0.419063 0.039295 0.020625
0 0.179539 0.444688 0.055556 0.020625
0 0.254065 0.467500 0.039295 0.025000
0 0.216125 0.478125 0.042005 0.018750
0 0.242547 0.490938 0.046070 0.019375
0 0.231707 0.528750 0.059621 0.020000
0 0.451897 0.514687 0.042005 0.024375
0 0.501355 0.518750 0.054201 0.022500
0 0.532520 0.423125 0.056911 0.023750
0 0.571816 0.435625 0.051491 0.021250
0 0.575203 0.415312 0.044715 0.021875
0 0.572493 0.397500 0.052846 0.017500
0 0.616531 0.431250 0.043360 0.021250
0 0.332656 0.532188 0.047425 0.021875
0 0.302168 0.547500 0.048780 0.020000