0 0.273035 0.677500 0.050136 0.020000
0 0.390921 0.295938 0.047425 0.024375
0 0.359079 0.325625 0.046070 0.020000
0 0.362466 0.354687 0.052846 0.018125
0 0.496612 0.354063 0.047425 0.026875
0 0.698984 0.319063 0.048374 0.021875
0 0.770325 0.310937 0.063686 0.023125
0 0.739160 0.330313 0.042005 0.021875
0 0.704607 0.345625 0.048780 0.018750
0 0.618564 0.375937 0.047425 0.018125
0 0.619241 0.397188 0.043360 0.023125
0 0.669377 0.392188 0.051491 0.021875
0 0.713415 0.387188 0.050136 0.019375
0 0.779810 0.387813 0.047425 0.020625
0 0.848238 0.387500 0.051491 0.025000
0 0.792005 0.406562 0.060976 0.018125
0 0.796070 0.435625 0.055556 0.018750
0 0.698509 0.415625 0.063686 0.021250
0 0.576558 0.426250 0.055556 0.021250
0 0.568835 0.448125 0.033062 0.022500
0 0.608401 0.447188 0.046070 0.021875
0 0.538618 0.454062 0.033875 0.019375
0 0.513550 0.480625 0.048780 0.017500
0 0.566396 0.472187 0.062331 0.019375
0 0.411924 0.420312 0.035230 0.020625
0 0.150407 0.366563 0.048780 0.021875
0 0.132114 0.398750 0.055556 0.023750
0 0.153117 0.429688 0.040650 0.021875
0 0.124661 0.506250 0.051491 0.020000
0 0.362466 0.508125 0.039295 0.022500
0 0.481707 0.494063 0.050136 0.015625
0 0.491192 0.511875 0.042005 0.020000
0 0.568428 0.492500 0.044715 0.021250
0 0.609079 0.492812 0.044715 0.021875
0 0.631436 0.509687 0.054201 0.021875
0 0.678184 0.525000 0.050136 0.018750
0 0.722900 0.484063 0.033875 0.021875
0 0.754743 0.477500 0.046070 0.021250
0 0.830623 0.478750 0.067751 0.020000
0 0.780488 0.505313 0.056911 0.021875
0 0.832656 0.508125 0.055556 0.020000
0 0.555556 0.521875 0.043360 0.020000
0 0.169377 0.581875 0.051491 0.018750
0 0.205285 0.605625 0.047425 0.020000
0 0.249322 0.601875 0.046070 0.021250
0 0.203252 0.628125 0.051491 0.021250
0 0.158537 0.649062 0.048780 0.023125
0 0.233062 0.651563 0.048780 0.025625
0 0.276423 0.652813 0.054201 0.021875
0 0.313008 0.669375 0.051491 0.020000
0 0.322493 0.647500 0.027100 0.010000
0 0.352981 0.665000 0.039295 0.022500
0 0.222222 0.681875 0.051491 0.023750
0 0.237805 0.714063 0.036585 0.026875
0 0.382791 0.704063 0.044715 0.023125
0 0.401762 0.685312 0.044715 0.021875
0 0.478320 0.718437 0.054201 0.029375
0 0.418022 0.639062 0.050136 0.019375
0 0.351626 0.616875 0.044715 0.022500
0 0.430894 0.574375 0.040650 0.023750
0 0.409892 0.554063 0.044715 0.021875
0 0.369241 0.550937 0.044715 0.026875
0 0.488482 0.567813 0.055556 0.020625
0 0.481030 0.591250 0.037940 0.022500
0 0.439024 0.596250 0.048780 0.016250
0 0.464770 0.623437 0.046070 0.023125
0 0.504065 0.632188 0.056911 0.019375
0 0.485772 0.649375 0.047425 0.020000
0 0.615176 0.622188 0.048780 0.025625
0 0.654472 0.617500 0.043360 0.021250
0 0.636179 0.585938 0.042005 0.019375
0 0.642954 0.565000 0.039295 0.023750
0 0.607724 0.562187 0.033875 0.021875
0 0.572493 0.558438 0.044715 0.018125
0 0.558266 0.539687 0.046070 0.016875
0 0.511518 0.540000 0.047425 0.020000
0 0.605691 0.540625 0.051491 0.020000
0 0.420054 0.753125 0.037940 0.017500
0 0.459350 0.759062 0.037940 0.023125
0 0.495935 0.772500 0.048780 0.016250
0 0.367818 0.779969 0.055691 0.022562
0 0.569106 0.796562 0.040650 0.021875
0 0.599593 0.748437 0.050136 0.023125
0 0.688347 0.736250 0.051491 0.023750
0 0.666667 0.762188 0.054201 0.020625
0 0.728320 0.788125 0.060976 0.025000
0 0.811653 0.717187 0.046070 0.026875
0 0.843496 0.732500 0.052846 0.021250
0 0.868564 0.562500 0.056911 0.020000
0 0.672087 0.597500 0.040650 0.023750
0 0.711382 0.605625 0.037940 0.026250