0 0.580623 0.668125 0.044715 0.022500
0 0.497967 0.418750 0.052846 0.015000
0 0.542683 0.442188 0.033875 0.020625
0 0.492547 0.458125 0.052846 0.020000
0 0.387805 0.464375 0.046612 0.021250
0 0.317209 0.449156 0.038211 0.018437
0 0.369919 0.491250 0.046070 0.023750
0 0.410569 0.481250 0.046070 0.020000
0 0.223577 0.491563 0.046070 0.019375
0 0.292683 0.503750 0.046070 0.018750
0 0.229675 0.510000 0.052846 0.018750
0 0.155149 0.537500 0.058266 0.018750
0 0.231030 0.560000 0.050136 0.020000
0 0.251355 0.581250 0.050136 0.016250
0 0.247290 0.603437 0.042005 0.026875
0 0.285908 0.609688 0.043360 0.018125
0 0.227642 0.631250 0.029810 0.020000
0 0.331301 0.608125 0.036585 0.025000
0 0.264905 0.636875 0.042005 0.022500
0 0.294038 0.644062 0.037940 0.021875
0 0.233740 0.654062 0.042005 0.021875
0 0.190379 0.667188 0.047425 0.024375
0 0.197154 0.686875 0.042005 0.025000
0 0.228997 0.675625 0.040650 0.022500
0 0.263550 0.673750 0.050136 0.023750
0 0.298103 0.666562 0.046070 0.023125
0 0.386179 0.661875 0.056911 0.021250
0 0.265583 0.732187 0.040650 0.023125
0 0.304878 0.727187 0.046070 0.023125
0 0.350271 0.731875 0.055556 0.018750
0 0.338753 0.752188 0.046070 0.024375
0 0.359079 0.776250 0.051491 0.026250
0 0.485095 0.720625 0.043360 0.022500
0 0.518293 0.734375 0.044715 0.021250
0 0.524390 0.711875 0.048780 0.025000
0 0.528455 0.682500 0.046070 0.022500
0 0.602304 0.640312 0.042005 0.021875
0 0.636856 0.663750 0.051491 0.018750
0 0.674797 0.658750 0.035230 0.021250
0 0.709350 0.665312 0.039295 0.021875
0 0.696477 0.641875 0.046070 0.025000
0 0.748645 0.620313 0.050136 0.018125
0 0.801491 0.614375 0.060976 0.021250
0 0.832656 0.607500 0.090786 0.021250
0 0.638889 0.548750 0.047425 0.018750
0 0.679539 0.568438 0.050136 0.020625
0 0.709350 0.594688 0.052846 0.019375
0 0.778455 0.544687 0.050136 0.019375
0 0.812195 0.517563 0.039024 0.021375
0 0.736450 0.496875 0.055556 0.018750
0 0.690379 0.503437 0.050136 0.018125
0 0.552846 0.518125 0.048780 0.021250
0 0.468157 0.529062 0.058266 0.016875
0 0.355691 0.521250 0.047425 0.018750
0 0.342818 0.538750 0.046070 0.018750
0 0.384824 0.540000 0.040650 0.018750
0 0.401084 0.557187 0.051491 0.015625
0 0.441734 0.576562 0.059621 0.019375
0 0.394986 0.582187 0.039295 0.021875
0 0.424797 0.593750 0.044715 0.022500
0 0.576558 0.725000 0.052846 0.018750
0 0.567073 0.705937 0.036585 0.020625
0 0.598238 0.699688 0.044715 0.019375
0 0.672087 0.717500 0.046070 0.018750
0 0.689702 0.701250 0.029810 0.018750
0 0.658537 0.696562 0.046070 0.023125
0 0.712060 0.690000 0.044715 0.020000
0 0.758130 0.693750 0.047425 0.022500
0 0.521003 0.589063 0.047425 0.021875
0 0.580623 0.598437 0.050136 0.023125
0 0.558266 0.619687 0.046070 0.023125