0 0.789295 0.381875 0.047425 0.022500
0 0.842141 0.380625 0.050136 0.027500
0 0.775745 0.400313 0.055556 0.018125
0 0.614499 0.416875 0.047425 0.022500
0 0.575881 0.429375 0.054201 0.016250
0 0.593496 0.455000 0.056911 0.018750
0 0.711382 0.517813 0.059621 0.019375
0 0.305556 0.284375 0.042005 0.022500
0 0.376694 0.315937 0.043360 0.026875
0 0.468157 0.360312 0.052846 0.026875
0 0.362466 0.337500 0.044715 0.025000
0 0.316396 0.326250 0.047425 0.020000
0 0.252033 0.309688 0.048780 0.025625
0 0.114499 0.313750 0.047425 0.020000
0 0.153117 0.321875 0.054201 0.022500
0 0.207995 0.329062 0.060976 0.019375
0 0.253388 0.337187 0.048780 0.024375
0 0.329946 0.349062 0.047425 0.026875
0 0.359756 0.369688 0.044715 0.025625
0 0.170732 0.362812 0.051491 0.023125
0 0.236450 0.374688 0.055556 0.020625
0 0.250000 0.394375 0.055556 0.022500
0 0.264228 0.420938 0.054201 0.018125
0 0.105691 0.376875 0.048780 0.022500
0 0.169377 0.440000 0.051491 0.021250
0 0.220867 0.441250 0.046070 0.022500
0 0.359079 0.448125 0.046070 0.021250
0 0.409892 0.437188 0.047425 0.023125
0 0.421409 0.457188 0.046070 0.019375
0 0.455962 0.470625 0.058266 0.016250
0 0.455962 0.482812 0.060976 0.014375
0 0.405149 0.499688 0.048780 0.030625
0 0.379404 0.521875 0.046070 0.022500
0 0.329946 0.536563 0.044715 0.021875
0 0.395664 0.544063 0.051491 0.021875
0 0.367209 0.573750 0.056911 0.020000
0 0.199864 0.502812 0.050136 0.021875
0 0.245935 0.480938 0.058266 0.021875
0 0.205285 0.487812 0.028455 0.010625
0 0.333333 0.594688 0.051491 0.019375
0 0.382791 0.598125 0.047425 0.023750
0 0.415989 0.609688 0.046070 0.025625
0 0.455285 0.598437 0.051491 0.020625
0 0.487127 0.585625 0.055556 0.020000
0 0.510840 0.568125 0.062331 0.023750
0 0.564363 0.573750 0.044715 0.026250
0 0.569106 0.595625 0.062331 0.021250
0 0.619241 0.600625 0.051491 0.017500
0 0.661247 0.589063 0.037940 0.024375
0 0.706640 0.566250 0.052846 0.021250
0 0.742547 0.547813 0.048780 0.023125
0 0.799458 0.550937 0.040650 0.019375
0 0.857724 0.554688 0.043360 0.024375
0 0.655149 0.524062 0.042005 0.021875
0 0.457995 0.417500 0.043360 0.022500
0 0.761518 0.575937 0.054201 0.024375
0 0.804201 0.569688 0.058266 0.019375
0 0.738279 0.598000 0.051084 0.026000
0 0.686992 0.603125 0.051491 0.018750
0 0.753388 0.630938 0.056911 0.018125
0 0.700542 0.634062 0.032520 0.019375
0 0.663957 0.617500 0.056911 0.022500
0 0.614499 0.619375 0.044715 0.025000
0 0.588076 0.636250 0.048780 0.021250
0 0.644309 0.655000 0.052846 0.022500
0 0.709350 0.662813 0.042005 0.019375
0 0.733740 0.686250 0.050136 0.025000
0 0.518293 0.705937 0.058266 0.028125
0 0.474932 0.707812 0.050136 0.023125
0 0.429539 0.711562 0.043360 0.025625
0 0.388889 0.700937 0.048780 0.019375
0 0.404472 0.681562 0.055556 0.023125
0 0.363144 0.661563 0.051491 0.029375
0 0.338753 0.640000 0.046070 0.028750
0 0.385501 0.622812 0.060976 0.021875
0 0.430894 0.633125 0.056911 0.022500
0 0.296748 0.638750 0.051491 0.021250
0 0.341463 0.685937 0.062331 0.019375
0 0.364499 0.732187 0.035230 0.019375
0 0.449187 0.763437 0.050136 0.025625
0 0.552846 0.780625 0.043360 0.022500
0 0.330623 0.780000 0.054201 0.021250
0 0.355691 0.795937 0.052846 0.020625
0 0.313008 0.805312 0.051491 0.024375
0 0.583333 0.267188 0.066396 0.021875
0 0.086043 0.723125 0.039295 0.017500
0 0.665312 0.312500 0.043360 0.025000
0 0.745257 0.379375 0.051491 0.025000