0 0.134824 0.461562 0.052846 0.024375
0 0.155149 0.510938 0.039295 0.018125
0 0.191057 0.517813 0.046070 0.019375
0 0.187669 0.542500 0.047425 0.018750
0 0.182927 0.559063 0.048780 0.019375
0 0.228997 0.582187 0.054201 0.018125
0 0.248645 0.600000 0.042005 0.018750
0 0.313686 0.571562 0.050136 0.021875
0 0.314363 0.591562 0.043360 0.020625
0 0.320461 0.609688 0.044715 0.018125
0 0.522358 0.557187 0.036585 0.016875
0 0.523713 0.541562 0.047425 0.015625
0 0.588076 0.542813 0.040650 0.019375
0 0.558266 0.567500 0.040650 0.021250
0 0.581301 0.655312 0.062331 0.018125
0 0.440379 0.653125 0.054201 0.020000
0 0.343496 0.671250 0.047425 0.020000
0 0.714092 0.669375 0.051491 0.026250
0 0.720867 0.636250 0.043360 0.020000
0 0.720190 0.570000 0.042005 0.017500
0 0.751355 0.575937 0.036585 0.019375
0 0.823171 0.596562 0.052846 0.021875
0 0.496612 0.517813 0.044715 0.019375
0 0.525068 0.481250 0.044715 0.016250
0 0.397019 0.450000 0.046070 0.017500
0 0.433604 0.475000 0.040650 0.018750
0 0.326558 0.521563 0.037940 0.018125
0 0.718157 0.505313 0.046070 0.019375
0 0.668022 0.498750 0.043360 0.017500
0 0.624661 0.465625 0.040650 0.018750
0 0.651762 0.479687 0.046070 0.020625
0 0.506775 0.450937 0.051491 0.023125
0 0.474255 0.435625 0.040650 0.017500
0 0.416667 0.431875 0.039295 0.016250
0 0.707995 0.424375 0.044715 0.018750
0 0.634824 0.381563 0.042005 0.018125
0 0.659892 0.425625 0.051491 0.023750
0 0.746612 0.389062 0.048780 0.019375
0 0.598238 0.361250 0.044715 0.020000
0 0.426152 0.347813 0.039295 0.018125
0 0.301491 0.365312 0.060976 0.020625
0 0.221545 0.309375 0.042005 0.016250
0 0.392276 0.324688 0.042005 0.016875
0 0.508808 0.319063 0.042005 0.018125
0 0.774390 0.276250 0.036585 0.020000
0 0.659892 0.323437 0.040650 0.024375