1 0.3265582655826558 0.31125 0.3075880758807588 0.32 0.3075880758807588 0.329375 0.3116531165311653 0.331875 0.3319783197831978 0.33375 0.34552845528455284 0.33 0.34823848238482386 0.314375 0.34010840108401086 0.31125 0.3265582655826558 0.31125
1 0.23170731707317074 0.261875 0.2073170731707317 0.2625 0.19647696476964768 0.269375 0.1991869918699187 0.275 0.21544715447154472 0.278125 0.22899728997289973 0.276875 0.23983739837398374 0.271875 0.23983739837398374 0.265 0.23170731707317074 0.261875
1 0.8265582655826558 0.69875 0.8089430894308943 0.6925 0.7913279132791328 0.6925 0.7804878048780488 0.69625 0.7831978319783198 0.706875 0.8075880758807588 0.718125 0.8265582655826558 0.7175 0.8346883468834688 0.711875 0.8346883468834688 0.706875 0.8265582655826558 0.69875
1 0.43766937669376693 0.30625 0.4186991869918699 0.31125 0.4186991869918699 0.324375 0.44715447154471544 0.325 0.45663956639566394 0.321875 0.45934959349593496 0.316875 0.44986449864498645 0.3075 0.43766937669376693 0.30625
1 0.5420054200542005 0.29625 0.5230352303523035 0.300625 0.5230352303523035 0.316875 0.5392953929539296 0.3225 0.5487804878048781 0.3225 0.5555555555555556 0.319375 0.5582655826558266 0.305625 0.5420054200542005 0.29625
1 0.34010840108401086 0.50375 0.31842818428184283 0.505625 0.3048780487804878 0.515 0.3075880758807588 0.521875 0.3157181571815718 0.524375 0.33739837398373984 0.523125 0.3509485094850949 0.516875 0.3509485094850949 0.5075 0.34010840108401086 0.50375
1 0.21544715447154472 0.565 0.2018970189701897 0.565 0.1937669376693767 0.5675 0.1856368563685637 0.575 0.18834688346883469 0.583125 0.1991869918699187 0.58625 0.21544715447154472 0.585625 0.22899728997289973 0.578125 0.22628726287262874 0.56875 0.21544715447154472 0.565
1 0.32113821138211385 0.3775 0.3021680216802168 0.375 0.2872628726287263 0.379375 0.2750677506775068 0.3875 0.2777777777777778 0.3975 0.2967479674796748 0.4 0.32113821138211385 0.394375 0.3265582655826558 0.38875 0.3265582655826558 0.380625 0.32113821138211385 0.3775
1 0.7479674796747967 0.680625 0.7235772357723578 0.680625 0.7100271002710027 0.685625 0.7100271002710027 0.69125 0.7154471544715447 0.694375 0.7235772357723578 0.6975 0.7452574525745257 0.69875 0.7588075880758808 0.695 0.7615176151761518 0.68875 0.7479674796747967 0.680625
1 0.5772357723577236 0.565 0.5582655826558266 0.565 0.5474254742547425 0.57 0.5487804878048781 0.578125 0.5636856368563685 0.581875 0.5826558265582655 0.581875 0.5934959349593496 0.5775 0.5934959349593496 0.57125 0.5772357723577236 0.565
1 0.17479674796747968 0.580625 0.15040650406504066 0.581875 0.13956639566395665 0.589375 0.13956639566395665 0.596875 0.14498644986449866 0.599375 0.16802168021680217 0.599375 0.1842818428184282 0.594375 0.18834688346883469 0.590625 0.1856368563685637 0.584375 0.17479674796747968 0.580625
1 0.5176151761517616 0.515 0.494579945799458 0.515 0.483739837398374 0.519375 0.48644986449864497 0.52875 0.5013550135501355 0.531875 0.5271002710027101 0.53125 0.5338753387533876 0.526875 0.5311653116531165 0.519375 0.5176151761517616 0.515
1 0.48644986449864497 0.584375 0.47696476964769646 0.583125 0.45121951219512196 0.584375 0.44037940379403795 0.589375 0.44037940379403795 0.5975 0.44579945799457993 0.60125 0.45663956639566394 0.6025 0.483739837398374 0.599375 0.494579945799458 0.59375 0.494579945799458 0.589375 0.48644986449864497 0.584375
1 0.5447154471544715 0.579375 0.5284552845528455 0.586875 0.5284552845528455 0.59375 0.5338753387533876 0.59625 0.5582655826558266 0.59625 0.5691056910569106 0.591875 0.5718157181571816 0.584375 0.5555555555555556 0.579375 0.5447154471544715 0.579375
1 0.14498644986449866 0.62125 0.12872628726287264 0.619375 0.10975609756097561 0.625 0.10975609756097561 0.63375 0.11382113821138211 0.636875 0.12601626016260162 0.64 0.13956639566395665 0.64 0.15040650406504066 0.6375 0.15311653116531165 0.6275 0.14498644986449866 0.62125
1 0.8970189701897019 0.703125 0.8780487804878049 0.7025 0.8617886178861789 0.70875 0.8617886178861789 0.72125 0.8861788617886179 0.72125 0.8956639566395664 0.716875 0.9024390243902439 0.713125 0.9024390243902439 0.706875 0.8970189701897019 0.703125
1 0.7723577235772358 0.698125 0.7533875338753387 0.6975 0.7425474254742548 0.7025 0.7344173441734417 0.71125 0.7371273712737128 0.716875 0.7533875338753387 0.72375 0.7710027100271003 0.720625 0.7777777777777778 0.71625 0.7777777777777778 0.7025 0.7723577235772358 0.698125
1 0.33739837398373984 0.34375 0.3265582655826558 0.350625 0.3265582655826558 0.360625 0.3346883468834688 0.363125 0.35636856368563685 0.36 0.36449864498644985 0.354375 0.36720867208672087 0.34875 0.35501355013550134 0.341875 0.33739837398373984 0.34375
1 0.8292682926829268 0.5575 0.8292682926829268 0.550625 0.8238482384823849 0.544375 0.8102981029810298 0.54375 0.7899728997289973 0.548125 0.7804878048780488 0.555625 0.7831978319783198 0.565 0.7886178861788617 0.5675 0.8008130081300813 0.568125 0.8102981029810298 0.5675 0.8211382113821138 0.56375 0.8292682926829268 0.5575
1 0.42953929539295393 0.4275 0.42140921409214094 0.420625 0.4051490514905149 0.41875 0.3970189701897019 0.4225 0.3970189701897019 0.43375 0.4024390243902439 0.439375 0.4132791327913279 0.4425 0.42276422764227645 0.4425 0.42953929539295393 0.439375 0.42953929539295393 0.4275
1 0.33739837398373984 0.640625 0.32926829268292684 0.640625 0.3157181571815718 0.645625 0.3157181571815718 0.655625 0.33739837398373984 0.66375 0.3523035230352303 0.660625 0.35907859078590787 0.654375 0.3509485094850949 0.644375 0.33739837398373984 0.640625
1 0.4241192411924119 0.28875 0.4132791327913279 0.29125 0.3970189701897019 0.30375 0.3997289972899729 0.308125 0.42140921409214094 0.310625 0.44308943089430897 0.305625 0.44850948509485095 0.3025 0.44579945799457993 0.29125 0.4241192411924119 0.28875
1 0.7642276422764228 0.625625 0.7506775067750677 0.625 0.7371273712737128 0.63 0.7398373983739838 0.645625 0.7479674796747967 0.648125 0.7588075880758808 0.648125 0.7696476964769647 0.644375 0.7723577235772358 0.63 0.7642276422764228 0.625625
1 0.04336043360433604 0.4375 0.02032520325203252 0.43625 0.012195121951219513 0.439375 0.006775067750677507 0.444375 0.009485094850948509 0.454375 0.014905149051490514 0.4575 0.03523035230352303 0.4575 0.04742547425474255 0.4525 0.05013550135501355 0.441875 0.04336043360433604 0.4375
1 0.3943089430894309 0.505 0.37533875338753386 0.505 0.36585365853658536 0.50875 0.3617886178861789 0.5125 0.36449864498644985 0.52375 0.3807588075880759 0.525625 0.3943089430894309 0.52375 0.4024390243902439 0.516875 0.4024390243902439 0.51125 0.3943089430894309 0.505
1 0.14227642276422764 0.3775 0.11788617886178862 0.3775 0.1043360433604336 0.38375 0.1043360433604336 0.394375 0.11788617886178862 0.396875 0.13956639566395665 0.395 0.15040650406504066 0.39 0.15040650406504066 0.381875 0.14227642276422764 0.3775
1 0.23983739837398374 0.52875 0.23441734417344173 0.521875 0.22628726287262874 0.519375 0.2018970189701897 0.519375 0.18834688346883469 0.524375 0.1910569105691057 0.535 0.2046070460704607 0.53875 0.22628726287262874 0.53875 0.23441734417344173 0.536875 0.23983739837398374 0.53375 0.23983739837398374 0.52875
1 0.6422764227642277 0.48625 0.6422764227642277 0.49375 0.6531165311653117 0.49375 0.6612466124661247 0.49 0.6531165311653117 0.48375 0.6449864498644986 0.48375 0.6422764227642277 0.48625
1 0.7655826558265583 0.391875 0.7479674796747967 0.393125 0.7371273712737128 0.398125 0.7398373983739838 0.40625 0.7560975609756098 0.41125 0.7777777777777778 0.410625 0.7859078590785907 0.403125 0.7831978319783198 0.39625 0.7655826558265583 0.391875
1 0.44986449864498645 0.604375 0.44037940379403795 0.6025 0.42953929539295393 0.60375 0.4132791327913279 0.610625 0.4132791327913279 0.6225 0.4186991869918699 0.624375 0.4349593495934959 0.624375 0.44850948509485095 0.619375 0.45663956639566394 0.610625 0.44986449864498645 0.604375
1 0.7615176151761518 0.4675 0.7425474254742548 0.4675 0.7317073170731707 0.47125 0.7317073170731707 0.485625 0.7398373983739838 0.48875 0.7560975609756098 0.48875 0.7642276422764228 0.485 0.7669376693766937 0.470625 0.7615176151761518 0.4675
1 0.37262872628726285 0.464375 0.36720867208672087 0.4625 0.34823848238482386 0.4625 0.3428184281842818 0.464375 0.33739837398373984 0.470625 0.34010840108401086 0.4775 0.3509485094850949 0.4825 0.3699186991869919 0.48125 0.3780487804878049 0.474375 0.3780487804878049 0.46875 0.37262872628726285 0.464375
1 0.06775067750677506 0.3625 0.04742547425474255 0.36 0.028455284552845527 0.361875 0.028455284552845527 0.375 0.05555555555555555 0.384375 0.06639566395663957 0.38375 0.07452574525745258 0.380625 0.07452574525745258 0.370625 0.06775067750677506 0.3625
1 0.2967479674796748 0.5675 0.27235772357723576 0.56875 0.26151761517615174 0.57375 0.26151761517615174 0.579375 0.2669376693766938 0.583125 0.2777777777777778 0.585625 0.2994579945799458 0.584375 0.31029810298102983 0.580625 0.31029810298102983 0.5725 0.2967479674796748 0.5675
1 0.2588075880758808 0.49875 0.2506775067750677 0.505 0.2506775067750677 0.51125 0.25609756097560976 0.515625 0.2804878048780488 0.516875 0.29132791327913277 0.51125 0.29132791327913277 0.500625 0.2804878048780488 0.496875 0.2588075880758808 0.49875
1 0.5447154471544715 0.398125 0.5230352303523035 0.398125 0.5094850948509485 0.405 0.5121951219512195 0.415 0.5230352303523035 0.416875 0.5447154471544715 0.41625 0.5555555555555556 0.41 0.5555555555555556 0.4025 0.5447154471544715 0.398125
1 0.8102981029810298 0.4675 0.7886178861788617 0.4675 0.7777777777777778 0.47375 0.7804878048780488 0.483125 0.7994579945799458 0.488125 0.8130081300813008 0.48625 0.8211382113821138 0.4825 0.8184281842818428 0.47125 0.8102981029810298 0.4675
1 0.23983739837398374 0.6675 0.2181571815718157 0.66875 0.21002710027100271 0.675 0.21544715447154472 0.684375 0.22628726287262874 0.6875 0.24119241192411925 0.6875 0.24525745257452575 0.685 0.24796747967479674 0.673125 0.23983739837398374 0.6675
1 0.34552845528455284 0.38 0.33739837398373984 0.386875 0.3428184281842818 0.395 0.35907859078590787 0.3975 0.3807588075880759 0.39625 0.38346883468834686 0.385625 0.3712737127371274 0.38 0.34552845528455284 0.38
1 0.518970189701897 0.276875 0.5 0.275 0.491869918699187 0.278125 0.489159891598916 0.283125 0.491869918699187 0.29 0.5067750677506775 0.2975 0.5176151761517616 0.2975 0.5284552845528455 0.295 0.5338753387533876 0.28375 0.518970189701897 0.276875
1 0.3807588075880759 0.323125 0.37262872628726285 0.3225 0.3617886178861789 0.325 0.35365853658536583 0.3325 0.35636856368563685 0.3425 0.36720867208672087 0.345625 0.3807588075880759 0.345625 0.3861788617886179 0.3425 0.3915989159891599 0.329375 0.3807588075880759 0.323125
1 0.25745257452574527 0.348125 0.24119241192411925 0.345625 0.2181571815718157 0.345625 0.21002710027100271 0.34875 0.2127371273712737 0.35875 0.22899728997289973 0.365 0.25203252032520324 0.365625 0.2669376693766938 0.360625 0.2669376693766938 0.353125 0.25745257452574527 0.348125
1 0.3780487804878049 0.591875 0.35636856368563685 0.591875 0.3509485094850949 0.59375 0.3509485094850949 0.6025 0.35636856368563685 0.60625 0.3699186991869919 0.610625 0.38346883468834686 0.610625 0.3943089430894309 0.60625 0.3970189701897019 0.6025 0.3780487804878049 0.591875
1 0.34823848238482386 0.601875 0.3346883468834688 0.6025 0.3265582655826558 0.60625 0.32113821138211385 0.610625 0.3238482384823848 0.620625 0.3346883468834688 0.625 0.34688346883468835 0.625 0.3617886178861789 0.619375 0.3617886178861789 0.61 0.34823848238482386 0.601875
1 0.4078590785907859 0.48125 0.3861788617886179 0.48125 0.37533875338753386 0.485625 0.37533875338753386 0.49125 0.3807588075880759 0.49375 0.3861788617886179 0.495625 0.4159891598915989 0.495625 0.4241192411924119 0.491875 0.4241192411924119 0.486875 0.4078590785907859 0.48125
1 0.23983739837398374 0.6875 0.2127371273712737 0.6875 0.2018970189701897 0.6925 0.2018970189701897 0.7 0.20596205962059622 0.7025 0.22086720867208673 0.705625 0.23983739837398374 0.704375 0.24796747967479674 0.7025 0.2506775067750677 0.69375 0.23983739837398374 0.6875
1 0.4105691056910569 0.396875 0.3861788617886179 0.396875 0.37533875338753386 0.401875 0.36449864498644985 0.411875 0.36720867208672087 0.418125 0.38346883468834686 0.42 0.4051490514905149 0.41625 0.4159891598915989 0.41 0.4159891598915989 0.4 0.4105691056910569 0.396875
1 0.7913279132791328 0.6675 0.7791327913279132 0.66125 0.7560975609756098 0.661875 0.7506775067750677 0.665 0.7533875338753387 0.68 0.7642276422764228 0.686875 0.7696476964769647 0.6875 0.7859078590785907 0.686875 0.7940379403794038 0.6825 0.7913279132791328 0.6675
1 0.592140921409214 0.693125 0.5799457994579946 0.693125 0.5663956639566395 0.69625 0.5555555555555556 0.706875 0.5582655826558266 0.71125 0.5853658536585366 0.714375 0.5975609756097561 0.71125 0.6016260162601627 0.708125 0.5989159891598916 0.695625 0.592140921409214 0.693125
1 0.24661246612466126 0.61875 0.23441734417344173 0.615 0.2127371273712737 0.615625 0.2046070460704607 0.620625 0.2073170731707317 0.6325 0.22357723577235772 0.63625 0.23983739837398374 0.635 0.24796747967479674 0.630625 0.2506775067750677 0.625 0.24661246612466126 0.61875
1 0.7249322493224932 0.319375 0.7018970189701897 0.318125 0.6910569105691057 0.324375 0.6937669376693767 0.331875 0.7100271002710027 0.336875 0.7317073170731707 0.336875 0.7398373983739838 0.331875 0.7371273712737128 0.323125 0.7249322493224932 0.319375
1 0.7073170731707317 0.6925 0.6910569105691057 0.7 0.6910569105691057 0.704375 0.6991869918699187 0.708125 0.7100271002710027 0.710625 0.7289972899728997 0.709375 0.7398373983739838 0.705625 0.7425474254742548 0.7 0.7073170731707317 0.6925
1 0.1937669376693767 0.630625 0.1856368563685637 0.6325 0.16395663956639567 0.6325 0.15853658536585366 0.6375 0.16124661246612465 0.646875 0.16937669376693767 0.650625 0.1910569105691057 0.648125 0.2018970189701897 0.641875 0.2018970189701897 0.63375 0.1937669376693767 0.630625
1 0.3252032520325203 0.415625 0.2994579945799458 0.41625 0.29132791327913277 0.42125 0.2940379403794038 0.430625 0.3021680216802168 0.4325 0.32113821138211385 0.43125 0.3319783197831978 0.423125 0.3319783197831978 0.418125 0.3252032520325203 0.415625
1 0.6070460704607046 0.25 0.5907859078590786 0.25 0.5826558265582655 0.255 0.5853658536585366 0.264375 0.5989159891598916 0.27 0.6178861788617886 0.27 0.6260162601626016 0.26375 0.6233062330623306 0.255625 0.6070460704607046 0.25
1 0.7018970189701897 0.48875 0.6802168021680217 0.491875 0.6829268292682927 0.5125 0.6991869918699187 0.5125 0.7100271002710027 0.5075 0.7127371273712737 0.495 0.7100271002710027 0.49125 0.7018970189701897 0.48875
1 0.4173441734417344 0.575 0.4024390243902439 0.575 0.3861788617886179 0.579375 0.3780487804878049 0.58875 0.3807588075880759 0.593125 0.3888888888888889 0.59625 0.4024390243902439 0.59625 0.42140921409214094 0.59125 0.4268292682926829 0.581875 0.4173441734417344 0.575
1 0.3807588075880759 0.284375 0.37533875338753386 0.288125 0.3780487804878049 0.300625 0.3997289972899729 0.303125 0.4132791327913279 0.29125 0.4092140921409214 0.283125 0.3970189701897019 0.28125 0.3807588075880759 0.284375
1 0.7642276422764228 0.330625 0.7479674796747967 0.335625 0.7425474254742548 0.3425 0.7452574525745257 0.349375 0.7533875338753387 0.353125 0.7696476964769647 0.353125 0.7804878048780488 0.34875 0.7818428184281843 0.331875 0.7642276422764228 0.330625
1 0.1910569105691057 0.679375 0.16937669376693767 0.680625 0.16395663956639567 0.685 0.16666666666666666 0.6975 0.17750677506775067 0.7025 0.18834688346883469 0.7025 0.19647696476964768 0.7 0.2018970189701897 0.68875 0.1910569105691057 0.679375
1 0.42953929539295393 0.3425 0.4051490514905149 0.335625 0.3943089430894309 0.335625 0.3888888888888889 0.33875 0.38346883468834686 0.345625 0.3861788617886179 0.34875 0.3915989159891599 0.353125 0.4024390243902439 0.35625 0.4241192411924119 0.355625 0.43224932249322495 0.349375 0.42953929539295393 0.3425
1 0.43224932249322495 0.560625 0.4186991869918699 0.565625 0.4186991869918699 0.575625 0.4254742547425474 0.580625 0.44986449864498645 0.581875 0.46070460704607047 0.576875 0.462059620596206 0.57125 0.45121951219512196 0.563125 0.43224932249322495 0.560625
1 0.2791327913279133 0.54125 0.2669376693766938 0.54125 0.25338753387533874 0.54375 0.24254742547425473 0.549375 0.24525745257452575 0.558125 0.26151761517615174 0.559375 0.2804878048780488 0.555625 0.2886178861788618 0.55 0.2859078590785908 0.54375 0.2791327913279133 0.54125
1 0.3943089430894309 0.529375 0.3699186991869919 0.52875 0.35365853658536583 0.534375 0.35636856368563685 0.54125 0.3617886178861789 0.54375 0.38346883468834686 0.54625 0.3997289972899729 0.54375 0.4078590785907859 0.53625 0.3943089430894309 0.529375
1 0.14498644986449866 0.28375 0.12330623306233063 0.28375 0.11246612466124661 0.29 0.11246612466124661 0.295625 0.11788617886178862 0.29875 0.13143631436314362 0.303125 0.15718157181571815 0.30125 0.16124661246612465 0.298125 0.16124661246612465 0.28875 0.14498644986449866 0.28375
1 0.16124661246612465 0.6975 0.13414634146341464 0.695625 0.12059620596205962 0.7 0.12059620596205962 0.70625 0.12737127371273713 0.710625 0.14227642276422764 0.714375 0.16124661246612465 0.714375 0.17208672086720866 0.710625 0.17208672086720866 0.705625 0.16124661246612465 0.6975
1 0.8672086720867209 0.6875 0.8455284552845529 0.68875 0.8346883468834688 0.69875 0.8346883468834688 0.705625 0.8401084010840109 0.710625 0.8563685636856369 0.71125 0.8753387533875339 0.7025 0.8780487804878049 0.6925 0.8739837398373984 0.689375 0.8672086720867209 0.6875
1 0.8401084010840109 0.343125 0.8211382113821138 0.340625 0.8116531165311653 0.343125 0.7994579945799458 0.35625 0.8021680216802168 0.36375 0.8102981029810298 0.36625 0.8279132791327913 0.36625 0.8346883468834688 0.36375 0.8428184281842819 0.355625 0.8401084010840109 0.343125
1 0.7886178861788617 0.503125 0.7804878048780488 0.5075 0.7804878048780488 0.516875 0.7859078590785907 0.519375 0.8130081300813008 0.51875 0.8238482384823849 0.5125 0.8238482384823849 0.50375 0.8130081300813008 0.50125 0.7886178861788617 0.503125
1 0.6775067750677507 0.536875 0.6585365853658537 0.535 0.6395663956639567 0.54 0.6409214092140921 0.54875 0.6558265582655827 0.553125 0.6734417344173442 0.553125 0.6829268292682927 0.550625 0.6856368563685636 0.5425 0.6775067750677507 0.536875
1 0.6666666666666666 0.4675 0.6476964769647696 0.4675 0.6422764227642277 0.470625 0.6449864498644986 0.480625 0.6558265582655827 0.488125 0.6720867208672087 0.488125 0.6829268292682927 0.483125 0.6829268292682927 0.474375 0.6666666666666666 0.4675
1 0.6517615176151762 0.49375 0.6422764227642277 0.49375 0.6422764227642277 0.5075 0.6531165311653117 0.5125 0.6747967479674797 0.51125 0.6747967479674797 0.49375 0.6558265582655827 0.491875 0.6517615176151762 0.49375
1 0.4241192411924119 0.358125 0.3997289972899729 0.35875 0.3861788617886179 0.365625 0.3902439024390244 0.373125 0.3997289972899729 0.376875 0.4241192411924119 0.376875 0.43766937669376693 0.368125 0.4349593495934959 0.36 0.4241192411924119 0.358125
1 0.9186991869918699 0.649375 0.8888888888888888 0.649375 0.8780487804878049 0.655625 0.8807588075880759 0.664375 0.8888888888888888 0.6675 0.9132791327913279 0.66625 0.924119241192412 0.659375 0.924119241192412 0.653125 0.9186991869918699 0.649375
1 0.7398373983739838 0.35625 0.7208672086720868 0.35625 0.7127371273712737 0.360625 0.7100271002710027 0.37125 0.7154471544715447 0.376875 0.7235772357723578 0.379375 0.7330623306233063 0.379375 0.7452574525745257 0.37375 0.7479674796747967 0.36375 0.7398373983739838 0.35625
1 0.4634146341463415 0.5075 0.44037940379403795 0.50875 0.4349593495934959 0.515 0.43766937669376693 0.523125 0.453929539295393 0.528125 0.47560975609756095 0.525625 0.481029810298103 0.519375 0.47289972899729 0.51 0.4634146341463415 0.5075
1 0.28319783197831977 0.693125 0.26422764227642276 0.6925 0.25338753387533874 0.695625 0.24525745257452575 0.704375 0.24796747967479674 0.71125 0.25609756097560976 0.714375 0.26422764227642276 0.714375 0.2859078590785908 0.708125 0.2886178861788618 0.69875 0.28319783197831977 0.693125
1 0.43224932249322495 0.325 0.4186991869918699 0.325 0.4105691056910569 0.328125 0.4105691056910569 0.3375 0.4241192411924119 0.3425 0.44986449864498645 0.3425 0.453929539295393 0.339375 0.44579945799457993 0.328125 0.43224932249322495 0.325
1 0.11517615176151762 0.676875 0.1043360433604336 0.680625 0.1043360433604336 0.690625 0.12059620596205962 0.6925 0.13956639566395665 0.686875 0.14227642276422764 0.681875 0.13414634146341464 0.675625 0.11517615176151762 0.676875
1 0.5880758807588076 0.48125 0.5772357723577236 0.479375 0.5636856368563685 0.47875 0.55420054200542 0.48125 0.5501355013550135 0.48375 0.5528455284552846 0.49375 0.5663956639566395 0.5025 0.5799457994579946 0.505 0.5989159891598916 0.500625 0.5989159891598916 0.48875 0.5880758807588076 0.48125
1 0.6273712737127372 0.345625 0.6043360433604336 0.34375 0.5962059620596206 0.34625 0.5934959349593496 0.358125 0.5989159891598916 0.36375 0.6151761517615176 0.37 0.6260162601626016 0.37 0.6368563685636857 0.36625 0.6395663956639567 0.353125 0.6273712737127372 0.345625
1 0.7506775067750677 0.41125 0.7452574525745257 0.408125 0.7154471544715447 0.408125 0.7046070460704607 0.41625 0.7046070460704607 0.4225 0.7100271002710027 0.42625 0.7154471544715447 0.428125 0.7303523035230353 0.428125 0.7452574525745257 0.423125 0.7506775067750677 0.41875 0.7506775067750677 0.41125
1 0.2046070460704607 0.291875 0.19647696476964768 0.286875 0.17208672086720866 0.28625 0.16666666666666666 0.288125 0.16666666666666666 0.30375 0.1802168021680217 0.31125 0.19647696476964768 0.31125 0.2018970189701897 0.30875 0.2073170731707317 0.2975 0.2046070460704607 0.291875
1 0.7479674796747967 0.50625 0.7208672086720868 0.505625 0.7073170731707317 0.510625 0.7073170731707317 0.519375 0.7154471544715447 0.52375 0.7493224932249323 0.524375 0.7560975609756098 0.52125 0.7588075880758808 0.515 0.7479674796747967 0.50625
1 0.7168021680216802 0.46875 0.7018970189701897 0.46875 0.6910569105691057 0.474375 0.6937669376693767 0.485 0.7100271002710027 0.49 0.7235772357723578 0.48875 0.7289972899728997 0.48625 0.7262872628726287 0.47125 0.7168021680216802 0.46875
1 0.8428184281842819 0.66875 0.8279132791327913 0.66625 0.8157181571815718 0.6675 0.8048780487804879 0.675625 0.8075880758807588 0.683125 0.8211382113821138 0.690625 0.8373983739837398 0.69 0.8482384823848238 0.683125 0.8482384823848238 0.674375 0.8428184281842819 0.66875
1 0.6341463414634146 0.711875 0.6205962059620597 0.714375 0.6124661246612466 0.718125 0.6124661246612466 0.725 0.6165311653116531 0.728125 0.6260162601626016 0.73 0.6436314363143631 0.729375 0.6531165311653117 0.72375 0.6504065040650406 0.714375 0.6341463414634146 0.711875
1 0.3509485094850949 0.261875 0.32926829268292684 0.260625 0.31842818428184283 0.265 0.31842818428184283 0.279375 0.3319783197831978 0.283125 0.34552845528455284 0.283125 0.35636856368563685 0.28 0.35907859078590787 0.266875 0.3509485094850949 0.261875
1 0.6558265582655827 0.365625 0.6476964769647696 0.370625 0.6476964769647696 0.37875 0.6558265582655827 0.38375 0.6720867208672087 0.385625 0.6883468834688347 0.381875 0.6910569105691057 0.373125 0.6788617886178862 0.365625 0.6558265582655827 0.365625
1 0.3428184281842818 0.729375 0.33062330623306235 0.72125 0.3157181571815718 0.7225 0.3021680216802168 0.72875 0.2967479674796748 0.735 0.2994579945799458 0.745 0.31029810298102983 0.748125 0.31978319783197834 0.748125 0.33739837398373984 0.7425 0.3428184281842818 0.738125 0.3428184281842818 0.729375
1 0.16655149051490517 0.61263625 0.16090514905149053 0.62695875 0.16655149051490517 0.63151625 0.19336856368563685 0.63151625 0.20042547425474252 0.62044875 0.1891341463414634 0.611985 0.16655149051490517 0.61263625