1 0.16531165311653118 0.44625 0.15989159891598917 0.4375 0.14905149051490515 0.43375 0.13821138211382114 0.434375 0.12737127371273713 0.439375 0.13008130081300814 0.454375 0.13821138211382114 0.4575 0.15176151761517614 0.4575 0.16260162601626016 0.4525 0.16531165311653118 0.44625
1 0.6666666666666666 0.20875 0.6707317073170732 0.205625 0.6680216802168022 0.1975 0.6517615176151762 0.193125 0.6355013550135501 0.195 0.6246612466124661 0.198125 0.6192411924119241 0.2025 0.6192411924119241 0.20875 0.6368563685636857 0.214375 0.6490514905149052 0.214375 0.6666666666666666 0.20875
1 0.6436314363143631 0.6925 0.6436314363143631 0.68 0.6382113821138211 0.675625 0.6246612466124661 0.673125 0.6165311653116531 0.675625 0.6111111111111112 0.680625 0.6111111111111112 0.69125 0.6219512195121951 0.6975 0.6382113821138211 0.69625 0.6436314363143631 0.6925
1 0.462059620596206 0.21125 0.44986449864498645 0.209375 0.43360433604336046 0.21 0.4254742547425474 0.2175 0.4281842818428184 0.224375 0.4444444444444444 0.230625 0.46612466124661245 0.22875 0.46883468834688347 0.215625 0.462059620596206 0.21125
1 0.3685636856368564 0.47375 0.3604336043360434 0.4675 0.33875338753387535 0.465625 0.3252032520325203 0.470625 0.3252032520325203 0.48125 0.3319783197831978 0.485625 0.34959349593495936 0.486875 0.3604336043360434 0.485625 0.36585365853658536 0.4825 0.3685636856368564 0.47375
1 0.28184281842818426 0.4575 0.2791327913279133 0.446875 0.2682926829268293 0.4425 0.24932249322493225 0.443125 0.23577235772357724 0.453125 0.23848238482384823 0.46 0.2506775067750677 0.464375 0.26558265582655827 0.464375 0.2764227642276423 0.460625 0.28184281842818426 0.4575
1 0.6869918699186992 0.316875 0.6869918699186992 0.308125 0.6815718157181572 0.30625 0.6571815718157181 0.305625 0.6463414634146342 0.30625 0.6327913279132791 0.31125 0.6300813008130082 0.319375 0.6463414634146342 0.324375 0.6626016260162602 0.324375 0.6788617886178862 0.32125 0.6869918699186992 0.316875
1 0.45257452574525747 0.57375 0.45257452574525747 0.568125 0.4444444444444444 0.565625 0.42005420054200543 0.5625 0.4037940379403794 0.5675 0.4037940379403794 0.573125 0.41192411924119243 0.579375 0.4363143631436314 0.579375 0.4444444444444444 0.5775 0.45257452574525747 0.57375
1 0.33875338753387535 0.398125 0.33875338753387535 0.393125 0.31978319783197834 0.3875 0.3089430894308943 0.3875 0.2899728997289973 0.394375 0.2899728997289973 0.4 0.3035230352303523 0.40625 0.3224932249322493 0.40625 0.3333333333333333 0.401875 0.33875338753387535 0.398125
1 0.46883468834688347 0.6275 0.45799457994579945 0.620625 0.44715447154471544 0.618125 0.43360433604336046 0.618125 0.42005420054200543 0.623125 0.42005420054200543 0.630625 0.43089430894308944 0.6375 0.45257452574525747 0.64 0.46612466124661245 0.635625 0.46883468834688347 0.6275
1 0.8739837398373984 0.684375 0.8739837398373984 0.6775 0.8577235772357723 0.66875 0.8414634146341463 0.6675 0.8252032520325203 0.67125 0.8252032520325203 0.6825 0.8333333333333334 0.686875 0.8550135501355014 0.68875 0.8685636856368564 0.6875 0.8739837398373984 0.684375
1 0.7168021680216802 0.716875 0.7168021680216802 0.709375 0.7113821138211383 0.706875 0.6964769647696477 0.705625 0.6815718157181572 0.709375 0.6761517615176151 0.721875 0.6842818428184282 0.72625 0.7005420054200542 0.72625 0.7113821138211383 0.72125 0.7168021680216802 0.716875
1 0.36585365853658536 0.380625 0.35772357723577236 0.375625 0.33875338753387535 0.371875 0.32113821138211385 0.37125 0.3089430894308943 0.376875 0.3116531165311653 0.38375 0.33739837398373984 0.3925 0.35501355013550134 0.393125 0.36585365853658536 0.39 0.36585365853658536 0.380625
1 0.5691056910569106 0.525 0.5447154471544715 0.524375 0.5298102981029811 0.52125 0.524390243902439 0.524375 0.524390243902439 0.53375 0.537940379403794 0.5375 0.559620596205962 0.5375 0.5704607046070461 0.53375 0.5691056910569106 0.525
1 0.6897018970189702 0.398125 0.6585365853658537 0.396875 0.6463414634146342 0.40125 0.6436314363143631 0.408125 0.6490514905149052 0.413125 0.6707317073170732 0.415625 0.6869918699186992 0.411875 0.6924119241192412 0.408125 0.6897018970189702 0.398125
1 0.6138211382113821 0.56875 0.6165311653116531 0.56375 0.6070460704607046 0.554375 0.6002710027100271 0.5525 0.575880758807588 0.553125 0.5704607046070461 0.556875 0.5704607046070461 0.568125 0.575880758807588 0.571875 0.5894308943089431 0.575 0.6002710027100271 0.575 0.6138211382113821 0.56875
1 0.4349593495934959 0.3725 0.43902439024390244 0.370625 0.43902439024390244 0.36375 0.4281842818428184 0.35625 0.4173441734417344 0.35375 0.4024390243902439 0.35375 0.3915989159891599 0.35625 0.3875338753387534 0.36375 0.4065040650406504 0.375 0.4281842818428184 0.375 0.4349593495934959 0.3725
1 0.3224932249322493 0.368125 0.31978319783197834 0.360625 0.3062330623306233 0.3575 0.2926829268292683 0.35875 0.2872628726287263 0.361875 0.2845528455284553 0.37375 0.2926829268292683 0.376875 0.3062330623306233 0.376875 0.3170731707317073 0.373125 0.3224932249322493 0.368125
1 0.45799457994579945 0.41 0.4634146341463415 0.40625 0.4634146341463415 0.40125 0.45799457994579945 0.396875 0.44715447154471544 0.395 0.4146341463414634 0.3975 0.4037940379403794 0.40625 0.4037940379403794 0.410625 0.4186991869918699 0.41625 0.43360433604336046 0.415625 0.45799457994579945 0.41
1 0.6978319783197832 0.220625 0.6815718157181572 0.2125 0.6680216802168022 0.21 0.6490514905149052 0.216875 0.6463414634146342 0.22375 0.6544715447154471 0.22875 0.6924119241192412 0.230625 0.6978319783197832 0.228125 0.6978319783197832 0.220625
1 0.575880758807588 0.23375 0.5718157181571816 0.229375 0.5623306233062331 0.22625 0.5474254742547425 0.225625 0.532520325203252 0.23125 0.532520325203252 0.24 0.5392953929539296 0.24625 0.556910569105691 0.248125 0.573170731707317 0.243125 0.575880758807588 0.23375
1 0.4065040650406504 0.399375 0.3902439024390244 0.393125 0.3685636856368564 0.390625 0.35772357723577236 0.395 0.35772357723577236 0.401875 0.37398373983739835 0.408125 0.4010840108401084 0.406875 0.4065040650406504 0.404375 0.4065040650406504 0.399375
1 0.2222222222222222 0.60875 0.2005420054200542 0.60875 0.19241192411924118 0.613125 0.19241192411924118 0.623125 0.1978319783197832 0.6275 0.2222222222222222 0.63 0.23306233062330622 0.62625 0.23306233062330622 0.613125 0.2222222222222222 0.60875
1 0.9051490514905149 0.694375 0.9119241192411924 0.69 0.9119241192411924 0.683125 0.9065040650406504 0.68 0.8956639566395664 0.6775 0.8766937669376694 0.678125 0.8739837398373984 0.68375 0.8631436314363143 0.69 0.8658536585365854 0.69375 0.8848238482384824 0.6975 0.9051490514905149 0.694375
1 0.7113821138211383 0.1875 0.7032520325203252 0.184375 0.6869918699186992 0.183125 0.6653116531165312 0.19 0.6680216802168022 0.198125 0.6788617886178862 0.204375 0.7046070460704607 0.200625 0.7113821138211383 0.196875 0.7113821138211383 0.1875
1 0.7601626016260162 0.595 0.7439024390243902 0.59625 0.7249322493224932 0.606875 0.7303523035230353 0.614375 0.7425474254742548 0.6175 0.7682926829268293 0.615625 0.7764227642276422 0.611875 0.7791327913279132 0.59875 0.7601626016260162 0.595
1 0.6219512195121951 0.324375 0.6219512195121951 0.31625 0.6084010840108401 0.309375 0.592140921409214 0.30875 0.575880758807588 0.315 0.575880758807588 0.324375 0.5867208672086721 0.329375 0.6029810298102981 0.330625 0.6165311653116531 0.3275 0.6219512195121951 0.324375
1 0.6300813008130082 0.620625 0.6273712737127372 0.63 0.6355013550135501 0.64 0.6517615176151762 0.641875 0.6598915989159891 0.63875 0.6598915989159891 0.623125 0.6490514905149052 0.619375 0.6300813008130082 0.620625
1 0.3089430894308943 0.424375 0.2953929539295393 0.42375 0.2764227642276423 0.428125 0.27100271002710025 0.439375 0.28184281842818426 0.444375 0.3008130081300813 0.444375 0.3170731707317073 0.439375 0.31978319783197834 0.428125 0.3089430894308943 0.424375
1 0.9200542005420054 0.620625 0.9065040650406504 0.613125 0.8875338753387534 0.613125 0.8766937669376694 0.618125 0.8739837398373984 0.628125 0.8834688346883469 0.633125 0.8983739837398373 0.635 0.9092140921409214 0.6325 0.9173441734417345 0.6275 0.9200542005420054 0.620625
1 0.7520325203252033 0.57125 0.7208672086720868 0.5725 0.7113821138211383 0.5775 0.7113821138211383 0.58375 0.7262872628726287 0.58875 0.7466124661246613 0.589375 0.7601626016260162 0.586875 0.7628726287262872 0.575625 0.7520325203252033 0.57125
1 0.7926829268292683 0.6225 0.7872628726287263 0.618125 0.7764227642276422 0.615625 0.7493224932249323 0.618125 0.7384823848238482 0.625625 0.7411924119241192 0.6325 0.7466124661246613 0.635 0.7655826558265583 0.63625 0.7845528455284553 0.6325 0.7926829268292683 0.6225
1 0.44986449864498645 0.73125 0.43089430894308944 0.724375 0.3956639566395664 0.724375 0.3875338753387534 0.72875 0.3875338753387534 0.736875 0.3983739837398374 0.741875 0.42276422764227645 0.744375 0.4363143631436314 0.744375 0.44715447154471544 0.741875 0.44986449864498645 0.73125
1 0.8035230352303523 0.558125 0.7926829268292683 0.550625 0.7791327913279132 0.548125 0.7655826558265583 0.550625 0.7601626016260162 0.5575 0.7628726287262872 0.565 0.7737127371273713 0.57 0.7926829268292683 0.57 0.7981029810298103 0.568125 0.8035230352303523 0.558125
1 0.5975609756097561 0.536875 0.575880758807588 0.5325 0.559620596205962 0.536875 0.556910569105691 0.54375 0.5677506775067751 0.551875 0.5948509485094851 0.5525 0.6016260162601627 0.550625 0.6029810298102981 0.541875 0.5975609756097561 0.536875
1 0.7601626016260162 0.651875 0.7384823848238482 0.653125 0.7195121951219512 0.661875 0.7222222222222222 0.673125 0.7357723577235772 0.675625 0.7547425474254743 0.674375 0.7682926829268293 0.666875 0.7710027100271003 0.65875 0.7601626016260162 0.651875
1 0.28184281842818426 0.618125 0.2682926829268293 0.610625 0.24932249322493225 0.610625 0.23577235772357724 0.616875 0.23577235772357724 0.6325 0.26287262872628725 0.6325 0.2764227642276423 0.6275 0.28184281842818426 0.623125 0.28184281842818426 0.618125
1 0.6355013550135501 0.41125 0.6409214092140921 0.40625 0.6409214092140921 0.39625 0.6368563685636857 0.393125 0.6178861788617886 0.391875 0.6070460704607046 0.394375 0.6002710027100271 0.4 0.6002710027100271 0.41 0.6043360433604336 0.4125 0.6246612466124661 0.41375 0.6355013550135501 0.41125
1 0.6246612466124661 0.446875 0.6056910569105691 0.44625 0.5894308943089431 0.45 0.5840108401084011 0.4625 0.592140921409214 0.466875 0.6084010840108401 0.4675 0.6273712737127372 0.461875 0.6300813008130082 0.449375 0.6246612466124661 0.446875
1 0.8197831978319783 0.490625 0.8035230352303523 0.486875 0.7845528455284553 0.490625 0.7818428184281843 0.5 0.7899728997289973 0.5075 0.8116531165311653 0.508125 0.8224932249322493 0.505 0.8252032520325203 0.495625 0.8197831978319783 0.490625
1 0.6463414634146342 0.38 0.6463414634146342 0.375625 0.6300813008130082 0.366875 0.6165311653116531 0.366875 0.5975609756097561 0.371875 0.5948509485094851 0.380625 0.6084010840108401 0.38875 0.6273712737127372 0.38875 0.6409214092140921 0.38375 0.6463414634146342 0.38
1 0.6463414634146342 0.276875 0.6544715447154471 0.274375 0.6544715447154471 0.265625 0.6504065040650406 0.2625 0.6409214092140921 0.26 0.6273712737127372 0.26 0.6165311653116531 0.2625 0.6111111111111112 0.27 0.6151761517615176 0.27375 0.6219512195121951 0.276875 0.6463414634146342 0.276875
1 0.7276422764227642 0.354375 0.7127371273712737 0.350625 0.6869918699186992 0.355625 0.6815718157181572 0.36375 0.6869918699186992 0.37 0.7059620596205962 0.371875 0.7222222222222222 0.369375 0.7303523035230353 0.365 0.7276422764227642 0.354375
1 0.36720867208672087 0.3725 0.36585365853658536 0.384375 0.3699186991869919 0.390625 0.3956639566395664 0.393125 0.4065040650406504 0.38875 0.4065040650406504 0.375 0.39295392953929537 0.36875 0.36720867208672087 0.3725
1 0.5067750677506775 0.305625 0.510840108401084 0.303125 0.510840108401084 0.29625 0.4959349593495935 0.284375 0.48509485094850946 0.28125 0.46070460704607047 0.283125 0.45799457994579945 0.2975 0.4634146341463415 0.300625 0.4823848238482385 0.308125 0.5 0.308125 0.5067750677506775 0.305625
1 0.6029810298102981 0.38875 0.5907859078590786 0.380625 0.5840108401084011 0.38 0.5704607046070461 0.385 0.5650406504065041 0.39 0.5677506775067751 0.4 0.5718157181571816 0.4025 0.5840108401084011 0.403125 0.6002710027100271 0.398125 0.6029810298102981 0.38875
1 0.2140921409214092 0.424375 0.17886178861788618 0.423125 0.16802168021680217 0.42875 0.17344173441734417 0.435 0.18699186991869918 0.439375 0.2140921409214092 0.439375 0.2222222222222222 0.4375 0.22493224932249323 0.43125 0.2140921409214092 0.424375
1 0.524390243902439 0.398125 0.5298102981029811 0.393125 0.5298102981029811 0.385 0.524390243902439 0.380625 0.502710027100271 0.380625 0.4878048780487805 0.385625 0.4796747967479675 0.395 0.4796747967479675 0.401875 0.48509485094850946 0.404375 0.513550135501355 0.404375 0.524390243902439 0.398125
1 0.6897018970189702 0.455625 0.6666666666666666 0.454375 0.6544715447154471 0.46 0.6544715447154471 0.4675 0.6626016260162602 0.47375 0.6842818428184282 0.473125 0.6924119241192412 0.46875 0.6951219512195121 0.46 0.6897018970189702 0.455625
1 0.6355013550135501 0.29625 0.6287262872628726 0.291875 0.5934959349593496 0.29125 0.5894308943089431 0.3025 0.5962059620596206 0.306875 0.6097560975609756 0.309375 0.6246612466124661 0.308125 0.6355013550135501 0.303125 0.6355013550135501 0.29625
1 0.8468834688346883 0.6275 0.8252032520325203 0.6275 0.8143631436314364 0.6325 0.8116531165311653 0.644375 0.8197831978319783 0.64875 0.8414634146341463 0.649375 0.8550135501355014 0.643125 0.8577235772357723 0.6375 0.8468834688346883 0.6275
1 0.6815718157181572 0.640625 0.6626016260162602 0.638125 0.6517615176151762 0.641875 0.6517615176151762 0.653125 0.6653116531165312 0.66375 0.6842818428184282 0.665 0.6951219512195121 0.66 0.6951219512195121 0.646875 0.6815718157181572 0.640625
1 0.5704607046070461 0.40125 0.556910569105691 0.393125 0.5447154471544715 0.391875 0.532520325203252 0.394375 0.5271002710027101 0.398125 0.5271002710027101 0.4025 0.540650406504065 0.41125 0.559620596205962 0.411875 0.5677506775067751 0.40875 0.5704607046070461 0.40125
1 0.6056910569105691 0.515 0.6138211382113821 0.5125 0.6192411924119241 0.5075 0.6165311653116531 0.491875 0.6029810298102981 0.486875 0.592140921409214 0.486875 0.5813008130081301 0.490625 0.575880758807588 0.495625 0.575880758807588 0.51 0.5840108401084011 0.515 0.592140921409214 0.515625 0.6056910569105691 0.515
1 0.9281842818428184 0.269375 0.8983739837398373 0.271875 0.8875338753387534 0.276875 0.8875338753387534 0.283125 0.8943089430894309 0.28625 0.9146341463414634 0.28625 0.9336043360433605 0.28 0.9363143631436315 0.2725 0.9281842818428184 0.269375
1 0.6626016260162602 0.42625 0.6598915989159891 0.42125 0.6382113821138211 0.416875 0.6219512195121951 0.41875 0.6084010840108401 0.4275 0.6111111111111112 0.433125 0.6192411924119241 0.43625 0.6409214092140921 0.43625 0.6571815718157181 0.43125 0.6626016260162602 0.42625
1 0.27371273712737126 0.391875 0.25474254742547425 0.390625 0.24390243902439024 0.39625 0.24119241192411925 0.40125 0.24796747967479674 0.409375 0.2696476964769648 0.415625 0.2845528455284553 0.411875 0.2845528455284553 0.396875 0.27371273712737126 0.391875
1 0.8224932249322493 0.669375 0.8062330623306233 0.6625 0.7791327913279132 0.661875 0.7655826558265583 0.66875 0.7628726287262872 0.674375 0.7737127371273713 0.68 0.8170731707317073 0.68 0.8224932249322493 0.6775 0.8224932249322493 0.669375
1 0.45799457994579945 0.42125 0.45257452574525747 0.41625 0.44715447154471544 0.41375 0.4254742547425474 0.41625 0.4173441734417344 0.423125 0.42140921409214094 0.435625 0.43089430894308944 0.439375 0.4444444444444444 0.439375 0.45528455284552843 0.434375 0.45799457994579945 0.42125
1 0.6598915989159891 0.659375 0.6544715447154471 0.654375 0.6436314363143631 0.65125 0.6233062330623306 0.65125 0.6165311653116531 0.65875 0.6192411924119241 0.66875 0.6382113821138211 0.675625 0.6463414634146342 0.675625 0.6571815718157181 0.67125 0.6598915989159891 0.659375
1 0.4254742547425474 0.53875 0.3997289972899729 0.53875 0.3821138211382114 0.545 0.3821138211382114 0.55 0.3956639566395664 0.554375 0.4173441734417344 0.555 0.43089430894308944 0.550625 0.4363143631436314 0.54375 0.4254742547425474 0.53875
1 0.3116531165311653 0.330625 0.3035230352303523 0.3275 0.2899728997289973 0.3275 0.2764227642276423 0.330625 0.27100271002710025 0.334375 0.27100271002710025 0.345625 0.2764227642276423 0.348125 0.2953929539295393 0.3475 0.3116531165311653 0.3425 0.3116531165311653 0.330625
1 0.25745257452574527 0.360625 0.23035230352303523 0.36125 0.21951219512195122 0.368125 0.2222222222222222 0.37375 0.23035230352303523 0.376875 0.2601626016260163 0.37875 0.27371273712737126 0.375 0.2764227642276423 0.36625 0.25745257452574527 0.360625
1 0.41192411924119243 0.579375 0.4010840108401084 0.5725 0.3794037940379404 0.57375 0.3712737127371274 0.5775 0.36585365853658536 0.584375 0.3685636856368564 0.590625 0.3821138211382114 0.594375 0.3983739837398374 0.59375 0.4092140921409214 0.586875 0.41192411924119243 0.579375
1 0.524390243902439 0.404375 0.5 0.40625 0.4905149051490515 0.41375 0.494579945799458 0.421875 0.510840108401084 0.42625 0.5298102981029811 0.423125 0.537940379403794 0.418125 0.540650406504065 0.411875 0.524390243902439 0.404375
1 0.7710027100271003 0.510625 0.7493224932249323 0.51125 0.7330623306233063 0.519375 0.7330623306233063 0.52625 0.7493224932249323 0.530625 0.7628726287262872 0.530625 0.7791327913279132 0.52625 0.7818428184281843 0.51375 0.7710027100271003 0.510625
1 0.5975609756097561 0.36375 0.5785907859078591 0.35625 0.559620596205962 0.35625 0.5447154471544715 0.36 0.540650406504065 0.363125 0.5433604336043361 0.371875 0.55420054200542 0.376875 0.5785907859078591 0.3775 0.5962059620596206 0.37375 0.5975609756097561 0.36375
1 0.6598915989159891 0.558125 0.6653116531165312 0.554375 0.6653116531165312 0.5475 0.6626016260162602 0.544375 0.6544715447154471 0.5425 0.6300813008130082 0.54375 0.6192411924119241 0.55 0.6192411924119241 0.558125 0.6260162601626016 0.5625 0.6490514905149052 0.561875 0.6598915989159891 0.558125
1 0.8387533875338753 0.550625 0.8197831978319783 0.550625 0.8062330623306233 0.5575 0.8089430894308943 0.56375 0.8224932249322493 0.57 0.8441734417344173 0.570625 0.8563685636856369 0.566875 0.8577235772357723 0.56 0.8387533875338753 0.550625
1 0.6355013550135501 0.46875 0.6124661246612466 0.46875 0.6056910569105691 0.470625 0.6002710027100271 0.4825 0.6124661246612466 0.48875 0.6327913279132791 0.48875 0.6436314363143631 0.48375 0.6463414634146342 0.475625 0.6355013550135501 0.46875
1 0.24932249322493225 0.41375 0.22899728997289973 0.413125 0.21951219512195122 0.415625 0.21680216802168023 0.423125 0.23306233062330622 0.435625 0.24932249322493225 0.43625 0.26287262872628725 0.433125 0.26558265582655827 0.4225 0.24932249322493225 0.41375
1 0.3821138211382114 0.3425 0.3685636856368564 0.335625 0.35365853658536583 0.334375 0.33875338753387535 0.3375 0.33604336043360433 0.349375 0.34146341463414637 0.35375 0.35365853658536583 0.35625 0.3685636856368564 0.35625 0.3794037940379404 0.353125 0.3821138211382114 0.3425
1 0.3089430894308943 0.474375 0.2791327913279133 0.474375 0.26558265582655827 0.480625 0.26558265582655827 0.485625 0.2750677506775068 0.490625 0.2981029810298103 0.49125 0.3143631436314363 0.4875 0.3170731707317073 0.480625 0.3089430894308943 0.474375
1 0.7737127371273713 0.690625 0.7547425474254743 0.680625 0.7439024390243902 0.679375 0.7276422764227642 0.683125 0.7249322493224932 0.69125 0.7303523035230353 0.6975 0.7466124661246613 0.7025 0.7655826558265583 0.703125 0.7710027100271003 0.70125 0.7737127371273713 0.690625
1 0.2926829268292683 0.316875 0.2926829268292683 0.31125 0.28184281842818426 0.304375 0.2588075880758808 0.303125 0.24796747967479674 0.306875 0.24390243902439024 0.315 0.25474254742547425 0.3225 0.27371273712737126 0.324375 0.2859078590785908 0.32125 0.2926829268292683 0.316875
1 0.6476964769647696 0.350625 0.6626016260162602 0.341875 0.6626016260162602 0.33 0.6517615176151762 0.325 0.6355013550135501 0.325 0.6260162601626016 0.328125 0.6219512195121951 0.3325 0.6219512195121951 0.345625 0.6327913279132791 0.3525 0.6436314363143631 0.3525 0.6476964769647696 0.350625
1 0.521680216802168 0.434375 0.516260162601626 0.428125 0.4959349593495935 0.42125 0.4823848238482385 0.42125 0.4634146341463415 0.42625 0.46612466124661245 0.435625 0.481029810298103 0.4425 0.502710027100271 0.444375 0.518970189701897 0.44 0.521680216802168 0.434375
1 0.2140921409214092 0.44 0.1951219512195122 0.441875 0.18157181571815717 0.45 0.18157181571815717 0.455 0.1897018970189702 0.459375 0.20596205962059622 0.459375 0.21951219512195122 0.455 0.2222222222222222 0.446875 0.2140921409214092 0.44
1 0.6951219512195121 0.66375 0.6734417344173442 0.66625 0.6626016260162602 0.6725 0.6626016260162602 0.680625 0.6761517615176151 0.684375 0.6978319783197832 0.683125 0.7059620596205962 0.678125 0.7086720867208672 0.66875 0.6951219512195121 0.66375
1 0.17208672086720866 0.629375 0.18157181571815717 0.6225 0.18157181571815717 0.611875 0.17344173441734417 0.6075 0.16260162601626016 0.60625 0.14905149051490515 0.60875 0.14092140921409213 0.615 0.13550135501355012 0.620625 0.13550135501355012 0.6275 0.14363143631436315 0.6325 0.15989159891598917 0.633125 0.17208672086720866 0.629375
1 0.5487804878048781 0.630625 0.5257452574525745 0.630625 0.513550135501355 0.63625 0.510840108401084 0.645625 0.518970189701897 0.650625 0.5433604336043361 0.651875 0.55420054200542 0.646875 0.556910569105691 0.63625 0.5487804878048781 0.630625
1 0.556910569105691 0.575 0.5460704607046071 0.5725 0.5271002710027101 0.573125 0.5271002710027101 0.589375 0.5365853658536586 0.59375 0.556910569105691 0.59375 0.5623306233062331 0.59125 0.5650406504065041 0.581875 0.556910569105691 0.575
1 0.5677506775067751 0.5125 0.535230352303523 0.5125 0.5298102981029811 0.515 0.5298102981029811 0.521875 0.5365853658536586 0.524375 0.5650406504065041 0.525625 0.5704607046070461 0.52375 0.573170731707317 0.515625 0.5677506775067751 0.5125
1 0.35501355013550134 0.4025 0.33875338753387535 0.4 0.3224932249322493 0.408125 0.3224932249322493 0.42125 0.3252032520325203 0.423125 0.34688346883468835 0.423125 0.35501355013550134 0.41875 0.35772357723577236 0.405 0.35501355013550134 0.4025
1 0.5894308943089431 0.28125 0.5785907859078591 0.276875 0.5663956639566395 0.276875 0.556910569105691 0.28 0.5487804878048781 0.286875 0.551490514905149 0.29875 0.5650406504065041 0.3025 0.575880758807588 0.30125 0.5894308943089431 0.29625 0.5894308943089431 0.28125
1 0.35501355013550134 0.680625 0.34417344173441733 0.676875 0.32791327913279134 0.678125 0.3170731707317073 0.684375 0.3170731707317073 0.693125 0.3224932249322493 0.6975 0.32791327913279134 0.7 0.34417344173441733 0.7 0.35501355013550134 0.69375 0.35501355013550134 0.680625
1 0.6869918699186992 0.355625 0.6734417344173442 0.3475 0.6585365853658537 0.3475 0.6436314363143631 0.354375 0.6409214092140921 0.36625 0.6490514905149052 0.375 0.6653116531165312 0.373125 0.6788617886178862 0.368125 0.6842818428184282 0.363125 0.6869918699186992 0.355625
1 0.4742547425474255 0.37375 0.45799457994579945 0.37375 0.44715447154471544 0.379375 0.4444444444444444 0.3875 0.45257452574525747 0.394375 0.4715447154471545 0.395 0.48509485094850946 0.389375 0.4878048780487805 0.3825 0.4742547425474255 0.37375
1 0.524390243902439 0.28125 0.505420054200542 0.28375 0.502710027100271 0.288125 0.513550135501355 0.30125 0.518970189701897 0.303125 0.537940379403794 0.303125 0.5460704607046071 0.30125 0.5460704607046071 0.28625 0.524390243902439 0.28125
1 0.25203252032520324 0.59875 0.24119241192411925 0.59375 0.22493224932249323 0.591875 0.2073170731707317 0.593125 0.1978319783197832 0.59875 0.2005420054200542 0.60375 0.21002710027100271 0.606875 0.23577235772357724 0.60875 0.24932249322493225 0.60625 0.25203252032520324 0.59875