0 0.6312292358803987 0.223125 0.6403654485049833 0.21875 0.6578073089700996 0.204375 0.6694352159468439 0.185 0.6710963455149501 0.1625 0.6611295681063123 0.141875 0.6403654485049833 0.125 0.6187707641196013 0.116875 0.5855481727574751 0.11375 0.5622923588039868 0.116875 0.5490033222591362 0.12125 0.5299003322259136 0.133125 0.5199335548172758 0.14375 0.5141196013289037 0.155 0.5124584717607974 0.175 0.5141196013289037 0.184375 0.520764119601329 0.1975 0.5390365448504983 0.215625 0.5490033222591362 0.22125 0.5739202657807309 0.23 0.606312292358804 0.23 0.6312292358803987 0.223125
1 0.6478405315614618 0.266875 0.6411960132890365 0.264375 0.622093023255814 0.264375 0.6079734219269103 0.27125 0.6054817275747508 0.274375 0.6046511627906976 0.28 0.6079734219269103 0.285 0.617109634551495 0.290625 0.6237541528239202 0.291875 0.6403654485049833 0.290625 0.6470099667774086 0.2875 0.654485049833887 0.27875 0.6478405315614618 0.266875
1 0.6802325581395349 0.535625 0.6694352159468439 0.5275 0.6611295681063123 0.5275 0.6553156146179402 0.530625 0.6470099667774086 0.53625 0.6428571428571429 0.5425 0.6420265780730897 0.551875 0.6478405315614618 0.560625 0.654485049833887 0.5625 0.6769102990033222 0.5625 0.6794019933554817 0.560625 0.6843853820598007 0.550625 0.6843853820598007 0.5425 0.6802325581395349 0.535625
1 0.5897009966777409 0.451875 0.5822259136212624 0.451875 0.5764119601328903 0.45375 0.5705980066445183 0.459375 0.5705980066445183 0.475 0.5813953488372093 0.485 0.5872093023255814 0.4875 0.606312292358804 0.4875 0.6129568106312292 0.484375 0.6137873754152824 0.469375 0.5996677740863787 0.455625 0.5897009966777409 0.451875
1 0.21179401993355482 0.53125 0.20348837209302326 0.5175 0.1951827242524917 0.514375 0.18272425249169436 0.514375 0.1744186046511628 0.52125 0.17358803986710963 0.5325 0.1760797342192691 0.539375 0.18106312292358803 0.543125 0.1893687707641196 0.546875 0.2009966777408638 0.546875 0.20681063122923588 0.54375 0.2101328903654485 0.540625 0.21179401993355482 0.53125
1 0.48255813953488375 0.409375 0.47674418604651164 0.411875 0.4700996677740864 0.41875 0.46179401993355484 0.4325 0.46179401993355484 0.446875 0.48006644518272423 0.4525 0.4950166112956811 0.449375 0.5074750830564784 0.439375 0.5116279069767442 0.4325 0.5116279069767442 0.416875 0.5 0.409375 0.48255813953488375 0.409375
1 0.45514950166112955 0.3925 0.4410299003322259 0.39375 0.4335548172757475 0.3975 0.4269102990033223 0.404375 0.4269102990033223 0.410625 0.44435215946843853 0.42375 0.46511627906976744 0.421875 0.4742524916943522 0.415625 0.47674418604651164 0.410625 0.47674418604651164 0.406875 0.47093023255813954 0.399375 0.45514950166112955 0.3925
1 0.7225913621262459 0.414375 0.7200996677740864 0.4 0.7051495016611296 0.39125 0.6926910299003323 0.39125 0.686046511627907 0.39375 0.6769102990033222 0.39875 0.6710963455149501 0.405 0.670265780730897 0.410625 0.675249169435216 0.419375 0.6818936877076412 0.425 0.6918604651162791 0.4275 0.7026578073089701 0.4275 0.7109634551495017 0.425 0.717607973421927 0.42125 0.7225913621262459 0.414375
1 0.6810631229235881 0.644375 0.6727574750830565 0.628125 0.6602990033222591 0.62125 0.6503322259136213 0.620625 0.6403654485049833 0.625 0.6353820598006644 0.625 0.6320598006644518 0.629375 0.6320598006644518 0.64875 0.6353820598006644 0.654375 0.6461794019933554 0.6625 0.6519933554817275 0.665 0.6644518272425249 0.665 0.675249169435216 0.66 0.6802325581395349 0.654375 0.6810631229235881 0.644375
1 0.5357142857142857 0.45625 0.5182724252491694 0.446875 0.5024916943521595 0.4475 0.4950166112956811 0.45625 0.49667774086378735 0.470625 0.5016611295681063 0.48 0.520764119601329 0.49125 0.5348837209302325 0.489375 0.542358803986711 0.480625 0.5440199335548173 0.474375 0.542358803986711 0.46375 0.5357142857142857 0.45625
1 0.686046511627907 0.689375 0.6777408637873754 0.685 0.6669435215946844 0.685625 0.6486710963455149 0.689375 0.6378737541528239 0.701875 0.6378737541528239 0.72 0.6470099667774086 0.7275 0.6611295681063123 0.728125 0.670265780730897 0.725 0.6852159468438538 0.71375 0.6893687707641196 0.70625 0.6893687707641196 0.694375 0.686046511627907 0.689375
1 0.4318936877076412 0.566875 0.43272425249169433 0.56 0.42940199335548174 0.555 0.4210963455149502 0.548125 0.4069767441860465 0.543125 0.4003322259136213 0.5425 0.3862126245847176 0.545625 0.3729235880398671 0.5575 0.37209302325581395 0.561875 0.37790697674418605 0.570625 0.3845514950166113 0.575625 0.3953488372093023 0.57875 0.4111295681063123 0.57875 0.4186046511627907 0.576875 0.42857142857142855 0.57125 0.4318936877076412 0.566875
1 0.6661129568106312 0.84 0.6661129568106312 0.83375 0.6602990033222591 0.82375 0.6495016611295681 0.8175 0.6353820598006644 0.816875 0.6204318936877077 0.824375 0.6162790697674418 0.830625 0.6162790697674418 0.838125 0.622093023255814 0.85 0.6337209302325582 0.856875 0.6387043189368771 0.8575 0.6578073089700996 0.853125 0.6636212624584718 0.846875 0.6661129568106312 0.84
1 0.6735880398671097 0.56375 0.6627906976744186 0.564375 0.6528239202657807 0.57625 0.6519933554817275 0.589375 0.659468438538206 0.6025 0.6669435215946844 0.609375 0.6802325581395349 0.61 0.6868770764119602 0.6025 0.6877076411960132 0.595 0.6794019933554817 0.566875 0.6735880398671097 0.56375
1 0.1877076411960133 0.48375 0.1777408637873754 0.478125 0.16362126245847175 0.47875 0.14950166112956811 0.4925 0.14867109634551495 0.508125 0.1553156146179402 0.513125 0.16279069767441862 0.515 0.1777408637873754 0.514375 0.1852159468438538 0.508125 0.19102990033222592 0.496875 0.19102990033222592 0.49 0.1877076411960133 0.48375
1 0.7383720930232558 0.62625 0.739202657807309 0.62 0.7350498338870431 0.610625 0.71843853820598 0.6 0.6910299003322259 0.6 0.6760797342192691 0.615 0.6744186046511628 0.62 0.6769102990033222 0.633125 0.686046511627907 0.64 0.6960132890365448 0.64375 0.7101328903654485 0.64375 0.7200996677740864 0.64125 0.7342192691029901 0.63375 0.7383720930232558 0.62625
1 0.40946843853820597 0.651875 0.4019933554817276 0.64625 0.3953488372093023 0.644375 0.38205980066445183 0.64625 0.3704318936877076 0.65625 0.36710963455149503 0.661875 0.36627906976744184 0.676875 0.3729235880398671 0.686875 0.38205980066445183 0.690625 0.3911960132890365 0.69125 0.4069767441860465 0.685625 0.41362126245847175 0.675625 0.4152823920265781 0.6625 0.40946843853820597 0.651875
1 0.5116279069767442 0.70875 0.5141196013289037 0.70375 0.5132890365448505 0.691875 0.5 0.680625 0.47674418604651164 0.675625 0.4601328903654485 0.6875 0.457641196013289 0.691875 0.4584717607973422 0.701875 0.46179401993355484 0.706875 0.4642857142857143 0.706875 0.47093023255813954 0.713125 0.4850498338870432 0.716875 0.49750830564784054 0.716875 0.5116279069767442 0.70875
1 0.4684385382059801 0.733125 0.4543189368770764 0.7325 0.44518272425249167 0.73 0.43106312292358806 0.740625 0.4269102990033223 0.746875 0.4260797342192691 0.755625 0.43023255813953487 0.76125 0.43853820598006643 0.76625 0.45016611295681064 0.76875 0.4584717607973422 0.76625 0.4700996677740864 0.75875 0.4742524916943522 0.743125 0.4684385382059801 0.733125
1 0.643687707641196 0.675625 0.632890365448505 0.6675 0.6270764119601329 0.665625 0.6079734219269103 0.66625 0.6004983388704319 0.670625 0.5930232558139535 0.67875 0.5921926910299004 0.685625 0.5946843853820598 0.69125 0.6021594684385382 0.696875 0.6154485049833887 0.700625 0.6295681063122923 0.700625 0.6411960132890365 0.694375 0.6453488372093024 0.6875 0.643687707641196 0.675625
1 0.24335548172757476 0.610625 0.23172757475083056 0.600625 0.22591362126245848 0.59875 0.21096345514950166 0.6 0.20431893687707642 0.60375 0.20016611295681064 0.61 0.19767441860465115 0.624375 0.20764119601328904 0.63875 0.21345514950166114 0.64125 0.2292358803986711 0.64125 0.2367109634551495 0.63875 0.2441860465116279 0.633125 0.24584717607973422 0.615625 0.24335548172757476 0.610625
1 0.446843853820598 0.435 0.4418604651162791 0.4225 0.4368770764119601 0.416875 0.4269102990033223 0.411875 0.4152823920265781 0.410625 0.40780730897009965 0.413125 0.4003322259136213 0.41875 0.39867109634551495 0.42375 0.4011627906976744 0.433125 0.41362126245847175 0.45 0.4277408637873754 0.45625 0.43521594684385384 0.45625 0.44019933554817275 0.45375 0.44518272425249167 0.445625 0.446843853820598 0.435
1 0.29817275747508304 0.43 0.2915282392026578 0.4275 0.27408637873754155 0.4275 0.26411960132890366 0.434375 0.26411960132890366 0.448125 0.2707641196013289 0.45375 0.28488372093023256 0.458125 0.3023255813953488 0.458125 0.3106312292358804 0.451875 0.30980066445182725 0.44 0.3064784053156146 0.435 0.29817275747508304 0.43
1 0.40780730897009965 0.61 0.39285714285714285 0.600625 0.38289036544850497 0.598125 0.36794019933554817 0.598125 0.3588039867109635 0.600625 0.35299003322259137 0.605 0.35299003322259137 0.6125 0.35714285714285715 0.619375 0.3729235880398671 0.629375 0.38704318936877075 0.633125 0.4019933554817276 0.633125 0.4111295681063123 0.62875 0.4111295681063123 0.615 0.40780730897009965 0.61
1 0.7009966777408638 0.473125 0.6976744186046512 0.470625 0.6901993355481728 0.46625 0.6777408637873754 0.46375 0.6578073089700996 0.46375 0.6470099667774086 0.46625 0.6387043189368771 0.471875 0.6378737541528239 0.480625 0.6486710963455149 0.49125 0.6586378737541528 0.495 0.6719269102990033 0.495 0.6893687707641196 0.491875 0.7009966777408638 0.484375 0.7026578073089701 0.480625 0.7009966777408638 0.473125
1 0.23006644518272426 0.5625 0.20930232558139536 0.560625 0.19767441860465115 0.56875 0.1951827242524917 0.574375 0.19435215946843853 0.588125 0.19684385382059802 0.593125 0.20514950166112958 0.6 0.22259136212624583 0.598125 0.2350498338870432 0.59125 0.23837209302325582 0.575625 0.2350498338870432 0.566875 0.23006644518272426 0.5625
1 0.2749169435215947 0.55 0.26411960132890366 0.550625 0.2516611295681063 0.55375 0.24003322259136212 0.564375 0.23920265780730898 0.570625 0.24169435215946844 0.575625 0.25 0.58125 0.2691029900332226 0.58125 0.2915282392026578 0.57125 0.29401993355481726 0.560625 0.2857142857142857 0.5525 0.2749169435215947 0.55
1 0.4900332225913621 0.481875 0.49335548172757476 0.474375 0.49169435215946844 0.46875 0.48754152823920266 0.46125 0.4775747508305648 0.4525 0.46511627906976744 0.448125 0.4526578073089701 0.448125 0.44435215946843853 0.45 0.4377076411960133 0.45625 0.43521594684385384 0.459375 0.4377076411960133 0.470625 0.4476744186046512 0.480625 0.45182724252491696 0.48125 0.46096345514950166 0.4875 0.47674418604651164 0.48875 0.48421926910299 0.486875 0.4900332225913621 0.481875
1 0.4111295681063123 0.400625 0.40780730897009965 0.388125 0.39368770764119604 0.379375 0.38205980066445183 0.379375 0.36710963455149503 0.3825 0.35299003322259137 0.391875 0.3504983388704319 0.39625 0.3480066445182724 0.40875 0.35132890365448505 0.4175 0.3554817275747508 0.421875 0.36794019933554817 0.42625 0.3795681063122924 0.42625 0.3945182724252492 0.421875 0.4053156146179402 0.413125 0.4111295681063123 0.400625
1 0.43106312292358806 0.6875 0.4269102990033223 0.68875 0.41362126245847175 0.6975 0.40863787375415284 0.70875 0.40863787375415284 0.72125 0.4152823920265781 0.734375 0.42358803986710963 0.738125 0.4377076411960133 0.735 0.44933554817275745 0.720625 0.44933554817275745 0.70625 0.4393687707641196 0.690625 0.43106312292358806 0.6875
1 0.25830564784053156 0.481875 0.24750830564784054 0.47875 0.22591362126245848 0.48125 0.21760797342192692 0.488125 0.2159468438538206 0.49625 0.21843853820598005 0.50125 0.22425249169435216 0.50625 0.23754152823920266 0.51125 0.2599667774086379 0.509375 0.26827242524916944 0.5 0.2649501661129568 0.4875 0.25830564784053156 0.481875
1 0.2599667774086379 0.5275 0.24750830564784054 0.52125 0.2350498338870432 0.52125 0.22425249169435216 0.524375 0.21179401993355482 0.535625 0.21179401993355482 0.545 0.22009966777408638 0.555 0.22591362126245848 0.5575 0.24086378737541528 0.5575 0.24833887043189368 0.555 0.25830564784053156 0.5475 0.2632890365448505 0.5375 0.2599667774086379 0.5275
1 0.5573089700996677 0.5725 0.5398671096345515 0.566875 0.5290697674418605 0.56875 0.520764119601329 0.575625 0.520764119601329 0.585 0.5282392026578073 0.595 0.5357142857142857 0.6 0.5490033222591362 0.603125 0.5631229235880398 0.60125 0.5672757475083057 0.595 0.5681063122923588 0.58375 0.5573089700996677 0.5725
1 0.45514950166112955 0.64625 0.44019933554817275 0.64625 0.43272425249169433 0.65125 0.4318936877076412 0.665 0.44019933554817275 0.67625 0.44933554817275745 0.6825 0.46511627906976744 0.6825 0.4750830564784053 0.675 0.4750830564784053 0.663125 0.4634551495016611 0.650625 0.45514950166112955 0.64625
1 0.723421926910299 0.56875 0.7142857142857143 0.56375 0.7026578073089701 0.56375 0.6885382059800664 0.57 0.6852159468438538 0.57375 0.6852159468438538 0.58375 0.6910299003322259 0.59625 0.6951827242524917 0.598125 0.7084717607973422 0.59875 0.7192691029900332 0.596875 0.7267441860465116 0.584375 0.723421926910299 0.56875
1 0.6104651162790697 0.598125 0.6021594684385382 0.588125 0.5880398671096345 0.58125 0.5755813953488372 0.581875 0.5689368770764119 0.5875 0.5672757475083057 0.6025 0.574750830564784 0.613125 0.5930232558139535 0.623125 0.6021594684385382 0.623125 0.6079734219269103 0.620625 0.6129568106312292 0.613125 0.6129568106312292 0.605 0.6104651162790697 0.598125
1 0.48172757475083056 0.56375 0.4634551495016611 0.54875 0.45598006644518274 0.545625 0.44019933554817275 0.545625 0.43521594684385384 0.548125 0.43272425249169433 0.5525 0.43272425249169433 0.570625 0.4426910299003322 0.5775 0.45016611295681064 0.58125 0.46096345514950166 0.583125 0.47591362126245845 0.58125 0.48006644518272423 0.57875 0.4833887043189369 0.571875 0.48172757475083056 0.56375
1 0.29485049833887045 0.39875 0.28488372093023256 0.403125 0.2757475083056478 0.413125 0.2749169435215947 0.4225 0.2782392026578073 0.42625 0.30564784053156147 0.43 0.32142857142857145 0.420625 0.32558139534883723 0.413125 0.32558139534883723 0.40625 0.31727574750830567 0.398125 0.29485049833887045 0.39875
1 0.26245847176079734 0.416875 0.24169435215946844 0.41625 0.2350498338870432 0.42 0.22674418604651161 0.43 0.22674418604651161 0.44 0.23920265780730898 0.45375 0.25332225913621265 0.455625 0.2632890365448505 0.451875 0.26411960132890366 0.435 0.26993355481727577 0.43 0.2707641196013289 0.425 0.26245847176079734 0.416875
1 0.5664451827242525 0.410625 0.553156146179402 0.39875 0.5440199335548173 0.39625 0.5282392026578073 0.39625 0.5149501661129569 0.406875 0.5141196013289037 0.41375 0.5166112956810631 0.42 0.520764119601329 0.425 0.5357142857142857 0.431875 0.553156146179402 0.431875 0.5631229235880398 0.426875 0.5672757475083057 0.421875 0.5664451827242525 0.410625
1 0.6303986710963455 0.886875 0.6196013289036545 0.88 0.6004983388704319 0.88125 0.595514950166113 0.88375 0.5880398671096345 0.88375 0.5830564784053156 0.886875 0.5813953488372093 0.89625 0.5838870431893688 0.900625 0.590531561461794 0.9075 0.5988372093023255 0.910625 0.6179401993355482 0.910625 0.6320598006644518 0.90125 0.632890365448505 0.8925 0.6303986710963455 0.886875
1 0.6445182724252492 0.58 0.632890365448505 0.574375 0.6212624584717608 0.574375 0.6154485049833887 0.5775 0.6112956810631229 0.585625 0.6112956810631229 0.598125 0.6179401993355482 0.6125 0.6320598006644518 0.623125 0.6428571428571429 0.623125 0.6536544850498339 0.61875 0.6586378737541528 0.61125 0.6586378737541528 0.601875 0.6445182724252492 0.58
1 0.3430232558139535 0.716875 0.34053156146179403 0.711875 0.3313953488372093 0.705 0.3081395348837209 0.70375 0.28820598006644516 0.71125 0.2807308970099668 0.719375 0.2782392026578073 0.72625 0.27740863787375414 0.73375 0.2840531561461794 0.7475 0.2915282392026578 0.75125 0.3122923588039867 0.75125 0.329734219269103 0.744375 0.33554817275747506 0.739375 0.34219269102990035 0.72875 0.3430232558139535 0.716875
1 0.6486710963455149 0.4225 0.6320598006644518 0.4225 0.6179401993355482 0.4325 0.6187707641196013 0.443125 0.6353820598006644 0.45375 0.6503322259136213 0.45375 0.6611295681063123 0.449375 0.665282392026578 0.444375 0.6661129568106312 0.435 0.6611295681063123 0.4275 0.6486710963455149 0.4225
1 0.32475083056478404 0.5225 0.3230897009966777 0.509375 0.31727574750830567 0.501875 0.3089700996677741 0.4975 0.3014950166112957 0.495 0.28488372093023256 0.495 0.276578073089701 0.4975 0.26993355481727577 0.504375 0.26744186046511625 0.51 0.26827242524916944 0.518125 0.27408637873754155 0.52625 0.28322259136212624 0.5325 0.2931893687707641 0.535625 0.30980066445182725 0.535625 0.3222591362126246 0.52875 0.32475083056478404 0.5225
1 0.38205980066445183 0.8275 0.3745847176079734 0.81875 0.3654485049833887 0.814375 0.3521594684385382 0.81375 0.34053156146179403 0.81875 0.33637873754152825 0.82375 0.3347176079734219 0.83625 0.34136212624584716 0.848125 0.36129568106312293 0.856875 0.36794019933554817 0.856875 0.38205980066445183 0.8525 0.3853820598006645 0.841875 0.3845514950166113 0.835 0.38205980066445183 0.8275
1 0.4526578073089701 0.27625 0.4426910299003322 0.27125 0.43023255813953487 0.26875 0.41362126245847175 0.26875 0.4003322259136213 0.27375 0.3961794019933555 0.27875 0.3945182724252492 0.2875 0.3978405315614618 0.294375 0.41445182724252494 0.3025 0.436046511627907 0.301875 0.44933554817275745 0.295625 0.45514950166112955 0.288125 0.45598006644518274 0.280625 0.4526578073089701 0.27625