1 0.5132890365448505 0.390625 0.5141196013289037 0.381875 0.5091362126245847 0.371875 0.5 0.36875 0.48421926910299 0.36875 0.47591362126245845 0.371875 0.4692691029900332 0.378125 0.4659468438538206 0.3875 0.46677740863787376 0.3975 0.4742524916943522 0.40625 0.48421926910299 0.406875 0.4908637873754153 0.4025 0.5091362126245847 0.396875 0.5132890365448505 0.390625
1 0.29401993355481726 0.59625 0.2973421926910299 0.586875 0.2915282392026578 0.579375 0.27740863787375414 0.57125 0.25830564784053156 0.57 0.23754152823920266 0.57625 0.2350498338870432 0.58125 0.23588039867109634 0.589375 0.23920265780730898 0.595 0.24916943521594684 0.60125 0.25830564784053156 0.60375 0.27906976744186046 0.60375 0.29401993355481726 0.59625
1 0.287375415282392 0.4575 0.2931893687707641 0.446875 0.29401993355481726 0.434375 0.2915282392026578 0.429375 0.2807308970099668 0.42125 0.276578073089701 0.420625 0.2632890365448505 0.42125 0.2549833887043189 0.424375 0.24667774086378738 0.43125 0.24169435215946844 0.439375 0.24086378737541528 0.454375 0.24169435215946844 0.4575 0.25249169435215946 0.465 0.2666112956810631 0.466875 0.27740863787375414 0.464375 0.287375415282392 0.4575
1 0.6353820598006644 0.693125 0.6295681063122923 0.688125 0.6204318936877077 0.685 0.5930232558139535 0.688125 0.5872093023255814 0.693125 0.5855481727574751 0.706875 0.5971760797342193 0.71375 0.6079734219269103 0.71625 0.6270764119601329 0.714375 0.6362126245847176 0.705625 0.6353820598006644 0.693125
1 0.4260797342192691 0.339375 0.43272425249169433 0.3325 0.43521594684385384 0.324375 0.43106312292358806 0.318125 0.4227574750830565 0.313125 0.4069767441860465 0.31125 0.3853820598006645 0.314375 0.37209302325581395 0.319375 0.36627906976744184 0.32375 0.36212624584717606 0.33 0.36212624584717606 0.34125 0.36794019933554817 0.348125 0.37790697674418605 0.350625 0.3961794019933555 0.350625 0.40448504983388706 0.34875 0.4260797342192691 0.339375
1 0.6196013289036545 0.5725 0.6204318936877077 0.565 0.617109634551495 0.5575 0.6029900332225914 0.54625 0.584717607973422 0.54375 0.5730897009966778 0.553125 0.5730897009966778 0.5725 0.5789036544850499 0.57875 0.5872093023255814 0.583125 0.6029900332225914 0.58625 0.6137873754152824 0.58125 0.6196013289036545 0.5725
1 0.5789036544850499 0.66 0.5789036544850499 0.651875 0.5722591362126246 0.63875 0.5514950166112956 0.63125 0.5390365448504983 0.6325 0.5357142857142857 0.635625 0.53156146179402 0.646875 0.532392026578073 0.65375 0.542358803986711 0.665 0.5523255813953488 0.669375 0.5697674418604651 0.66875 0.5772425249169435 0.66375 0.5789036544850499 0.66
1 0.23754152823920266 0.60125 0.23837209302325582 0.594375 0.2350498338870432 0.58875 0.23421926910299004 0.579375 0.21843853820598005 0.563125 0.19933554817275748 0.5625 0.1877076411960133 0.56875 0.18272425249169436 0.575 0.1852159468438538 0.589375 0.1951827242524917 0.604375 0.2084717607973422 0.610625 0.22009966777408638 0.611875 0.23421926910299004 0.60625 0.23754152823920266 0.60125
1 0.5373754152823921 0.6325 0.5539867109634552 0.619375 0.5539867109634552 0.606875 0.5456810631229236 0.59875 0.5382059800664452 0.59625 0.5274086378737541 0.59625 0.5141196013289037 0.6025 0.510797342192691 0.60625 0.5058139534883721 0.614375 0.5058139534883721 0.624375 0.510797342192691 0.6325 0.5157807308970099 0.635 0.5290697674418605 0.635 0.532392026578073 0.6325 0.5373754152823921 0.6325
1 0.4634551495016611 0.698125 0.4634551495016611 0.68875 0.45514950166112955 0.683125 0.4435215946843854 0.680625 0.4318936877076412 0.680625 0.41777408637873753 0.68625 0.4061461794019934 0.699375 0.40282392026578073 0.709375 0.40282392026578073 0.714375 0.4069767441860465 0.72125 0.41445182724252494 0.72625 0.43106312292358806 0.72625 0.44518272425249167 0.71875 0.45348837209302323 0.711875 0.4634551495016611 0.698125
1 0.5191029900332226 0.905625 0.5191029900332226 0.895 0.5166112956810631 0.89125 0.5091362126245847 0.886875 0.4950166112956811 0.886875 0.4808970099667774 0.89125 0.4717607973421927 0.901875 0.4717607973421927 0.92 0.47674418604651164 0.925 0.4867109634551495 0.926875 0.4983388704318937 0.92625 0.5083056478405316 0.920625 0.5191029900332226 0.905625
1 0.22009966777408638 0.63375 0.22093023255813954 0.625625 0.21760797342192692 0.618125 0.20514950166112958 0.610625 0.20016611295681064 0.61 0.17691029900332225 0.613125 0.1611295681063123 0.626875 0.1611295681063123 0.636875 0.16362126245847175 0.64125 0.1719269102990033 0.646875 0.18023255813953487 0.649375 0.18604651162790697 0.646875 0.20681063122923588 0.645625 0.22009966777408638 0.63375
1 0.5988372093023255 0.515625 0.5888704318936877 0.50875 0.5647840531561462 0.510625 0.5440199335548173 0.523125 0.5431893687707641 0.53375 0.5490033222591362 0.53875 0.5739202657807309 0.53875 0.5855481727574751 0.53375 0.5971760797342193 0.524375 0.5988372093023255 0.515625
1 0.7167774086378738 0.7275 0.7134551495016611 0.721875 0.7026578073089701 0.714375 0.6901993355481728 0.714375 0.6794019933554817 0.72 0.670265780730897 0.735625 0.6710963455149501 0.749375 0.6818936877076412 0.755625 0.6943521594684385 0.755625 0.7026578073089701 0.7525 0.7134551495016611 0.743125 0.7167774086378738 0.7275
1 0.7242524916943521 0.30125 0.7250830564784053 0.290625 0.7167774086378738 0.279375 0.7084717607973422 0.275 0.6976744186046512 0.273125 0.6910299003322259 0.275 0.6818936877076412 0.281875 0.6794019933554817 0.2875 0.6802325581395349 0.295625 0.6827242524916943 0.30125 0.6960132890365448 0.3125 0.7117940199335548 0.314375 0.717607973421927 0.31125 0.7242524916943521 0.30125
1 0.6312292358803987 0.675625 0.6320598006644518 0.66875 0.627906976744186 0.661875 0.6187707641196013 0.65625 0.6021594684385382 0.654375 0.5897009966777409 0.6575 0.5789036544850499 0.66375 0.5739202657807309 0.67125 0.5755813953488372 0.6775 0.5838870431893688 0.684375 0.5930232558139535 0.6875 0.6013289036544851 0.6875 0.6270764119601329 0.68125 0.6312292358803987 0.675625
1 0.4219269102990033 0.580625 0.4210963455149502 0.5675 0.40946843853820597 0.555625 0.39700996677740863 0.555625 0.3803986710963455 0.56625 0.37375415282392027 0.5775 0.37375415282392027 0.590625 0.38205980066445183 0.60125 0.3945182724252492 0.601875 0.40448504983388706 0.59875 0.41943521594684385 0.586875 0.4219269102990033 0.580625
1 0.3289036544850498 0.759375 0.3280730897009967 0.744375 0.3222591362126246 0.73375 0.29900332225913623 0.731875 0.29485049833887045 0.73375 0.28488372093023256 0.743125 0.2815614617940199 0.75 0.2823920265780731 0.77 0.29983388704318936 0.785 0.3081395348837209 0.785 0.31976744186046513 0.78 0.3272425249169435 0.7675 0.3289036544850498 0.759375
1 0.6212624584717608 0.619375 0.6212624584717608 0.611875 0.6162790697674418 0.6 0.6021594684385382 0.591875 0.584717607973422 0.59625 0.574750830564784 0.608125 0.5739202657807309 0.6225 0.5789036544850499 0.63 0.5880398671096345 0.635 0.6079734219269103 0.635 0.6154485049833887 0.63 0.6212624584717608 0.619375
1 0.223421926910299 0.51 0.223421926910299 0.50125 0.21677740863787376 0.490625 0.20514950166112958 0.48625 0.19186046511627908 0.48875 0.1777408637873754 0.495625 0.17109634551495018 0.503125 0.16777408637873753 0.5125 0.17026578073089702 0.519375 0.1777408637873754 0.528125 0.19102990033222592 0.53125 0.20514950166112958 0.529375 0.21345514950166114 0.524375 0.223421926910299 0.51
1 0.4053156146179402 0.904375 0.40448504983388706 0.895 0.39700996677740863 0.88375 0.3787375415282392 0.87625 0.3554817275747508 0.87625 0.34053156146179403 0.884375 0.3380398671096346 0.8875 0.3380398671096346 0.9 0.34136212624584716 0.905625 0.3521594684385382 0.9125 0.37624584717607973 0.916875 0.39700996677740863 0.913125 0.4053156146179402 0.904375
1 0.2898671096345515 0.495625 0.287375415282392 0.48625 0.276578073089701 0.47875 0.26411960132890366 0.478125 0.25249169435215946 0.480625 0.23421926910299004 0.49125 0.22591362126245848 0.500625 0.22674418604651161 0.51375 0.2441860465116279 0.521875 0.26411960132890366 0.520625 0.2782392026578073 0.513125 0.287375415282392 0.5025 0.2898671096345515 0.495625
1 0.49335548172757476 0.4525 0.4792358803986711 0.4425 0.45099667774086377 0.443125 0.44518272425249167 0.445625 0.4393687707641196 0.45375 0.4393687707641196 0.4675 0.44601328903654486 0.4725 0.45182724252491696 0.47375 0.48255813953488375 0.4725 0.4941860465116279 0.4625 0.49335548172757476 0.4525
1 0.675249169435216 0.323125 0.6636212624584718 0.309375 0.6495016611295681 0.3075 0.643687707641196 0.3125 0.643687707641196 0.326875 0.6478405315614618 0.3325 0.6553156146179402 0.336875 0.6669435215946844 0.3375 0.6735880398671097 0.3325 0.675249169435216 0.323125
1 0.6112956810631229 0.45 0.5988372093023255 0.44 0.5880398671096345 0.439375 0.574750830564784 0.44625 0.5697674418604651 0.453125 0.5689368770764119 0.46875 0.5730897009966778 0.475625 0.579734219269103 0.478125 0.5988372093023255 0.47875 0.6112956810631229 0.466875 0.6112956810631229 0.45
1 0.643687707641196 0.775625 0.6353820598006644 0.764375 0.6295681063122923 0.760625 0.6112956810631229 0.759375 0.6021594684385382 0.761875 0.5913621262458472 0.77 0.5880398671096345 0.77875 0.5888704318936877 0.786875 0.5938538205980066 0.7925 0.6046511627906976 0.7975 0.6270764119601329 0.7975 0.6420265780730897 0.786875 0.643687707641196 0.775625
1 0.5191029900332226 0.66625 0.5274086378737541 0.661875 0.53156146179402 0.655625 0.5307308970099668 0.644375 0.5224252491694352 0.635625 0.5124584717607974 0.633125 0.5024916943521595 0.63375 0.49335548172757476 0.6375 0.48588039867109634 0.644375 0.4850498338870432 0.65875 0.49169435215946844 0.66625 0.49667774086378735 0.66625 0.5008305647840532 0.66875 0.510797342192691 0.66875 0.5191029900332226 0.66625
1 0.6794019933554817 0.449375 0.6802325581395349 0.441875 0.6727574750830565 0.428125 0.6561461794019934 0.42125 0.6445182724252492 0.423125 0.6362126245847176 0.428125 0.632890365448505 0.433125 0.632890365448505 0.44875 0.6378737541528239 0.4575 0.6511627906976745 0.464375 0.6669435215946844 0.464375 0.6727574750830565 0.461875 0.6794019933554817 0.449375
1 0.19933554817275748 0.358125 0.19933554817275748 0.34875 0.19019933554817275 0.335625 0.18604651162790697 0.333125 0.17524916943521596 0.329375 0.15863787375415284 0.329375 0.14700996677740863 0.339375 0.1478405315614618 0.3575 0.15282392026578073 0.36375 0.16777408637873753 0.37375 0.18106312292358803 0.37375 0.1951827242524917 0.365 0.19933554817275748 0.358125
1 0.4003322259136213 0.714375 0.40946843853820597 0.693125 0.4053156146179402 0.685625 0.39285714285714285 0.678125 0.37790697674418605 0.675625 0.3712624584717608 0.678125 0.36710963455149503 0.68375 0.3646179401993355 0.7 0.36710963455149503 0.70625 0.3729235880398671 0.711875 0.3853820598006645 0.71625 0.3961794019933555 0.71625 0.4003322259136213 0.714375
1 0.3068936877076412 0.6515625 0.0008305647840531562 0.000625
1 0.3388704318936877 0.723125 0.3430232558139535 0.71625 0.34219269102990035 0.709375 0.3372093023255814 0.700625 0.329734219269103 0.69625 0.31727574750830567 0.69375 0.303156146179402 0.69625 0.2956810631229236 0.700625 0.2857142857142857 0.715625 0.28903654485049834 0.723125 0.2956810631229236 0.72875 0.303156146179402 0.73125 0.31976744186046513 0.731875 0.33222591362126247 0.7275 0.3388704318936877 0.723125
1 0.45016611295681064 0.625 0.4526578073089701 0.620625 0.4526578073089701 0.606875 0.44601328903654486 0.5975 0.4377076411960133 0.591875 0.4169435215946844 0.59125 0.41362126245847175 0.591875 0.4069767441860465 0.59875 0.4069767441860465 0.614375 0.4119601328903654 0.62375 0.41777408637873753 0.6275 0.4277408637873754 0.630625 0.4410299003322259 0.63 0.45016611295681064 0.625
1 0.2574750830564784 0.710625 0.24833887043189368 0.6925 0.2350498338870432 0.685625 0.22591362126245848 0.685625 0.21843853820598005 0.688125 0.20930232558139536 0.696875 0.2084717607973422 0.7125 0.21179401993355482 0.71875 0.22425249169435216 0.72875 0.2441860465116279 0.73 0.25332225913621265 0.72375 0.2574750830564784 0.710625
1 0.8230897009966778 0.37 0.8289036544850499 0.358125 0.8272425249169435 0.344375 0.8172757475083057 0.3375 0.8073089700996677 0.335 0.7990033222591362 0.335625 0.7848837209302325 0.344375 0.78156146179402 0.34875 0.7807308970099668 0.364375 0.7840531561461794 0.370625 0.7940199335548173 0.376875 0.8098006644518272 0.3775 0.8172757475083057 0.375 0.8230897009966778 0.37
1 0.3903654485049834 0.408125 0.3903654485049834 0.403125 0.38289036544850497 0.393125 0.3729235880398671 0.3875 0.3488372093023256 0.386875 0.33970099667774084 0.39 0.3347176079734219 0.395 0.3338870431893688 0.405625 0.3388704318936877 0.415 0.3446843853820598 0.41875 0.36710963455149503 0.423125 0.38205980066445183 0.418125 0.3903654485049834 0.408125
1 0.7018272425249169 0.37375 0.6993355481727574 0.366875 0.6868770764119602 0.363125 0.6744186046511628 0.36375 0.6669435215946844 0.36625 0.6519933554817275 0.3775 0.6486710963455149 0.3875 0.6503322259136213 0.394375 0.654485049833887 0.396875 0.6727574750830565 0.398125 0.6893687707641196 0.3925 0.7001661129568106 0.381875 0.7018272425249169 0.37375
1 0.5664451827242525 0.4575 0.5672757475083057 0.45 0.563953488372093 0.445 0.5548172757475083 0.439375 0.5307308970099668 0.439375 0.5282392026578073 0.441875 0.5174418604651163 0.444375 0.5141196013289037 0.448125 0.5124584717607974 0.460625 0.5149501661129569 0.464375 0.526578073089701 0.46875 0.5465116279069767 0.4675 0.5573089700996677 0.464375 0.5664451827242525 0.4575
1 0.7200996677740864 0.464375 0.7217607973421927 0.453125 0.7167774086378738 0.443125 0.7084717607973422 0.439375 0.6910299003322259 0.439375 0.6835548172757475 0.44375 0.6735880398671097 0.46125 0.6744186046511628 0.47 0.6777408637873754 0.475 0.6852159468438538 0.47875 0.7026578073089701 0.478125 0.707641196013289 0.475625 0.7200996677740864 0.464375
1 0.36710963455149503 0.47625 0.3504983388704319 0.46875 0.33222591362126247 0.470625 0.32558139534883723 0.47375 0.31727574750830567 0.48375 0.31727574750830567 0.49875 0.3239202657807309 0.505 0.3380398671096346 0.5075 0.3538205980066445 0.5025 0.36710963455149503 0.49 0.36710963455149503 0.47625
1 0.3911960132890365 0.461875 0.39700996677740863 0.45125 0.3961794019933555 0.43625 0.3903654485049834 0.42875 0.37790697674418605 0.42375 0.3687707641196013 0.42375 0.3554817275747508 0.428125 0.3438538205980066 0.44 0.3430232558139535 0.4575 0.3496677740863787 0.466875 0.3579734219269103 0.4725 0.3687707641196013 0.47375 0.3803986710963455 0.470625 0.3911960132890365 0.461875
1 0.5963455149501661 0.35875 0.590531561461794 0.35125 0.5805647840531561 0.345625 0.5681063122923588 0.345625 0.5598006644518272 0.34875 0.5456810631229236 0.364375 0.5456810631229236 0.384375 0.5539867109634552 0.39 0.5681063122923588 0.39 0.5855481727574751 0.380625 0.5963455149501661 0.36375 0.5963455149501661 0.35875
1 0.3687707641196013 0.80375 0.3637873754152824 0.7975 0.3446843853820598 0.79875 0.3289036544850498 0.8125 0.31893687707641194 0.829375 0.32059800664451826 0.845625 0.3272425249169435 0.85125 0.34551495016611294 0.85125 0.36295681063122925 0.84125 0.37209302325581395 0.81875 0.3687707641196013 0.80375
1 0.4833887043189369 0.759375 0.4850498338870432 0.749375 0.48006644518272423 0.738125 0.46677740863787376 0.7275 0.45016611295681064 0.719375 0.4410299003322259 0.72125 0.43272425249169433 0.72625 0.43023255813953487 0.730625 0.43106312292358806 0.74125 0.436046511627907 0.749375 0.45348837209302323 0.763125 0.47259136212624586 0.765625 0.48006644518272423 0.763125 0.4833887043189369 0.759375
1 0.40780730897009965 0.52125 0.3920265780730897 0.51375 0.3795681063122924 0.5125 0.3712624584717608 0.515 0.36710963455149503 0.519375 0.36710963455149503 0.53875 0.3853820598006645 0.550625 0.4053156146179402 0.553125 0.41362126245847175 0.5475 0.41777408637873753 0.535 0.40780730897009965 0.52125
1 0.665282392026578 0.61 0.6602990033222591 0.60375 0.6553156146179402 0.601875 0.6337209302325582 0.60375 0.622093023255814 0.613125 0.622093023255814 0.6225 0.6345514950166113 0.63 0.654485049833887 0.6275 0.6611295681063123 0.624375 0.665282392026578 0.618125 0.665282392026578 0.61
1 0.29900332225913623 0.6375 0.29817275747508304 0.628125 0.2931893687707641 0.620625 0.27906976744186046 0.613125 0.26411960132890366 0.610625 0.2541528239202658 0.610625 0.24003322259136212 0.620625 0.24003322259136212 0.6325 0.25083056478405313 0.645625 0.2649501661129568 0.650625 0.28820598006644516 0.648125 0.29401993355481726 0.645625 0.29900332225913623 0.6375
1 0.48754152823920266 0.635625 0.4850498338870432 0.625 0.47259136212624586 0.615625 0.45930232558139533 0.616875 0.4435215946843854 0.630625 0.4410299003322259 0.635 0.4410299003322259 0.65 0.4435215946843854 0.655625 0.45514950166112955 0.66125 0.4659468438538206 0.66125 0.48006644518272423 0.651875 0.48421926910299 0.64625 0.48754152823920266 0.635625
1 0.6636212624584718 0.575 0.6586378737541528 0.568125 0.6503322259136213 0.56375 0.6337209302325582 0.5625 0.6204318936877077 0.570625 0.617109634551495 0.575625 0.6146179401993356 0.581875 0.6154485049833887 0.59 0.6287375415282392 0.60125 0.6503322259136213 0.60125 0.6611295681063123 0.59375 0.6644518272425249 0.581875 0.6636212624584718 0.575
1 0.6470099667774086 0.536875 0.6519933554817275 0.530625 0.6553156146179402 0.523125 0.654485049833887 0.515625 0.643687707641196 0.5075 0.632890365448505 0.505 0.6179401993355482 0.505 0.6079734219269103 0.50875 0.6029900332225914 0.513125 0.5988372093023255 0.524375 0.6004983388704319 0.530625 0.6038205980066446 0.53625 0.6121262458471761 0.54125 0.6212624584717608 0.54375 0.6320598006644518 0.54375 0.6470099667774086 0.536875
1 0.25083056478405313 0.4725 0.24003322259136212 0.46 0.22425249169435216 0.455 0.2084717607973422 0.454375 0.19767441860465115 0.4625 0.19767441860465115 0.475625 0.20514950166112958 0.48375 0.21926910299003322 0.48875 0.23421926910299004 0.49 0.25 0.480625 0.25083056478405313 0.4725
1 0.5880398671096345 0.848125 0.590531561461794 0.843125 0.5880398671096345 0.82875 0.5813953488372093 0.823125 0.5697674418604651 0.818125 0.5490033222591362 0.814375 0.5357142857142857 0.815 0.5290697674418605 0.818125 0.520764119601329 0.828125 0.5224252491694352 0.8375 0.5307308970099668 0.849375 0.5440199335548173 0.855625 0.5631229235880398 0.855625 0.5813953488372093 0.853125 0.5880398671096345 0.848125
1 0.26245847176079734 0.565 0.26578073089701 0.553125 0.26411960132890366 0.539375 0.24833887043189368 0.53125 0.2350498338870432 0.531875 0.22591362126245848 0.53625 0.22009966777408638 0.543125 0.22009966777408638 0.5625 0.22425249169435216 0.568125 0.23421926910299004 0.575 0.24169435215946844 0.575 0.25830564784053156 0.57 0.26245847176079734 0.565
1 0.5523255813953488 0.735625 0.5523255813953488 0.72125 0.5473421926910299 0.711875 0.5340531561461794 0.69875 0.5199335548172758 0.7 0.5141196013289037 0.704375 0.5083056478405316 0.715 0.5091362126245847 0.73125 0.5141196013289037 0.74 0.5299003322259136 0.748125 0.5406976744186046 0.7475 0.5481727574750831 0.741875 0.5523255813953488 0.735625
1 0.3313953488372093 0.46375 0.33222591362126247 0.455625 0.3313953488372093 0.45 0.31976744186046513 0.438125 0.3081395348837209 0.4375 0.29485049833887045 0.444375 0.28820598006644516 0.4575 0.28820598006644516 0.47375 0.2931893687707641 0.4825 0.29900332225913623 0.485625 0.3064784053156146 0.485625 0.32142857142857145 0.47875 0.3313953488372093 0.46375
1 0.6744186046511628 0.648125 0.6735880398671097 0.63625 0.6636212624584718 0.624375 0.6461794019933554 0.63 0.632890365448505 0.63 0.6270764119601329 0.625625 0.622093023255814 0.625 0.6179401993355482 0.63125 0.6187707641196013 0.64 0.6229235880398671 0.648125 0.6370431893687708 0.65875 0.6636212624584718 0.65875 0.6710963455149501 0.654375 0.6744186046511628 0.648125
1 0.5946843853820598 0.31125 0.5963455149501661 0.30125 0.584717607973422 0.286875 0.5714285714285714 0.285 0.5598006644518272 0.28875 0.5523255813953488 0.29875 0.553156146179402 0.31375 0.5589700996677741 0.321875 0.5672757475083057 0.32625 0.5772425249169435 0.32625 0.5880398671096345 0.321875 0.5946843853820598 0.31125
1 0.6519933554817275 0.48875 0.6470099667774086 0.47875 0.6345514950166113 0.470625 0.6254152823920266 0.4675 0.6137873754152824 0.4675 0.6046511627906976 0.474375 0.6004983388704319 0.480625 0.6029900332225914 0.493125 0.6071428571428571 0.498125 0.6187707641196013 0.503125 0.6403654485049833 0.505 0.6486710963455149 0.498125 0.6519933554817275 0.48875
1 0.4833887043189369 0.29125 0.4850498338870432 0.279375 0.4808970099667774 0.273125 0.4684385382059801 0.265625 0.4476744186046512 0.265625 0.4410299003322259 0.2675 0.4318936877076412 0.275625 0.43106312292358806 0.288125 0.4426910299003322 0.2975 0.45514950166112955 0.299375 0.4684385382059801 0.29875 0.47840531561461797 0.295625 0.4833887043189369 0.29125
1 0.5988372093023255 0.714375 0.584717607973422 0.705625 0.5631229235880398 0.713125 0.5548172757475083 0.724375 0.5556478405315615 0.738125 0.5589700996677741 0.7425 0.5705980066445183 0.746875 0.5880398671096345 0.744375 0.5988372093023255 0.73375 0.5988372093023255 0.714375
1 0.34717607973421927 0.620625 0.34053156146179403 0.615625 0.3313953488372093 0.613125 0.3164451827242525 0.615625 0.30564784053156147 0.620625 0.29983388704318936 0.6275 0.29900332225913623 0.639375 0.29900332225913623 0.64375 0.30398671096345514 0.648125 0.3122923588039867 0.651875 0.329734219269103 0.651875 0.3380398671096346 0.648125 0.3480066445182724 0.635625 0.34717607973421927 0.620625
1 0.4526578073089701 0.764375 0.4335548172757475 0.746875 0.420265780730897 0.745625 0.4111295681063123 0.7475 0.4003322259136213 0.755625 0.4003322259136213 0.773125 0.4061461794019934 0.780625 0.4169435215946844 0.786875 0.436046511627907 0.788125 0.45099667774086377 0.776875 0.4526578073089701 0.764375
1 0.4642857142857143 0.39 0.4684385382059801 0.38 0.4684385382059801 0.373125 0.4642857142857143 0.365625 0.45514950166112955 0.360625 0.4476744186046512 0.36 0.4410299003322259 0.360625 0.43023255813953487 0.36625 0.4227574750830565 0.378125 0.42358803986710963 0.389375 0.4277408637873754 0.39625 0.4368770764119601 0.399375 0.45016611295681064 0.399375 0.4543189368770764 0.3975 0.4642857142857143 0.39
1 0.4410299003322259 0.66875 0.4426910299003322 0.65625 0.43521594684385384 0.635625 0.43023255813953487 0.63125 0.41777408637873753 0.6275 0.4111295681063123 0.623125 0.40282392026578073 0.625625 0.3978405315614618 0.630625 0.3911960132890365 0.644375 0.3920265780730897 0.651875 0.39867109634551495 0.66625 0.4119601328903654 0.675 0.42524916943521596 0.676875 0.436046511627907 0.673125 0.4410299003322259 0.66875
1 0.48172757475083056 0.42625 0.4750830564784053 0.41625 0.46677740863787376 0.410625 0.4476744186046512 0.405 0.42940199335548174 0.41375 0.4269102990033223 0.418125 0.4277408637873754 0.42875 0.43023255813953487 0.433125 0.4410299003322259 0.44125 0.45598006644518274 0.4425 0.4775747508305648 0.438125 0.48172757475083056 0.42625
1 0.3073089700996678 0.544375 0.3073089700996678 0.531875 0.292358803986711 0.515 0.2807308970099668 0.513125 0.26993355481727577 0.5225 0.2666112956810631 0.53 0.26744186046511625 0.544375 0.2707641196013289 0.551875 0.27906976744186046 0.558125 0.292358803986711 0.559375 0.3023255813953488 0.554375 0.3073089700996678 0.544375
1 0.2441860465116279 0.43625 0.24667774086378738 0.430625 0.24501661129568106 0.423125 0.2367109634551495 0.41625 0.22674418604651161 0.41375 0.20764119601328904 0.41625 0.19102990033222592 0.42625 0.18687707641196014 0.436875 0.18853820598006646 0.44625 0.1951827242524917 0.451875 0.20348837209302326 0.453125 0.22009966777408638 0.4525 0.22840531561461794 0.449375 0.2441860465116279 0.43625
1 0.675249169435216 0.72875 0.6794019933554817 0.71875 0.675249169435216 0.703125 0.6694352159468439 0.69875 0.6602990033222591 0.69625 0.6478405315614618 0.6975 0.6370431893687708 0.7075 0.6362126245847176 0.725625 0.6387043189368771 0.73125 0.6470099667774086 0.738125 0.6553156146179402 0.739375 0.6677740863787376 0.73625 0.675249169435216 0.72875
1 0.5274086378737541 0.29625 0.532392026578073 0.28625 0.5274086378737541 0.2725 0.5141196013289037 0.265625 0.5041528239202658 0.265625 0.49750830564784054 0.268125 0.4900332225913621 0.273125 0.4867109634551495 0.27875 0.4867109634551495 0.290625 0.4900332225913621 0.298125 0.5016611295681063 0.305625 0.5099667774086378 0.305625 0.5174418604651163 0.303125 0.5274086378737541 0.29625
1 0.5240863787375415 0.469375 0.510797342192691 0.459375 0.49667774086378735 0.459375 0.4850498338870432 0.47125 0.4867109634551495 0.480625 0.49916943521594687 0.490625 0.5141196013289037 0.495 0.5224252491694352 0.493125 0.5290697674418605 0.483125 0.5240863787375415 0.469375
1 0.45016611295681064 0.89125 0.4543189368770764 0.8825 0.45514950166112955 0.869375 0.45016611295681064 0.85875 0.436046511627907 0.853125 0.41777408637873753 0.858125 0.4111295681063123 0.86375 0.40282392026578073 0.87875 0.40282392026578073 0.890625 0.4061461794019934 0.89875 0.41445182724252494 0.905625 0.4277408637873754 0.9075 0.436046511627907 0.904375 0.45016611295681064 0.89125
1 0.7940199335548173 0.5 0.7940199335548173 0.485625 0.7915282392026578 0.48125 0.782392026578073 0.47125 0.7674418604651163 0.4625 0.7524916943521595 0.460625 0.7433554817275747 0.464375 0.7367109634551495 0.471875 0.7367109634551495 0.4825 0.7475083056478405 0.494375 0.7616279069767442 0.5025 0.7865448504983389 0.505625 0.7906976744186046 0.504375 0.7940199335548173 0.5
1 0.6353820598006644 0.37875 0.6403654485049833 0.370625 0.6403654485049833 0.36625 0.6262458471760798 0.354375 0.6079734219269103 0.35625 0.5980066445182725 0.360625 0.5888704318936877 0.376875 0.5897009966777409 0.379375 0.5946843853820598 0.385 0.6004983388704319 0.386875 0.622093023255814 0.386875 0.627906976744186 0.385 0.6353820598006644 0.37875
1 0.5373754152823921 0.430625 0.5398671096345515 0.41625 0.526578073089701 0.403125 0.5157807308970099 0.4 0.5016611295681063 0.4 0.489202657807309 0.405 0.4833887043189369 0.41 0.47840531561461797 0.41875 0.4792358803986711 0.423125 0.4900332225913621 0.433125 0.5 0.43625 0.520764119601329 0.4375 0.5290697674418605 0.435625 0.5373754152823921 0.430625
1 0.5083056478405316 0.555625 0.49750830564784054 0.54625 0.48754152823920266 0.54375 0.47674418604651164 0.544375 0.4659468438538206 0.550625 0.46179401993355484 0.555625 0.46179401993355484 0.57 0.473421926910299 0.581875 0.4833887043189369 0.58375 0.4958471760797342 0.583125 0.5091362126245847 0.5725 0.5083056478405316 0.555625
1 0.4127906976744186 0.824375 0.40946843853820597 0.81375 0.39700996677740863 0.8075 0.38704318936877075 0.8075 0.3745847176079734 0.81375 0.36710963455149503 0.8325 0.36794019933554817 0.840625 0.37375415282392027 0.84875 0.3803986710963455 0.853125 0.39285714285714285 0.853125 0.4111295681063123 0.838125 0.4127906976744186 0.824375
1 0.5116279069767442 0.334375 0.4850498338870432 0.334375 0.473421926910299 0.345625 0.473421926910299 0.356875 0.48588039867109634 0.366875 0.5083056478405316 0.36875 0.5274086378737541 0.358125 0.5307308970099668 0.349375 0.5116279069767442 0.334375
1 0.24833887043189368 0.669375 0.2516611295681063 0.656875 0.24833887043189368 0.649375 0.23421926910299004 0.640625 0.223421926910299 0.641875 0.2101328903654485 0.646875 0.19767441860465115 0.656875 0.19102990033222592 0.665625 0.19186046511627908 0.67875 0.19684385382059802 0.683125 0.21179401993355482 0.6875 0.23338870431893688 0.683125 0.24501661129568106 0.675 0.24833887043189368 0.669375
1 0.5539867109634552 0.568125 0.5573089700996677 0.559375 0.5556478405315615 0.550625 0.5431893687707641 0.54 0.5249169435215947 0.54 0.5166112956810631 0.54375 0.510797342192691 0.55125 0.510797342192691 0.565 0.5124584717607974 0.57125 0.5191029900332226 0.5775 0.5240863787375415 0.579375 0.5406976744186046 0.579375 0.5539867109634552 0.568125
1 0.5822259136212624 0.704375 0.584717607973422 0.69875 0.5855481727574751 0.69 0.5830564784053156 0.684375 0.5714285714285714 0.675625 0.5523255813953488 0.675 0.5348837209302325 0.678125 0.5299003322259136 0.68375 0.5307308970099668 0.69 0.542358803986711 0.7075 0.5581395348837209 0.711875 0.5681063122923588 0.71125 0.5764119601328903 0.708125 0.5822259136212624 0.704375
1 0.6445182724252492 0.308125 0.6411960132890365 0.29875 0.6312292358803987 0.29125 0.6154485049833887 0.29125 0.6071428571428571 0.29375 0.5980066445182725 0.304375 0.5938538205980066 0.315 0.5946843853820598 0.321875 0.5988372093023255 0.329375 0.6079734219269103 0.335625 0.6262458471760798 0.33375 0.6403654485049833 0.321875 0.6445182724252492 0.308125
1 0.27906976744186046 0.373125 0.2757475083056478 0.36625 0.2632890365448505 0.35625 0.25664451827242524 0.35375 0.2367109634551495 0.3525 0.22591362126245848 0.355625 0.22259136212624583 0.3625 0.223421926910299 0.36875 0.23421926910299004 0.379375 0.25830564784053156 0.38875 0.2724252491694352 0.38625 0.27906976744186046 0.380625 0.27906976744186046 0.373125
1 0.5930232558139535 0.50375 0.5988372093023255 0.5025 0.6029900332225914 0.49375 0.5980066445182725 0.48375 0.5681063122923588 0.47625 0.5581395348837209 0.479375 0.5490033222591362 0.485625 0.5456810631229236 0.491875 0.5465116279069767 0.49625 0.5490033222591362 0.500625 0.5598006644518272 0.5075 0.5730897009966778 0.51 0.5888704318936877 0.5075 0.5930232558139535 0.50375
1 0.39700996677740863 0.633125 0.39700996677740863 0.623125 0.3903654485049834 0.613125 0.37790697674418605 0.60625 0.36627906976744184 0.60625 0.3588039867109635 0.61 0.3480066445182724 0.62375 0.3488372093023256 0.635 0.3554817275747508 0.644375 0.36295681063122925 0.64875 0.3812292358803987 0.649375 0.3903654485049834 0.64375 0.39700996677740863 0.633125
1 0.47093023255813954 0.915 0.4684385382059801 0.90875 0.44933554817275745 0.90125 0.4410299003322259 0.90125 0.4277408637873754 0.9075 0.4210963455149502 0.9075 0.4127906976744186 0.915 0.4119601328903654 0.929375 0.42857142857142855 0.93875 0.4526578073089701 0.93875 0.4634551495016611 0.9325 0.4692691029900332 0.92625 0.47093023255813954 0.915
1 0.25249169435215946 0.318125 0.24667774086378738 0.30375 0.2350498338870432 0.298125 0.22591362126245848 0.29625 0.20431893687707642 0.29625 0.19352159468438537 0.299375 0.1852159468438538 0.308125 0.18604651162790697 0.31625 0.19684385382059802 0.32625 0.21179401993355482 0.329375 0.24003322259136212 0.3275 0.24750830564784054 0.32375 0.25249169435215946 0.318125
1 0.7790697674418605 0.423125 0.7790697674418605 0.41125 0.7757475083056479 0.405 0.7666112956810631 0.396875 0.7541528239202658 0.391875 0.7408637873754153 0.3925 0.7333887043189369 0.3975 0.729235880398671 0.409375 0.7300664451827242 0.41625 0.7375415282392026 0.425625 0.7516611295681063 0.433125 0.7657807308970099 0.433125 0.776578073089701 0.4275 0.7790697674418605 0.423125
1 0.6694352159468439 0.35375 0.6611295681063123 0.34 0.6445182724252492 0.331875 0.6345514950166113 0.3325 0.6270764119601329 0.3375 0.6262458471760798 0.351875 0.6370431893687708 0.36375 0.6486710963455149 0.370625 0.6586378737541528 0.370625 0.6694352159468439 0.363125 0.6694352159468439 0.35375
0 0.4418604651162791 0.2225 0.4584717607973422 0.19875 0.46677740863787376 0.17625 0.45182724252491696 0.1575 0.43023255813953487 0.1325 0.3637873754152824 0.13 0.3388704318936877 0.1525 0.3272425249169435 0.17375 0.33056478405315615 0.19875 0.3538205980066445 0.22375 0.40365448504983387 0.2275 0.4418604651162791 0.2225
1 0.37209302325581395 0.85375 0.36710963455149503 0.8375 0.3504983388704319 0.84625 0.33056478405315615 0.85625 0.3222591362126246 0.87 0.3272425249169435 0.8825 0.3488372093023256 0.88125 0.35714285714285715 0.87375 0.3687707641196013 0.86375 0.37209302325581395 0.85375
1 0.2823920265780731 0.68875 0.30398671096345514 0.68625 0.3239202657807309 0.665 0.3239202657807309 0.6575 0.29900332225913623 0.65125 0.2707641196013289 0.655 0.2574750830564784 0.6625 0.2558139534883721 0.6675 0.26245847176079734 0.6825 0.2724252491694352 0.6875 0.2823920265780731 0.68875