1 0.8338870431893688 0.48875 0.8380398671096345 0.48375 0.8380398671096345 0.473125 0.834717607973422 0.4675 0.8189368770764119 0.455 0.8089700996677741 0.4525 0.7906976744186046 0.4525 0.7840531561461794 0.45625 0.7807308970099668 0.4625 0.78156146179402 0.4725 0.7848837209302325 0.47875 0.7990033222591362 0.48875 0.8039867109634552 0.49 0.8230897009966778 0.491875 0.8338870431893688 0.48875
1 0.5257475083056479 0.3125 0.5041528239202658 0.31125 0.49667774086378735 0.314375 0.4883720930232558 0.3225 0.4867109634551495 0.3325 0.4900332225913621 0.335625 0.5033222591362126 0.34375 0.5257475083056479 0.34375 0.5373754152823921 0.334375 0.5382059800664452 0.321875 0.5257475083056479 0.3125
1 0.5290697674418605 0.29375 0.526578073089701 0.28625 0.5174418604651163 0.28 0.5083056478405316 0.2775 0.4950166112956811 0.2775 0.4908637873754153 0.278125 0.4792358803986711 0.28875 0.47674418604651164 0.29375 0.47840531561461797 0.296875 0.4908637873754153 0.308125 0.5083056478405316 0.310625 0.5166112956810631 0.30875 0.5257475083056479 0.303125 0.5290697674418605 0.29375
1 0.3546511627906977 0.354375 0.34634551495016613 0.34875 0.3380398671096346 0.34625 0.3239202657807309 0.350625 0.31478405315614616 0.36125 0.31478405315614616 0.375 0.3239202657807309 0.381875 0.3338870431893688 0.38375 0.34717607973421927 0.380625 0.3546511627906977 0.360625 0.3546511627906977 0.354375
1 0.33554817275747506 0.43625 0.32475083056478404 0.42875 0.313953488372093 0.4275 0.303156146179402 0.428125 0.29900332225913623 0.43125 0.29401993355481726 0.4425 0.29485049833887045 0.4475 0.303156146179402 0.4575 0.31976744186046513 0.461875 0.3347176079734219 0.459375 0.34053156146179403 0.45 0.33554817275747506 0.43625
1 0.30980066445182725 0.350625 0.3073089700996678 0.344375 0.3023255813953488 0.34 0.28488372093023256 0.340625 0.2707641196013289 0.349375 0.26578073089701 0.364375 0.26744186046511625 0.373125 0.27906976744186046 0.381875 0.29817275747508304 0.37875 0.3073089700996678 0.36875 0.30980066445182725 0.360625 0.30980066445182725 0.350625
1 0.6901993355481728 0.591875 0.6760797342192691 0.58125 0.670265780730897 0.579375 0.6495016611295681 0.579375 0.6387043189368771 0.586875 0.6378737541528239 0.599375 0.6478405315614618 0.61 0.665282392026578 0.616875 0.6802325581395349 0.616875 0.6910299003322259 0.61 0.6901993355481728 0.591875
1 0.30564784053156147 0.17125 0.276578073089701 0.17125 0.26744186046511625 0.17875 0.26744186046511625 0.19125 0.2823920265780731 0.2025 0.3023255813953488 0.2025 0.31727574750830567 0.1925 0.3181063122923588 0.18125 0.30564784053156147 0.17125
1 0.2649501661129568 0.52625 0.2666112956810631 0.5125 0.2632890365448505 0.505625 0.25083056478405313 0.49125 0.24003322259136212 0.486875 0.23006644518272426 0.485625 0.22009966777408638 0.49 0.2159468438538206 0.49875 0.21677740863787376 0.51 0.223421926910299 0.523125 0.23920265780730898 0.53375 0.2549833887043189 0.53375 0.2616279069767442 0.530625 0.2649501661129568 0.52625
1 0.6877076411960132 0.4675 0.6843853820598007 0.460625 0.675249169435216 0.455 0.6619601328903655 0.453125 0.6470099667774086 0.4575 0.6378737541528239 0.464375 0.6370431893687708 0.4725 0.6569767441860465 0.4825 0.6669435215946844 0.483125 0.6760797342192691 0.480625 0.686046511627907 0.47375 0.6877076411960132 0.4675
1 0.856312292358804 0.5125 0.8521594684385382 0.505625 0.8413621262458472 0.49875 0.8230897009966778 0.49375 0.8089700996677741 0.4975 0.8098006644518272 0.51 0.824750830564784 0.52375 0.8338870431893688 0.526875 0.8504983388704319 0.526875 0.856312292358804 0.520625 0.856312292358804 0.5125
1 0.7084717607973422 0.550625 0.7026578073089701 0.5425 0.6810631229235881 0.5425 0.6636212624584718 0.55625 0.6627906976744186 0.57 0.6769102990033222 0.579375 0.686046511627907 0.579375 0.7001661129568106 0.573125 0.7093023255813954 0.560625 0.7084717607973422 0.550625
1 0.6262458471760798 0.4625 0.6137873754152824 0.455625 0.6046511627906976 0.455 0.5772425249169435 0.459375 0.5697674418604651 0.464375 0.5647840531561462 0.473125 0.5647840531561462 0.47875 0.5689368770764119 0.485 0.574750830564784 0.48875 0.5863787375415282 0.490625 0.6121262458471761 0.485625 0.627906976744186 0.473125 0.6262458471760798 0.4625
1 0.40282392026578073 0.33875 0.3978405315614618 0.335 0.38205980066445183 0.335 0.3787375415282392 0.3375 0.3770764119601329 0.350625 0.39700996677740863 0.365625 0.41445182724252494 0.365 0.42358803986710963 0.3575 0.41943521594684385 0.344375 0.40282392026578073 0.33875
1 0.7790697674418605 0.29875 0.7790697674418605 0.28375 0.7624584717607974 0.2725 0.7408637873754153 0.2725 0.7333887043189369 0.278125 0.7325581395348837 0.288125 0.7508305647840532 0.303125 0.7558139534883721 0.304375 0.7674418604651163 0.305625 0.7749169435215947 0.303125 0.7790697674418605 0.29875
1 0.2757475083056478 0.6175 0.2616279069767442 0.60875 0.23588039867109634 0.613125 0.22591362126245848 0.625 0.22674418604651161 0.6375 0.23338870431893688 0.644375 0.23837209302325582 0.645625 0.25830564784053156 0.64375 0.2749169435215947 0.6275 0.2757475083056478 0.6175
1 0.5681063122923588 0.318125 0.5606312292358804 0.313125 0.5490033222591362 0.313125 0.5440199335548173 0.3175 0.5398671096345515 0.324375 0.5382059800664452 0.343125 0.5431893687707641 0.345625 0.5598006644518272 0.34625 0.5705980066445183 0.339375 0.5730897009966778 0.328125 0.5681063122923588 0.318125
1 0.3347176079734219 0.53125 0.34053156146179403 0.52625 0.3438538205980066 0.518125 0.3430232558139535 0.50875 0.3380398671096346 0.49875 0.32641196013289037 0.491875 0.3122923588039867 0.491875 0.29817275747508304 0.50125 0.2973421926910299 0.5175 0.29900332225913623 0.52125 0.31146179401993357 0.53125 0.31976744186046513 0.53375 0.3289036544850498 0.53375 0.3347176079734219 0.53125
1 0.4983388704318937 0.2225 0.4958471760797342 0.213125 0.4883720930232558 0.210625 0.4742524916943522 0.210625 0.45930232558139533 0.215625 0.4476744186046512 0.224375 0.44435215946843853 0.23 0.4435215946843854 0.2425 0.4526578073089701 0.25 0.4742524916943522 0.25 0.4850498338870432 0.243125 0.4941860465116279 0.23375 0.4983388704318937 0.2225
1 0.6661129568106312 0.5 0.665282392026578 0.49125 0.6611295681063123 0.48375 0.6403654485049833 0.475625 0.6312292358803987 0.47625 0.6212624584717608 0.48125 0.617109634551495 0.48625 0.6179401993355482 0.495625 0.6254152823920266 0.505625 0.6378737541528239 0.5125 0.643687707641196 0.513125 0.6578073089700996 0.5125 0.6661129568106312 0.5
1 0.39700996677740863 0.38875 0.3978405315614618 0.38375 0.39700996677740863 0.37 0.39368770764119604 0.36375 0.3812292358803987 0.35375 0.3687707641196013 0.35375 0.3637873754152824 0.355625 0.3538205980066445 0.36375 0.3521594684385382 0.38125 0.3588039867109635 0.38875 0.3729235880398671 0.394375 0.38205980066445183 0.39625 0.3903654485049834 0.394375 0.39700996677740863 0.38875
1 0.32059800664451826 0.396875 0.31727574750830567 0.39 0.3073089700996678 0.3825 0.3014950166112957 0.38 0.292358803986711 0.38 0.2799003322259136 0.383125 0.276578073089701 0.390625 0.27740863787375414 0.399375 0.2799003322259136 0.404375 0.2931893687707641 0.413125 0.3081395348837209 0.41375 0.31727574750830567 0.40875 0.32059800664451826 0.396875
1 0.4476744186046512 0.318125 0.436046511627907 0.308125 0.4227574750830565 0.3075 0.4127906976744186 0.309375 0.39700996677740863 0.32 0.39700996677740863 0.33125 0.40863787375415284 0.339375 0.4277408637873754 0.34 0.4368770764119601 0.334375 0.44601328903654486 0.324375 0.4476744186046512 0.318125
1 0.29817275747508304 0.42875 0.29401993355481726 0.41625 0.287375415282392 0.41125 0.2782392026578073 0.405 0.2632890365448505 0.4025 0.2541528239202658 0.405 0.24750830564784054 0.411875 0.24750830564784054 0.42875 0.25830564784053156 0.439375 0.26827242524916944 0.444375 0.2823920265780731 0.445 0.29401993355481726 0.44125 0.29817275747508304 0.42875
1 0.6154485049833887 0.4025 0.6129568106312292 0.396875 0.6038205980066446 0.39 0.5838870431893688 0.386875 0.5714285714285714 0.390625 0.5647840531561462 0.396875 0.563953488372093 0.401875 0.5672757475083057 0.408125 0.5789036544850499 0.41625 0.5971760797342193 0.418125 0.6088039867109635 0.413125 0.6137873754152824 0.408125 0.6154485049833887 0.4025
1 0.6146179401993356 0.439375 0.6021594684385382 0.428125 0.5930232558139535 0.424375 0.5631229235880398 0.4225 0.5514950166112956 0.429375 0.5498338870431894 0.4325 0.5490033222591362 0.436875 0.553156146179402 0.444375 0.563953488372093 0.4525 0.5863787375415282 0.456875 0.606312292358804 0.451875 0.6129568106312292 0.44625 0.6146179401993356 0.439375
1 0.5465116279069767 0.520625 0.5440199335548173 0.515 0.5282392026578073 0.50375 0.5033222591362126 0.505 0.5 0.510625 0.5008305647840532 0.520625 0.5083056478405316 0.53125 0.520764119601329 0.53875 0.5348837209302325 0.54125 0.5440199335548173 0.53625 0.5465116279069767 0.520625
1 0.6611295681063123 0.386875 0.6553156146179402 0.38 0.6353820598006644 0.3775 0.6237541528239202 0.3825 0.6146179401993356 0.390625 0.6154485049833887 0.401875 0.6187707641196013 0.40625 0.6262458471760798 0.408125 0.6403654485049833 0.408125 0.6611295681063123 0.39625 0.6611295681063123 0.386875
1 0.5664451827242525 0.406875 0.5564784053156147 0.398125 0.5348837209302325 0.398125 0.5257475083056479 0.406875 0.5249169435215947 0.42 0.5348837209302325 0.428125 0.5506644518272426 0.428125 0.5631229235880398 0.420625 0.5672757475083057 0.415625 0.5664451827242525 0.406875
1 0.24750830564784054 0.581875 0.2292358803986711 0.57375 0.21179401993355482 0.575 0.20514950166112958 0.579375 0.20681063122923588 0.593125 0.22259136212624583 0.60375 0.23588039867109634 0.606875 0.25 0.60375 0.2541528239202658 0.59625 0.24750830564784054 0.581875
1 0.42524916943521596 0.401875 0.4219269102990033 0.3975 0.4111295681063123 0.3925 0.3961794019933555 0.393125 0.38289036544850497 0.398125 0.37790697674418605 0.40625 0.3787375415282392 0.411875 0.38289036544850497 0.41625 0.3903654485049834 0.418125 0.41445182724252494 0.415 0.42441860465116277 0.40875 0.42524916943521596 0.401875
1 0.4642857142857143 0.47625 0.4642857142857143 0.46375 0.4526578073089701 0.45 0.43853820598006643 0.448125 0.42940199335548174 0.453125 0.42358803986710963 0.465 0.42358803986710963 0.475625 0.4269102990033223 0.48375 0.436046511627907 0.49 0.44933554817275745 0.49 0.4584717607973422 0.485 0.4642857142857143 0.47625
1 0.2159468438538206 0.360625 0.21345514950166114 0.349375 0.20182724252491693 0.340625 0.19102990033222592 0.3375 0.1760797342192691 0.34 0.17109634551495018 0.34375 0.1669435215946844 0.34875 0.16777408637873753 0.3575 0.17524916943521596 0.365625 0.18853820598006646 0.37 0.20514950166112958 0.36875 0.21428571428571427 0.365 0.2159468438538206 0.360625
1 0.5058139534883721 0.355625 0.49916943521594687 0.344375 0.4900332225913621 0.341875 0.47674418604651164 0.3425 0.4700996677740864 0.34625 0.4642857142857143 0.35625 0.4642857142857143 0.36625 0.4717607973421927 0.375 0.48588039867109634 0.37875 0.49750830564784054 0.376875 0.5058139534883721 0.365 0.5058139534883721 0.355625
1 0.17109634551495018 0.5775 0.17358803986710963 0.5675 0.16943521594684385 0.558125 0.1611295681063123 0.550625 0.14285714285714285 0.54625 0.13538205980066445 0.549375 0.1287375415282392 0.555625 0.12790697674418605 0.569375 0.13205980066445183 0.579375 0.1378737541528239 0.58375 0.14700996677740863 0.58625 0.15780730897009967 0.58625 0.17109634551495018 0.5775
1 0.8073089700996677 0.371875 0.803156146179402 0.36875 0.7931893687707641 0.36625 0.7774086378737541 0.36625 0.7691029900332226 0.36875 0.7508305647840532 0.376875 0.7466777408637874 0.38625 0.7475083056478405 0.39375 0.7558139534883721 0.399375 0.7649501661129569 0.401875 0.7865448504983389 0.4 0.8073089700996677 0.386875 0.8073089700996677 0.371875
1 0.39285714285714285 0.291875 0.38205980066445183 0.286875 0.3654485049833887 0.288125 0.35631229235880396 0.29375 0.3546511627906977 0.29875 0.3546511627906977 0.306875 0.3579734219269103 0.311875 0.3696013289036545 0.321875 0.3953488372093023 0.321875 0.4019933554817276 0.31125 0.3995016611295681 0.299375 0.39285714285714285 0.291875
1 0.5631229235880398 0.37375 0.5564784053156147 0.36125 0.5498338870431894 0.35875 0.5340531561461794 0.3575 0.5240863787375415 0.361875 0.5199335548172758 0.366875 0.5199335548172758 0.38 0.526578073089701 0.385625 0.532392026578073 0.39 0.5398671096345515 0.391875 0.5556478405315615 0.39125 0.5631229235880398 0.38 0.5631229235880398 0.37375
1 0.6287375415282392 0.363125 0.6262458471760798 0.35625 0.617109634551495 0.35125 0.6054817275747508 0.349375 0.5888704318936877 0.35125 0.5772425249169435 0.361875 0.5764119601328903 0.370625 0.5789036544850499 0.374375 0.5888704318936877 0.379375 0.6112956810631229 0.381875 0.627906976744186 0.373125 0.6287375415282392 0.363125
1 0.287375415282392 0.325 0.2724252491694352 0.313125 0.24501661129568106 0.31125 0.23338870431893688 0.32 0.23421926910299004 0.333125 0.25249169435215946 0.34375 0.2691029900332226 0.345625 0.2865448504983389 0.34 0.28903654485049834 0.331875 0.287375415282392 0.325
1 0.40448504983388706 0.526875 0.40780730897009965 0.519375 0.40448504983388706 0.505 0.38787375415282394 0.500625 0.3803986710963455 0.495625 0.3646179401993355 0.495625 0.3546511627906977 0.49875 0.3488372093023256 0.5075 0.3488372093023256 0.515 0.3579734219269103 0.524375 0.3704318936877076 0.52875 0.3862126245847176 0.53125 0.3945182724252492 0.530625 0.40448504983388706 0.526875
1 0.41777408637873753 0.488125 0.4111295681063123 0.475625 0.3945182724252492 0.465625 0.38289036544850497 0.465 0.37375415282392027 0.470625 0.37209302325581395 0.48375 0.38205980066445183 0.49625 0.3953488372093023 0.5025 0.40780730897009965 0.5025 0.4169435215946844 0.495625 0.41777408637873753 0.488125
1 0.276578073089701 0.380625 0.2724252491694352 0.376875 0.25830564784053156 0.37125 0.23421926910299004 0.371875 0.223421926910299 0.380625 0.223421926910299 0.39125 0.2350498338870432 0.401875 0.24501661129568106 0.403125 0.2599667774086379 0.40125 0.2757475083056478 0.386875 0.276578073089701 0.380625
1 0.4692691029900332 0.349375 0.4692691029900332 0.3375 0.4584717607973422 0.325 0.4476744186046512 0.324375 0.4410299003322259 0.328125 0.43438538205980065 0.3375 0.4269102990033223 0.3425 0.42857142857142855 0.353125 0.43272425249169433 0.358125 0.4476744186046512 0.361875 0.4584717607973422 0.360625 0.46511627906976744 0.355625 0.4692691029900332 0.349375
1 0.5946843853820598 0.590625 0.5946843853820598 0.581875 0.5880398671096345 0.573125 0.5730897009966778 0.568125 0.5523255813953488 0.5825 0.5456810631229236 0.59375 0.5456810631229236 0.605625 0.553156146179402 0.611875 0.5631229235880398 0.614375 0.5730897009966778 0.613125 0.584717607973422 0.60625 0.5946843853820598 0.590625
1 0.3754152823920266 0.3275 0.3637873754152824 0.3175 0.3446843853820598 0.318125 0.3380398671096346 0.326875 0.3380398671096346 0.341875 0.34219269102990035 0.3475 0.3538205980066445 0.35375 0.3687707641196013 0.350625 0.3770764119601329 0.34 0.3754152823920266 0.3275
1 0.5672757475083057 0.4675 0.5664451827242525 0.460625 0.5564784053156147 0.45 0.5448504983388704 0.446875 0.5340531561461794 0.446875 0.5282392026578073 0.449375 0.5249169435215947 0.45375 0.5232558139534884 0.468125 0.5340531561461794 0.47875 0.5498338870431894 0.4825 0.5606312292358804 0.47875 0.563953488372093 0.475625 0.5672757475083057 0.4675
1 0.24916943521594684 0.3425 0.23754152823920266 0.3425 0.22674418604651161 0.345625 0.21760797342192692 0.353125 0.21926910299003322 0.368125 0.22591362126245848 0.37375 0.25830564784053156 0.36875 0.26411960132890366 0.36375 0.26411960132890366 0.34875 0.24916943521594684 0.3425
1 0.26827242524916944 0.461875 0.26827242524916944 0.453125 0.26411960132890366 0.444375 0.25083056478405313 0.43625 0.2367109634551495 0.438125 0.22508305647840532 0.44875 0.22591362126245848 0.460625 0.23754152823920266 0.470625 0.24584717607973422 0.4725 0.25830564784053156 0.47125 0.2632890365448505 0.46875 0.26827242524916944 0.461875
1 0.6229235880398671 0.5075 0.617109634551495 0.49125 0.6129568106312292 0.486875 0.5897009966777409 0.490625 0.5838870431893688 0.495625 0.5813953488372093 0.5125 0.5838870431893688 0.516875 0.5880398671096345 0.52125 0.5963455149501661 0.524375 0.606312292358804 0.524375 0.6154485049833887 0.520625 0.6229235880398671 0.5075
1 0.39700996677740863 0.459375 0.3995016611295681 0.4525 0.3995016611295681 0.4425 0.3953488372093023 0.433125 0.3903654485049834 0.42875 0.38205980066445183 0.42625 0.3654485049833887 0.428125 0.3579734219269103 0.436875 0.3579734219269103 0.449375 0.36295681063122925 0.4575 0.3729235880398671 0.46375 0.38372093023255816 0.464375 0.39285714285714285 0.4625 0.39700996677740863 0.459375
1 0.7200996677740864 0.405 0.7093023255813954 0.4 0.6885382059800664 0.4 0.6802325581395349 0.403125 0.6661129568106312 0.41375 0.6644518272425249 0.4225 0.6694352159468439 0.42625 0.6827242524916943 0.430625 0.7059800664451827 0.428125 0.7192691029900332 0.42 0.7200996677740864 0.405
1 0.5332225913621262 0.48375 0.5290697674418605 0.47625 0.5116279069767442 0.4675 0.5041528239202658 0.4675 0.49169435215946844 0.47375 0.4867109634551495 0.483125 0.4883720930232558 0.489375 0.5 0.5 0.5083056478405316 0.503125 0.5257475083056479 0.5025 0.5340531561461794 0.493125 0.5332225913621262 0.48375
1 0.40863787375415284 0.240625 0.40780730897009965 0.230625 0.40365448504983387 0.225625 0.3961794019933555 0.223125 0.3845514950166113 0.2225 0.37375415282392027 0.224375 0.3579734219269103 0.23625 0.35714285714285715 0.24625 0.3637873754152824 0.254375 0.3795681063122924 0.25875 0.39368770764119604 0.255 0.4061461794019934 0.245625 0.40863787375415284 0.240625
1 0.6362126245847176 0.59875 0.6312292358803987 0.586875 0.617109634551495 0.579375 0.6021594684385382 0.579375 0.5971760797342193 0.581875 0.5946843853820598 0.588125 0.590531561461794 0.599375 0.5921926910299004 0.60625 0.6038205980066446 0.614375 0.617109634551495 0.6175 0.6262458471760798 0.6175 0.6362126245847176 0.60625 0.6362126245847176 0.59875
1 0.3289036544850498 0.575 0.32142857142857145 0.560625 0.3131229235880399 0.555625 0.3081395348837209 0.555 0.2973421926910299 0.555625 0.29401993355481726 0.5575 0.2857142857142857 0.565 0.2857142857142857 0.581875 0.29485049833887045 0.593125 0.3014950166112957 0.59625 0.32142857142857145 0.59625 0.3272425249169435 0.589375 0.3289036544850498 0.575
1 0.5714285714285714 0.5575 0.5672757475083057 0.548125 0.5606312292358804 0.54375 0.5448504983388704 0.5425 0.5299003322259136 0.55625 0.5299003322259136 0.571875 0.5390365448504983 0.579375 0.5564784053156147 0.580625 0.5681063122923588 0.5725 0.5714285714285714 0.56625 0.5714285714285714 0.5575
1 0.4526578073089701 0.28625 0.4377076411960133 0.275 0.42441860465116277 0.273125 0.4119601328903654 0.275 0.4019933554817276 0.283125 0.3995016611295681 0.290625 0.4011627906976744 0.295 0.4111295681063123 0.303125 0.4318936877076412 0.305625 0.44435215946843853 0.303125 0.45099667774086377 0.2975 0.4526578073089701 0.28625
1 0.48006644518272423 0.299375 0.46677740863787376 0.29375 0.457641196013289 0.29625 0.4526578073089701 0.303125 0.45514950166112955 0.3175 0.4692691029900332 0.331875 0.47674418604651164 0.334375 0.48421926910299 0.33375 0.4908637873754153 0.314375 0.48006644518272423 0.299375
1 0.29069767441860467 0.51 0.29401993355481726 0.505625 0.29401993355481726 0.49 0.29069767441860467 0.48375 0.2815614617940199 0.475625 0.2691029900332226 0.47125 0.2599667774086379 0.47375 0.2541528239202658 0.480625 0.2541528239202658 0.495 0.260797342192691 0.500625 0.26411960132890366 0.5075 0.2724252491694352 0.5125 0.28488372093023256 0.5125 0.29069767441860467 0.51
1 0.2632890365448505 0.288125 0.26827242524916944 0.285 0.27325581395348836 0.279375 0.27325581395348836 0.2725 0.2616279069767442 0.265 0.24335548172757476 0.2625 0.23255813953488372 0.265625 0.22425249169435216 0.2725 0.2217607973421927 0.27875 0.22259136212624583 0.28625 0.23255813953488372 0.293125 0.24003322259136212 0.295 0.24750830564784054 0.293125 0.2541528239202658 0.28875 0.2632890365448505 0.288125
1 0.7267441860465116 0.5125 0.7200996677740864 0.508125 0.7109634551495017 0.50625 0.6910299003322259 0.5075 0.6885382059800664 0.51 0.6769102990033222 0.5125 0.6677740863787376 0.519375 0.6677740863787376 0.530625 0.6827242524916943 0.54125 0.7001661129568106 0.54125 0.7167774086378738 0.53375 0.7259136212624585 0.519375 0.7267441860465116 0.5125
1 0.7724252491694352 0.4425 0.7616279069767442 0.4375 0.7475083056478405 0.43625 0.7408637873754153 0.438125 0.7367109634551495 0.4425 0.7358803986710963 0.4625 0.7574750830564784 0.46875 0.7732558139534884 0.4675 0.7790697674418605 0.464375 0.7790697674418605 0.45 0.7724252491694352 0.4425
1 0.2691029900332226 0.288125 0.2516611295681063 0.290625 0.24584717607973422 0.29375 0.2441860465116279 0.298125 0.24335548172757476 0.304375 0.24667774086378738 0.308125 0.25830564784053156 0.310625 0.27408637873754155 0.309375 0.2799003322259136 0.3025 0.27906976744186046 0.291875 0.2691029900332226 0.288125
1 0.6495016611295681 0.41875 0.6312292358803987 0.408125 0.6162790697674418 0.40625 0.606312292358804 0.41625 0.6054817275747508 0.429375 0.6179401993355482 0.44125 0.6303986710963455 0.444375 0.6428571428571429 0.444375 0.6470099667774086 0.441875 0.6495016611295681 0.41875
1 0.834717607973422 0.42625 0.8255813953488372 0.423125 0.7990033222591362 0.42375 0.7890365448504983 0.433125 0.7882059800664452 0.44375 0.7981727574750831 0.45125 0.8230897009966778 0.4525 0.8363787375415282 0.446875 0.840531561461794 0.433125 0.834717607973422 0.42625
1 0.7724252491694352 0.34375 0.7632890365448505 0.3375 0.7583056478405316 0.336875 0.7458471760797342 0.3375 0.7383720930232558 0.340625 0.7317275747508306 0.349375 0.7325581395348837 0.36375 0.75 0.375625 0.7674418604651163 0.37 0.7757475083056479 0.36 0.7757475083056479 0.349375 0.7724252491694352 0.34375
1 0.7308970099667774 0.28875 0.7093023255813954 0.286875 0.696843853820598 0.293125 0.6935215946843853 0.3 0.6943521594684385 0.308125 0.7059800664451827 0.31625 0.7259136212624585 0.3175 0.7433554817275747 0.31125 0.7450166112956811 0.299375 0.7308970099667774 0.28875
1 0.33637873754152825 0.3225 0.3338870431893688 0.319375 0.32059800664451826 0.313125 0.3081395348837209 0.3175 0.29983388704318936 0.324375 0.29900332225913623 0.3325 0.3064784053156146 0.3425 0.3106312292358804 0.3475 0.31893687707641194 0.350625 0.3313953488372093 0.348125 0.33637873754152825 0.344375 0.33637873754152825 0.3225
1 0.5813953488372093 0.5025 0.5772425249169435 0.49625 0.5714285714285714 0.490625 0.5614617940199336 0.486875 0.5473421926910299 0.486875 0.5373754152823921 0.49125 0.5332225913621262 0.49875 0.5340531561461794 0.505 0.5465116279069767 0.518125 0.5589700996677741 0.521875 0.5705980066445183 0.520625 0.5813953488372093 0.51 0.5813953488372093 0.5025
1 0.37209302325581395 0.4675 0.3654485049833887 0.460625 0.3538205980066445 0.4625 0.3480066445182724 0.465625 0.3347176079734219 0.4775 0.3347176079734219 0.4925 0.3388704318936877 0.49625 0.3480066445182724 0.49875 0.3654485049833887 0.493125 0.37209302325581395 0.485625 0.37209302325581395 0.4675
1 0.7034883720930233 0.385625 0.6993355481727574 0.3775 0.6910299003322259 0.370625 0.675249169435216 0.366875 0.6627906976744186 0.370625 0.6602990033222591 0.374375 0.6611295681063123 0.39 0.6669435215946844 0.39625 0.6810631229235881 0.399375 0.6993355481727574 0.399375 0.7043189368770764 0.395 0.7034883720930233 0.385625
1 0.5290697674418605 0.4025 0.53156146179402 0.391875 0.5224252491694352 0.3825 0.49750830564784054 0.3775 0.4833887043189369 0.38 0.47840531561461797 0.386875 0.4792358803986711 0.395 0.4900332225913621 0.405 0.5016611295681063 0.408125 0.5157807308970099 0.408125 0.5240863787375415 0.40625 0.5290697674418605 0.4025
1 0.45514950166112955 0.57625 0.4526578073089701 0.5725 0.43853820598006643 0.565 0.4260797342192691 0.5675 0.4169435215946844 0.57875 0.4169435215946844 0.593125 0.4277408637873754 0.60375 0.4426910299003322 0.60375 0.45099667774086377 0.598125 0.45514950166112955 0.591875 0.45514950166112955 0.57625
1 0.4900332225913621 0.2775 0.489202657807309 0.2625 0.4808970099667774 0.255 0.473421926910299 0.251875 0.45514950166112955 0.251875 0.44435215946843853 0.26125 0.44435215946843853 0.274375 0.4476744186046512 0.28 0.45930232558139533 0.288125 0.47674418604651164 0.28875 0.48421926910299 0.285 0.4900332225913621 0.2775
1 0.6677740863787376 0.53625 0.665282392026578 0.526875 0.6602990033222591 0.521875 0.6420265780730897 0.519375 0.632890365448505 0.521875 0.6179401993355482 0.53625 0.6179401993355482 0.55125 0.622093023255814 0.5575 0.6312292358803987 0.5625 0.6461794019933554 0.5625 0.6586378737541528 0.555625 0.6677740863787376 0.53625
1 0.6303986710963455 0.339375 0.6312292358803987 0.328125 0.6270764119601329 0.3225 0.6154485049833887 0.318125 0.5930232558139535 0.318125 0.5755813953488372 0.33 0.574750830564784 0.3425 0.579734219269103 0.3475 0.5880398671096345 0.350625 0.606312292358804 0.34875 0.6162790697674418 0.350625 0.6303986710963455 0.339375
1 0.7450166112956811 0.37375 0.7300664451827242 0.365625 0.707641196013289 0.366875 0.7026578073089701 0.370625 0.7001661129568106 0.376875 0.7051495016611296 0.391875 0.7192691029900332 0.396875 0.7367109634551495 0.39625 0.7441860465116279 0.389375 0.7466777408637874 0.380625 0.7450166112956811 0.37375
1 0.6129568106312292 0.545 0.5996677740863787 0.531875 0.5830564784053156 0.52875 0.5780730897009967 0.529375 0.5730897009966778 0.53375 0.5705980066445183 0.539375 0.5705980066445183 0.55125 0.5730897009966778 0.558125 0.590531561461794 0.57 0.6004983388704319 0.57 0.6112956810631229 0.561875 0.6137873754152824 0.555625 0.6129568106312292 0.545
1 0.3222591362126246 0.29875 0.313953488372093 0.293125 0.2931893687707641 0.29375 0.28488372093023256 0.29625 0.2807308970099668 0.29875 0.2749169435215947 0.309375 0.2757475083056478 0.314375 0.2857142857142857 0.3225 0.303156146179402 0.32125 0.32142857142857145 0.31125 0.3239202657807309 0.305625 0.3222591362126246 0.29875
1 0.7333887043189369 0.483125 0.7325581395348837 0.474375 0.7259136212624585 0.469375 0.7142857142857143 0.465 0.7051495016611296 0.465625 0.6910299003322259 0.470625 0.6777408637873754 0.48375 0.6785714285714286 0.501875 0.6843853820598007 0.505 0.6960132890365448 0.505625 0.7134551495016611 0.5 0.7300664451827242 0.48875 0.7333887043189369 0.483125
1 0.7300664451827242 0.4375 0.7200996677740864 0.433125 0.7026578073089701 0.429375 0.6852159468438538 0.43125 0.6810631229235881 0.43375 0.6777408637873754 0.439375 0.6777408637873754 0.4475 0.6802325581395349 0.45125 0.7051495016611296 0.4625 0.7200996677740864 0.46375 0.7342192691029901 0.45875 0.7358803986710963 0.44625 0.7300664451827242 0.4375
1 0.36046511627906974 0.4275 0.3637873754152824 0.420625 0.36046511627906974 0.408125 0.34219269102990035 0.3975 0.3313953488372093 0.3975 0.3230897009966777 0.4 0.3164451827242525 0.411875 0.31727574750830567 0.418125 0.3230897009966777 0.4275 0.3330564784053156 0.433125 0.3380398671096346 0.43375 0.3521594684385382 0.433125 0.36046511627906974 0.4275
1 0.3903654485049834 0.268125 0.38372093023255816 0.2625 0.37624584717607973 0.2575 0.36710963455149503 0.255 0.3546511627906977 0.255625 0.3446843853820598 0.26 0.34136212624584716 0.266875 0.3430232558139535 0.275625 0.3538205980066445 0.285 0.3646179401993355 0.286875 0.3862126245847176 0.285625 0.39368770764119604 0.2775 0.3903654485049834 0.268125
1 0.8272425249169435 0.40625 0.8264119601328903 0.395 0.8205980066445183 0.39 0.8081395348837209 0.38875 0.803156146179402 0.390625 0.7857142857142857 0.401875 0.7840531561461794 0.4125 0.7857142857142857 0.418125 0.7931893687707641 0.42375 0.8164451827242525 0.420625 0.8222591362126246 0.415625 0.8272425249169435 0.40625
1 0.7799003322259136 0.42625 0.7832225913621262 0.41625 0.7790697674418605 0.40875 0.7724252491694352 0.405 0.7591362126245847 0.401875 0.7450166112956811 0.401875 0.7350498338870431 0.405 0.7250830564784053 0.41125 0.7209302325581395 0.418125 0.7209302325581395 0.42625 0.7250830564784053 0.430625 0.739202657807309 0.435625 0.7591362126245847 0.435625 0.7732558139534884 0.43125 0.7799003322259136 0.42625
1 0.3438538205980066 0.276875 0.3330564784053156 0.274375 0.32059800664451826 0.275 0.3131229235880399 0.28 0.3131229235880399 0.288125 0.32558139534883723 0.303125 0.3380398671096346 0.308125 0.3521594684385382 0.3075 0.35631229235880396 0.286875 0.3438538205980066 0.276875
1 0.5124584717607974 0.620625 0.5157807308970099 0.613125 0.5132890365448505 0.59625 0.4983388704318937 0.586875 0.48006644518272423 0.586875 0.47093023255813954 0.591875 0.4676079734219269 0.6025 0.4684385382059801 0.610625 0.47259136212624586 0.618125 0.48421926910299 0.625 0.49667774086378735 0.6275 0.5074750830564784 0.624375 0.5124584717607974 0.620625
1 0.10963455149501661 0.53625 0.08305647840531562 0.525 0.059800664451827246 0.52125 0.05647840531561462 0.5425 0.07475083056478406 0.5525 0.10132890365448505 0.55375 0.10963455149501661 0.53625
1 0.42857142857142855 0.415 0.4053156146179402 0.42125 0.4003322259136213 0.43 0.4053156146179402 0.445 0.44019933554817275 0.44625 0.44019933554817275 0.4325 0.42857142857142855 0.415
0 0.9667774086378738 0.30375 0.9651162790697675 0.28125 0.9086378737541528 0.2775 0.8820598006644518 0.28125 0.8621262458471761 0.31 0.8588039867109635 0.34375 0.8754152823920266 0.35375 0.9136212624584718 0.36 0.9568106312292359 0.34625 0.9667774086378738 0.32375 0.9667774086378738 0.30375