1 0.11794019933554817 0.296875 0.12375415282392027 0.301875 0.13538205980066445 0.306875 0.1478405315614618 0.3075 0.1569767441860465 0.304375 0.16196013289036545 0.3 0.16196013289036545 0.285625 0.1478405315614618 0.27625 0.12790697674418605 0.275 0.11544850498338871 0.28125 0.11461794019933555 0.289375 0.11794019933554817 0.296875
1 0.37375415282392027 0.55375 0.3704318936877076 0.56 0.3704318936877076 0.57125 0.37375415282392027 0.576875 0.3803986710963455 0.58125 0.3953488372093023 0.58125 0.4111295681063123 0.56875 0.4127906976744186 0.553125 0.40863787375415284 0.54625 0.4011627906976744 0.5425 0.39368770764119604 0.5425 0.3845514950166113 0.545625 0.37375415282392027 0.55375
1 0.5556478405315615 0.48875 0.5606312292358804 0.49625 0.5714285714285714 0.5 0.5830564784053156 0.5 0.5921926910299004 0.49875 0.5971760797342193 0.494375 0.6013289036544851 0.488125 0.6004983388704319 0.483125 0.5872093023255814 0.474375 0.5739202657807309 0.47125 0.5606312292358804 0.475 0.5564784053156147 0.480625 0.5556478405315615 0.48875
1 0.595514950166113 0.3425 0.606312292358804 0.338125 0.6154485049833887 0.328125 0.6179401993355482 0.3225 0.6179401993355482 0.310625 0.6154485049833887 0.3075 0.6071428571428571 0.30375 0.5938538205980066 0.305 0.5805647840531561 0.316875 0.5805647840531561 0.33 0.595514950166113 0.3425
1 0.5930232558139535 0.50625 0.595514950166113 0.513125 0.6054817275747508 0.521875 0.6154485049833887 0.52625 0.627906976744186 0.5275 0.6345514950166113 0.52625 0.643687707641196 0.51875 0.6453488372093024 0.5075 0.6428571428571429 0.501875 0.627906976744186 0.489375 0.6121262458471761 0.48625 0.6038205980066446 0.4875 0.5946843853820598 0.495 0.5930232558139535 0.50625
1 0.21262458471760798 0.19875 0.21179401993355482 0.2025 0.21262458471760798 0.209375 0.22093023255813954 0.215625 0.22840531561461794 0.21875 0.24584717607973422 0.22125 0.2558139534883721 0.220625 0.26411960132890366 0.216875 0.2649501661129568 0.205 0.2599667774086379 0.19875 0.25249169435215946 0.194375 0.23920265780730898 0.191875 0.22093023255813954 0.1925 0.21262458471760798 0.19875
1 0.4161129568106312 0.615 0.41777408637873753 0.626875 0.43023255813953487 0.64125 0.43853820598006643 0.64125 0.44435215946843853 0.64375 0.45598006644518274 0.639375 0.46096345514950166 0.625 0.45598006644518274 0.61 0.45099667774086377 0.60375 0.4410299003322259 0.598125 0.42940199335548174 0.598125 0.4210963455149502 0.605 0.4161129568106312 0.615
1 0.3089700996677741 0.485 0.3089700996677741 0.4925 0.3106312292358804 0.496875 0.31976744186046513 0.50375 0.33637873754152825 0.504375 0.35132890365448505 0.494375 0.36129568106312293 0.478125 0.3538205980066445 0.459375 0.3480066445182724 0.45625 0.3380398671096346 0.45625 0.3289036544850498 0.45875 0.313953488372093 0.47375 0.3089700996677741 0.485
1 0.223421926910299 0.3725 0.22259136212624583 0.384375 0.22674418604651161 0.393125 0.23754152823920266 0.400625 0.25249169435215946 0.400625 0.2649501661129568 0.3925 0.26827242524916944 0.38125 0.26744186046511625 0.374375 0.26245847176079734 0.365625 0.25332225913621265 0.36 0.24003322259136212 0.358125 0.23588039867109634 0.36 0.223421926910299 0.3725
1 0.6744186046511628 0.355625 0.6794019933554817 0.359375 0.6960132890365448 0.359375 0.7051495016611296 0.355625 0.717607973421927 0.344375 0.7167774086378738 0.33125 0.7043189368770764 0.325 0.6926910299003323 0.325 0.6818936877076412 0.32875 0.6727574750830565 0.3375 0.6744186046511628 0.355625
1 0.3496677740863787 0.39625 0.3496677740863787 0.40625 0.35299003322259137 0.414375 0.3588039867109635 0.42 0.3696013289036545 0.424375 0.3812292358803987 0.421875 0.3920265780730897 0.40875 0.39285714285714285 0.400625 0.38704318936877075 0.395625 0.3812292358803987 0.384375 0.3770764119601329 0.381875 0.36627906976744184 0.381875 0.3588039867109635 0.384375 0.35299003322259137 0.389375 0.3496677740863787 0.39625
1 0.24584717607973422 0.444375 0.25 0.4525 0.25664451827242524 0.458125 0.26744186046511625 0.46125 0.2815614617940199 0.46125 0.2898671096345515 0.4575 0.29485049833887045 0.451875 0.29401993355481726 0.438125 0.2815614617940199 0.4275 0.26411960132890366 0.42375 0.25664451827242524 0.425 0.24750830564784054 0.431875 0.24584717607973422 0.444375
1 0.17109634551495018 0.195 0.17109634551495018 0.205625 0.17857142857142858 0.216875 0.1951827242524917 0.219375 0.20348837209302326 0.216875 0.21179401993355482 0.205 0.21179401993355482 0.194375 0.20930232558139536 0.1875 0.20182724252491693 0.180625 0.19269102990033224 0.18 0.18023255813953487 0.18375 0.17109634551495018 0.195
1 0.22093023255813954 0.1675 0.21760797342192692 0.176875 0.22093023255813954 0.18625 0.22674418604651161 0.190625 0.2367109634551495 0.191875 0.24916943521594684 0.1925 0.2591362126245847 0.18875 0.26411960132890366 0.185625 0.26744186046511625 0.17875 0.2666112956810631 0.166875 0.2591362126245847 0.160625 0.25 0.15875 0.24003322259136212 0.15875 0.22757475083056478 0.1625 0.22093023255813954 0.1675
1 0.457641196013289 0.49375 0.45930232558139533 0.503125 0.4676079734219269 0.50875 0.4775747508305648 0.51125 0.4883720930232558 0.51125 0.49667774086378735 0.50875 0.5024916943521595 0.50125 0.5008305647840532 0.4875 0.4958471760797342 0.481875 0.4850498338870432 0.47875 0.4659468438538206 0.483125 0.4601328903654485 0.4875 0.457641196013289 0.49375
1 0.21926910299003322 0.60125 0.21428571428571427 0.605625 0.2101328903654485 0.614375 0.21096345514950166 0.623125 0.21760797342192692 0.634375 0.22093023255813954 0.63875 0.23255813953488372 0.644375 0.24584717607973422 0.644375 0.2541528239202658 0.63875 0.2591362126245847 0.630625 0.25830564784053156 0.619375 0.24169435215946844 0.6125 0.23588039867109634 0.6075 0.23172757475083056 0.598125 0.22425249169435216 0.598125 0.21926910299003322 0.60125
1 0.5647840531561462 0.178125 0.5764119601328903 0.1825 0.5888704318936877 0.1825 0.6029900332225914 0.17375 0.6029900332225914 0.156875 0.5888704318936877 0.15 0.5697674418604651 0.15 0.5581395348837209 0.15625 0.5564784053156147 0.1675 0.5647840531561462 0.178125
1 0.23920265780730898 0.254375 0.23754152823920266 0.26875 0.24086378737541528 0.278125 0.25 0.285625 0.26578073089701 0.286875 0.2757475083056478 0.283125 0.2815614617940199 0.278125 0.2865448504983389 0.261875 0.28488372093023256 0.25125 0.27906976744186046 0.240625 0.27325581395348836 0.236875 0.2558139534883721 0.235625 0.24750830564784054 0.240625 0.23920265780730898 0.254375
1 0.33637873754152825 0.69625 0.3579734219269103 0.696875 0.36710963455149503 0.691875 0.37624584717607973 0.6825 0.3795681063122924 0.66625 0.36794019933554817 0.6575 0.35299003322259137 0.6575 0.3388704318936877 0.6675 0.33222591362126247 0.680625 0.3330564784053156 0.691875 0.33637873754152825 0.69625
1 0.1212624584717608 0.395 0.1212624584717608 0.400625 0.12956810631229235 0.408125 0.14700996677740863 0.418125 0.1569767441860465 0.420625 0.1686046511627907 0.420625 0.1777408637873754 0.418125 0.18687707641196014 0.410625 0.18687707641196014 0.404375 0.1611295681063123 0.385 0.14950166112956811 0.381875 0.132890365448505 0.3825 0.12292358803986711 0.39 0.1212624584717608 0.395
1 0.5058139534883721 0.4225 0.5058139534883721 0.43 0.5157807308970099 0.441875 0.5299003322259136 0.441875 0.5440199335548173 0.43 0.5473421926910299 0.421875 0.5448504983388704 0.408125 0.5382059800664452 0.40375 0.526578073089701 0.40375 0.5191029900332226 0.4075 0.5099667774086378 0.41625 0.5058139534883721 0.4225
1 0.4152823920265781 0.69625 0.4161129568106312 0.70625 0.42940199335548174 0.72 0.45016611295681064 0.72 0.45514950166112955 0.71625 0.4601328903654485 0.706875 0.4584717607973422 0.69125 0.45514950166112955 0.683125 0.44601328903654486 0.6775 0.43272425249169433 0.6775 0.4186046511627907 0.6875 0.4152823920265781 0.69625
1 0.6727574750830565 0.369375 0.6710963455149501 0.375 0.6769102990033222 0.39625 0.686046511627907 0.400625 0.7051495016611296 0.398125 0.7117940199335548 0.38875 0.7117940199335548 0.378125 0.707641196013289 0.36875 0.6976744186046512 0.36125 0.6901993355481728 0.36 0.6794019933554817 0.361875 0.6727574750830565 0.369375
1 0.5880398671096345 0.471875 0.6029900332225914 0.484375 0.6179401993355482 0.483125 0.6229235880398671 0.480625 0.6287375415282392 0.480625 0.6337209302325582 0.475625 0.6370431893687708 0.46875 0.6353820598006644 0.46125 0.6262458471760798 0.451875 0.6096345514950167 0.448125 0.5946843853820598 0.451875 0.5888704318936877 0.455625 0.5880398671096345 0.471875
1 0.4377076411960133 0.46875 0.44019933554817275 0.4775 0.4435215946843854 0.480625 0.45182724252491696 0.483125 0.462624584717608 0.483125 0.4792358803986711 0.478125 0.4850498338870432 0.475 0.4941860465116279 0.46375 0.4941860465116279 0.45625 0.49169435215946844 0.45375 0.4850498338870432 0.45 0.4750830564784053 0.448125 0.4568106312292359 0.450625 0.446843853820598 0.456875 0.4377076411960133 0.46875
1 0.5365448504983389 0.455625 0.5473421926910299 0.460625 0.5606312292358804 0.460625 0.5697674418604651 0.4575 0.5789036544850499 0.445 0.5780730897009967 0.435625 0.5714285714285714 0.4275 0.5473421926910299 0.4275 0.5348837209302325 0.439375 0.5340531561461794 0.45 0.5365448504983389 0.455625
1 0.6353820598006644 0.485 0.6486710963455149 0.495 0.6619601328903655 0.49625 0.6710963455149501 0.494375 0.6760797342192691 0.49125 0.6810631229235881 0.48375 0.6802325581395349 0.471875 0.6710963455149501 0.4625 0.6627906976744186 0.45875 0.6461794019933554 0.46125 0.6345514950166113 0.471875 0.6353820598006644 0.485
1 0.3945182724252492 0.443125 0.3953488372093023 0.449375 0.40282392026578073 0.46 0.4152823920265781 0.46625 0.4368770764119601 0.468125 0.44518272425249167 0.4575 0.44435215946843853 0.45 0.4393687707641196 0.440625 0.42857142857142855 0.435 0.4152823920265781 0.43125 0.4003322259136213 0.434375 0.3945182724252492 0.443125
1 0.23338870431893688 0.600625 0.23754152823920266 0.609375 0.2516611295681063 0.6175 0.2799003322259136 0.620625 0.28488372093023256 0.619375 0.28820598006644516 0.614375 0.28820598006644516 0.60375 0.2840531561461794 0.59625 0.26578073089701 0.588125 0.2558139534883721 0.57875 0.25249169435215946 0.57875 0.23588039867109634 0.58875 0.23338870431893688 0.600625
1 0.29900332225913623 0.410625 0.3089700996677741 0.42625 0.313953488372093 0.42875 0.32558139534883723 0.429375 0.33637873754152825 0.425 0.34219269102990035 0.418125 0.3430232558139535 0.405625 0.33637873754152825 0.39375 0.32641196013289037 0.39 0.31893687707641194 0.39 0.3081395348837209 0.39625 0.29900332225913623 0.410625
1 0.627906976744186 0.316875 0.632890365448505 0.325625 0.6528239202657807 0.33125 0.6636212624584718 0.33125 0.6661129568106312 0.328125 0.6686046511627907 0.319375 0.6677740863787376 0.31 0.6627906976744186 0.3025 0.6511627906976745 0.295625 0.6337209302325582 0.295625 0.627906976744186 0.3025 0.627906976744186 0.316875
1 0.4568106312292359 0.3875 0.4742524916943522 0.386875 0.4958471760797342 0.37375 0.49916943521594687 0.3675 0.4983388704318937 0.3625 0.4867109634551495 0.35625 0.46179401993355484 0.36 0.446843853820598 0.3725 0.4485049833887043 0.384375 0.4568106312292359 0.3875
1 0.6586378737541528 0.53125 0.6586378737541528 0.54125 0.6619601328903655 0.5475 0.6661129568106312 0.550625 0.6760797342192691 0.553125 0.6868770764119602 0.5525 0.6918604651162791 0.55 0.7026578073089701 0.539375 0.7043189368770764 0.524375 0.6926910299003323 0.514375 0.6818936877076412 0.513125 0.6686046511627907 0.5175 0.6636212624584718 0.52125 0.6586378737541528 0.53125
1 0.5 0.236875 0.4983388704318937 0.245625 0.4983388704318937 0.251875 0.5041528239202658 0.26 0.5083056478405316 0.261875 0.526578073089701 0.261875 0.5340531561461794 0.256875 0.5390365448504983 0.251875 0.5440199335548173 0.23875 0.5440199335548173 0.22625 0.5382059800664452 0.219375 0.5240863787375415 0.21875 0.5157807308970099 0.220625 0.5049833887043189 0.22875 0.5 0.236875
1 0.40780730897009965 0.41125 0.4119601328903654 0.418125 0.4161129568106312 0.4225 0.43106312292358806 0.42875 0.43853820598006643 0.42875 0.45016611295681064 0.421875 0.45016611295681064 0.413125 0.4377076411960133 0.4 0.43023255813953487 0.39625 0.4186046511627907 0.39625 0.40946843853820597 0.40125 0.40780730897009965 0.41125
1 0.7126245847176079 0.379375 0.7225913621262459 0.386875 0.7441860465116279 0.386875 0.7524916943521595 0.3775 0.7541528239202658 0.3625 0.7450166112956811 0.35125 0.7367109634551495 0.349375 0.7242524916943521 0.350625 0.7126245847176079 0.361875 0.7126245847176079 0.379375
1 0.10548172757475083 0.450625 0.10963455149501661 0.458125 0.1212624584717608 0.463125 0.13372093023255813 0.463125 0.14700996677740863 0.458125 0.16029900332225913 0.444375 0.15946843853820597 0.43 0.14700996677740863 0.4225 0.13372093023255813 0.4225 0.1212624584717608 0.4275 0.10631229235880399 0.440625 0.10548172757475083 0.450625
1 0.5016611295681063 0.61125 0.4950166112956811 0.623125 0.4958471760797342 0.635 0.5024916943521595 0.644375 0.5199335548172758 0.64625 0.5274086378737541 0.644375 0.5382059800664452 0.63125 0.5382059800664452 0.623125 0.53156146179402 0.6175 0.5282392026578073 0.610625 0.5232558139534884 0.608125 0.5066445182724253 0.608125 0.5016611295681063 0.61125
1 0.2865448504983389 0.236875 0.28488372093023256 0.240625 0.2840531561461794 0.249375 0.2865448504983389 0.2575 0.29817275747508304 0.26875 0.3081395348837209 0.27125 0.31727574750830567 0.27 0.32558139534883723 0.261875 0.32641196013289037 0.24375 0.3230897009966777 0.235625 0.31893687707641194 0.2325 0.3089700996677741 0.2275 0.2973421926910299 0.22875 0.2865448504983389 0.236875
1 0.17275747508305647 0.504375 0.17275747508305647 0.51375 0.1760797342192691 0.520625 0.18604651162790697 0.524375 0.19767441860465115 0.524375 0.20431893687707642 0.521875 0.22009966777408638 0.50875 0.21926910299003322 0.495 0.21511627906976744 0.49 0.20431893687707642 0.485 0.19601328903654486 0.485 0.1818936877076412 0.491875 0.17275747508305647 0.504375
1 0.5897009966777409 0.26875 0.5921926910299004 0.27625 0.6029900332225914 0.283125 0.6137873754152824 0.283125 0.6237541528239202 0.273125 0.6237541528239202 0.26125 0.6212624584717608 0.254375 0.617109634551495 0.251875 0.6013289036544851 0.253125 0.5913621262458472 0.261875 0.5897009966777409 0.26875
1 0.3704318936877076 0.68875 0.36295681063122925 0.69875 0.36129568106312293 0.713125 0.3637873754152824 0.716875 0.36794019933554817 0.72 0.37790697674418605 0.7225 0.3961794019933555 0.718125 0.4119601328903654 0.70375 0.4152823920265781 0.69375 0.41445182724252494 0.685 0.4119601328903654 0.680625 0.4053156146179402 0.6775 0.38870431893687707 0.6775 0.3812292358803987 0.680625 0.3704318936877076 0.68875
1 0.5299003322259136 0.613125 0.5365448504983389 0.6225 0.542358803986711 0.62625 0.5490033222591362 0.62875 0.5622923588039868 0.629375 0.5722591362126246 0.62625 0.5755813953488372 0.623125 0.5822259136212624 0.613125 0.579734219269103 0.60375 0.5672757475083057 0.595 0.5564784053156147 0.593125 0.5431893687707641 0.59375 0.532392026578073 0.600625 0.5299003322259136 0.613125
1 0.40863787375415284 0.27375 0.4061461794019934 0.285625 0.40863787375415284 0.290625 0.4186046511627907 0.2975 0.4368770764119601 0.295625 0.45099667774086377 0.283125 0.45182724252491696 0.27375 0.446843853820598 0.26625 0.43853820598006643 0.260625 0.4269102990033223 0.260625 0.4186046511627907 0.264375 0.40863787375415284 0.27375
1 0.6362126245847176 0.4325 0.632890365448505 0.440625 0.6353820598006644 0.451875 0.6486710963455149 0.45875 0.670265780730897 0.45625 0.6794019933554817 0.44625 0.6794019933554817 0.4325 0.675249169435216 0.425 0.6686046511627907 0.420625 0.6561461794019934 0.420625 0.6503322259136213 0.4225 0.6362126245847176 0.4325
1 0.5805647840531561 0.440625 0.579734219269103 0.449375 0.5855481727574751 0.45375 0.5930232558139535 0.45375 0.5946843853820598 0.451875 0.6079734219269103 0.449375 0.6245847176079734 0.4425 0.6312292358803987 0.441875 0.6353820598006644 0.435625 0.6345514950166113 0.4325 0.632890365448505 0.43 0.6237541528239202 0.4275 0.6029900332225914 0.4275 0.5863787375415282 0.435 0.5805647840531561 0.440625
1 0.6204318936877077 0.33875 0.6204318936877077 0.353125 0.632890365448505 0.3625 0.6420265780730897 0.365 0.6569767441860465 0.365 0.6636212624584718 0.3625 0.6710963455149501 0.355625 0.6710963455149501 0.34125 0.6619601328903655 0.33375 0.6528239202657807 0.33125 0.6337209302325582 0.33 0.6245847176079734 0.33375 0.6204318936877077 0.33875
1 0.3081395348837209 0.72 0.31561461794019935 0.725 0.3380398671096346 0.725 0.3496677740863787 0.72 0.35714285714285715 0.713125 0.3588039867109635 0.7025 0.35299003322259137 0.69875 0.32558139534883723 0.696875 0.3089700996677741 0.70625 0.3064784053156146 0.71125 0.3081395348837209 0.72
1 0.4435215946843854 0.3 0.4485049833887043 0.306875 0.4568106312292359 0.311875 0.4775747508305648 0.3125 0.4850498338870432 0.31 0.4941860465116279 0.3025 0.4958471760797342 0.28875 0.49335548172757476 0.285 0.48421926910299 0.28125 0.457641196013289 0.28125 0.44435215946843853 0.289375 0.4435215946843854 0.3
1 0.2691029900332226 0.4025 0.28322259136212624 0.413125 0.29485049833887045 0.413125 0.3089700996677741 0.3975 0.3089700996677741 0.38375 0.29485049833887045 0.375 0.2815614617940199 0.375 0.2724252491694352 0.37875 0.26578073089701 0.39375 0.2691029900332226 0.4025
1 0.27740863787375414 0.141875 0.2799003322259136 0.14875 0.2865448504983389 0.153125 0.2956810631229236 0.155 0.31727574750830567 0.155 0.33222591362126247 0.15125 0.3372093023255814 0.14375 0.3347176079734219 0.1375 0.3289036544850498 0.130625 0.31976744186046513 0.125625 0.2931893687707641 0.125 0.2799003322259136 0.130625 0.27740863787375414 0.141875
1 0.6312292358803987 0.395 0.6362126245847176 0.403125 0.6453488372093024 0.410625 0.6611295681063123 0.41125 0.6694352159468439 0.4075 0.6744186046511628 0.40125 0.6744186046511628 0.39 0.6669435215946844 0.3775 0.6536544850498339 0.3725 0.6387043189368771 0.375 0.632890365448505 0.379375 0.6312292358803987 0.395
1 0.532392026578073 0.3275 0.5348837209302325 0.33125 0.5415282392026578 0.335 0.5490033222591362 0.335625 0.5581395348837209 0.33125 0.5722591362126246 0.32875 0.579734219269103 0.316875 0.5789036544850499 0.31 0.5697674418604651 0.3025 0.5573089700996677 0.3025 0.5490033222591362 0.305 0.5332225913621262 0.316875 0.532392026578073 0.3275
1 0.5024916943521595 0.486875 0.5041528239202658 0.50125 0.5124584717607974 0.504375 0.5299003322259136 0.504375 0.5398671096345515 0.50125 0.5481727574750831 0.49125 0.5481727574750831 0.479375 0.5398671096345515 0.471875 0.5340531561461794 0.470625 0.5166112956810631 0.473125 0.5058139534883721 0.480625 0.5024916943521595 0.486875
1 0.34053156146179403 0.3125 0.34053156146179403 0.323125 0.34551495016611294 0.3325 0.3554817275747508 0.340625 0.3637873754152824 0.34 0.3704318936877076 0.335 0.3787375415282392 0.321875 0.3803986710963455 0.310625 0.37624584717607973 0.304375 0.3637873754152824 0.2975 0.35631229235880396 0.2975 0.34551495016611294 0.3025 0.34053156146179403 0.3125
1 0.29485049833887045 0.35625 0.29485049833887045 0.364375 0.29900332225913623 0.37375 0.30980066445182725 0.38 0.31478405315614616 0.381875 0.33637873754152825 0.381875 0.3480066445182724 0.376875 0.35631229235880396 0.36875 0.35714285714285715 0.356875 0.3521594684385382 0.35125 0.34219269102990035 0.348125 0.31478405315614616 0.346875 0.29983388704318936 0.35125 0.29485049833887045 0.35625
1 0.42857142857142855 0.338125 0.44435215946843853 0.348125 0.47591362126245845 0.348125 0.48255813953488375 0.34375 0.48588039867109634 0.338125 0.4833887043189369 0.326875 0.4692691029900332 0.315625 0.4485049833887043 0.314375 0.4435215946843854 0.315625 0.42940199335548174 0.325625 0.42857142857142855 0.338125
1 0.46096345514950166 0.689375 0.4601328903654485 0.695625 0.462624584717608 0.70125 0.4742524916943522 0.70875 0.48588039867109634 0.711875 0.49750830564784054 0.711875 0.5124584717607974 0.70375 0.5149501661129569 0.69875 0.5141196013289037 0.689375 0.510797342192691 0.6875 0.5016611295681063 0.6875 0.48255813953488375 0.6775 0.4775747508305648 0.6775 0.46096345514950166 0.689375
1 0.18604651162790697 0.58 0.1852159468438538 0.591875 0.19269102990033224 0.603125 0.19933554817275748 0.605625 0.2084717607973422 0.605625 0.21760797342192692 0.601875 0.22508305647840532 0.5925 0.22591362126245848 0.5725 0.2217607973421927 0.566875 0.21511627906976744 0.56375 0.2059800664451827 0.56375 0.19269102990033224 0.569375 0.18604651162790697 0.58
1 0.3280730897009967 0.16 0.3272425249169435 0.174375 0.33056478405315615 0.181875 0.33970099667774084 0.19 0.3504983388704319 0.191875 0.3637873754152824 0.18625 0.36794019933554817 0.1775 0.36710963455149503 0.16125 0.36212624584717606 0.15375 0.3504983388704319 0.148125 0.3388704318936877 0.149375 0.3330564784053156 0.153125 0.3280730897009967 0.16
1 0.5020764119601329 0.2546875 0.0008305647840531562 0.000625
1 0.5406976744186046 0.244375 0.5398671096345515 0.25 0.5506644518272426 0.261875 0.5606312292358804 0.26625 0.5755813953488372 0.2675 0.5888704318936877 0.26375 0.5971760797342193 0.254375 0.5980066445182725 0.2425 0.5938538205980066 0.2375 0.5830564784053156 0.2325 0.5672757475083057 0.2325 0.5448504983388704 0.239375 0.5406976744186046 0.244375
1 0.473421926910299 0.218125 0.4883720930232558 0.23125 0.5024916943521595 0.23125 0.5166112956810631 0.2175 0.5166112956810631 0.20375 0.5091362126245847 0.195 0.4983388704318937 0.190625 0.48255813953488375 0.19125 0.4742524916943522 0.19875 0.473421926910299 0.218125
1 0.45598006644518274 0.254375 0.45348837209302323 0.265 0.4568106312292359 0.27375 0.462624584717608 0.2775 0.4684385382059801 0.28 0.4883720930232558 0.28125 0.5 0.273125 0.5008305647840532 0.261875 0.4941860465116279 0.253125 0.489202657807309 0.250625 0.4684385382059801 0.24875 0.46096345514950166 0.25 0.45598006644518274 0.254375
1 0.4601328903654485 0.6225 0.47674418604651164 0.63625 0.48255813953488375 0.63625 0.4941860465116279 0.625 0.49750830564784054 0.615 0.49667774086378735 0.605625 0.4850498338870432 0.595 0.47093023255813954 0.595625 0.4584717607973422 0.605 0.457641196013289 0.615 0.4601328903654485 0.6225
1 0.5930232558139535 0.405625 0.595514950166113 0.416875 0.6038205980066446 0.425 0.6088039867109635 0.426875 0.6320598006644518 0.42875 0.6378737541528239 0.42625 0.6428571428571429 0.420625 0.643687707641196 0.41 0.6320598006644518 0.396875 0.6212624584717608 0.3925 0.6038205980066446 0.39375 0.595514950166113 0.4 0.5930232558139535 0.405625
1 0.5473421926910299 0.353125 0.5564784053156147 0.359375 0.5631229235880398 0.36125 0.5822259136212624 0.36125 0.5930232558139535 0.355 0.5971760797342193 0.34875 0.5946843853820598 0.34125 0.5855481727574751 0.33375 0.5739202657807309 0.32875 0.5589700996677741 0.33125 0.5473421926910299 0.3375 0.5473421926910299 0.353125
1 0.6827242524916943 0.415625 0.6827242524916943 0.420625 0.6901993355481728 0.43375 0.7101328903654485 0.446875 0.71843853820598 0.446875 0.7259136212624585 0.44125 0.729235880398671 0.436875 0.729235880398671 0.421875 0.71843853820598 0.405625 0.7059800664451827 0.4 0.6935215946843853 0.40125 0.6868770764119602 0.406875 0.6827242524916943 0.415625
1 0.6229235880398671 0.654375 0.6337209302325582 0.660625 0.6461794019933554 0.660625 0.6561461794019934 0.655 0.6611295681063123 0.65125 0.6661129568106312 0.64125 0.665282392026578 0.62625 0.6569767441860465 0.62125 0.643687707641196 0.62125 0.6237541528239202 0.639375 0.6212624584717608 0.645625 0.6229235880398671 0.654375
1 0.15614617940199335 0.318125 0.1669435215946844 0.33125 0.1777408637873754 0.335 0.19352159468438537 0.335625 0.2009966777408638 0.334375 0.2026578073089701 0.3275 0.21262458471760798 0.3175 0.21179401993355482 0.313125 0.19684385382059802 0.3025 0.17857142857142858 0.30125 0.16279069767441862 0.305 0.1569767441860465 0.31 0.15614617940199335 0.318125
1 0.38205980066445183 0.514375 0.37375415282392027 0.52125 0.3729235880398671 0.52625 0.37790697674418605 0.5325 0.3953488372093023 0.540625 0.4119601328903654 0.540625 0.4269102990033223 0.53125 0.42857142857142855 0.52125 0.42524916943521596 0.515 0.4169435215946844 0.51 0.40946843853820597 0.506875 0.3995016611295681 0.506875 0.38205980066445183 0.514375
1 0.43853820598006643 0.156875 0.436046511627907 0.16375 0.4368770764119601 0.174375 0.4426910299003322 0.18 0.45348837209302323 0.184375 0.4792358803986711 0.185625 0.48754152823920266 0.1825 0.4950166112956811 0.175 0.4941860465116279 0.16375 0.4808970099667774 0.15375 0.4692691029900332 0.15 0.4568106312292359 0.149375 0.446843853820598 0.151875 0.43853820598006643 0.156875
1 0.2591362126245847 0.5625 0.2558139534883721 0.569375 0.2558139534883721 0.57625 0.2591362126245847 0.58125 0.2666112956810631 0.588125 0.2815614617940199 0.59375 0.29900332225913623 0.59375 0.3064784053156146 0.591875 0.31727574750830567 0.58125 0.31561461794019935 0.57375 0.30564784053156147 0.561875 0.29900332225913623 0.558125 0.29069767441860467 0.556875 0.26744186046511625 0.5575 0.2591362126245847 0.5625
1 0.34053156146179403 0.619375 0.34219269102990035 0.63125 0.3521594684385382 0.63875 0.35714285714285715 0.645625 0.3637873754152824 0.6475 0.3712624584717608 0.6475 0.3812292358803987 0.64375 0.38704318936877075 0.634375 0.3862126245847176 0.62625 0.38205980066445183 0.62 0.36295681063122925 0.608125 0.35132890365448505 0.608125 0.3438538205980066 0.61375 0.34053156146179403 0.619375
1 0.6029900332225914 0.605 0.6021594684385382 0.618125 0.6029900332225914 0.623125 0.6096345514950167 0.63125 0.6179401993355482 0.634375 0.6287375415282392 0.633125 0.6420265780730897 0.62 0.6428571428571429 0.60125 0.6353820598006644 0.595 0.6270764119601329 0.593125 0.6162790697674418 0.59375 0.6079734219269103 0.598125 0.6029900332225914 0.605
1 0.38289036544850497 0.376875 0.38289036544850497 0.388125 0.38704318936877075 0.395 0.3953488372093023 0.40125 0.40863787375415284 0.40125 0.4260797342192691 0.394375 0.43023255813953487 0.386875 0.42940199335548174 0.37875 0.420265780730897 0.369375 0.4111295681063123 0.365 0.4003322259136213 0.365 0.3853820598006645 0.3725 0.38289036544850497 0.376875
1 0.5132890365448505 0.178125 0.5124584717607974 0.189375 0.5149501661129569 0.1975 0.521594684385382 0.204375 0.5299003322259136 0.208125 0.5440199335548173 0.206875 0.5548172757475083 0.19875 0.5564784053156147 0.183125 0.5506644518272426 0.175625 0.542358803986711 0.17 0.5257475083056479 0.16875 0.5149501661129569 0.174375 0.5132890365448505 0.178125
1 0.38953488372093026 0.64625 0.38953488372093026 0.65625 0.3978405315614618 0.670625 0.40365448504983387 0.675625 0.41777408637873753 0.680625 0.42524916943521596 0.68 0.436046511627907 0.671875 0.43853820598006643 0.665 0.4377076411960133 0.655 0.4318936877076412 0.641875 0.41777408637873753 0.631875 0.40946843853820597 0.63125 0.3995016611295681 0.634375 0.38953488372093026 0.64625
1 0.6245847176079734 0.254375 0.6237541528239202 0.261875 0.6270764119601329 0.26875 0.632890365448505 0.27375 0.6420265780730897 0.27625 0.6611295681063123 0.27625 0.6727574750830565 0.270625 0.6735880398671097 0.259375 0.6669435215946844 0.250625 0.659468438538206 0.246875 0.6470099667774086 0.245 0.6287375415282392 0.250625 0.6245847176079734 0.254375
1 0.3588039867109635 0.45 0.3554817275747508 0.45875 0.3588039867109635 0.473125 0.36627906976744184 0.480625 0.38205980066445183 0.4875 0.3953488372093023 0.4875 0.39867109634551495 0.485625 0.4061461794019934 0.475 0.4061461794019934 0.46375 0.39700996677740863 0.450625 0.3803986710963455 0.441875 0.3687707641196013 0.441875 0.3646179401993355 0.444375 0.3588039867109635 0.45
1 0.3480066445182724 0.250625 0.3430232558139535 0.258125 0.34219269102990035 0.26875 0.34551495016611294 0.275625 0.3546511627906977 0.283125 0.36129568106312293 0.285625 0.3745847176079734 0.285625 0.38205980066445183 0.283125 0.3911960132890365 0.26875 0.38870431893687707 0.25875 0.3845514950166113 0.25 0.3770764119601329 0.244375 0.3654485049833887 0.243125 0.35631229235880396 0.245 0.3480066445182724 0.250625
1 0.27159468438538203 0.529375 0.2823920265780731 0.546875 0.29485049833887045 0.5575 0.30481727574750833 0.56 0.31478405315614616 0.56 0.3222591362126246 0.556875 0.3280730897009967 0.5475 0.3280730897009967 0.5375 0.3222591362126246 0.52875 0.30564784053156147 0.519375 0.2799003322259136 0.51625 0.27159468438538203 0.52375 0.27159468438538203 0.529375
1 0.3978405315614618 0.209375 0.3978405315614618 0.21875 0.4119601328903654 0.2275 0.43023255813953487 0.2275 0.4418604651162791 0.22375 0.446843853820598 0.219375 0.45099667774086377 0.21375 0.45016611295681064 0.206875 0.43853820598006643 0.1975 0.42857142857142855 0.195 0.4161129568106312 0.19625 0.4011627906976744 0.204375 0.3978405315614618 0.209375
1 0.38289036544850497 0.324375 0.3812292358803987 0.330625 0.3812292358803987 0.340625 0.3845514950166113 0.348125 0.3978405315614618 0.355625 0.40946843853820597 0.355625 0.42441860465116277 0.344375 0.4269102990033223 0.33625 0.4260797342192691 0.3275 0.420265780730897 0.32125 0.40863787375415284 0.315625 0.3978405315614618 0.315625 0.38787375415282394 0.319375 0.38289036544850497 0.324375
1 0.2749169435215947 0.306875 0.2749169435215947 0.314375 0.2799003322259136 0.325 0.292358803986711 0.33125 0.3073089700996678 0.33125 0.31976744186046513 0.321875 0.32059800664451826 0.3075 0.3073089700996678 0.29375 0.2973421926910299 0.291875 0.2857142857142857 0.294375 0.2799003322259136 0.2975 0.2749169435215947 0.306875
1 0.38870431893687707 0.171875 0.4003322259136213 0.179375 0.41029900332225916 0.181875 0.4227574750830565 0.181875 0.436046511627907 0.174375 0.43521594684385384 0.15875 0.42358803986710963 0.15 0.4019933554817276 0.14875 0.38787375415282394 0.156875 0.3862126245847176 0.16625 0.38870431893687707 0.171875
1 0.4775747508305648 0.668125 0.48588039867109634 0.68 0.5058139534883721 0.6875 0.5274086378737541 0.6875 0.5332225913621262 0.685625 0.5406976744186046 0.678125 0.5406976744186046 0.6675 0.5274086378737541 0.65625 0.5041528239202658 0.649375 0.4883720930232558 0.649375 0.4775747508305648 0.66 0.4775747508305648 0.668125
1 0.0888704318936877 0.364375 0.0888704318936877 0.3725 0.09219269102990033 0.376875 0.10714285714285714 0.384375 0.1270764119601329 0.381875 0.1420265780730897 0.37375 0.14451827242524917 0.3675 0.143687707641196 0.36 0.14119601328903655 0.355625 0.13122923588039867 0.349375 0.11046511627906977 0.34875 0.09385382059800665 0.35625 0.0888704318936877 0.364375
1 0.21262458471760798 0.319375 0.2059800664451827 0.3225 0.20182724252491693 0.33125 0.20182724252491693 0.338125 0.20431893687707642 0.343125 0.21096345514950166 0.348125 0.21760797342192692 0.350625 0.23338870431893688 0.350625 0.24169435215946844 0.348125 0.25332225913621265 0.33875 0.25249169435215946 0.32875 0.2441860465116279 0.319375 0.23754152823920266 0.316875 0.22259136212624583 0.316875 0.21926910299003322 0.319375 0.21262458471760798 0.319375
1 0.5588405315614619 0.553286875 0.5728463455149502 0.5453831250000001 0.5821827242524916 0.530453125 0.5565066445182724 0.5207925 0.5354991694352159 0.52869625 0.5261627906976745 0.542748125 0.5343322259136213 0.554165 0.5588405315614619 0.553286875
1 0.2705705980066445 0.36534500000000003 0.291578073089701 0.35744125 0.29858056478405315 0.34251125000000004 0.28457558139534883 0.32494625 0.2705705980066445 0.32933750000000006 0.2518970099667774 0.340754375 0.25306395348837213 0.35480625000000005 0.2705705980066445 0.36534500000000003
0 0.5565066445182724 0.755280625 0.5530058139534884 0.7860187500000001 0.5763471760797343 0.8114875 0.6090257475083057 0.82202625 0.6487068106312293 0.815000625 0.6580431893687707 0.813244375 0.6708812292358803 0.80094875 0.6755498338870431 0.7816275 0.6732151162790698 0.763185 0.6498737541528239 0.7394725 0.6265315614617941 0.728055625 0.6101926910299004 0.7271774999999999 0.5740132890365448 0.7324468749999999 0.5565066445182724 0.755280625