1 0.305 0.6852159468438538 0.319375 0.6852159468438538 0.33125 0.6727574750830565 0.33125 0.6519933554817275 0.321875 0.6428571428571429 0.315 0.6420265780730897 0.30625 0.6453488372093024 0.3025 0.6470099667774086 0.299375 0.6528239202657807 0.2975 0.675249169435216 0.305 0.6852159468438538
1 0.646875 0.3704318936877076 0.6675 0.3712624584717608 0.676875 0.36627906976744184 0.6825 0.3579734219269103 0.6825 0.3380398671096346 0.6775 0.329734219269103 0.6675 0.3230897009966777 0.65375 0.3230897009966777 0.6475 0.32641196013289037 0.64 0.33554817275747506 0.63875 0.34053156146179403 0.639375 0.36046511627906974 0.646875 0.3704318936877076
1 0.45875 0.6694352159468439 0.46625 0.6760797342192691 0.478125 0.675249169435216 0.4875 0.6627906976744186 0.49 0.6528239202657807 0.48875 0.6378737541528239 0.48 0.6295681063122923 0.46625 0.6320598006644518 0.45625 0.6470099667774086 0.45625 0.6636212624584718 0.45875 0.6694352159468439
1 0.33375 0.5681063122923588 0.34 0.5714285714285714 0.348125 0.5705980066445183 0.353125 0.5672757475083057 0.358125 0.5589700996677741 0.358125 0.5440199335548173 0.355625 0.53156146179402 0.351875 0.5257475083056479 0.345 0.5191029900332226 0.338125 0.5191029900332226 0.3275 0.532392026578073 0.3275 0.5606312292358804 0.33375 0.5681063122923588
1 0.32875 0.6370431893687708 0.345625 0.6362126245847176 0.34875 0.6295681063122923 0.349375 0.6146179401993356 0.348125 0.6029900332225914 0.34375 0.590531561461794 0.338125 0.5863787375415282 0.330625 0.5863787375415282 0.325 0.5897009966777409 0.32 0.5980066445182725 0.32 0.6287375415282392 0.32875 0.6370431893687708
1 0.57375 0.5348837209302325 0.57875 0.5431893687707641 0.58375 0.5473421926910299 0.591875 0.5490033222591362 0.603125 0.5415282392026578 0.606875 0.5348837209302325 0.6075 0.520764119601329 0.605 0.5074750830564784 0.601875 0.4983388704318937 0.595 0.4900332225913621 0.588125 0.48754152823920266 0.581875 0.489202657807309 0.571875 0.5058139534883721 0.570625 0.5149501661129569 0.57375 0.5348837209302325
1 0.2175 0.5149501661129569 0.225625 0.5191029900332226 0.238125 0.5191029900332226 0.249375 0.5149501661129569 0.256875 0.5083056478405316 0.258125 0.4900332225913621 0.256875 0.48421926910299 0.250625 0.47591362126245845 0.236875 0.4742524916943522 0.218125 0.48588039867109634 0.213125 0.4958471760797342 0.213125 0.5091362126245847 0.2175 0.5149501661129569
1 0.524375 0.23421926910299004 0.53125 0.24086378737541528 0.546875 0.24003322259136212 0.560625 0.22093023255813954 0.560625 0.20514950166112958 0.55 0.19102990033222592 0.5325 0.19269102990033224 0.52125 0.20681063122923588 0.52125 0.22508305647840532 0.524375 0.23421926910299004
1 0.581875 0.42524916943521596 0.588125 0.4277408637873754 0.605 0.4260797342192691 0.61 0.4210963455149502 0.613125 0.4127906976744186 0.613125 0.4011627906976744 0.61 0.3953488372093023 0.6025 0.38787375415282394 0.59625 0.3853820598006645 0.583125 0.3862126245847176 0.58 0.38870431893687707 0.57625 0.4003322259136213 0.573125 0.40282392026578073 0.5725 0.41362126245847175 0.581875 0.42524916943521596
1 0.64625 0.2101328903654485 0.651875 0.21511627906976744 0.6675 0.21677740863787376 0.675 0.21179401993355482 0.681875 0.2026578073089701 0.6825 0.18272425249169436 0.67125 0.1669435215946844 0.665 0.1644518272425249 0.6525 0.16528239202657807 0.64 0.17857142857142858 0.64 0.19767441860465115 0.64625 0.2101328903654485
1 0.614375 0.2807308970099668 0.615625 0.292358803986711 0.62625 0.29651162790697677 0.635625 0.29401993355481726 0.64125 0.2799003322259136 0.641875 0.2649501661129568 0.64125 0.2549833887043189 0.634375 0.2350498338870432 0.6275 0.2292358803986711 0.619375 0.22840531561461794 0.613125 0.23089700996677742 0.605 0.23920265780730898 0.60375 0.2591362126245847 0.614375 0.2807308970099668
1 0.31 0.23089700996677742 0.315625 0.24501661129568106 0.32 0.24916943521594684 0.334375 0.24833887043189368 0.348125 0.23255813953488372 0.348125 0.2059800664451827 0.34125 0.19767441860465115 0.324375 0.19767441860465115 0.313125 0.2084717607973422 0.31 0.21760797342192692 0.31 0.23089700996677742
1 0.51 0.49667774086378735 0.519375 0.5033222591362126 0.53 0.49916943521594687 0.5375 0.48006644518272423 0.5375 0.4642857142857143 0.529375 0.44601328903654486 0.52375 0.4410299003322259 0.51125 0.4418604651162791 0.504375 0.45016611295681064 0.501875 0.4568106312292359 0.501875 0.4792358803986711 0.51 0.49667774086378735
1 0.576875 0.3164451827242525 0.58 0.3230897009966777 0.586875 0.3280730897009967 0.593125 0.3289036544850498 0.6075 0.31727574750830567 0.615 0.29401993355481726 0.614375 0.2815614617940199 0.6075 0.2666112956810631 0.601875 0.2632890365448505 0.596875 0.26411960132890366 0.59 0.2691029900332226 0.57875 0.2840531561461794 0.576875 0.28903654485049834 0.576875 0.3164451827242525
1 0.521875 0.7250830564784053 0.530625 0.7259136212624585 0.540625 0.71843853820598 0.545625 0.7026578073089701 0.545625 0.6943521594684385 0.54 0.6843853820598007 0.5325 0.6827242524916943 0.521875 0.6918604651162791 0.5175 0.7034883720930233 0.5175 0.7200996677740864 0.521875 0.7250830564784053
1 0.6675 0.4318936877076412 0.67375 0.4393687707641196 0.681875 0.4410299003322259 0.691875 0.4368770764119601 0.70125 0.4260797342192691 0.70375 0.4019933554817276 0.700625 0.3920265780730897 0.695625 0.3853820598006645 0.6825 0.38289036544850497 0.67375 0.3903654485049834 0.67 0.40448504983388706 0.66625 0.41029900332225916 0.665625 0.42524916943521596 0.6675 0.4318936877076412
1 0.441875 0.7200996677740864 0.448125 0.7225913621262459 0.461875 0.7209302325581395 0.4675 0.7167774086378738 0.47125 0.7084717607973422 0.480625 0.6976744186046512 0.480625 0.6810631229235881 0.475625 0.6785714285714286 0.458125 0.6794019933554817 0.438125 0.6976744186046512 0.4375 0.7134551495016611 0.441875 0.7200996677740864
1 0.3725 0.5074750830564784 0.379375 0.5116279069767442 0.39375 0.5099667774086378 0.40625 0.4941860465116279 0.40625 0.47591362126245845 0.400625 0.4684385382059801 0.380625 0.4659468438538206 0.37375 0.4700996677740864 0.3675 0.4792358803986711 0.3675 0.5008305647840532 0.3725 0.5074750830564784
1 0.294375 0.6387043189368771 0.3 0.6453488372093024 0.306875 0.6453488372093024 0.314375 0.6411960132890365 0.318125 0.6312292358803987 0.318125 0.6046511627906976 0.314375 0.5938538205980066 0.308125 0.5888704318936877 0.3 0.5880398671096345 0.294375 0.590531561461794 0.28625 0.6029900332225914 0.285625 0.6212624584717608 0.294375 0.6387043189368771
1 0.39625 0.22009966777408638 0.4125 0.22259136212624583 0.4225 0.21511627906976744 0.425 0.2059800664451827 0.425 0.18604651162790697 0.421875 0.17691029900332225 0.415 0.1669435215946844 0.40625 0.1611295681063123 0.3975 0.1611295681063123 0.39 0.1669435215946844 0.385625 0.17691029900332225 0.385625 0.2009966777408638 0.39625 0.22009966777408638
1 0.39875 0.6337209302325582 0.40125 0.6470099667774086 0.40375 0.6495016611295681 0.425 0.6553156146179402 0.439375 0.6470099667774086 0.4425 0.632890365448505 0.441875 0.622093023255814 0.429375 0.6079734219269103 0.413125 0.6071428571428571 0.400625 0.6187707641196013 0.39875 0.622093023255814 0.39875 0.6337209302325582
1 0.258125 0.45016611295681064 0.2675 0.45514950166112955 0.280625 0.45514950166112955 0.284375 0.45099667774086377 0.286875 0.4418604651162791 0.286875 0.4277408637873754 0.285625 0.41943521594684385 0.280625 0.40946843853820597 0.27375 0.40282392026578073 0.263125 0.4003322259136213 0.258125 0.40282392026578073 0.25 0.4127906976744186 0.25 0.4393687707641196 0.258125 0.45016611295681064
1 0.59 0.6162790697674418 0.595 0.6179401993355482 0.61375 0.6162790697674418 0.62625 0.6046511627906976 0.626875 0.5996677740863787 0.62625 0.5863787375415282 0.619375 0.5789036544850499 0.6125 0.5764119601328903 0.598125 0.5780730897009967 0.5875 0.5880398671096345 0.584375 0.5938538205980066 0.584375 0.6079734219269103 0.59 0.6162790697674418
1 0.5425 0.40448504983388706 0.5525 0.4111295681063123 0.558125 0.4111295681063123 0.57125 0.4053156146179402 0.57875 0.3945182724252492 0.58125 0.3862126245847176 0.58125 0.37624584717607973 0.57625 0.36710963455149503 0.565625 0.36212624584717606 0.556875 0.36212624584717606 0.5425 0.3696013289036545 0.535625 0.38205980066445183 0.53625 0.3953488372093023 0.5425 0.40448504983388706
1 0.4925 0.27906976744186046 0.51875 0.28322259136212624 0.529375 0.276578073089701 0.5325 0.26827242524916944 0.5325 0.2541528239202658 0.52875 0.24667774086378738 0.50875 0.23006644518272426 0.4975 0.2292358803986711 0.49125 0.23172757475083056 0.4825 0.23920265780730898 0.479375 0.24667774086378738 0.48125 0.25830564784053156 0.4925 0.27906976744186046
1 0.451875 0.36627906976744184 0.4575 0.36710963455149503 0.473125 0.37624584717607973 0.4825 0.37624584717607973 0.499375 0.3637873754152824 0.504375 0.3521594684385382 0.50375 0.3430232558139535 0.495 0.3289036544850498 0.476875 0.3289036544850498 0.465 0.3372093023255814 0.451875 0.3546511627906977 0.45 0.3596345514950166 0.451875 0.36627906976744184
1 0.244375 0.5764119601328903 0.2575 0.5880398671096345 0.273125 0.5897009966777409 0.27875 0.5880398671096345 0.283125 0.5813953488372093 0.283125 0.5672757475083057 0.28125 0.5631229235880398 0.269375 0.5523255813953488 0.251875 0.553156146179402 0.245 0.5581395348837209 0.2425 0.5631229235880398 0.2425 0.5722591362126246 0.244375 0.5764119601328903
1 0.42125 0.2915282392026578 0.43625 0.2956810631229236 0.443125 0.2915282392026578 0.449375 0.28322259136212624 0.449375 0.260797342192691 0.446875 0.25083056478405313 0.441875 0.24667774086378738 0.43 0.24003322259136212 0.418125 0.23920265780730898 0.413125 0.2441860465116279 0.409375 0.2541528239202658 0.410625 0.2749169435215947 0.42125 0.2915282392026578
1 0.389375 0.584717607973422 0.39125 0.5888704318936877 0.405625 0.6021594684385382 0.418125 0.6004983388704319 0.424375 0.5897009966777409 0.424375 0.579734219269103 0.418125 0.563953488372093 0.408125 0.5548172757475083 0.39625 0.5556478405315615 0.39125 0.5606312292358804 0.389375 0.5656146179401993 0.389375 0.584717607973422
1 0.21 0.4526578073089701 0.219375 0.4601328903654485 0.23 0.46179401993355484 0.2375 0.45930232558139533 0.245 0.45514950166112955 0.248125 0.44933554817275745 0.25 0.4418604651162791 0.24875 0.4277408637873754 0.246875 0.4219269102990033 0.24 0.4152823920265781 0.220625 0.4152823920265781 0.209375 0.4260797342192691 0.208125 0.4476744186046512 0.21 0.4526578073089701
1 0.6825 0.5083056478405316 0.691875 0.5149501661129569 0.703125 0.5157807308970099 0.710625 0.5132890365448505 0.715 0.5091362126245847 0.718125 0.5008305647840532 0.716875 0.4908637873754153 0.713125 0.48172757475083056 0.703125 0.47093023255813954 0.68375 0.4700996677740864 0.676875 0.4750830564784053 0.673125 0.4850498338870432 0.67375 0.49667774086378735 0.6825 0.5083056478405316
1 0.375625 0.6611295681063123 0.38875 0.6636212624584718 0.398125 0.659468438538206 0.400625 0.6553156146179402 0.40125 0.6470099667774086 0.39875 0.6411960132890365 0.3975 0.6237541528239202 0.39375 0.617109634551495 0.386875 0.6112956810631229 0.380625 0.6104651162790697 0.3725 0.6137873754152824 0.3675 0.6204318936877077 0.366875 0.6445182724252492 0.375625 0.6611295681063123
1 0.545625 0.29401993355481726 0.560625 0.2973421926910299 0.56875 0.29401993355481726 0.57375 0.28488372093023256 0.57375 0.2691029900332226 0.571875 0.26578073089701 0.561875 0.260797342192691 0.548125 0.25830564784053156 0.5425 0.260797342192691 0.53625 0.2691029900332226 0.5375 0.2823920265780731 0.545625 0.29401993355481726
1 0.47625 0.5664451827242525 0.4875 0.5780730897009967 0.50625 0.5813953488372093 0.51375 0.5730897009966778 0.514375 0.5456810631229236 0.504375 0.5348837209302325 0.491875 0.5299003322259136 0.48125 0.53156146179402 0.47625 0.5357142857142857 0.474375 0.5440199335548173 0.47375 0.5581395348837209 0.47625 0.5664451827242525
1 0.641875 0.489202657807309 0.646875 0.49916943521594687 0.660625 0.5024916943521595 0.669375 0.4941860465116279 0.671875 0.48588039867109634 0.670625 0.4700996677740864 0.663125 0.4543189368770764 0.65625 0.4476744186046512 0.6475 0.4476744186046512 0.636875 0.457641196013289 0.63625 0.4833887043189369 0.641875 0.489202657807309
1 0.545625 0.675249169435216 0.555625 0.6827242524916943 0.565 0.6827242524916943 0.571875 0.6760797342192691 0.575625 0.6669435215946844 0.575625 0.6602990033222591 0.57375 0.6478405315614618 0.566875 0.6337209302325582 0.56 0.6312292358803987 0.550625 0.632890365448505 0.5425 0.6453488372093024 0.54125 0.6569767441860465 0.545625 0.675249169435216
1 0.2575 0.6445182724252492 0.2625 0.6611295681063123 0.26875 0.6644518272425249 0.285625 0.6644518272425249 0.290625 0.6619601328903655 0.293125 0.6561461794019934 0.293125 0.6378737541528239 0.2825 0.6196013289036545 0.2775 0.617109634551495 0.26625 0.617109634551495 0.260625 0.6254152823920266 0.2575 0.6337209302325582 0.2575 0.6445182724252492
1 0.39375 0.39368770764119604 0.39875 0.40863787375415284 0.40375 0.4152823920265781 0.410625 0.41943521594684385 0.41875 0.41943521594684385 0.4275 0.41362126245847175 0.43125 0.40282392026578073 0.43125 0.3903654485049834 0.42625 0.3687707641196013 0.414375 0.3588039867109635 0.40125 0.36212624584717606 0.395625 0.36794019933554817 0.39375 0.37209302325581395 0.39375 0.39368770764119604
1 0.4375 0.584717607973422 0.441875 0.5897009966777409 0.448125 0.5938538205980066 0.46375 0.5946843853820598 0.468125 0.5930232558139535 0.470625 0.5888704318936877 0.4675 0.5598006644518272 0.46 0.5481727574750831 0.451875 0.5448504983388704 0.445 0.5456810631229236 0.439375 0.5490033222591362 0.434375 0.5589700996677741 0.4325 0.5689368770764119 0.4375 0.584717607973422
1 0.346875 0.5996677740863787 0.353125 0.6046511627906976 0.3725 0.606312292358804 0.38375 0.5988372093023255 0.386875 0.5913621262458472 0.386875 0.5705980066445183 0.376875 0.5581395348837209 0.359375 0.5581395348837209 0.353125 0.5689368770764119 0.344375 0.5772425249169435 0.34375 0.5913621262458472 0.346875 0.5996677740863787
1 0.58375 0.6868770764119602 0.59 0.6960132890365448 0.59375 0.6993355481727574 0.603125 0.6993355481727574 0.6125 0.6893687707641196 0.615625 0.6777408637873754 0.61625 0.6644518272425249 0.613125 0.6528239202657807 0.609375 0.6478405315614618 0.6025 0.6428571428571429 0.593125 0.6428571428571429 0.585 0.6495016611295681 0.581875 0.6602990033222591 0.58125 0.6719269102990033 0.58375 0.6868770764119602
1 0.511875 0.38372093023255816 0.52625 0.3845514950166113 0.5325 0.38205980066445183 0.5375 0.3754152823920266 0.54125 0.36295681063122925 0.540625 0.3521594684385382 0.53875 0.3488372093023256 0.5325 0.34053156146179403 0.52625 0.3388704318936877 0.515 0.33970099667774084 0.506875 0.3480066445182724 0.50125 0.3579734219269103 0.50125 0.37209302325581395 0.511875 0.38372093023255816
1 0.6125 0.45182724252491696 0.618125 0.4568106312292359 0.625 0.4584717607973422 0.633125 0.45598006644518274 0.639375 0.44933554817275745 0.64375 0.4393687707641196 0.644375 0.42940199335548174 0.64125 0.41445182724252494 0.63375 0.40863787375415284 0.626875 0.40780730897009965 0.61625 0.4119601328903654 0.60875 0.42358803986710963 0.608125 0.4426910299003322 0.6125 0.45182724252491696
1 0.555625 0.2558139534883721 0.566875 0.2632890365448505 0.583125 0.26245847176079734 0.58875 0.2591362126245847 0.595 0.25083056478405313 0.595 0.23588039867109634 0.591875 0.2292358803986711 0.583125 0.22009966777408638 0.574375 0.21926910299003322 0.564375 0.22259136212624583 0.555625 0.23338870431893688 0.55375 0.24003322259136212 0.553125 0.24833887043189368 0.555625 0.2558139534883721
1 0.251875 0.5514950166112956 0.269375 0.5498338870431894 0.27625 0.5440199335548173 0.28 0.5348837209302325 0.27875 0.5182724252491694 0.27 0.510797342192691 0.2575 0.5099667774086378 0.248125 0.5166112956810631 0.24375 0.5240863787375415 0.24375 0.5415282392026578 0.251875 0.5514950166112956
1 0.54125 0.35299003322259137 0.5575 0.35631229235880396 0.566875 0.3496677740863787 0.56875 0.3430232558139535 0.56625 0.3347176079734219 0.55 0.31146179401993357 0.535625 0.3089700996677741 0.53125 0.3131229235880399 0.53125 0.3380398671096346 0.54125 0.35299003322259137
1 0.451875 0.27906976744186046 0.45875 0.29401993355481726 0.471875 0.30980066445182725 0.480625 0.3106312292358804 0.486875 0.3073089700996678 0.49125 0.2956810631229236 0.49125 0.2823920265780731 0.480625 0.2574750830564784 0.47625 0.2516611295681063 0.46875 0.24750830564784054 0.45875 0.24667774086378738 0.450625 0.25249169435215946 0.449375 0.26411960132890366 0.451875 0.27906976744186046
1 0.421875 0.6852159468438538 0.4275 0.6901993355481728 0.4375 0.6935215946843853 0.449375 0.6877076411960132 0.45625 0.6777408637873754 0.455 0.659468438538206 0.4425 0.6495016611295681 0.43 0.6528239202657807 0.420625 0.6661129568106312 0.419375 0.6760797342192691 0.421875 0.6852159468438538
1 0.64125 0.5988372093023255 0.6475 0.6071428571428571 0.651875 0.6104651162790697 0.658125 0.6104651162790697 0.6675 0.6021594684385382 0.6675 0.5772425249169435 0.660625 0.5606312292358804 0.646875 0.5606312292358804 0.643125 0.5656146179401993 0.64 0.5772425249169435 0.639375 0.590531561461794 0.64125 0.5988372093023255
1 0.2975 0.5730897009966778 0.306875 0.5830564784053156 0.319375 0.5813953488372093 0.324375 0.5730897009966778 0.326875 0.5598006644518272 0.325 0.53156146179402 0.319375 0.5249169435215947 0.30875 0.5240863787375415 0.300625 0.5299003322259136 0.294375 0.5431893687707641 0.29375 0.5581395348837209 0.2975 0.5730897009966778
1 0.2325 0.3903654485049834 0.25 0.4061461794019934 0.261875 0.4003322259136213 0.27125 0.3853820598006645 0.27375 0.37624584717607973 0.273125 0.3646179401993355 0.269375 0.35631229235880396 0.256875 0.35132890365448505 0.2475 0.3521594684385382 0.240625 0.35631229235880396 0.23125 0.3712624584717608 0.23 0.38205980066445183 0.2325 0.3903654485049834
1 0.5425 0.5573089700996677 0.548125 0.5606312292358804 0.5625 0.5573089700996677 0.5675 0.5523255813953488 0.5725 0.5398671096345515 0.570625 0.5199335548172758 0.56125 0.510797342192691 0.5525 0.5116279069767442 0.54625 0.5157807308970099 0.54 0.5332225913621262 0.540625 0.553156146179402 0.5425 0.5573089700996677
1 0.6325 0.4053156146179402 0.646875 0.41445182724252494 0.663125 0.41029900332225916 0.671875 0.3945182724252492 0.670625 0.38205980066445183 0.664375 0.37375415282392027 0.659375 0.37209302325581395 0.641875 0.3712624584717608 0.636875 0.37375415282392027 0.63 0.38372093023255816 0.629375 0.3953488372093023 0.6325 0.4053156146179402
1 0.236875 0.6710963455149501 0.245625 0.6760797342192691 0.25625 0.6760797342192691 0.261875 0.6735880398671097 0.26625 0.6669435215946844 0.259375 0.6569767441860465 0.256875 0.6378737541528239 0.254375 0.6345514950166113 0.249375 0.6320598006644518 0.235625 0.6320598006644518 0.23 0.6353820598006644 0.2275 0.6403654485049833 0.2275 0.6561461794019934 0.236875 0.6710963455149501
1 0.45875 0.21428571428571427 0.46125 0.223421926910299 0.469375 0.23421926910299004 0.47625 0.2367109634551495 0.48625 0.2350498338870432 0.495 0.22840531561461794 0.50625 0.20514950166112958 0.50625 0.19019933554817275 0.503125 0.18106312292358803 0.494375 0.17358803986710963 0.485 0.1744186046511628 0.473125 0.18106312292358803 0.46125 0.19601328903654486 0.45875 0.20182724252491693 0.45875 0.21428571428571427
1 0.70875 0.44019933554817275 0.714375 0.44518272425249167 0.725 0.44601328903654486 0.73 0.44435215946843853 0.7375 0.43521594684385384 0.74 0.42441860465116277 0.74 0.40946843853820597 0.738125 0.40282392026578073 0.73 0.39285714285714285 0.716875 0.3911960132890365 0.70375 0.3995016611295681 0.7025 0.4277408637873754 0.70875 0.44019933554817275
1 0.5 0.4219269102990033 0.50625 0.42441860465116277 0.520625 0.4219269102990033 0.529375 0.4152823920265781 0.535 0.4053156146179402 0.534375 0.39285714285714285 0.530625 0.38704318936877075 0.52625 0.3853820598006645 0.504375 0.3853820598006645 0.494375 0.3961794019933555 0.495 0.41445182724252494 0.5 0.4219269102990033
1 0.445625 0.1760797342192691 0.451875 0.17940199335548174 0.46125 0.17940199335548174 0.470625 0.17524916943521596 0.478125 0.16362126245847175 0.480625 0.1553156146179402 0.480625 0.14451827242524917 0.478125 0.13538205980066445 0.4675 0.1303986710963455 0.45 0.132890365448505 0.44 0.14700996677740863 0.44 0.16528239202657807 0.445625 0.1760797342192691
1 0.481875 0.6154485049833887 0.49125 0.622093023255814 0.499375 0.622093023255814 0.508125 0.6129568106312292 0.508125 0.5946843853820598 0.499375 0.5830564784053156 0.486875 0.5789036544850499 0.47625 0.5855481727574751 0.475625 0.6029900332225914 0.481875 0.6154485049833887
1 0.285625 0.32059800664451826 0.300625 0.3222591362126246 0.308125 0.31727574750830567 0.314375 0.30398671096345514 0.315 0.2898671096345515 0.3125 0.2724252491694352 0.3075 0.26411960132890366 0.3 0.2599667774086379 0.291875 0.2616279069767442 0.284375 0.26827242524916944 0.27875 0.2807308970099668 0.27875 0.3064784053156146 0.285625 0.32059800664451826
1 0.545625 0.7333887043189369 0.553125 0.739202657807309 0.56125 0.739202657807309 0.568125 0.7350498338870431 0.575625 0.7200996677740864 0.576875 0.6976744186046512 0.570625 0.6885382059800664 0.55875 0.6868770764119602 0.5475 0.6951827242524917 0.543125 0.7093023255813954 0.5425 0.7200996677740864 0.545625 0.7333887043189369
1 0.555625 0.4808970099667774 0.56375 0.49335548172757476 0.575625 0.4950166112956811 0.586875 0.48421926910299 0.58875 0.457641196013289 0.579375 0.4410299003322259 0.566875 0.4410299003322259 0.5625 0.44435215946843853 0.558125 0.4526578073089701 0.555625 0.45930232558139533 0.555625 0.4808970099667774
1 0.469375 0.7408637873754153 0.473125 0.7483388704318937 0.47875 0.75 0.485 0.7475083056478405 0.50125 0.7300664451827242 0.504375 0.7200996677740864 0.504375 0.7084717607973422 0.496875 0.7001661129568106 0.484375 0.6976744186046512 0.47375 0.7059800664451827 0.46875 0.7159468438538206 0.4675 0.7259136212624585 0.469375 0.7408637873754153
1 0.37 0.44933554817275745 0.381875 0.4634551495016611 0.39 0.46677740863787376 0.401875 0.4676079734219269 0.408125 0.4642857142857143 0.418125 0.4568106312292359 0.421875 0.4476744186046512 0.4225 0.4418604651162791 0.418125 0.4269102990033223 0.404375 0.4169435215946844 0.389375 0.4169435215946844 0.379375 0.42358803986710963 0.3725 0.4318936877076412 0.37 0.43853820598006643 0.37 0.44933554817275745
1 0.524375 0.15448504983388706 0.53125 0.15780730897009967 0.5425 0.15863787375415284 0.5475 0.15614617940199335 0.555 0.1461794019933555 0.5575 0.13870431893687707 0.556875 0.12375415282392027 0.546875 0.10132890365448505 0.53875 0.09385382059800665 0.52625 0.09385382059800665 0.514375 0.10382059800664452 0.51625 0.143687707641196 0.524375 0.15448504983388706
1 0.350625 0.6835548172757475 0.356875 0.6951827242524917 0.3625 0.7001661129568106 0.365 0.6993355481727574 0.375 0.6852159468438538 0.376875 0.6636212624584718 0.369375 0.6495016611295681 0.36375 0.643687707641196 0.35375 0.6420265780730897 0.34625 0.6470099667774086 0.344375 0.6569767441860465 0.350625 0.6835548172757475
1 0.425 0.21677740863787376 0.439375 0.24169435215946844 0.44625 0.24584717607973422 0.455625 0.24086378737541528 0.46 0.2350498338870432 0.46 0.22093023255813954 0.4575 0.20182724252491693 0.45375 0.19435215946843853 0.444375 0.18853820598006646 0.439375 0.18853820598006646 0.43 0.19352159468438537 0.4275 0.19767441860465115 0.425 0.20681063122923588 0.425 0.21677740863787376
1 0.61125 0.5249169435215947 0.615 0.5299003322259136 0.62625 0.5382059800664452 0.638125 0.5373754152823921 0.644375 0.532392026578073 0.646875 0.5224252491694352 0.646875 0.5 0.64125 0.4883720930232558 0.63625 0.4850498338870432 0.619375 0.4850498338870432 0.615 0.4883720930232558 0.61 0.5 0.608125 0.5141196013289037 0.61125 0.5249169435215947
1 0.586875 0.5672757475083057 0.596875 0.5755813953488372 0.619375 0.5730897009966778 0.628125 0.5573089700996677 0.62625 0.5431893687707641 0.619375 0.5348837209302325 0.609375 0.532392026578073 0.605625 0.5348837209302325 0.6025 0.542358803986711 0.589375 0.5514950166112956 0.586875 0.5548172757475083 0.586875 0.5672757475083057
1 0.48125 0.14700996677740863 0.4875 0.15448504983388706 0.49625 0.15863787375415284 0.50875 0.1553156146179402 0.514375 0.14700996677740863 0.51625 0.13122923588039867 0.514375 0.11544850498338871 0.50875 0.10299003322259136 0.50125 0.09302325581395349 0.49 0.09136212624584718 0.4825 0.09800664451827243 0.476875 0.10880398671096346 0.47625 0.1270764119601329 0.48125 0.14700996677740863
0 0.726785625 0.6146179401993356 0.7446431250000001 0.6490274086378738 0.7696431250000001 0.6561461794019934 0.798214375 0.6585191029900332 0.8125 0.6371619601328904 0.8241068749999999 0.6146179401993356 0.82857125 0.5897009966777409 0.823214375 0.567156976744186 0.8160712499999999 0.5457998338870432 0.8008931250000001 0.5244426910299003 0.774106875 0.5137632890365449 0.748214375 0.530374584717608 0.74107125 0.5469858803986711 0.729464375 0.5790224252491695 0.726785625 0.6146179401993356