1 0.6653116531165312 0.441875 0.7005420054200542 0.441875 0.7086720867208672 0.438125 0.7059620596205962 0.43 0.6897018970189702 0.425 0.6707317073170732 0.425 0.6571815718157181 0.4275 0.6544715447154471 0.435 0.6653116531165312 0.441875
1 0.7493224932249323 0.571875 0.7791327913279132 0.571875 0.7940379403794038 0.568125 0.7940379403794038 0.56125 0.7845528455284553 0.5575 0.7493224932249323 0.558125 0.7384823848238482 0.56375 0.7384823848238482 0.5675 0.7493224932249323 0.571875
1 0.0921409214092141 0.434375 0.11653116531165311 0.435 0.13008130081300814 0.43 0.13008130081300814 0.420625 0.11382113821138211 0.415625 0.08943089430894309 0.415625 0.07588075880758807 0.420625 0.07588075880758807 0.42875 0.0921409214092141 0.434375
1 0.08672086720867209 0.51875 0.10569105691056911 0.51875 0.12195121951219512 0.51375 0.12737127371273713 0.51 0.12601626016260162 0.505625 0.1111111111111111 0.50125 0.08672086720867209 0.50125 0.07317073170731707 0.50625 0.07317073170731707 0.514375 0.08672086720867209 0.51875
1 0.7018970189701897 0.689375 0.7140921409214093 0.6925 0.7262872628726287 0.69875 0.7249322493224932 0.703125 0.7168021680216802 0.70625 0.7059620596205962 0.7075 0.6951219512195121 0.70625 0.6869918699186992 0.7025 0.6829268292682927 0.69625 0.6869918699186992 0.68875 0.7005420054200542 0.689375
1 0.14227642276422764 0.3825 0.15989159891598917 0.386875 0.16124661246612465 0.391875 0.14769647696476965 0.3975 0.13685636856368563 0.39875 0.12195121951219512 0.398125 0.11517615176151762 0.39375 0.11517615176151762 0.389375 0.13008130081300814 0.3825 0.14092140921409213 0.3825
1 0.5745257452574526 0.589375 0.592140921409214 0.590625 0.6043360433604336 0.595 0.6002710027100271 0.601875 0.5853658536585366 0.605 0.5636856368563685 0.603125 0.5555555555555556 0.59875 0.5609756097560976 0.590625 0.573170731707317 0.589375
1 0.9959349593495935 0.639375 0.9986449864498645 0.64 0.9986449864498645 0.659375 0.9823848238482384 0.656875 0.978319783197832 0.654375 0.9796747967479674 0.645 0.9878048780487805 0.64 0.994579945799458 0.639375
1 0.5528455284552846 0.58375 0.5609756097560976 0.588125 0.5528455284552846 0.599375 0.5311653116531165 0.59875 0.524390243902439 0.595625 0.524390243902439 0.59125 0.5311653116531165 0.58625 0.551490514905149 0.58375
1 0.7859078590785907 0.444375 0.7994579945799458 0.44875 0.8008130081300813 0.453125 0.7926829268292683 0.458125 0.7818428184281843 0.460625 0.7533875338753387 0.46 0.7466124661246613 0.45625 0.7466124661246613 0.45 0.7588075880758808 0.444375 0.7845528455284553 0.444375
1 0.7818428184281843 0.558125 0.7926829268292683 0.5625 0.7926829268292683 0.5675 0.7831978319783198 0.57125 0.7669376693766937 0.573125 0.7439024390243902 0.57125 0.7371273712737128 0.568125 0.7371273712737128 0.56375 0.7479674796747967 0.55875 0.7804878048780488 0.558125
1 0.8008130081300813 0.423125 0.8143631436314364 0.426875 0.8170731707317073 0.4325 0.8075880758807588 0.439375 0.7913279132791328 0.4425 0.7710027100271003 0.440625 0.7655826558265583 0.431875 0.7682926829268293 0.42875 0.7791327913279132 0.425 0.7994579945799458 0.423125
1 0.491869918699187 0.48625 0.497289972899729 0.486875 0.508130081300813 0.49375 0.508130081300813 0.501875 0.497289972899729 0.508125 0.48509485094850946 0.508125 0.47696476964769646 0.50625 0.46883468834688347 0.50125 0.4715447154471545 0.490625 0.47831978319783197 0.4875 0.4905149051490515 0.48625
1 0.5176151761517616 0.3825 0.5298102981029811 0.3875 0.5311653116531165 0.3975 0.524390243902439 0.40125 0.516260162601626 0.4025 0.502710027100271 0.400625 0.4932249322493225 0.394375 0.4959349593495935 0.385 0.5040650406504065 0.3825 0.516260162601626 0.3825
1 0.12059620596205962 0.369375 0.13008130081300814 0.3725 0.13279132791327913 0.38 0.1111111111111111 0.3875 0.10298102981029811 0.3875 0.0948509485094851 0.385 0.0921409214092141 0.37625 0.1002710027100271 0.370625 0.11924119241192412 0.369375
1 0.7127371273712737 0.336875 0.7235772357723578 0.33875 0.7317073170731707 0.344375 0.7317073170731707 0.34875 0.7195121951219512 0.3525 0.7005420054200542 0.35125 0.6883468834688347 0.345625 0.6883468834688347 0.341875 0.6924119241192412 0.34 0.7113821138211383 0.336875
1 0.1802168021680217 0.415625 0.19241192411924118 0.418125 0.2032520325203252 0.42625 0.2005420054200542 0.435625 0.1910569105691057 0.439375 0.17208672086720866 0.43875 0.15989159891598917 0.431875 0.16124661246612465 0.420625 0.17073170731707318 0.41625 0.17886178861788618 0.415625
1 0.8794037940379403 0.493125 0.8875338753387534 0.499375 0.8875338753387534 0.505 0.8780487804878049 0.510625 0.8590785907859079 0.51 0.8509485094850948 0.505 0.8509485094850948 0.4975 0.8590785907859079 0.491875 0.8739837398373984 0.49125 0.8780487804878049 0.493125
1 0.6192411924119241 0.4775 0.6327913279132791 0.485 0.6327913279132791 0.49125 0.6260162601626016 0.495625 0.6178861788617886 0.4975 0.6016260162601627 0.496875 0.5948509485094851 0.494375 0.5894308943089431 0.48875 0.5894308943089431 0.4825 0.5962059620596206 0.478125 0.6178861788617886 0.4775
1 0.8021680216802168 0.54375 0.04607046070460705 0.02125
1 0.7439024390243902 0.463125 0.7601626016260162 0.46625 0.7655826558265583 0.47 0.7628726287262872 0.47625 0.7479674796747967 0.48 0.7289972899728997 0.47875 0.7195121951219512 0.474375 0.7208672086720868 0.4675 0.7303523035230353 0.464375 0.7425474254742548 0.463125
1 0.28319783197831977 0.6325 0.2940379403794038 0.6375 0.2940379403794038 0.64375 0.28184281842818426 0.65125 0.27235772357723576 0.653125 0.25474254742547425 0.650625 0.2506775067750677 0.6475 0.2506775067750677 0.641875 0.26287262872628725 0.63375 0.28184281842818426 0.6325
1 0.4254742547425474 0.48125 0.43224932249322495 0.4825 0.44037940379403795 0.4875 0.43902439024390244 0.4975 0.4254742547425474 0.505 0.4024390243902439 0.504375 0.3970189701897019 0.5025 0.39295392953929537 0.4975 0.3970189701897019 0.488125 0.4065040650406504 0.48375 0.4241192411924119 0.48125
1 0.15989159891598917 0.355625 0.17750677506775067 0.361875 0.17886178861788618 0.369375 0.17208672086720866 0.373125 0.15718157181571815 0.375625 0.14498644986449866 0.375 0.13414634146341464 0.371875 0.12601626016260162 0.366875 0.12601626016260162 0.361875 0.14363143631436315 0.355625 0.15853658536585366 0.355625
1 0.8360433604336044 0.591875 0.8441734417344173 0.59 0.8617886178861789 0.59125 0.8726287262872628 0.595625 0.8780487804878049 0.600625 0.8780487804878049 0.605625 0.8726287262872628 0.609375 0.8495934959349594 0.60875 0.8373983739837398 0.604375 0.8333333333333334 0.600625 0.8360433604336044 0.5925
1 0.7052845528455285 0.4065625 0.03929539295392954 0.025625
1 0.6192411924119241 0.574375 0.6260162601626016 0.57875 0.6273712737127372 0.585625 0.6233062330623306 0.59 0.6084010840108401 0.595 0.5867208672086721 0.58875 0.5853658536585366 0.580625 0.5989159891598916 0.573125 0.6111111111111112 0.5725 0.6178861788617886 0.574375
1 0.7168021680216802 0.645 0.7289972899728997 0.648125 0.7371273712737128 0.65375 0.7371273712737128 0.66 0.7303523035230353 0.665 0.7100271002710027 0.664375 0.7005420054200542 0.661875 0.6924119241192412 0.656875 0.6951219512195121 0.646875 0.7046070460704607 0.644375 0.7154471544715447 0.645
1 0.5365853658536586 0.64625 0.5487804878048781 0.65 0.55420054200542 0.65875 0.5501355013550135 0.665 0.535230352303523 0.67125 0.521680216802168 0.67 0.5149051490514905 0.665 0.518970189701897 0.650625 0.524390243902439 0.646875 0.535230352303523 0.64625
1 0.4146341463414634 0.618125 0.037940379403794036 0.025
1 0.7723577235772358 0.658125 0.7831978319783198 0.661875 0.7831978319783198 0.668125 0.7777777777777778 0.67125 0.7615176151761518 0.674375 0.7493224932249323 0.674375 0.7411924119241192 0.671875 0.7398373983739838 0.66375 0.7466124661246613 0.659375 0.7547425474254743 0.6575 0.7710027100271003 0.658125
1 0.6300813008130082 0.35875 0.6409214092140921 0.3625 0.6409214092140921 0.37 0.6327913279132791 0.375 0.6151761517615176 0.376875 0.6043360433604336 0.37625 0.5989159891598916 0.37375 0.5989159891598916 0.36875 0.6124661246612466 0.36 0.6287262872628726 0.35875
1 0.6341463414634146 0.62875 0.6490514905149052 0.63 0.6571815718157181 0.63375 0.6585365853658537 0.636875 0.6544715447154471 0.64375 0.6409214092140921 0.64875 0.6205962059620597 0.6475 0.6124661246612466 0.640625 0.6165311653116531 0.630625 0.6327913279132791 0.62875
1 0.6409214092140921 0.50875 0.6544715447154471 0.5125 0.6585365853658537 0.51875 0.6531165311653117 0.52375 0.6355013550135501 0.5275 0.6205962059620597 0.5275 0.6124661246612466 0.525625 0.6097560975609756 0.516875 0.6192411924119241 0.510625 0.6395663956639567 0.50875
1 0.7506775067750677 0.348125 0.7588075880758808 0.3525 0.7601626016260162 0.359375 0.7547425474254743 0.365625 0.7452574525745257 0.369375 0.7330623306233063 0.369375 0.7262872628726287 0.365625 0.7235772357723578 0.359375 0.7262872628726287 0.353125 0.7330623306233063 0.34875 0.7493224932249323 0.348125
1 0.6219512195121951 0.60375 0.6287262872628726 0.605625 0.6355013550135501 0.611875 0.6327913279132791 0.619375 0.6219512195121951 0.62125 0.6029810298102981 0.62 0.5894308943089431 0.61375 0.5894308943089431 0.6075 0.5975609756097561 0.603125 0.6111111111111112 0.601875 0.6205962059620597 0.60375
1 0.508130081300813 0.22375 0.518970189701897 0.2275 0.521680216802168 0.233125 0.510840108401084 0.240625 0.494579945799458 0.243125 0.481029810298103 0.241875 0.481029810298103 0.23125 0.491869918699187 0.225625 0.5067750677506775 0.22375
1 0.8130081300813008 0.458125 0.8265582655826558 0.460625 0.8333333333333334 0.465 0.8306233062330624 0.47375 0.8184281842818428 0.476875 0.7981029810298103 0.475 0.7872628726287263 0.46875 0.7886178861788617 0.4625 0.7967479674796748 0.45875 0.8116531165311653 0.458125
1 0.4742547425474255 0.375625 0.48644986449864497 0.378125 0.4932249322493225 0.383125 0.491869918699187 0.388125 0.48509485094850946 0.391875 0.46070460704607047 0.390625 0.44850948509485095 0.384375 0.44850948509485095 0.38 0.45528455284552843 0.376875 0.47289972899729 0.375625
1 0.2777777777777778 0.47 0.2872628726287263 0.474375 0.2899728997289973 0.480625 0.28319783197831977 0.4875 0.27235772357723576 0.48875 0.2506775067750677 0.48625 0.24390243902439024 0.483125 0.23983739837398374 0.47625 0.24796747967479674 0.469375 0.2764227642276423 0.47
1 0.55420054200542 0.3975 0.5609756097560976 0.4 0.5623306233062331 0.406875 0.5555555555555556 0.41125 0.5392953929539296 0.414375 0.5284552845528455 0.41375 0.5230352303523035 0.410625 0.5230352303523035 0.403125 0.5298102981029811 0.39875 0.5528455284552846 0.3975
1 0.592140921409214 0.623125 0.6029810298102981 0.625625 0.6111111111111112 0.63125 0.6111111111111112 0.64 0.6056910569105691 0.64375 0.5962059620596206 0.645 0.5813008130081301 0.64375 0.5745257452574526 0.63625 0.5772357723577236 0.624375 0.5907859078590786 0.623125
1 0.7682926829268293 0.54125 0.7804878048780488 0.548125 0.7804878048780488 0.555625 0.7777777777777778 0.5575 0.7642276422764228 0.559375 0.7547425474254743 0.559375 0.7466124661246613 0.556875 0.7425474254742548 0.545625 0.7506775067750677 0.540625 0.7669376693766937 0.54125
1 0.8279132791327913 0.478125 0.8414634146341463 0.48375 0.8414634146341463 0.489375 0.8333333333333334 0.495 0.8211382113821138 0.4975 0.7981029810298103 0.49625 0.7926829268292683 0.491875 0.7926829268292683 0.484375 0.8035230352303523 0.479375 0.8265582655826558 0.478125
1 0.8062330623306233 0.389375 0.8157181571815718 0.3925 0.8184281842818428 0.4 0.8089430894308943 0.40625 0.7994579945799458 0.408125 0.7845528455284553 0.4075 0.7777777777777778 0.404375 0.7764227642276422 0.399375 0.7804878048780488 0.39375 0.7872628726287263 0.390625 0.8048780487804879 0.389375
1 0.537940379403794 0.56875 0.5501355013550135 0.57125 0.55420054200542 0.5775 0.5501355013550135 0.5825 0.532520325203252 0.58625 0.5149051490514905 0.583125 0.510840108401084 0.57375 0.5149051490514905 0.569375 0.5203252032520326 0.568125 0.5365853658536586 0.56875
1 0.13279132791327913 0.400625 0.14363143631436315 0.404375 0.14905149051490515 0.409375 0.14634146341463414 0.418125 0.13279132791327913 0.420625 0.10840108401084012 0.415 0.1016260162601626 0.410625 0.1016260162601626 0.405 0.1070460704607046 0.401875 0.11517615176151762 0.4 0.13143631436314362 0.400625
1 0.6612466124661247 0.31125 0.6815718157181572 0.31375 0.6883468834688347 0.318125 0.6856368563685636 0.324375 0.6747967479674797 0.328125 0.6598915989159891 0.328125 0.6504065040650406 0.325625 0.6449864498644986 0.32125 0.6463414634146342 0.314375 0.6598915989159891 0.31125
1 0.4878048780487805 0.54 0.4959349593495935 0.5425 0.5 0.546875 0.5 0.55375 0.4905149051490515 0.560625 0.47831978319783197 0.560625 0.46612466124661245 0.558125 0.45799457994579945 0.55 0.462059620596206 0.5425 0.470189701897019 0.539375 0.48644986449864497 0.54
1 0.483739837398374 0.52 0.5 0.521875 0.508130081300813 0.525625 0.510840108401084 0.529375 0.508130081300813 0.5375 0.494579945799458 0.540625 0.47560975609756095 0.5375 0.46747967479674796 0.52875 0.47289972899729 0.5225 0.4823848238482385 0.520625
1 0.5460704607046071 0.36625 0.5555555555555556 0.369375 0.5636856368563685 0.3775 0.5609756097560976 0.384375 0.5460704607046071 0.38875 0.532520325203252 0.388125 0.521680216802168 0.379375 0.524390243902439 0.37 0.535230352303523 0.36625 0.5447154471544715 0.36625
1 0.10975609756097561 0.415625 0.12059620596205962 0.418125 0.13008130081300814 0.425 0.12466124661246612 0.431875 0.11382113821138211 0.435 0.09078590785907859 0.434375 0.07994579945799458 0.431875 0.07317073170731707 0.426875 0.07317073170731707 0.421875 0.07859078590785908 0.418125 0.09349593495934959 0.415625 0.10840108401084012 0.415625
1 0.17073170731707318 0.5325 0.1856368563685637 0.533125 0.1951219512195122 0.53625 0.19647696476964768 0.543125 0.19241192411924118 0.54625 0.17073170731707318 0.549375 0.15176151761517614 0.54625 0.14905149051490515 0.54125 0.15176151761517614 0.536875 0.16124661246612465 0.533125 0.16937669376693767 0.533125
1 0.47831978319783197 0.56375 0.4905149051490515 0.568125 0.494579945799458 0.575625 0.481029810298103 0.58 0.46883468834688347 0.58125 0.45257452574525747 0.578125 0.44715447154471544 0.57375 0.44715447154471544 0.56875 0.45799457994579945 0.56375 0.47696476964769646 0.56375
1 0.33739837398373984 0.654375 0.35772357723577236 0.654375 0.3685636856368564 0.6575 0.37533875338753386 0.663125 0.37533875338753386 0.668125 0.36720867208672087 0.675 0.35772357723577236 0.675625 0.34417344173441733 0.67375 0.33604336043360433 0.671875 0.33062330623306235 0.6675 0.33062330623306235 0.66125 0.33739837398373984 0.655
1 0.7506775067750677 0.626875 0.7588075880758808 0.629375 0.7642276422764228 0.635 0.7615176151761518 0.6425 0.7506775067750677 0.646875 0.7317073170731707 0.645 0.7262872628726287 0.640625 0.7303523035230353 0.629375 0.7357723577235772 0.626875 0.7493224932249323 0.626875
1 0.5745257452574526 0.46875 0.5853658536585366 0.47375 0.5894308943089431 0.479375 0.5840108401084011 0.486875 0.5636856368563685 0.48625 0.55420054200542 0.48375 0.551490514905149 0.480625 0.5528455284552846 0.47 0.559620596205962 0.468125 0.573170731707317 0.46875
1 0.3902439024390244 0.590625 0.4010840108401084 0.591875 0.4051490514905149 0.595 0.4051490514905149 0.600625 0.3943089430894309 0.6075 0.38346883468834686 0.61 0.3617886178861789 0.60875 0.35501355013550134 0.60125 0.35907859078590787 0.59625 0.3699186991869919 0.591875 0.3888888888888889 0.590625
1 0.5338753387533876 0.44125 0.540650406504065 0.4425 0.5555555555555556 0.45125 0.5555555555555556 0.45625 0.535230352303523 0.46 0.5149051490514905 0.458125 0.5040650406504065 0.45 0.5040650406504065 0.445 0.508130081300813 0.4425 0.532520325203252 0.44125
1 0.3157181571815718 0.3275 0.31978319783197834 0.330625 0.31978319783197834 0.335625 0.3089430894308943 0.34125 0.2994579945799458 0.3425 0.2859078590785908 0.341875 0.2791327913279133 0.339375 0.2777777777777778 0.330625 0.2845528455284553 0.326875 0.2926829268292683 0.325625 0.3075880758807588 0.325625 0.3143631436314363 0.3275
1 0.34959349593495936 0.359375 0.35772357723577236 0.3625 0.36449864498644985 0.369375 0.35907859078590787 0.376875 0.34959349593495936 0.379375 0.33062330623306235 0.378125 0.3238482384823848 0.373125 0.3238482384823848 0.36125 0.3319783197831978 0.35875 0.34823848238482386 0.359375
1 0.3604336043360434 0.615 0.3699186991869919 0.619375 0.3712737127371274 0.626875 0.36585365853658536 0.633125 0.35501355013550134 0.636875 0.34146341463414637 0.635625 0.33604336043360433 0.633125 0.3333333333333333 0.62 0.3428184281842818 0.614375 0.35907859078590787 0.615
1 0.45257452574525747 0.3175 0.46612466124661245 0.319375 0.47696476964769646 0.32625 0.4742547425474255 0.33625 0.45934959349593496 0.34 0.4444444444444444 0.338125 0.43360433604336046 0.33 0.4349593495934959 0.320625 0.45121951219512196 0.3175
1 0.8062330623306233 0.704375 0.8143631436314364 0.70625 0.8211382113821138 0.714375 0.8170731707317073 0.726875 0.8116531165311653 0.730625 0.7940379403794038 0.726875 0.7831978319783198 0.7175 0.7831978319783198 0.711875 0.7886178861788617 0.705 0.8048780487804879 0.704375
1 0.25609756097560976 0.379375 0.26558265582655827 0.383125 0.2696476964769648 0.3875 0.2682926829268293 0.39375 0.25609756097560976 0.39875 0.23577235772357724 0.3975 0.22899728997289973 0.394375 0.22628726287262874 0.39 0.22764227642276422 0.38375 0.23441734417344173 0.38 0.25474254742547425 0.379375
1 0.34146341463414637 0.435 0.3523035230352303 0.439375 0.35772357723577236 0.444375 0.35772357723577236 0.450625 0.34823848238482386 0.454375 0.3265582655826558 0.453125 0.3157181571815718 0.446875 0.3170731707317073 0.439375 0.32791327913279134 0.435 0.34010840108401086 0.435
1 0.4878048780487805 0.679375 0.4959349593495935 0.681875 0.5 0.68875 0.494579945799458 0.6975 0.483739837398374 0.700625 0.46883468834688347 0.699375 0.462059620596206 0.696875 0.45799457994579945 0.693125 0.45799457994579945 0.685625 0.470189701897019 0.67875 0.48644986449864497 0.679375
1 0.6029810298102981 0.35375 0.6084010840108401 0.355625 0.6097560975609756 0.360625 0.592140921409214 0.373125 0.5745257452574526 0.37125 0.5704607046070461 0.369375 0.5677506775067751 0.3625 0.5785907859078591 0.355625 0.6016260162601627 0.35375
1 0.6951219512195121 0.765625 0.7046070460704607 0.76875 0.7168021680216802 0.77875 0.7154471544715447 0.78375 0.7018970189701897 0.7875 0.6775067750677507 0.7825 0.6693766937669376 0.7775 0.6693766937669376 0.77 0.6734417344173442 0.76625 0.6788617886178862 0.764375 0.6937669376693767 0.765625
1 0.10975609756097561 0.501875 0.11924119241192412 0.504375 0.12601626016260162 0.509375 0.11382113821138211 0.515625 0.09349593495934959 0.519375 0.08265582655826559 0.51875 0.07317073170731707 0.515625 0.07046070460704607 0.508125 0.08401084010840108 0.501875 0.10840108401084012 0.501875
1 0.6829268292682927 0.425 0.6951219512195121 0.426875 0.7073170731707317 0.434375 0.7032520325203252 0.440625 0.6883468834688347 0.443125 0.6666666666666666 0.4425 0.6571815718157181 0.439375 0.6531165311653117 0.435 0.6558265582655827 0.428125 0.6815718157181572 0.425
1 0.6496842818428185 0.47500625 0.676089430894309 0.470134375 0.6743292682926829 0.464450625 0.6620067750677506 0.45470687499999995 0.633840108401084 0.45795437499999997 0.633840108401084 0.467698125 0.6496842818428185 0.47500625
1 0.5018116531165312 0.429535625 0.5264566395663957 0.429535625 0.5387804878048781 0.41816749999999997 0.5123739837398374 0.41167187499999996 0.493009485094851 0.40842375 0.4912493224932249 0.41816749999999997 0.5018116531165312 0.429535625
1 0.48420867208672086 0.471758125 0.5088536585365854 0.46851 0.5123739837398374 0.456330625 0.4947710027100271 0.449835 0.4736463414634146 0.4530825 0.46836449864498647 0.464450625 0.48420867208672086 0.471758125
1 0.5352588075880759 0.7397100000000001 0.5475813008130082 0.74945375 0.5669457994579946 0.7510781249999999 0.5704674796747967 0.74945375 0.5722276422764228 0.735650625 0.5599051490514905 0.7283425 0.5387804878048781 0.73077875 0.5352588075880759 0.7397100000000001