1 0.6734417344173442 0.76625 0.6869918699186992 0.76625 0.6978319783197832 0.76 0.6951219512195121 0.75 0.6842818428184282 0.7475 0.6666666666666666 0.749375 0.6598915989159891 0.754375 0.6598915989159891 0.76125 0.6734417344173442 0.76625
1 0.22493224932249323 0.43125 0.23035230352303523 0.4275 0.22764227642276422 0.418125 0.21138211382113822 0.413125 0.19241192411924118 0.41625 0.19241192411924118 0.4275 0.2005420054200542 0.4325 0.22493224932249323 0.43125
1 0.4281842818428184 0.681875 0.44715447154471544 0.681875 0.45799457994579945 0.676875 0.45799457994579945 0.665625 0.45257452574525747 0.663125 0.43902439024390244 0.6625 0.42276422764227645 0.6675 0.42005420054200543 0.675625 0.4281842818428184 0.681875
1 0.6056910569105691 0.584375 0.6246612466124661 0.58625 0.6327913279132791 0.58375 0.6300813008130082 0.571875 0.6219512195121951 0.56875 0.6084010840108401 0.56875 0.6002710027100271 0.571875 0.5975609756097561 0.574375 0.6056910569105691 0.584375
1 0.5813008130081301 0.76875 0.592140921409214 0.770625 0.6084010840108401 0.766875 0.6084010840108401 0.758125 0.5948509485094851 0.75 0.5785907859078591 0.75 0.5704607046070461 0.754375 0.573170731707317 0.76375 0.5813008130081301 0.76875
1 0.3170731707317073 0.56875 0.33604336043360433 0.56875 0.34417344173441733 0.56375 0.34146341463414637 0.556875 0.3252032520325203 0.550625 0.3143631436314363 0.550625 0.3035230352303523 0.555 0.3035230352303523 0.560625 0.3170731707317073 0.56875
1 0.8333333333333334 0.55 0.8414634146341463 0.545 0.8387533875338753 0.53625 0.8279132791327913 0.53125 0.8035230352303523 0.533125 0.8035230352303523 0.545625 0.8170731707317073 0.55 0.8333333333333334 0.55
1 0.47289972899729 0.35625 0.4932249322493225 0.355625 0.4986449864498645 0.350625 0.4932249322493225 0.344375 0.4796747967479675 0.34125 0.46883468834688347 0.34125 0.46070460704607047 0.34375 0.4634146341463415 0.35375 0.47289972899729 0.35625
1 0.26287262872628725 0.484375 0.2764227642276423 0.484375 0.2872628726287263 0.480625 0.2899728997289973 0.470625 0.2845528455284553 0.46625 0.26287262872628725 0.46625 0.25474254742547425 0.469375 0.25203252032520324 0.476875 0.25474254742547425 0.48125 0.26287262872628725 0.484375
1 0.7005420054200542 0.43 0.7086720867208672 0.42625 0.7113821138211383 0.415625 0.7059620596205962 0.410625 0.6897018970189702 0.410625 0.6815718157181572 0.416875 0.6815718157181572 0.425 0.6897018970189702 0.43 0.7005420054200542 0.43
1 0.27100271002710025 0.601875 0.2899728997289973 0.6025 0.2953929539295393 0.600625 0.3008130081300813 0.595625 0.2981029810298103 0.584375 0.2845528455284553 0.579375 0.27100271002710025 0.579375 0.2601626016260163 0.58375 0.2601626016260163 0.596875 0.27100271002710025 0.601875
1 0.15989159891598917 0.53125 0.17615176151761516 0.5275 0.1842818428184282 0.520625 0.18157181571815717 0.515 0.16666666666666666 0.513125 0.14905149051490515 0.515 0.14092140921409213 0.52125 0.14092140921409213 0.529375 0.15989159891598917 0.53125
1 0.5650406504065041 0.58625 0.575880758807588 0.59375 0.592140921409214 0.59375 0.5975609756097561 0.591875 0.6056910569105691 0.58375 0.6029810298102981 0.5775 0.5975609756097561 0.57375 0.5894308943089431 0.5725 0.5691056910569106 0.574375 0.5650406504065041 0.5775 0.5650406504065041 0.58625
1 0.6680216802168022 0.475625 0.6761517615176151 0.47125 0.6707317073170732 0.46125 0.6490514905149052 0.45625 0.6355013550135501 0.46125 0.6355013550135501 0.469375 0.6517615176151762 0.475625 0.6680216802168022 0.475625
1 0.6598915989159891 0.728125 0.6815718157181572 0.73 0.6897018970189702 0.726875 0.6869918699186992 0.716875 0.6707317073170732 0.711875 0.6490514905149052 0.711875 0.6436314363143631 0.716875 0.6490514905149052 0.723125 0.6598915989159891 0.728125
1 0.33062330623306235 0.4875 0.34146341463414637 0.49625 0.3523035230352303 0.4975 0.3685636856368564 0.49375 0.3685636856368564 0.48125 0.36585365853658536 0.47875 0.3523035230352303 0.475625 0.3346883468834688 0.478125 0.33062330623306235 0.480625 0.33062330623306235 0.4875
1 0.8197831978319783 0.566875 0.7899728997289973 0.566875 0.7886178861788617 0.581875 0.8035230352303523 0.58375 0.8197831978319783 0.58 0.8197831978319783 0.566875
1 0.6273712737127372 0.535 0.6355013550135501 0.53125 0.6327913279132791 0.52125 0.6002710027100271 0.521875 0.5894308943089431 0.5275 0.5894308943089431 0.5325 0.6029810298102981 0.5375 0.6273712737127372 0.535
1 0.7615176151761518 0.6025 0.7791327913279132 0.6025 0.7899728997289973 0.595 0.7872628726287263 0.58625 0.7764227642276422 0.581875 0.7520325203252033 0.58375 0.7466124661246613 0.59 0.7493224932249323 0.5975 0.7615176151761518 0.6025
1 0.55420054200542 0.350625 0.5623306233062331 0.35625 0.5813008130081301 0.355625 0.5880758807588076 0.3525 0.592140921409214 0.34875 0.5894308943089431 0.33875 0.5840108401084011 0.33625 0.5718157181571816 0.335625 0.5650406504065041 0.33625 0.556910569105691 0.34125 0.55420054200542 0.350625
1 0.6869918699186992 0.570625 0.7140921409214093 0.570625 0.7222222222222222 0.565625 0.7195121951219512 0.55375 0.7086720867208672 0.55 0.6924119241192412 0.55 0.6815718157181572 0.5525 0.6788617886178862 0.565625 0.6869918699186992 0.570625
1 0.2140921409214092 0.605 0.22764227642276422 0.605 0.23848238482384823 0.6 0.23848238482384823 0.586875 0.22764227642276422 0.581875 0.2140921409214092 0.581875 0.2086720867208672 0.584375 0.20596205962059622 0.6 0.2140921409214092 0.605
1 0.21138211382113822 0.403125 0.23306233062330622 0.4025 0.24119241192411925 0.39875 0.24119241192411925 0.3925 0.23577235772357724 0.388125 0.21951219512195122 0.385 0.2032520325203252 0.385625 0.19241192411924118 0.39 0.1951219512195122 0.3975 0.21138211382113822 0.403125
1 0.6842818428184282 0.46125 0.6978319783197832 0.45625 0.7005420054200542 0.446875 0.6951219512195121 0.441875 0.6720867208672087 0.441875 0.6571815718157181 0.449375 0.6571815718157181 0.455 0.6680216802168022 0.460625 0.6842818428184282 0.46125
1 0.7317073170731707 0.69625 0.7547425474254743 0.69625 0.7682926829268293 0.686875 0.7642276422764228 0.68125 0.7520325203252033 0.67875 0.7384823848238482 0.67875 0.7249322493224932 0.6825 0.7222222222222222 0.69125 0.7317073170731707 0.69625
1 0.8306233062330624 0.51625 0.8441734417344173 0.516875 0.8577235772357723 0.514375 0.8631436314363143 0.51125 0.8604336043360433 0.5 0.8523035230352304 0.4975 0.8387533875338753 0.4975 0.8279132791327913 0.50125 0.8252032520325203 0.511875 0.8306233062330624 0.51625
1 0.17615176151761516 0.59375 0.1951219512195122 0.595 0.2018970189701897 0.593125 0.20596205962059622 0.58875 0.2032520325203252 0.58 0.19241192411924118 0.5725 0.17208672086720866 0.571875 0.16260162601626016 0.5775 0.16531165311653118 0.588125 0.17615176151761516 0.59375
1 0.8116531165311653 0.513125 0.8197831978319783 0.51 0.8197831978319783 0.4975 0.8089430894308943 0.495 0.7953929539295393 0.49875 0.7926829268292683 0.50875 0.8008130081300813 0.513125 0.8116531165311653 0.513125
1 0.3170731707317073 0.58875 0.3333333333333333 0.59 0.34688346883468835 0.58625 0.34688346883468835 0.57375 0.33875338753387535 0.570625 0.31842818428184283 0.5725 0.3116531165311653 0.576875 0.3116531165311653 0.58375 0.3170731707317073 0.58875
1 0.7466124661246613 0.716875 0.7628726287262872 0.718125 0.7723577235772358 0.71625 0.7818428184281843 0.71 0.7804878048780488 0.698125 0.7547425474254743 0.696875 0.7479674796747967 0.699375 0.7384823848238482 0.70625 0.7411924119241192 0.71375 0.7466124661246613 0.716875
1 0.524390243902439 0.43 0.5392953929539296 0.425625 0.5433604336043361 0.418125 0.5392953929539296 0.415625 0.5298102981029811 0.413125 0.510840108401084 0.414375 0.5 0.420625 0.5040650406504065 0.42875 0.524390243902439 0.43
1 0.6273712737127372 0.455 0.6355013550135501 0.45375 0.6409214092140921 0.45 0.6382113821138211 0.441875 0.6084010840108401 0.435 0.5962059620596206 0.438125 0.592140921409214 0.443125 0.6084010840108401 0.45375 0.6273712737127372 0.455
1 0.7655826558265583 0.639375 0.7845528455284553 0.639375 0.7926829268292683 0.63125 0.7899728997289973 0.625 0.7818428184281843 0.62 0.7588075880758808 0.62 0.7520325203252033 0.623125 0.7547425474254743 0.634375 0.7655826558265583 0.639375
1 0.551490514905149 0.575625 0.559620596205962 0.57125 0.559620596205962 0.558125 0.540650406504065 0.551875 0.524390243902439 0.555625 0.521680216802168 0.5675 0.537940379403794 0.575625 0.551490514905149 0.575625
1 0.7981029810298103 0.534375 0.8197831978319783 0.530625 0.8252032520325203 0.52125 0.8197831978319783 0.51625 0.8116531165311653 0.514375 0.7899728997289973 0.515 0.7764227642276422 0.52125 0.7777777777777778 0.530625 0.7981029810298103 0.534375
1 0.592140921409214 0.629375 0.5975609756097561 0.626875 0.6029810298102981 0.623125 0.6002710027100271 0.6125 0.5894308943089431 0.609375 0.5677506775067751 0.61125 0.5623306233062331 0.62125 0.5745257452574526 0.629375 0.592140921409214 0.629375
1 0.0948509485094851 0.393125 0.10569105691056911 0.39625 0.12330623306233063 0.394375 0.13008130081300814 0.389375 0.12737127371273713 0.379375 0.11653116531165311 0.375 0.1043360433604336 0.375 0.0921409214092141 0.379375 0.08943089430894309 0.385625 0.0948509485094851 0.393125
1 0.6382113821138211 0.63625 0.6571815718157181 0.63625 0.6653116531165312 0.633125 0.6653116531165312 0.62625 0.6585365853658537 0.621875 0.6490514905149052 0.619375 0.6300813008130082 0.619375 0.6219512195121951 0.623125 0.6219512195121951 0.629375 0.6382113821138211 0.63625
1 0.2845528455284553 0.711875 0.3116531165311653 0.711875 0.3252032520325203 0.706875 0.32113821138211385 0.698125 0.3062330623306233 0.695625 0.2872628726287263 0.696875 0.2764227642276423 0.701875 0.27371273712737126 0.70625 0.2845528455284553 0.711875
1 0.5433604336043361 0.5325 0.5650406504065041 0.5325 0.573170731707317 0.52875 0.5704607046070461 0.52125 0.559620596205962 0.516875 0.5433604336043361 0.51625 0.532520325203252 0.52125 0.532520325203252 0.52625 0.5433604336043361 0.5325
1 0.24932249322493225 0.51875 0.25609756097560976 0.52125 0.27371273712737126 0.52125 0.2845528455284553 0.51875 0.2899728997289973 0.515 0.2872628726287263 0.506875 0.28184281842818426 0.504375 0.26558265582655827 0.504375 0.2588075880758808 0.50625 0.24932249322493225 0.51125 0.24932249322493225 0.51875
1 0.3008130081300813 0.37 0.3224932249322493 0.37 0.32791327913279134 0.36625 0.3252032520325203 0.358125 0.3116531165311653 0.351875 0.3008130081300813 0.351875 0.2872628726287263 0.358125 0.2899728997289973 0.365 0.3008130081300813 0.37
1 0.7872628726287263 0.566875 0.7628726287262872 0.566875 0.7601626016260162 0.58125 0.7845528455284553 0.581875 0.7899728997289973 0.579375 0.7872628726287263 0.566875
1 0.39295392953929537 0.484375 0.41192411924119243 0.484375 0.42276422764227645 0.478125 0.42276422764227645 0.473125 0.4146341463414634 0.469375 0.3956639566395664 0.469375 0.38482384823848237 0.471875 0.3794037940379404 0.47625 0.3821138211382114 0.480625 0.39295392953929537 0.484375
1 0.6409214092140921 0.601875 0.6463414634146342 0.598125 0.6463414634146342 0.59 0.6422764227642277 0.5875 0.6138211382113821 0.586875 0.6029810298102981 0.595625 0.6084010840108401 0.604375 0.6273712737127372 0.605625 0.6409214092140921 0.601875
1 0.4823848238482385 0.48875 0.4986449864498645 0.4875 0.508130081300813 0.484375 0.510840108401084 0.480625 0.5067750677506775 0.475 0.5 0.473125 0.47696476964769646 0.474375 0.4715447154471545 0.47625 0.4715447154471545 0.485 0.4823848238482385 0.48875
1 0.5609756097560976 0.61 0.5894308943089431 0.61 0.5975609756097561 0.605 0.5948509485094851 0.598125 0.575880758807588 0.593125 0.556910569105691 0.59375 0.551490514905149 0.598125 0.551490514905149 0.606875 0.5609756097560976 0.61
1 0.7764227642276422 0.75625 0.7818428184281843 0.75375 0.7818428184281843 0.744375 0.7764227642276422 0.740625 0.7628726287262872 0.735 0.7452574525745257 0.73625 0.7439024390243902 0.75 0.7547425474254743 0.75625 0.7764227642276422 0.75625
1 0.21544715447154472 0.581875 0.22493224932249323 0.581875 0.23577235772357724 0.57875 0.24390243902439024 0.571875 0.24119241192411925 0.566875 0.23577235772357724 0.56375 0.21138211382113822 0.564375 0.2032520325203252 0.570625 0.20596205962059622 0.57875 0.21544715447154472 0.581875
1 0.2994579945799458 0.5 0.32791327913279134 0.5 0.33875338753387535 0.495 0.33604336043360433 0.49125 0.3252032520325203 0.4875 0.3062330623306233 0.4875 0.2926829268292683 0.491875 0.2926829268292683 0.4975 0.2994579945799458 0.5
1 0.35772357723577236 0.539375 0.3712737127371274 0.534375 0.3712737127371274 0.521875 0.34417344173441733 0.52125 0.3333333333333333 0.52625 0.33062330623306235 0.535625 0.34010840108401086 0.540625 0.35772357723577236 0.539375
1 0.4186991869918699 0.826875 0.4363143631436314 0.826875 0.4444444444444444 0.82375 0.4444444444444444 0.811875 0.43360433604336046 0.805625 0.4132791327913279 0.80625 0.4065040650406504 0.810625 0.4065040650406504 0.81875 0.4186991869918699 0.826875
1 0.532520325203252 0.595 0.551490514905149 0.595625 0.559620596205962 0.59375 0.5650406504065041 0.58875 0.5609756097560976 0.58 0.540650406504065 0.57875 0.5298102981029811 0.58125 0.524390243902439 0.585 0.524390243902439 0.589375 0.532520325203252 0.595
1 0.16124661246612465 0.4375 0.18157181571815717 0.4375 0.1897018970189702 0.435 0.1897018970189702 0.42625 0.1856368563685637 0.423125 0.17615176151761516 0.420625 0.16260162601626016 0.420625 0.14634146341463414 0.42625 0.14634146341463414 0.431875 0.16124661246612465 0.4375
1 0.23577235772357724 0.633125 0.24661246612466126 0.633125 0.2601626016260163 0.62625 0.25745257452574527 0.6175 0.24390243902439024 0.614375 0.22764227642276422 0.615625 0.21951219512195122 0.623125 0.2222222222222222 0.628125 0.23577235772357724 0.633125
1 0.2926829268292683 0.686875 0.3021680216802168 0.69125 0.31978319783197834 0.691875 0.33062330623306235 0.6875 0.33062330623306235 0.67375 0.31978319783197834 0.670625 0.3062330623306233 0.670625 0.2981029810298103 0.67375 0.2926829268292683 0.6775 0.2926829268292683 0.686875
1 0.6788617886178862 0.6625 0.7005420054200542 0.6625 0.7059620596205962 0.66 0.7032520325203252 0.64875 0.6869918699186992 0.6425 0.6734417344173442 0.644375 0.6680216802168022 0.646875 0.6680216802168022 0.6575 0.6788617886178862 0.6625
1 0.4444444444444444 0.503125 0.44986449864498645 0.5 0.44986449864498645 0.49125 0.44579945799457993 0.488125 0.4173441734417344 0.488125 0.4092140921409214 0.49125 0.4092140921409214 0.49875 0.42276422764227645 0.50375 0.4444444444444444 0.503125
1 0.4796747967479675 0.504375 0.4823848238482385 0.48875 0.47831978319783197 0.486875 0.4634146341463415 0.485 0.45257452574525747 0.49 0.45528455284552843 0.50625 0.4715447154471545 0.506875 0.4796747967479675 0.504375
1 0.537940379403794 0.339375 0.551490514905149 0.340625 0.5677506775067751 0.335 0.5677506775067751 0.32875 0.5623306233062331 0.324375 0.55420054200542 0.320625 0.5433604336043361 0.320625 0.535230352303523 0.323125 0.532520325203252 0.335 0.537940379403794 0.339375
1 0.513550135501355 0.6225 0.5392953929539296 0.6225 0.5460704607046071 0.6175 0.5433604336043361 0.605 0.537940379403794 0.6 0.532520325203252 0.6 0.510840108401084 0.608125 0.508130081300813 0.618125 0.513550135501355 0.6225
1 0.3956639566395664 0.5175 0.4078590785907859 0.515625 0.4146341463414634 0.51125 0.4146341463414634 0.504375 0.4065040650406504 0.501875 0.3943089430894309 0.50125 0.3794037940379404 0.505 0.37398373983739835 0.51125 0.37669376693766937 0.51625 0.3956639566395664 0.5175
1 0.3523035230352303 0.445625 0.36314363143631434 0.449375 0.37669376693766937 0.449375 0.3902439024390244 0.445625 0.3956639566395664 0.441875 0.39295392953929537 0.4325 0.38482384823848237 0.43 0.3712737127371274 0.43 0.3604336043360434 0.4325 0.3523035230352303 0.4375 0.3523035230352303 0.445625
1 0.2764227642276423 0.57125 0.2845528455284553 0.57375 0.3062330623306233 0.574375 0.3143631436314363 0.571875 0.3116531165311653 0.564375 0.3035230352303523 0.558125 0.28319783197831977 0.5575 0.2764227642276423 0.560625 0.27371273712737126 0.5675 0.2764227642276423 0.57125
1 0.44173441734417346 0.418125 0.44715447154471544 0.414375 0.44308943089430897 0.406875 0.42140921409214094 0.40625 0.4092140921409214 0.410625 0.41192411924119243 0.4225 0.42276422764227645 0.42375 0.44173441734417346 0.418125
1 0.2899728997289973 0.555625 0.3035230352303523 0.555 0.3035230352303523 0.553125 0.3116531165311653 0.551875 0.31978319783197834 0.546875 0.3170731707317073 0.538125 0.3089430894308943 0.535625 0.2872628726287263 0.53625 0.2764227642276423 0.5425 0.2791327913279133 0.5525 0.2899728997289973 0.555625
1 0.47696476964769646 0.7725 0.483739837398374 0.779375 0.502710027100271 0.7825 0.513550135501355 0.779375 0.518970189701897 0.774375 0.516260162601626 0.761875 0.508130081300813 0.759375 0.4905149051490515 0.759375 0.4823848238482385 0.761875 0.47696476964769646 0.766875 0.47696476964769646 0.7725
1 0.6084010840108401 0.5625 0.6192411924119241 0.560625 0.6219512195121951 0.5475 0.6138211382113821 0.5425 0.5975609756097561 0.54125 0.5840108401084011 0.5475 0.5840108401084011 0.556875 0.592140921409214 0.560625 0.6084010840108401 0.5625
1 0.5962059620596206 0.504375 0.6165311653116531 0.503125 0.6219512195121951 0.499375 0.6192411924119241 0.489375 0.6084010840108401 0.48625 0.592140921409214 0.4875 0.5867208672086721 0.4925 0.5867208672086721 0.49875 0.5962059620596206 0.504375
1 0.24932249322493225 0.566875 0.26287262872628725 0.566875 0.27100271002710025 0.5625 0.27371273712737126 0.54875 0.2696476964769648 0.546875 0.2601626016260163 0.543125 0.24932249322493225 0.543125 0.23848238482384823 0.548125 0.23848238482384823 0.55875 0.24932249322493225 0.566875
1 0.521680216802168 0.306875 0.540650406504065 0.30625 0.5487804878048781 0.3 0.5460704607046071 0.294375 0.535230352303523 0.288125 0.5176151761517616 0.288125 0.510840108401084 0.29125 0.510840108401084 0.301875 0.521680216802168 0.306875