1 0.6179401993355482 0.66375 0.6204318936877077 0.67625 0.632890365448505 0.686875 0.6495016611295681 0.686875 0.6611295681063123 0.6775 0.6602990033222591 0.6675 0.6445182724252492 0.658125 0.632890365448505 0.6575 0.6179401993355482 0.66375
1 0.5149501661129569 0.52625 0.5099667774086378 0.53125 0.5099667774086378 0.539375 0.5191029900332226 0.55 0.5382059800664452 0.550625 0.5440199335548173 0.5475 0.5456810631229236 0.54125 0.5406976744186046 0.529375 0.5373754152823921 0.5275 0.5149501661129569 0.52625
1 0.5880398671096345 0.63 0.5730897009966778 0.618125 0.5564784053156147 0.6175 0.5456810631229236 0.62625 0.5448504983388704 0.630625 0.5490033222591362 0.64125 0.5598006644518272 0.65125 0.5730897009966778 0.6575 0.5789036544850499 0.6575 0.5863787375415282 0.65375 0.5897009966777409 0.646875 0.5880398671096345 0.63
1 0.6636212624584718 0.43 0.6586378737541528 0.4275 0.643687707641196 0.4275 0.632890365448505 0.43375 0.6229235880398671 0.445 0.6237541528239202 0.458125 0.6295681063122923 0.4625 0.6353820598006644 0.4625 0.6470099667774086 0.46 0.659468438538206 0.4525 0.6669435215946844 0.444375 0.6677740863787376 0.43625 0.6636212624584718 0.43
1 0.6636212624584718 0.49625 0.6528239202657807 0.50875 0.6528239202657807 0.51875 0.6644518272425249 0.529375 0.6769102990033222 0.529375 0.6893687707641196 0.519375 0.6901993355481728 0.501875 0.6785714285714286 0.4925 0.6710963455149501 0.4925 0.6636212624584718 0.49625
1 0.7898671096345515 0.32875 0.7740863787375415 0.326875 0.7599667774086378 0.33375 0.7574750830564784 0.343125 0.7674418604651163 0.355625 0.7757475083056479 0.358125 0.7848837209302325 0.358125 0.7956810631229236 0.353125 0.7998338870431894 0.345625 0.7998338870431894 0.338125 0.7898671096345515 0.32875
1 0.7151162790697675 0.4325 0.7018272425249169 0.435 0.6910299003322259 0.44125 0.6868770764119602 0.446875 0.686046511627907 0.453125 0.6910299003322259 0.46 0.7192691029900332 0.46125 0.7333887043189369 0.455625 0.7383720930232558 0.443125 0.7325581395348837 0.435 0.7259136212624585 0.4325 0.7151162790697675 0.4325
1 0.8471760797342193 0.56625 0.8413621262458472 0.56375 0.8239202657807309 0.564375 0.8114617940199336 0.571875 0.8089700996677741 0.578125 0.8081395348837209 0.58375 0.8114617940199336 0.59125 0.8272425249169435 0.601875 0.8463455149501661 0.603125 0.8529900332225914 0.599375 0.8579734219269103 0.59 0.8579734219269103 0.581875 0.8471760797342193 0.56625
1 0.5556478405315615 0.511875 0.542358803986711 0.52625 0.5440199335548173 0.53875 0.553156146179402 0.546875 0.5697674418604651 0.5475 0.5780730897009967 0.54 0.5813953488372093 0.526875 0.5722591362126246 0.515 0.5647840531561462 0.51125 0.5556478405315615 0.511875
1 0.5440199335548173 0.435 0.5290697674418605 0.435 0.5166112956810631 0.443125 0.5174418604651163 0.45375 0.53156146179402 0.465625 0.5481727574750831 0.46875 0.5581395348837209 0.465 0.5614617940199336 0.451875 0.5564784053156147 0.441875 0.5514950166112956 0.43875 0.5440199335548173 0.435
1 0.5008305647840532 0.535 0.489202657807309 0.535625 0.4850498338870432 0.541875 0.48588039867109634 0.575625 0.4950166112956811 0.58125 0.5083056478405316 0.57875 0.5166112956810631 0.57125 0.5182724252491694 0.56625 0.5191029900332226 0.558125 0.5141196013289037 0.545625 0.5008305647840532 0.535
1 0.5556478405315615 0.353125 0.5406976744186046 0.35375 0.5307308970099668 0.358125 0.5307308970099668 0.371875 0.5440199335548173 0.38 0.5598006644518272 0.38 0.5689368770764119 0.370625 0.5730897009966778 0.369375 0.5730897009966778 0.36375 0.5697674418604651 0.36 0.5556478405315615 0.353125
1 0.53156146179402 0.480625 0.5257475083056479 0.48125 0.5174418604651163 0.486875 0.49916943521594687 0.490625 0.49750830564784054 0.498125 0.5 0.50125 0.5141196013289037 0.50625 0.53156146179402 0.50375 0.5373754152823921 0.5 0.5398671096345515 0.494375 0.5373754152823921 0.483125 0.53156146179402 0.480625
1 0.6129568106312292 0.513125 0.5963455149501661 0.515 0.5872093023255814 0.521875 0.5789036544850499 0.536875 0.5789036544850499 0.5475 0.5813953488372093 0.550625 0.5880398671096345 0.55375 0.5980066445182725 0.5525 0.6162790697674418 0.54 0.622093023255814 0.529375 0.6204318936877077 0.5175 0.6129568106312292 0.513125
1 0.7990033222591362 0.613125 0.7940199335548173 0.615 0.7848837209302325 0.62375 0.7848837209302325 0.63625 0.7965116279069767 0.645625 0.8230897009966778 0.64875 0.8330564784053156 0.64625 0.8380398671096345 0.64125 0.8380398671096345 0.62625 0.8214285714285714 0.615 0.7990033222591362 0.613125
1 0.6661129568106312 0.46125 0.643687707641196 0.46125 0.632890365448505 0.466875 0.6320598006644518 0.475625 0.6403654485049833 0.485 0.6495016611295681 0.49 0.6719269102990033 0.491875 0.686046511627907 0.48125 0.686046511627907 0.473125 0.6735880398671097 0.46375 0.6661129568106312 0.46125
1 0.6320598006644518 0.33375 0.6237541528239202 0.3375 0.6146179401993356 0.33875 0.6071428571428571 0.34375 0.6029900332225914 0.35 0.6021594684385382 0.36 0.6079734219269103 0.369375 0.6179401993355482 0.374375 0.6262458471760798 0.374375 0.6453488372093024 0.36125 0.6470099667774086 0.33875 0.6403654485049833 0.33375 0.6320598006644518 0.33375
1 0.5132890365448505 0.39875 0.5008305647840532 0.39625 0.4883720930232558 0.40375 0.48754152823920266 0.415 0.5008305647840532 0.42875 0.5091362126245847 0.4325 0.5232558139534884 0.4325 0.5274086378737541 0.425 0.5274086378737541 0.414375 0.5240863787375415 0.40625 0.5132890365448505 0.39875
1 0.5490033222591362 0.550625 0.5290697674418605 0.5525 0.5199335548172758 0.559375 0.5174418604651163 0.575625 0.5240863787375415 0.58375 0.5299003322259136 0.58625 0.5406976744186046 0.58625 0.5573089700996677 0.57625 0.5598006644518272 0.564375 0.5539867109634552 0.5525 0.5490033222591362 0.550625
1 0.6569767441860465 0.7025 0.6470099667774086 0.691875 0.6403654485049833 0.68875 0.6320598006644518 0.68875 0.6204318936877077 0.6975 0.6196013289036545 0.703125 0.6237541528239202 0.713125 0.6353820598006644 0.72375 0.6445182724252492 0.728125 0.6586378737541528 0.728125 0.6619601328903655 0.723125 0.6611295681063123 0.71125 0.6569767441860465 0.7025
1 0.6843853820598007 0.600625 0.6760797342192691 0.59375 0.6528239202657807 0.595625 0.6453488372093024 0.6 0.6378737541528239 0.60875 0.6378737541528239 0.616875 0.6420265780730897 0.6225 0.6495016611295681 0.62625 0.6611295681063123 0.626875 0.6694352159468439 0.624375 0.675249169435216 0.619375 0.6818936877076412 0.61 0.6843853820598007 0.600625
1 0.4950166112956811 0.59375 0.48255813953488375 0.586875 0.46511627906976744 0.586875 0.45514950166112955 0.59375 0.4543189368770764 0.601875 0.4568106312292359 0.6075 0.47259136212624586 0.619375 0.4900332225913621 0.619375 0.5 0.613125 0.5008305647840532 0.605 0.4983388704318937 0.598125 0.4950166112956811 0.59375
1 0.5514950166112956 0.389375 0.542358803986711 0.394375 0.5398671096345515 0.405 0.5448504983388704 0.4125 0.553156146179402 0.415625 0.5689368770764119 0.415625 0.5822259136212624 0.405625 0.5813953488372093 0.39625 0.5681063122923588 0.388125 0.5514950166112956 0.389375
1 0.48006644518272423 0.4325 0.4717607973421927 0.43625 0.4717607973421927 0.446875 0.4850498338870432 0.458125 0.5083056478405316 0.46 0.5149501661129569 0.4575 0.5157807308970099 0.445625 0.510797342192691 0.4375 0.4925249169435216 0.431875 0.48006644518272423 0.4325
1 0.7026578073089701 0.708125 0.6810631229235881 0.70875 0.6710963455149501 0.711875 0.6636212624584718 0.72 0.6636212624584718 0.728125 0.6735880398671097 0.734375 0.6910299003322259 0.735625 0.6993355481727574 0.734375 0.7051495016611296 0.73 0.7109634551495017 0.723125 0.7117940199335548 0.71625 0.7026578073089701 0.708125
1 0.6162790697674418 0.46375 0.6162790697674418 0.4575 0.6129568106312292 0.451875 0.5980066445182725 0.441875 0.5780730897009967 0.4425 0.5681063122923588 0.448125 0.5647840531561462 0.4525 0.5647840531561462 0.46 0.5697674418604651 0.4675 0.574750830564784 0.470625 0.5830564784053156 0.473125 0.6004983388704319 0.473125 0.6129568106312292 0.468125 0.6162790697674418 0.46375
1 0.78156146179402 0.494375 0.7508305647840532 0.495 0.739202657807309 0.505 0.7375415282392026 0.51125 0.7400332225913622 0.518125 0.75 0.525625 0.7732558139534884 0.52375 0.7898671096345515 0.51875 0.7973421926910299 0.511875 0.7940199335548173 0.5 0.78156146179402 0.494375
1 0.5382059800664452 0.49875 0.510797342192691 0.51125 0.5116279069767442 0.52125 0.5166112956810631 0.52625 0.5348837209302325 0.526875 0.5440199335548173 0.524375 0.5523255813953488 0.515 0.553156146179402 0.508125 0.5456810631229236 0.500625 0.5382059800664452 0.49875
1 0.7350498338870431 0.48125 0.7275747508305648 0.485 0.7109634551495017 0.4875 0.707641196013289 0.49 0.7068106312292359 0.49625 0.7117940199335548 0.504375 0.7225913621262459 0.508125 0.7367109634551495 0.50625 0.7508305647840532 0.494375 0.75 0.486875 0.7425249169435216 0.48125 0.7350498338870431 0.48125
1 0.7200996677740864 0.57875 0.717607973421927 0.574375 0.7068106312292359 0.566875 0.6918604651162791 0.56625 0.6852159468438538 0.569375 0.6785714285714286 0.576875 0.6777408637873754 0.583125 0.6810631229235881 0.591875 0.6910299003322259 0.59875 0.6926910299003323 0.6025 0.6976744186046512 0.605 0.7093023255813954 0.605 0.7200996677740864 0.6 0.7200996677740864 0.57875
1 0.5697674418604651 0.473125 0.5490033222591362 0.484375 0.5448504983388704 0.490625 0.5448504983388704 0.498125 0.5564784053156147 0.50875 0.5730897009966778 0.509375 0.5855481727574751 0.504375 0.5963455149501661 0.49625 0.6004983388704319 0.484375 0.5938538205980066 0.475625 0.5697674418604651 0.473125
1 0.6162790697674418 0.67875 0.6121262458471761 0.675625 0.6029900332225914 0.670625 0.5930232558139535 0.67 0.5888704318936877 0.670625 0.579734219269103 0.68 0.5789036544850499 0.690625 0.5880398671096345 0.70375 0.6021594684385382 0.708125 0.6121262458471761 0.706875 0.6162790697674418 0.70375 0.6196013289036545 0.696875 0.6196013289036545 0.689375 0.6162790697674418 0.67875
1 0.8803986710963455 0.605 0.8621262458471761 0.598125 0.8546511627906976 0.59875 0.8421926910299004 0.605625 0.8413621262458472 0.619375 0.8521594684385382 0.62875 0.8654485049833887 0.631875 0.877906976744186 0.631875 0.8845514950166113 0.629375 0.8887043189368771 0.618125 0.8870431893687708 0.6125 0.8803986710963455 0.605
1 0.6029900332225914 0.595 0.5930232558139535 0.6 0.5880398671096345 0.605625 0.5888704318936877 0.62 0.5946843853820598 0.624375 0.6079734219269103 0.625 0.6270764119601329 0.6125 0.6295681063122923 0.601875 0.6212624584717608 0.59375 0.6121262458471761 0.59375 0.6029900332225914 0.595
1 0.5647840531561462 0.579375 0.5490033222591362 0.585 0.5490033222591362 0.591875 0.5631229235880398 0.608125 0.5755813953488372 0.61 0.5863787375415282 0.60625 0.5897009966777409 0.6 0.5888704318936877 0.59375 0.5722591362126246 0.579375 0.5647840531561462 0.579375
1 0.5141196013289037 0.46125 0.4867109634551495 0.46 0.48006644518272423 0.46375 0.4792358803986711 0.47 0.4850498338870432 0.479375 0.4900332225913621 0.484375 0.49916943521594687 0.48875 0.5149501661129569 0.4875 0.5257475083056479 0.480625 0.5249169435215947 0.469375 0.5141196013289037 0.46125
1 0.5 0.506875 0.4900332225913621 0.504375 0.473421926910299 0.506875 0.46511627906976744 0.515 0.46179401993355484 0.520625 0.46179401993355484 0.52875 0.4750830564784053 0.535625 0.48588039867109634 0.535625 0.4983388704318937 0.5325 0.5099667774086378 0.52375 0.5058139534883721 0.511875 0.5 0.506875
1 0.32558139534883723 0.694375 0.31893687707641194 0.6925 0.3064784053156146 0.69375 0.2973421926910299 0.7025 0.2956810631229236 0.716875 0.29983388704318936 0.726875 0.3064784053156146 0.73 0.31727574750830567 0.73 0.3338870431893688 0.72 0.3372093023255814 0.70875 0.33222591362126247 0.69875 0.32558139534883723 0.694375
1 0.8704318936877077 0.501875 0.8646179401993356 0.4975 0.8571428571428571 0.49625 0.840531561461794 0.4975 0.8272425249169435 0.506875 0.8264119601328903 0.519375 0.8289036544850499 0.52375 0.8380398671096345 0.529375 0.8496677740863787 0.529375 0.8612956810631229 0.525625 0.867109634551495 0.52125 0.872093023255814 0.509375 0.8704318936877077 0.501875
1 0.6669435215946844 0.558125 0.6503322259136213 0.5575 0.6378737541528239 0.566875 0.6362126245847176 0.576875 0.6387043189368771 0.583125 0.6453488372093024 0.58875 0.6611295681063123 0.59 0.6719269102990033 0.58625 0.6760797342192691 0.5775 0.6760797342192691 0.56625 0.6669435215946844 0.558125
1 0.8313953488372093 0.529375 0.8214285714285714 0.521875 0.8023255813953488 0.52125 0.7940199335548173 0.52625 0.7915282392026578 0.53375 0.7915282392026578 0.5475 0.803156146179402 0.560625 0.8098006644518272 0.5625 0.8172757475083057 0.561875 0.8313953488372093 0.551875 0.834717607973422 0.545 0.834717607973422 0.535625 0.8313953488372093 0.529375
1 0.5872093023255814 0.369375 0.5764119601328903 0.36875 0.5672757475083057 0.3725 0.5647840531561462 0.380625 0.579734219269103 0.395625 0.5897009966777409 0.400625 0.6004983388704319 0.400625 0.6054817275747508 0.398125 0.6104651162790697 0.386875 0.6021594684385382 0.375 0.5872093023255814 0.369375
1 0.925249169435216 0.553125 0.9086378737541528 0.5425 0.8945182724252492 0.54125 0.8845514950166113 0.545625 0.8803986710963455 0.55 0.8795681063122923 0.55625 0.8845514950166113 0.56375 0.8995016611295681 0.571875 0.9194352159468439 0.571875 0.9235880398671097 0.570625 0.9277408637873754 0.565625 0.9285714285714286 0.56 0.925249169435216 0.553125
1 0.7475083056478405 0.61 0.7433554817275747 0.608125 0.7250830564784053 0.61 0.7151162790697675 0.621875 0.7134551495016611 0.6325 0.7225913621262459 0.64625 0.7333887043189369 0.64625 0.7483388704318937 0.638125 0.7533222591362126 0.629375 0.7541528239202658 0.620625 0.7524916943521595 0.615 0.7475083056478405 0.61
1 0.6893687707641196 0.625 0.6744186046511628 0.6225 0.6619601328903655 0.628125 0.6486710963455149 0.639375 0.6478405315614618 0.644375 0.6528239202657807 0.650625 0.6602990033222591 0.6525 0.6769102990033222 0.65125 0.6843853820598007 0.64875 0.6926910299003323 0.64125 0.6935215946843853 0.63 0.6893687707641196 0.625
1 0.7034883720930233 0.6825 0.6951827242524917 0.6775 0.6644518272425249 0.6775 0.6519933554817275 0.688125 0.6528239202657807 0.696875 0.6627906976744186 0.706875 0.670265780730897 0.70875 0.6852159468438538 0.70875 0.6943521594684385 0.70625 0.7043189368770764 0.69875 0.7068106312292359 0.6925 0.7034883720930233 0.6825
1 0.6320598006644518 0.475625 0.6229235880398671 0.474375 0.6046511627906976 0.479375 0.5980066445182725 0.4925 0.5988372093023255 0.50625 0.6054817275747508 0.509375 0.617109634551495 0.509375 0.6229235880398671 0.508125 0.6337209302325582 0.50125 0.6403654485049833 0.4925 0.6403654485049833 0.48625 0.6320598006644518 0.475625
1 0.6154485049833887 0.629375 0.6079734219269103 0.626875 0.5946843853820598 0.626875 0.590531561461794 0.629375 0.5921926910299004 0.650625 0.5980066445182725 0.65375 0.6079734219269103 0.654375 0.617109634551495 0.659375 0.6262458471760798 0.65125 0.6262458471760798 0.639375 0.6154485049833887 0.629375
1 0.7599667774086378 0.319375 0.7508305647840532 0.3125 0.7358803986710963 0.3125 0.7250830564784053 0.319375 0.7192691029900332 0.329375 0.717607973421927 0.33875 0.7200996677740864 0.344375 0.7250830564784053 0.34875 0.7367109634551495 0.350625 0.7491694352159468 0.345625 0.7574750830564784 0.3375 0.760797342192691 0.32875 0.7599667774086378 0.319375
1 0.6303986710963455 0.5725 0.6137873754152824 0.56375 0.6021594684385382 0.56375 0.5897009966777409 0.566875 0.5822259136212624 0.5725 0.579734219269103 0.575625 0.579734219269103 0.583125 0.590531561461794 0.59375 0.5996677740863787 0.595 0.6187707641196013 0.593125 0.6254152823920266 0.59125 0.6320598006644518 0.58375 0.6303986710963455 0.5725
1 0.45514950166112955 0.400625 0.4435215946843854 0.400625 0.43272425249169433 0.40625 0.43106312292358806 0.4175 0.4393687707641196 0.425 0.45348837209302323 0.43 0.473421926910299 0.42875 0.47674418604651164 0.421875 0.47591362126245845 0.41625 0.4659468438538206 0.40375 0.45514950166112955 0.400625
1 0.6893687707641196 0.389375 0.665282392026578 0.39125 0.6511627906976745 0.39625 0.6470099667774086 0.4 0.6461794019933554 0.40875 0.6495016611295681 0.414375 0.6669435215946844 0.420625 0.675249169435216 0.420625 0.6910299003322259 0.415625 0.7001661129568106 0.40375 0.6993355481727574 0.39625 0.6893687707641196 0.389375
1 0.670265780730897 0.363125 0.6611295681063123 0.358125 0.6511627906976745 0.358125 0.6295681063122923 0.375 0.6295681063122923 0.384375 0.6320598006644518 0.388125 0.6378737541528239 0.39375 0.6470099667774086 0.39625 0.6611295681063123 0.39125 0.6719269102990033 0.381875 0.6735880398671097 0.36875 0.670265780730897 0.363125
1 0.542358803986711 0.590625 0.5299003322259136 0.58875 0.520764119601329 0.59375 0.5166112956810631 0.599375 0.5157807308970099 0.60875 0.520764119601329 0.619375 0.5307308970099668 0.62625 0.5448504983388704 0.62625 0.553156146179402 0.618125 0.5539867109634552 0.608125 0.5514950166112956 0.6 0.542358803986711 0.590625
1 0.7317275747508306 0.46125 0.7275747508305648 0.460625 0.6976744186046512 0.46375 0.6910299003322259 0.468125 0.6918604651162791 0.480625 0.7026578073089701 0.48625 0.717607973421927 0.48625 0.7308970099667774 0.483125 0.7375415282392026 0.478125 0.739202657807309 0.473125 0.7383720930232558 0.46625 0.7317275747508306 0.46125
1 0.7342192691029901 0.524375 0.729235880398671 0.514375 0.723421926910299 0.509375 0.7167774086378738 0.50625 0.7034883720930233 0.50625 0.6918604651162791 0.5125 0.6910299003322259 0.520625 0.6935215946843853 0.525625 0.707641196013289 0.54 0.7200996677740864 0.543125 0.7259136212624585 0.5425 0.7325581395348837 0.538125 0.7350498338870431 0.533125 0.7342192691029901 0.524375
0 0.521594684385382 0.1775 0.5083056478405316 0.205 0.5066445182724253 0.2475 0.5398671096345515 0.26625 0.5897009966777409 0.27125 0.6362126245847176 0.2375 0.6395348837209303 0.20125 0.6096345514950167 0.1725 0.5614617940199336 0.16125 0.521594684385382 0.1775
1 0.8588039867109635 0.5925 0.8920265780730897 0.5975 0.9036544850498339 0.58625 0.9003322259136213 0.575 0.8837209302325582 0.565 0.8687707641196013 0.56625 0.8588039867109635 0.57125 0.8588039867109635 0.5925