1 0.3075880758807588 0.74125 0.3021680216802168 0.745 0.3048780487804878 0.754375 0.3130081300813008 0.758125 0.32926829268292684 0.758125 0.34010840108401086 0.753125 0.34010840108401086 0.74625 0.3252032520325203 0.74 0.3075880758807588 0.74125
1 0.8048780487804879 0.413125 0.8021680216802168 0.4225 0.8102981029810298 0.42625 0.8279132791327913 0.426875 0.8455284552845529 0.421875 0.8455284552845529 0.413125 0.8387533875338753 0.410625 0.8130081300813008 0.410625 0.8048780487804879 0.413125
1 0.5989159891598916 0.59 0.5907859078590786 0.59375 0.5907859078590786 0.603125 0.6016260162601627 0.609375 0.6151761517615176 0.609375 0.6260162601626016 0.603125 0.6260162601626016 0.59375 0.6178861788617886 0.59 0.5989159891598916 0.59
1 0.3238482384823848 0.451875 0.32113821138211385 0.46375 0.3265582655826558 0.46625 0.34688346883468835 0.46625 0.35636856368563685 0.4625 0.35907859078590787 0.451875 0.3509485094850949 0.448125 0.33739837398373984 0.4475 0.3238482384823848 0.451875
1 0.45663956639566394 0.774375 0.47289972899729 0.7825 0.483739837398374 0.7825 0.491869918699187 0.779375 0.491869918699187 0.770625 0.47831978319783197 0.763125 0.45934959349593496 0.764375 0.45663956639566394 0.774375
1 0.5149051490514905 0.43 0.497289972899729 0.43 0.491869918699187 0.434375 0.491869918699187 0.440625 0.497289972899729 0.444375 0.521680216802168 0.445625 0.5338753387533876 0.441875 0.5338753387533876 0.435 0.5284552845528455 0.4325 0.5149051490514905 0.43
1 0.7140921409214093 0.5275 0.7100271002710027 0.534375 0.7181571815718157 0.54125 0.7317073170731707 0.545625 0.7479674796747967 0.545625 0.7533875338753387 0.54125 0.7506775067750677 0.5325 0.7357723577235772 0.52625 0.7140921409214093 0.5275
1 0.5989159891598916 0.48875 0.5867208672086721 0.490625 0.5799457994579946 0.495 0.5826558265582655 0.50375 0.6056910569105691 0.505 0.6151761517615176 0.504375 0.6233062330623306 0.50125 0.6260162601626016 0.494375 0.6178861788617886 0.49 0.5989159891598916 0.48875
1 0.44308943089430897 0.551875 0.43224932249322495 0.55375 0.4268292682926829 0.5575 0.42953929539295393 0.56875 0.44037940379403795 0.571875 0.453929539295393 0.571875 0.46476964769647694 0.564375 0.46476964769647694 0.55875 0.45663956639566394 0.5525 0.44308943089430897 0.551875
1 0.3265582655826558 0.3075 0.32791327913279134 0.31625 0.34010840108401086 0.321875 0.35636856368563685 0.3225 0.35636856368563685 0.309375 0.34552845528455284 0.305 0.3319783197831978 0.305 0.3265582655826558 0.3075
1 0.45934959349593496 0.47625 0.45663956639566394 0.480625 0.46747967479674796 0.4875 0.491869918699187 0.4875 0.5013550135501355 0.484375 0.5 0.476875 0.48644986449864497 0.471875 0.46747967479674796 0.473125 0.45934959349593496 0.47625
1 0.4105691056910569 0.39125 0.4078590785907859 0.400625 0.4159891598915989 0.405 0.4349593495934959 0.40625 0.44850948509485095 0.400625 0.44850948509485095 0.389375 0.4363143631436314 0.385 0.42140921409214094 0.385625 0.4105691056910569 0.39125
1 0.1070460704607046 0.5475 0.1043360433604336 0.558125 0.11517615176151762 0.56375 0.12601626016260162 0.56375 0.13956639566395665 0.56 0.14498644986449866 0.55 0.13821138211382114 0.545 0.11788617886178862 0.543125 0.1070460704607046 0.5475
1 0.4051490514905149 0.34375 0.4159891598915989 0.348125 0.43224932249322495 0.348125 0.44037940379403795 0.343125 0.43766937669376693 0.333125 0.4241192411924119 0.3275 0.4051490514905149 0.32875 0.4051490514905149 0.34375
1 0.31029810298102983 0.543125 0.2994579945799458 0.540625 0.2859078590785908 0.540625 0.2750677506775068 0.543125 0.2696476964769648 0.548125 0.2696476964769648 0.55375 0.2777777777777778 0.560625 0.28319783197831977 0.5625 0.3008130081300813 0.5625 0.3075880758807588 0.560625 0.3157181571815718 0.5525 0.31029810298102983 0.543125
1 0.5067750677506775 0.406875 0.5013550135501355 0.409375 0.5040650406504065 0.419375 0.5176151761517616 0.424375 0.5311653116531165 0.42375 0.5392953929539296 0.41875 0.5392953929539296 0.41375 0.5257452574525745 0.406875 0.5067750677506775 0.406875
1 0.2940379403794038 0.43 0.2994579945799458 0.4325 0.31842818428184283 0.431875 0.3346883468834688 0.421875 0.3346883468834688 0.414375 0.32113821138211385 0.410625 0.2967479674796748 0.41875 0.2940379403794038 0.43
1 0.7696476964769647 0.5225 0.7615176151761518 0.52625 0.7615176151761518 0.5325 0.7723577235772358 0.5375 0.7967479674796748 0.5375 0.8048780487804879 0.5325 0.8008130081300813 0.525 0.7913279132791328 0.521875 0.7696476964769647 0.5225
1 0.5392953929539296 0.5 0.5230352303523035 0.5 0.518970189701897 0.501875 0.5149051490514905 0.504375 0.5149051490514905 0.514375 0.5203252032520326 0.51875 0.532520325203252 0.52125 0.5392953929539296 0.5125 0.5501355013550135 0.508125 0.5501355013550135 0.50375 0.5392953929539296 0.5
1 0.44308943089430897 0.445625 0.44308943089430897 0.45625 0.44850948509485095 0.45875 0.4634146341463415 0.45875 0.47831978319783197 0.451875 0.481029810298103 0.441875 0.47560975609756095 0.438125 0.46476964769647694 0.4375 0.44308943089430897 0.445625
1 0.6775067750677507 0.681875 0.6747967479674797 0.68875 0.6910569105691057 0.695625 0.7100271002710027 0.69625 0.7235772357723578 0.6925 0.7235772357723578 0.685625 0.7127371273712737 0.680625 0.6910569105691057 0.67875 0.6775067750677507 0.681875
1 0.35365853658536583 0.419375 0.34823848238482386 0.424375 0.35365853658536583 0.4325 0.3617886178861789 0.435 0.3821138211382114 0.435 0.3861788617886179 0.4275 0.3780487804878049 0.420625 0.3685636856368564 0.418125 0.35365853658536583 0.419375
1 0.13414634146341464 0.501875 0.14769647696476965 0.508125 0.16124661246612465 0.508125 0.17208672086720866 0.50125 0.16666666666666666 0.49 0.14498644986449866 0.4875 0.13414634146341464 0.49125 0.13414634146341464 0.501875
1 0.8075880758807588 0.560625 0.7913279132791328 0.56875 0.7913279132791328 0.57875 0.7994579945799458 0.583125 0.8075880758807588 0.58375 0.8238482384823849 0.58125 0.8346883468834688 0.57125 0.8319783197831978 0.56375 0.8170731707317073 0.56 0.8075880758807588 0.560625
1 0.7533875338753387 0.379375 0.7506775067750677 0.3875 0.7615176151761518 0.3925 0.7804878048780488 0.3925 0.7994579945799458 0.386875 0.7994579945799458 0.378125 0.7899728997289973 0.375 0.7669376693766937 0.375 0.7533875338753387 0.379375
1 0.5772357723577236 0.576875 0.5745257452574526 0.581875 0.5853658536585366 0.59 0.5934959349593496 0.59125 0.6111111111111112 0.58625 0.6151761517615176 0.57875 0.6070460704607046 0.5725 0.5880758807588076 0.571875 0.5772357723577236 0.576875
1 0.6341463414634146 0.658125 0.6233062330623306 0.66125 0.6178861788617886 0.665 0.6192411924119241 0.675625 0.6260162601626016 0.6775 0.6409214092140921 0.6775 0.6558265582655827 0.671875 0.6585365853658537 0.665 0.6531165311653117 0.66 0.6341463414634146 0.658125
1 0.2073170731707317 0.6625 0.2073170731707317 0.676875 0.21544715447154472 0.680625 0.23441734417344173 0.68 0.24254742547425473 0.675625 0.24254742547425473 0.665 0.23712737127371275 0.660625 0.2181571815718157 0.66 0.2073170731707317 0.6625
1 0.47696476964769646 0.460625 0.47560975609756095 0.46875 0.48644986449864497 0.473125 0.5149051490514905 0.473125 0.5230352303523035 0.468125 0.5203252032520326 0.463125 0.5121951219512195 0.45875 0.48644986449864497 0.458125 0.47696476964769646 0.460625
1 0.35772357723577236 0.611875 0.35365853658536583 0.614375 0.35365853658536583 0.620625 0.35907859078590787 0.628125 0.3861788617886179 0.629375 0.3915989159891599 0.625 0.3915989159891599 0.615625 0.3780487804878049 0.610625 0.35772357723577236 0.611875
1 0.18834688346883469 0.63625 0.18292682926829268 0.639375 0.1802168021680217 0.6475 0.18834688346883469 0.65375 0.21002710027100271 0.654375 0.2181571815718157 0.65125 0.22086720867208673 0.6425 0.2127371273712737 0.63625 0.1991869918699187 0.635 0.18834688346883469 0.63625
1 0.44308943089430897 0.579375 0.44037940379403795 0.584375 0.45121951219512196 0.591875 0.46476964769647694 0.59125 0.481029810298103 0.58375 0.481029810298103 0.57625 0.4715447154471545 0.571875 0.453929539295393 0.5725 0.44308943089430897 0.579375
1 0.8780487804878049 0.364375 0.8644986449864499 0.369375 0.8644986449864499 0.381875 0.8780487804878049 0.385 0.8915989159891599 0.384375 0.9024390243902439 0.376875 0.9024390243902439 0.37125 0.8970189701897019 0.3675 0.8915989159891599 0.365 0.8780487804878049 0.364375
1 0.47696476964769646 0.298125 0.47289972899729 0.30125 0.47560975609756095 0.30625 0.497289972899729 0.31125 0.5094850948509485 0.309375 0.5121951219512195 0.30375 0.5013550135501355 0.2975 0.48644986449864497 0.295625 0.47696476964769646 0.298125
1 0.6910569105691057 0.784375 0.7086720867208672 0.78625 0.7235772357723578 0.7825 0.7249322493224932 0.76875 0.7168021680216802 0.766875 0.7046070460704607 0.7675 0.6910569105691057 0.771875 0.6910569105691057 0.784375
1 0.7222222222222222 0.455 0.7086720867208672 0.456875 0.7046070460704607 0.45875 0.7073170731707317 0.469375 0.7154471544715447 0.473125 0.7344173441734417 0.473125 0.7425474254742548 0.468125 0.7425474254742548 0.4625 0.7371273712737128 0.4575 0.7222222222222222 0.455
1 0.18292682926829268 0.50375 0.1991869918699187 0.503125 0.1991869918699187 0.49125 0.18834688346883469 0.486875 0.17479674796747968 0.49 0.17479674796747968 0.50125 0.18292682926829268 0.50375
1 0.3970189701897019 0.4525 0.3888888888888889 0.4525 0.3780487804878049 0.4575 0.3780487804878049 0.46625 0.3888888888888889 0.47125 0.4010840108401084 0.47125 0.4078590785907859 0.46875 0.4105691056910569 0.46375 0.4078590785907859 0.45625 0.3970189701897019 0.4525
1 0.3021680216802168 0.5775 0.2967479674796748 0.58 0.2967479674796748 0.58625 0.3075880758807588 0.591875 0.3346883468834688 0.593125 0.34552845528455284 0.58875 0.34552845528455284 0.58375 0.3346883468834688 0.5775 0.3021680216802168 0.5775
1 0.6449864498644986 0.47875 0.6300813008130082 0.481875 0.6260162601626016 0.485 0.6260162601626016 0.4925 0.6314363143631436 0.495 0.6558265582655827 0.49625 0.6720867208672087 0.49 0.6693766937669376 0.481875 0.6612466124661247 0.479375 0.6449864498644986 0.47875
1 0.6802168021680217 0.479375 0.6775067750677507 0.485 0.6856368563685636 0.491875 0.6964769647696477 0.495 0.7154471544715447 0.49375 0.7154471544715447 0.485 0.7100271002710027 0.481875 0.6937669376693767 0.47875 0.6802168021680217 0.479375
1 0.6639566395663956 0.50125 0.6585365853658537 0.50875 0.6666666666666666 0.51375 0.6991869918699187 0.51375 0.7046070460704607 0.509375 0.7032520325203252 0.50125 0.6883468834688347 0.4975 0.6747967479674797 0.4975 0.6639566395663956 0.50125
1 0.46476964769647694 0.43 0.47831978319783197 0.436875 0.489159891598916 0.4375 0.5013550135501355 0.429375 0.5 0.420625 0.481029810298103 0.41375 0.46476964769647694 0.41625 0.46476964769647694 0.43
1 0.3075880758807588 0.72 0.2940379403794038 0.725625 0.29132791327913277 0.735 0.3048780487804878 0.74 0.32113821138211385 0.739375 0.33739837398373984 0.731875 0.34010840108401086 0.728125 0.34010840108401086 0.723125 0.3319783197831978 0.72 0.3075880758807588 0.72
1 0.45663956639566394 0.3725 0.45121951219512196 0.375625 0.45663956639566394 0.384375 0.483739837398374 0.385625 0.491869918699187 0.3825 0.494579945799458 0.375625 0.481029810298103 0.37 0.46476964769647694 0.37 0.45663956639566394 0.3725
1 0.3048780487804878 0.4325 0.2994579945799458 0.434375 0.2967479674796748 0.445625 0.3048780487804878 0.450625 0.3238482384823848 0.4525 0.33739837398373984 0.446875 0.33739837398373984 0.441875 0.3252032520325203 0.434375 0.31842818428184283 0.4325 0.3048780487804878 0.4325
1 0.14769647696476965 0.509375 0.14227642276422764 0.511875 0.13956639566395665 0.519375 0.15040650406504066 0.525625 0.17208672086720866 0.526875 0.18292682926829268 0.525625 0.18834688346883469 0.5225 0.18834688346883469 0.514375 0.17344173441734417 0.509375 0.14769647696476965 0.509375
1 0.22628726287262874 0.743125 0.22357723577235772 0.749375 0.22899728997289973 0.75375 0.26151761517615174 0.754375 0.2696476964769648 0.751875 0.2696476964769648 0.745 0.25338753387533874 0.738125 0.23712737127371275 0.738125 0.22628726287262874 0.743125
1 0.2506775067750677 0.418125 0.24796747967479674 0.4225 0.25338753387533874 0.4275 0.2696476964769648 0.42875 0.2886178861788618 0.4225 0.2886178861788618 0.41625 0.28184281842818426 0.41375 0.2588075880758808 0.41375 0.2506775067750677 0.418125
1 0.7642276422764228 0.406875 0.7615176151761518 0.41625 0.7723577235772358 0.421875 0.7859078590785907 0.4225 0.7994579945799458 0.418125 0.8021680216802168 0.406875 0.7981029810298103 0.405 0.7804878048780488 0.403125 0.7642276422764228 0.406875
1 0.6097560975609756 0.555625 0.6043360433604336 0.5575 0.6043360433604336 0.571875 0.6124661246612466 0.574375 0.6260162601626016 0.574375 0.6368563685636857 0.57125 0.6395663956639567 0.560625 0.6355013550135501 0.5575 0.6287262872628726 0.555625 0.6097560975609756 0.555625
1 0.483739837398374 0.75125 0.481029810298103 0.761875 0.489159891598916 0.769375 0.497289972899729 0.771875 0.5121951219512195 0.770625 0.5230352303523035 0.76375 0.5203252032520326 0.75375 0.5040650406504065 0.748125 0.483739837398374 0.75125
1 0.44308943089430897 0.286875 0.44037940379403795 0.29375 0.44579945799457993 0.296875 0.470189701897019 0.296875 0.47831978319783197 0.290625 0.47831978319783197 0.283125 0.470189701897019 0.27875 0.45934959349593496 0.27875 0.44308943089430897 0.286875
1 0.23170731707317074 0.716875 0.22357723577235772 0.72 0.22086720867208673 0.725 0.22899728997289973 0.735 0.23712737127371275 0.738125 0.2588075880758808 0.738125 0.2669376693766938 0.731875 0.26422764227642276 0.723125 0.24254742547425473 0.716875 0.23170731707317074 0.716875
1 0.5691056910569106 0.795625 0.5636856368563685 0.7975 0.5582655826558266 0.801875 0.5623306233062331 0.815 0.5691056910569106 0.816875 0.5853658536585366 0.816875 0.5962059620596206 0.811875 0.5934959349593496 0.8 0.5853658536585366 0.795625 0.5691056910569106 0.795625
1 0.5772357723577236 0.545 0.5745257452574526 0.550625 0.5826558265582655 0.556875 0.6043360433604336 0.558125 0.6165311653116531 0.555 0.6178861788617886 0.54875 0.6043360433604336 0.543125 0.5826558265582655 0.5425 0.5772357723577236 0.545
1 0.8143631436314364 0.5025 0.8130081300813008 0.511875 0.8170731707317073 0.515 0.8319783197831978 0.519375 0.8523035230352304 0.518125 0.8536585365853658 0.509375 0.8468834688346883 0.504375 0.8319783197831978 0.50125 0.8143631436314364 0.5025
1 0.6043360433604336 0.6125 0.6016260162601627 0.6175 0.6151761517615176 0.62625 0.6395663956639567 0.62625 0.6531165311653117 0.62125 0.6504065040650406 0.615 0.6368563685636857 0.610625 0.6097560975609756 0.61 0.6043360433604336 0.6125
1 0.6476964769647696 0.5625 0.6476964769647696 0.57625 0.6612466124661247 0.581875 0.6802168021680217 0.583125 0.6883468834688347 0.57875 0.6883468834688347 0.56875 0.6829268292682927 0.56375 0.6693766937669376 0.560625 0.6476964769647696 0.5625
1 0.5392953929539296 0.51 0.5338753387533876 0.52125 0.5447154471544715 0.52625 0.5636856368563685 0.524375 0.5772357723577236 0.51625 0.5772357723577236 0.51125 0.5609756097560976 0.506875 0.5474254742547425 0.50625 0.5392953929539296 0.51
1 0.4268292682926829 0.318125 0.4241192411924119 0.324375 0.42953929539295393 0.330625 0.44850948509485095 0.3325 0.45934959349593496 0.3275 0.45934959349593496 0.316875 0.45121951219512196 0.313125 0.44037940379403795 0.3125 0.4268292682926829 0.318125
1 0.5420054200542005 0.5275 0.5338753387533876 0.5325 0.5338753387533876 0.5425 0.5420054200542005 0.545625 0.5636856368563685 0.544375 0.5745257452574526 0.539375 0.5745257452574526 0.529375 0.5650406504065041 0.525625 0.5420054200542005 0.5275
1 0.3170731707317073 0.331875 0.31029810298102983 0.33625 0.31029810298102983 0.344375 0.32113821138211385 0.348125 0.3428184281842818 0.348125 0.3509485094850949 0.3425 0.3509485094850949 0.33375 0.34146341463414637 0.330625 0.3170731707317073 0.331875
1 0.6883468834688347 0.43 0.6775067750677507 0.43 0.6720867208672087 0.4325 0.6693766937669376 0.438125 0.6747967479674797 0.445625 0.6829268292682927 0.45 0.6937669376693767 0.451875 0.7100271002710027 0.446875 0.7100271002710027 0.4375 0.7018970189701897 0.4325 0.6883468834688347 0.43
1 0.6964769647696477 0.51625 0.7154471544715447 0.524375 0.7344173441734417 0.524375 0.7479674796747967 0.519375 0.7425474254742548 0.509375 0.7208672086720868 0.508125 0.7005420054200542 0.511875 0.6964769647696477 0.51625
1 0.6260162601626016 0.4275 0.6233062330623306 0.435 0.6368563685636857 0.439375 0.6571815718157181 0.438125 0.6666666666666666 0.4325 0.6612466124661247 0.425 0.6449864498644986 0.42375 0.6314363143631436 0.425 0.6260162601626016 0.4275
1 0.7154471544715447 0.49375 0.7127371273712737 0.50375 0.7181571815718157 0.50625 0.7425474254742548 0.508125 0.7533875338753387 0.503125 0.7533875338753387 0.499375 0.7452574525745257 0.494375 0.7371273712737128 0.4925 0.7154471544715447 0.49375
1 0.43766937669376693 0.496875 0.4349593495934959 0.504375 0.44850948509485095 0.509375 0.4715447154471545 0.509375 0.483739837398374 0.504375 0.483739837398374 0.4975 0.46476964769647694 0.4925 0.44850948509485095 0.4925 0.43766937669376693 0.496875
1 0.35907859078590787 0.384375 0.35636856368563685 0.39125 0.36449864498644985 0.3975 0.3861788617886179 0.3975 0.3943089430894309 0.39375 0.3970189701897019 0.385625 0.3861788617886179 0.38 0.37262872628726285 0.379375 0.35907859078590787 0.384375
1 0.6775067750677507 0.6575 0.6666666666666666 0.66125 0.6666666666666666 0.675 0.6775067750677507 0.68 0.6991869918699187 0.678125 0.7046070460704607 0.675 0.7046070460704607 0.664375 0.6991869918699187 0.660625 0.6910569105691057 0.6575 0.6775067750677507 0.6575
1 0.3265582655826558 0.62875 0.3346883468834688 0.631875 0.34552845528455284 0.63125 0.35365853658536583 0.626875 0.3509485094850949 0.615 0.33739837398373984 0.613125 0.3265582655826558 0.615625 0.3265582655826558 0.62875