0 0.413125 0.8081395348837209 0.4225 0.8222591362126246 0.435 0.8322259136212624 0.441875 0.834717607973422 0.454375 0.834717607973422 0.46375 0.8313953488372093 0.471875 0.824750830564784 0.483125 0.8064784053156147 0.4875 0.7906976744186046 0.4875 0.770764119601329 0.480625 0.7491694352159468 0.473125 0.7375415282392026 0.45375 0.7267441860465116 0.440625 0.7267441860465116 0.425 0.7350498338870431 0.41375 0.7508305647840532 0.40875 0.770764119601329 0.40875 0.7906976744186046 0.413125 0.8081395348837209
1 0.3725 0.4941860465116279 0.381875 0.4950166112956811 0.386875 0.489202657807309 0.386875 0.47840531561461797 0.383125 0.4700996677740864 0.3725 0.4659468438538206 0.364375 0.47093023255813954 0.365 0.48588039867109634 0.3725 0.4941860465116279
1 0.535625 0.25830564784053156 0.5425 0.26578073089701 0.556875 0.2616279069767442 0.56375 0.25083056478405313 0.56375 0.2350498338870432 0.5575 0.22840531561461794 0.553125 0.22674418604651161 0.538125 0.23920265780730898 0.535625 0.24584717607973422 0.535625 0.25830564784053156
1 0.489375 0.3903654485049834 0.5025 0.38870431893687707 0.50875 0.3795681063122924 0.508125 0.3687707641196013 0.50125 0.36212624584717606 0.495 0.36295681063122925 0.481875 0.37375415282392027 0.48125 0.38205980066445183 0.489375 0.3903654485049834
1 0.36 0.32558139534883723 0.365 0.3338870431893688 0.374375 0.3380398671096346 0.3825 0.3380398671096346 0.389375 0.3272425249169435 0.386875 0.3181063122923588 0.379375 0.3081395348837209 0.37 0.3064784053156146 0.3625 0.30980066445182725 0.36 0.3131229235880399 0.36 0.32558139534883723
1 0.451875 0.3446843853820598 0.46375 0.34634551495016613 0.473125 0.33554817275747506 0.473125 0.32558139534883723 0.46375 0.313953488372093 0.448125 0.31146179401993357 0.441875 0.3164451827242525 0.440625 0.3272425249169435 0.451875 0.3446843853820598
1 0.46125 0.5116279069767442 0.465625 0.5174418604651163 0.47 0.5174418604651163 0.484375 0.4983388704318937 0.486875 0.48255813953488375 0.483125 0.47259136212624586 0.475625 0.47093023255813954 0.469375 0.4750830564784053 0.46375 0.48588039867109634 0.46125 0.4950166112956811 0.46125 0.5116279069767442
1 0.496875 0.6611295681063123 0.50125 0.6636212624584718 0.509375 0.6636212624584718 0.513125 0.6611295681063123 0.51875 0.6503322259136213 0.51625 0.6403654485049833 0.51125 0.632890365448505 0.5 0.6312292358803987 0.4925 0.6362126245847176 0.4925 0.6528239202657807 0.496875 0.6611295681063123
1 0.39875 0.38289036544850497 0.40625 0.3920265780730897 0.406875 0.39700996677740863 0.418125 0.3953488372093023 0.42875 0.3812292358803987 0.43 0.36212624584717606 0.42625 0.3546511627906977 0.415625 0.3538205980066445 0.40125 0.3654485049833887 0.39875 0.3687707641196013 0.39875 0.38289036544850497
1 0.348125 0.46179401993355484 0.359375 0.4692691029900332 0.3625 0.4700996677740864 0.374375 0.4642857142857143 0.3775 0.4568106312292359 0.376875 0.4435215946843854 0.3675 0.43521594684385384 0.356875 0.43521594684385384 0.34875 0.4426910299003322 0.346875 0.4476744186046512 0.34625 0.45514950166112955 0.348125 0.46179401993355484
1 0.414375 0.22840531561461794 0.419375 0.23255813953488372 0.4275 0.23089700996677742 0.43125 0.22508305647840532 0.43375 0.21428571428571427 0.43125 0.19601328903654486 0.426875 0.19019933554817275 0.420625 0.1877076411960133 0.411875 0.1893687707641196 0.40875 0.19601328903654486 0.409375 0.21926910299003322 0.414375 0.22840531561461794
1 0.376875 0.43272425249169433 0.389375 0.4318936877076412 0.395625 0.4260797342192691 0.39875 0.41943521594684385 0.3975 0.40780730897009965 0.39375 0.4019933554817276 0.389375 0.4011627906976744 0.379375 0.4019933554817276 0.37 0.4152823920265781 0.37 0.4277408637873754 0.376875 0.43272425249169433
1 0.591875 0.5980066445182725 0.595625 0.6029900332225914 0.6025 0.606312292358804 0.616875 0.606312292358804 0.6225 0.6013289036544851 0.624375 0.5863787375415282 0.619375 0.5755813953488372 0.6125 0.5705980066445183 0.605 0.5689368770764119 0.595625 0.5714285714285714 0.591875 0.5764119601328903 0.59 0.590531561461794 0.591875 0.5980066445182725
1 0.4875 0.42358803986710963 0.495625 0.42358803986710963 0.504375 0.41943521594684385 0.51125 0.4069767441860465 0.51125 0.39867109634551495 0.504375 0.3903654485049834 0.48875 0.3920265780730897 0.479375 0.4003322259136213 0.480625 0.41943521594684385 0.4875 0.42358803986710963
1 0.441875 0.26245847176079734 0.446875 0.2649501661129568 0.45625 0.26411960132890366 0.46125 0.2516611295681063 0.46 0.23588039867109634 0.449375 0.22508305647840532 0.441875 0.22591362126245848 0.438125 0.23338870431893688 0.4375 0.25083056478405313 0.441875 0.26245847176079734
1 0.558125 0.28903654485049834 0.5625 0.29401993355481726 0.573125 0.29651162790697677 0.578125 0.29401993355481726 0.58125 0.28903654485049834 0.581875 0.2757475083056478 0.57375 0.26411960132890366 0.56375 0.26411960132890366 0.5575 0.2724252491694352 0.556875 0.2840531561461794 0.558125 0.28903654485049834
1 0.381875 0.2541528239202658 0.39375 0.25249169435215946 0.3975 0.24833887043189368 0.400625 0.23754152823920266 0.3975 0.22674418604651161 0.39375 0.22425249169435216 0.383125 0.22508305647840532 0.375625 0.23255813953488372 0.375625 0.24750830564784054 0.381875 0.2541528239202658
1 0.316875 0.6553156146179402 0.330625 0.654485049833887 0.33875 0.6445182724252492 0.338125 0.6262458471760798 0.33125 0.617109634551495 0.32 0.6196013289036545 0.3125 0.6320598006644518 0.311875 0.6470099667774086 0.316875 0.6553156146179402
1 0.40375 0.32558139534883723 0.40625 0.3313953488372093 0.410625 0.3380398671096346 0.415625 0.34053156146179403 0.426875 0.3380398671096346 0.4325 0.3272425249169435 0.42875 0.313953488372093 0.418125 0.30398671096345514 0.410625 0.303156146179402 0.40625 0.3064784053156146 0.40375 0.30980066445182725 0.40375 0.32558139534883723
1 0.4375 0.49916943521594687 0.4475 0.5083056478405316 0.4525 0.5083056478405316 0.45625 0.5049833887043189 0.46125 0.4941860465116279 0.458125 0.47591362126245845 0.451875 0.4700996677740864 0.445 0.4692691029900332 0.438125 0.47840531561461797 0.435 0.4867109634551495 0.4375 0.49916943521594687
1 0.36 0.3754152823920266 0.37375 0.3803986710963455 0.381875 0.37209302325581395 0.381875 0.36212624584717606 0.376875 0.3521594684385382 0.37 0.3480066445182724 0.36125 0.3480066445182724 0.354375 0.3521594684385382 0.35375 0.3654485049833887 0.36 0.3754152823920266
1 0.4025 0.6021594684385382 0.4225 0.6021594684385382 0.426875 0.5938538205980066 0.425 0.5830564784053156 0.418125 0.5764119601328903 0.40375 0.5764119601328903 0.398125 0.5838870431893688 0.39875 0.5996677740863787 0.4025 0.6021594684385382
1 0.635 0.5431893687707641 0.65 0.5465116279069767 0.654375 0.5440199335548173 0.659375 0.5357142857142857 0.659375 0.5274086378737541 0.655 0.5174418604651163 0.65125 0.5141196013289037 0.63875 0.5141196013289037 0.631875 0.520764119601329 0.63125 0.526578073089701 0.635 0.5431893687707641
1 0.4925 0.5730897009966778 0.50125 0.5830564784053156 0.509375 0.5822259136212624 0.51625 0.5705980066445183 0.516875 0.5573089700996677 0.515 0.5498338870431894 0.509375 0.5456810631229236 0.5 0.5465116279069767 0.494375 0.5539867109634552 0.4925 0.5589700996677741 0.4925 0.5730897009966778
1 0.39375 0.47840531561461797 0.405 0.48006644518272423 0.41125 0.47093023255813954 0.410625 0.4526578073089701 0.40375 0.4476744186046512 0.393125 0.4476744186046512 0.385625 0.457641196013289 0.385625 0.4700996677740864 0.39375 0.47840531561461797
1 0.495 0.7009966777408638 0.503125 0.7134551495016611 0.508125 0.7142857142857143 0.51375 0.7034883720930233 0.51125 0.6802325581395349 0.50375 0.6644518272425249 0.4975 0.665282392026578 0.494375 0.670265780730897 0.4925 0.6918604651162791 0.495 0.7009966777408638
1 0.514375 0.6777408637873754 0.524375 0.6843853820598007 0.529375 0.6843853820598007 0.539375 0.6785714285714286 0.545625 0.6677740863787376 0.545 0.6569767441860465 0.539375 0.6486710963455149 0.521875 0.6495016611295681 0.514375 0.6586378737541528 0.511875 0.6644518272425249 0.514375 0.6777408637873754
1 0.365 0.5996677740863787 0.3675 0.6046511627906976 0.380625 0.6137873754152824 0.3875 0.6137873754152824 0.3925 0.6104651162790697 0.395625 0.6038205980066446 0.395625 0.5980066445182725 0.39125 0.5880398671096345 0.38 0.5789036544850499 0.37 0.5822259136212624 0.365 0.5880398671096345 0.365 0.5996677740863787
1 0.385625 0.3521594684385382 0.395 0.36046511627906974 0.405 0.36212624584717606 0.41125 0.3554817275747508 0.41125 0.3388704318936877 0.405 0.3289036544850498 0.393125 0.32641196013289037 0.389375 0.3280730897009967 0.385 0.3347176079734219 0.383125 0.34219269102990035 0.385625 0.3521594684385382
1 0.420625 0.53156146179402 0.4225 0.5382059800664452 0.4325 0.5490033222591362 0.438125 0.5481727574750831 0.444375 0.5390365448504983 0.444375 0.5240863787375415 0.436875 0.510797342192691 0.429375 0.5074750830564784 0.425 0.5091362126245847 0.420625 0.5141196013289037 0.420625 0.53156146179402
1 0.52625 0.7142857142857143 0.5325 0.7167774086378738 0.5425 0.7134551495016611 0.550625 0.6993355481727574 0.55 0.6893687707641196 0.5425 0.6810631229235881 0.5375 0.6810631229235881 0.521875 0.6918604651162791 0.521875 0.707641196013289 0.52625 0.7142857142857143
1 0.54875 0.44601328903654486 0.561875 0.4426910299003322 0.56625 0.43853820598006643 0.56875 0.43106312292358806 0.5675 0.4169435215946844 0.56375 0.4111295681063123 0.560625 0.41029900332225916 0.55 0.41029900332225916 0.5425 0.41362126245847175 0.53625 0.42524916943521596 0.5375 0.43853820598006643 0.54875 0.44601328903654486
1 0.46625 0.24501661129568106 0.473125 0.24833887043189368 0.483125 0.24667774086378738 0.4875 0.24335548172757476 0.495 0.2292358803986711 0.494375 0.22009966777408638 0.48625 0.21179401993355482 0.480625 0.21179401993355482 0.471875 0.21677740863787376 0.465 0.22674418604651161 0.46375 0.23920265780730898 0.46625 0.24501661129568106
1 0.39375 0.44601328903654486 0.400625 0.44601328903654486 0.4125 0.45182724252491696 0.418125 0.4426910299003322 0.418125 0.4368770764119601 0.41125 0.4260797342192691 0.400625 0.4227574750830565 0.39 0.43272425249169433 0.389375 0.4393687707641196 0.39375 0.44601328903654486
1 0.47375 0.37209302325581395 0.480625 0.3754152823920266 0.494375 0.36129568106312293 0.49625 0.3446843853820598 0.491875 0.3380398671096346 0.480625 0.3380398671096346 0.473125 0.3438538205980066 0.469375 0.3504983388704319 0.469375 0.36627906976744184 0.47375 0.37209302325581395
1 0.471875 0.6852159468438538 0.48125 0.6910299003322259 0.49 0.6885382059800664 0.4925 0.6802325581395349 0.4925 0.6636212624584718 0.4875 0.6536544850498339 0.47875 0.6470099667774086 0.473125 0.6470099667774086 0.4675 0.6519933554817275 0.46625 0.6735880398671097 0.471875 0.6852159468438538
1 0.629375 0.5822259136212624 0.636875 0.5872093023255814 0.645 0.5872093023255814 0.6525 0.5813953488372093 0.65375 0.5672757475083057 0.650625 0.5598006644518272 0.644375 0.553156146179402 0.634375 0.5490033222591362 0.62375 0.5581395348837209 0.623125 0.5697674418604651 0.629375 0.5822259136212624
1 0.4275 0.3521594684385382 0.43 0.3588039867109635 0.4375 0.36794019933554817 0.44625 0.36710963455149503 0.449375 0.36046511627906974 0.449375 0.34219269102990035 0.439375 0.3280730897009967 0.435 0.3272425249169435 0.43 0.3338870431893688 0.4275 0.33970099667774084 0.4275 0.3521594684385382
1 0.43 0.30564784053156147 0.434375 0.3089700996677741 0.439375 0.3081395348837209 0.444375 0.3023255813953488 0.446875 0.2857142857142857 0.451875 0.27906976744186046 0.451875 0.2749169435215947 0.449375 0.26993355481727577 0.440625 0.26827242524916944 0.43 0.27906976744186046 0.42875 0.28488372093023256 0.4275 0.29651162790697677 0.43 0.30564784053156147
1 0.3775 0.3995016611295681 0.39625 0.4011627906976744 0.4025 0.39368770764119604 0.4025 0.38870431893687707 0.394375 0.3754152823920266 0.383125 0.37375415282392027 0.3725 0.38205980066445183 0.3725 0.3945182724252492 0.3775 0.3995016611295681
1 0.3275 0.5257475083056479 0.34 0.5340531561461794 0.349375 0.532392026578073 0.355 0.5274086378737541 0.36 0.5182724252491694 0.359375 0.5091362126245847 0.355625 0.5041528239202658 0.35 0.5016611295681063 0.33375 0.5033222591362126 0.326875 0.5083056478405316 0.325 0.5182724252491694 0.3275 0.5257475083056479
1 0.620625 0.4634551495016611 0.62625 0.46677740863787376 0.63625 0.4634551495016611 0.64375 0.446843853820598 0.64375 0.43853820598006643 0.63625 0.4277408637873754 0.623125 0.43106312292358806 0.618125 0.43853820598006643 0.61625 0.4526578073089701 0.620625 0.4634551495016611
1 0.495 0.5440199335548173 0.5 0.5456810631229236 0.513125 0.5440199335548173 0.51875 0.532392026578073 0.51625 0.5182724252491694 0.509375 0.5124584717607974 0.4975 0.5157807308970099 0.4925 0.5240863787375415 0.4925 0.5398671096345515 0.495 0.5440199335548173
1 0.524375 0.3654485049833887 0.53125 0.37209302325581395 0.5425 0.37209302325581395 0.546875 0.36046511627906974 0.546875 0.3521594684385382 0.5425 0.3438538205980066 0.53 0.3338870431893688 0.524375 0.3338870431893688 0.519375 0.3380398671096346 0.51875 0.35132890365448505 0.524375 0.3654485049833887
1 0.524375 0.5548172757475083 0.535625 0.5672757475083057 0.54 0.5672757475083057 0.545 0.5631229235880398 0.5475 0.5589700996677741 0.548125 0.542358803986711 0.544375 0.5299003322259136 0.539375 0.5249169435215947 0.530625 0.5232558139534884 0.52625 0.5249169435215947 0.521875 0.532392026578073 0.52125 0.5440199335548173 0.524375 0.5548172757475083
1 0.645625 0.5083056478405316 0.6575 0.5191029900332226 0.66875 0.5182724252491694 0.675 0.5116279069767442 0.675 0.5033222591362126 0.664375 0.4883720930232558 0.6525 0.48588039867109634 0.64625 0.489202657807309 0.644375 0.49335548172757476 0.64375 0.5041528239202658 0.645625 0.5083056478405316
1 0.376875 0.5689368770764119 0.379375 0.5764119601328903 0.385625 0.584717607973422 0.39125 0.5880398671096345 0.395625 0.5872093023255814 0.40125 0.5772425249169435 0.4 0.5606312292358804 0.39375 0.5490033222591362 0.389375 0.5456810631229236 0.383125 0.5456810631229236 0.37875 0.5498338870431894 0.376875 0.5548172757475083 0.376875 0.5689368770764119
1 0.46625 0.436046511627907 0.474375 0.4368770764119601 0.480625 0.4227574750830565 0.480625 0.4119601328903654 0.478125 0.4019933554817276 0.473125 0.39700996677740863 0.46625 0.3953488372093023 0.463125 0.39700996677740863 0.46 0.40365448504983387 0.45875 0.42358803986710963 0.46625 0.436046511627907
1 0.45625 0.6478405315614618 0.465 0.6470099667774086 0.470625 0.6403654485049833 0.473125 0.622093023255814 0.468125 0.6154485049833887 0.46 0.6146179401993356 0.45375 0.617109634551495 0.448125 0.6237541528239202 0.4475 0.6353820598006644 0.45625 0.6478405315614618
1 0.45875 0.5456810631229236 0.464375 0.5548172757475083 0.47375 0.5606312292358804 0.483125 0.5606312292358804 0.48875 0.5556478405315615 0.49 0.5440199335548173 0.485 0.53156146179402 0.475625 0.526578073089701 0.4625 0.5290697674418605 0.45875 0.5340531561461794 0.45875 0.5456810631229236
1 0.5146875 0.6607142857142857 0.000625 0.0008305647840531562
1 0.515 0.6303986710963455 0.53 0.632890365448505 0.535 0.6312292358803987 0.54 0.6254152823920266 0.5425 0.6129568106312292 0.539375 0.6038205980066446 0.535625 0.6013289036544851 0.524375 0.6021594684385382 0.515625 0.6088039867109635 0.513125 0.6154485049833887 0.515 0.6303986710963455
1 0.5475 0.6021594684385382 0.5525 0.6112956810631229 0.560625 0.6104651162790697 0.57125 0.5930232558139535 0.570625 0.5764119601328903 0.56375 0.5672757475083057 0.558125 0.5672757475083057 0.55375 0.5697674418604651 0.5475 0.5805647840531561 0.545625 0.5897009966777409 0.5475 0.6021594684385382
1 0.451875 0.3089700996677741 0.463125 0.3131229235880399 0.470625 0.3073089700996678 0.47125 0.29401993355481726 0.46625 0.2823920265780731 0.45375 0.2799003322259136 0.448125 0.2857142857142857 0.446875 0.3014950166112957 0.451875 0.3089700996677741
1 0.545625 0.3945182724252492 0.553125 0.4003322259136213 0.56375 0.3961794019933555 0.56875 0.38372093023255816 0.56875 0.3637873754152824 0.56625 0.3588039867109635 0.56375 0.3546511627906977 0.556875 0.3521594684385382 0.54875 0.3546511627906977 0.545625 0.36212624584717606 0.543125 0.3712624584717608 0.545625 0.3945182724252492
1 0.45875 0.2101328903654485 0.46625 0.21345514950166114 0.473125 0.2101328903654485 0.478125 0.20431893687707642 0.478125 0.19352159468438537 0.46875 0.18272425249169436 0.455625 0.1818936877076412 0.4475 0.19019933554817275 0.448125 0.2026578073089701 0.45875 0.2101328903654485
1 0.410625 0.6378737541528239 0.424375 0.6370431893687708 0.43375 0.6295681063122923 0.43375 0.6187707641196013 0.425 0.6038205980066446 0.40625 0.6046511627906976 0.40125 0.6112956810631229 0.40125 0.6295681063122923 0.410625 0.6378737541528239
1 0.61125 0.5539867109634552 0.623125 0.5573089700996677 0.63 0.5514950166112956 0.633125 0.5440199335548173 0.633125 0.5348837209302325 0.625 0.5141196013289037 0.62 0.5116279069767442 0.6125 0.5124584717607974 0.603125 0.5240863787375415 0.60375 0.542358803986711 0.61125 0.5539867109634552
1 0.408125 0.5523255813953488 0.414375 0.5514950166112956 0.420625 0.5398671096345515 0.420625 0.5299003322259136 0.418125 0.5224252491694352 0.415 0.5166112956810631 0.40875 0.5141196013289037 0.40375 0.5149501661129569 0.40125 0.520764119601329 0.40125 0.5431893687707641 0.408125 0.5523255813953488