1 0.3438538205980066 0.805 0.35631229235880396 0.816875 0.37209302325581395 0.821875 0.38289036544850497 0.82125 0.3911960132890365 0.818125 0.3961794019933555 0.810625 0.3961794019933555 0.8025 0.39368770764119604 0.7975 0.3795681063122924 0.785625 0.3654485049833887 0.783125 0.3521594684385382 0.7875 0.3480066445182724 0.79125 0.3438538205980066 0.79625 0.3438538205980066 0.805
1 0.7956810631229236 0.58625 0.8014950166112956 0.58875 0.8205980066445183 0.588125 0.834717607973422 0.58125 0.8413621262458472 0.575625 0.8488372093023255 0.565625 0.8488372093023255 0.56 0.8380398671096345 0.54875 0.8214285714285714 0.548125 0.8014950166112956 0.555625 0.7940199335548173 0.5625 0.7915282392026578 0.56875 0.7906976744186046 0.575625 0.7956810631229236 0.58625
1 0.4717607973421927 0.75125 0.4808970099667774 0.758125 0.4850498338870432 0.75875 0.49916943521594687 0.75875 0.5083056478405316 0.75625 0.5141196013289037 0.75125 0.5174418604651163 0.744375 0.5174418604651163 0.738125 0.5132890365448505 0.730625 0.4950166112956811 0.731875 0.4808970099667774 0.728125 0.473421926910299 0.733125 0.4684385382059801 0.74 0.4676079734219269 0.744375 0.4717607973421927 0.75125
1 0.5290697674418605 0.72125 0.5348837209302325 0.72375 0.5456810631229236 0.723125 0.5539867109634552 0.71125 0.5539867109634552 0.699375 0.5514950166112956 0.695625 0.5440199335548173 0.69125 0.5340531561461794 0.69125 0.5290697674418605 0.6925 0.5232558139534884 0.69875 0.5240863787375415 0.710625 0.5290697674418605 0.72125
1 0.3081395348837209 0.62 0.32475083056478404 0.62 0.3380398671096346 0.609375 0.3380398671096346 0.591875 0.3272425249169435 0.584375 0.32059800664451826 0.58375 0.3131229235880399 0.586875 0.2973421926910299 0.599375 0.29817275747508304 0.6125 0.3081395348837209 0.62
1 0.5 0.556875 0.5099667774086378 0.560625 0.5290697674418605 0.560625 0.5440199335548173 0.54875 0.5431893687707641 0.538125 0.5257475083056479 0.5275 0.5058139534883721 0.529375 0.4941860465116279 0.53875 0.4950166112956811 0.551875 0.5 0.556875
1 0.6470099667774086 0.581875 0.6636212624584718 0.58875 0.675249169435216 0.58875 0.6910299003322259 0.575625 0.6877076411960132 0.5675 0.6794019933554817 0.565625 0.6661129568106312 0.558125 0.6602990033222591 0.558125 0.6428571428571429 0.566875 0.6403654485049833 0.57375 0.6470099667774086 0.581875
1 0.8197674418604651 0.544375 0.824750830564784 0.546875 0.8372093023255814 0.5475 0.8521594684385382 0.5425 0.8637873754152824 0.535 0.867109634551495 0.529375 0.867109634551495 0.52125 0.8604651162790697 0.515 0.8430232558139535 0.515 0.8280730897009967 0.521875 0.8189368770764119 0.531875 0.8172757475083057 0.540625 0.8197674418604651 0.544375
1 0.6810631229235881 0.4875 0.6885382059800664 0.4925 0.6951827242524917 0.49625 0.7126245847176079 0.496875 0.7200996677740864 0.491875 0.7217607973421927 0.478125 0.717607973421927 0.469375 0.7134551495016611 0.46625 0.7043189368770764 0.46125 0.6918604651162791 0.46 0.6843853820598007 0.46125 0.6760797342192691 0.46625 0.6760797342192691 0.48 0.6810631229235881 0.4875
1 0.5705980066445183 0.62 0.5880398671096345 0.62 0.6013289036544851 0.6175 0.617109634551495 0.609375 0.6204318936877077 0.6025 0.6196013289036545 0.595 0.6162790697674418 0.59125 0.6004983388704319 0.584375 0.5880398671096345 0.584375 0.5764119601328903 0.586875 0.5622923588039868 0.594375 0.5581395348837209 0.6 0.5581395348837209 0.6125 0.5705980066445183 0.62
1 0.37624584717607973 0.69625 0.3953488372093023 0.696875 0.40863787375415284 0.691875 0.4161129568106312 0.675 0.4127906976744186 0.670625 0.4061461794019934 0.668125 0.3911960132890365 0.6675 0.3687707641196013 0.6775 0.36627906976744184 0.685625 0.37624584717607973 0.69625
1 0.7342192691029901 0.77875 0.7416943521594684 0.7825 0.7583056478405316 0.7825 0.7757475083056479 0.77375 0.7790697674418605 0.76875 0.7790697674418605 0.75625 0.7732558139534884 0.75 0.7599667774086378 0.748125 0.75 0.75 0.7300664451827242 0.764375 0.729235880398671 0.77125 0.7342192691029901 0.77875
1 0.25332225913621265 0.41875 0.2616279069767442 0.4225 0.2707641196013289 0.42375 0.27906976744186046 0.4225 0.287375415282392 0.418125 0.29069767441860467 0.413125 0.29069767441860467 0.40625 0.276578073089701 0.39 0.26578073089701 0.386875 0.2541528239202658 0.386875 0.24667774086378738 0.39 0.2441860465116279 0.39375 0.24335548172757476 0.40625 0.25332225913621265 0.41875
1 0.7350498338870431 0.64125 0.7433554817275747 0.64375 0.7674418604651163 0.645625 0.7799003322259136 0.64125 0.7873754152823921 0.634375 0.7873754152823921 0.626875 0.7832225913621262 0.62125 0.7757475083056479 0.615625 0.7641196013289037 0.61125 0.739202657807309 0.61125 0.7250830564784053 0.61875 0.7250830564784053 0.633125 0.7350498338870431 0.64125
1 0.36627906976744184 0.6725 0.3787375415282392 0.6725 0.3845514950166113 0.669375 0.39285714285714285 0.66 0.39867109634551495 0.639375 0.39368770764119604 0.634375 0.38205980066445183 0.633125 0.37375415282392027 0.635 0.36627906976744184 0.64 0.3579734219269103 0.65125 0.3579734219269103 0.665 0.36627906976744184 0.6725
1 0.3239202657807309 0.559375 0.3347176079734219 0.56625 0.3438538205980066 0.56625 0.3521594684385382 0.56375 0.36295681063122925 0.556875 0.36710963455149503 0.550625 0.3687707641196013 0.538125 0.36710963455149503 0.5325 0.36129568106312293 0.526875 0.3388704318936877 0.52625 0.3272425249169435 0.5325 0.3230897009966777 0.53875 0.32142857142857145 0.554375 0.3239202657807309 0.559375
1 0.39368770764119604 0.759375 0.4019933554817276 0.763125 0.42524916943521596 0.761875 0.44019933554817275 0.75125 0.4393687707641196 0.74 0.42940199335548174 0.733125 0.40448504983388706 0.731875 0.39700996677740863 0.735625 0.38870431893687707 0.754375 0.39368770764119604 0.759375
1 0.4410299003322259 0.81625 0.4476744186046512 0.82125 0.45930232558139533 0.826875 0.47259136212624586 0.82875 0.48754152823920266 0.825625 0.4908637873754153 0.8175 0.48421926910299 0.800625 0.46677740863787376 0.788125 0.44435215946843853 0.7875 0.43521594684385384 0.795625 0.43521594684385384 0.806875 0.4410299003322259 0.81625
1 0.6212624584717608 0.555 0.6320598006644518 0.561875 0.6470099667774086 0.560625 0.6602990033222591 0.555625 0.6661129568106312 0.5375 0.6611295681063123 0.529375 0.6561461794019934 0.52625 0.6478405315614618 0.524375 0.6345514950166113 0.5275 0.6187707641196013 0.53625 0.617109634551495 0.549375 0.6212624584717608 0.555
1 0.37209302325581395 0.6225 0.3795681063122924 0.625 0.38870431893687707 0.624375 0.40448504983388706 0.6125 0.4003322259136213 0.598125 0.3911960132890365 0.59 0.38289036544850497 0.586875 0.36710963455149503 0.586875 0.3588039867109635 0.595 0.3588039867109635 0.61 0.37209302325581395 0.6225
1 0.2807308970099668 0.693125 0.29069767441860467 0.69375 0.29900332225913623 0.690625 0.3081395348837209 0.67875 0.3089700996677741 0.664375 0.3064784053156146 0.65625 0.2931893687707641 0.649375 0.2815614617940199 0.649375 0.2749169435215947 0.654375 0.26827242524916944 0.665625 0.2691029900332226 0.681875 0.2807308970099668 0.693125
1 0.3978405315614618 0.7275 0.41029900332225916 0.730625 0.4260797342192691 0.730625 0.43521594684385384 0.726875 0.43853820598006643 0.720625 0.4377076411960133 0.711875 0.4161129568106312 0.700625 0.41362126245847175 0.6975 0.3995016611295681 0.6975 0.38787375415282394 0.705 0.38704318936877075 0.71625 0.3978405315614618 0.7275
1 0.6644518272425249 0.67125 0.6735880398671097 0.675 0.6893687707641196 0.6725 0.6951827242524917 0.669375 0.7026578073089701 0.660625 0.7051495016611296 0.654375 0.7034883720930233 0.641875 0.6935215946843853 0.639375 0.675249169435216 0.6425 0.6661129568106312 0.646875 0.6611295681063123 0.655 0.6602990033222591 0.664375 0.6644518272425249 0.67125
1 0.45514950166112955 0.69375 0.457641196013289 0.696875 0.4692691029900332 0.700625 0.4833887043189369 0.69875 0.4941860465116279 0.691875 0.4983388704318937 0.685625 0.4958471760797342 0.670625 0.48754152823920266 0.665625 0.4717607973421927 0.665 0.46096345514950166 0.6675 0.45348837209302323 0.6775 0.4526578073089701 0.686875 0.45514950166112955 0.69375
1 0.5730897009966778 0.57125 0.584717607973422 0.575625 0.5996677740863787 0.57875 0.6187707641196013 0.57875 0.6262458471760798 0.57625 0.6312292358803987 0.57125 0.6320598006644518 0.56375 0.6187707641196013 0.555 0.6121262458471761 0.5475 0.5971760797342193 0.545 0.579734219269103 0.545625 0.5739202657807309 0.548125 0.5705980066445183 0.5525 0.5697674418604651 0.56 0.5730897009966778 0.57125
1 0.5041528239202658 0.526875 0.5274086378737541 0.52625 0.5373754152823921 0.520625 0.5440199335548173 0.51375 0.5440199335548173 0.49875 0.53156146179402 0.49 0.5224252491694352 0.49 0.5074750830564784 0.498125 0.5 0.506875 0.49916943521594687 0.52 0.5041528239202658 0.526875
1 0.6287375415282392 0.65625 0.6403654485049833 0.660625 0.6503322259136213 0.66 0.659468438538206 0.65625 0.6644518272425249 0.649375 0.6644518272425249 0.644375 0.6453488372093024 0.62875 0.6204318936877077 0.63 0.6204318936877077 0.648125 0.6287375415282392 0.65625
1 0.542358803986711 0.63 0.5448504983388704 0.63875 0.5481727574750831 0.64125 0.5614617940199336 0.64125 0.5689368770764119 0.638125 0.5730897009966778 0.63125 0.5730897009966778 0.623125 0.5705980066445183 0.62 0.5514950166112956 0.608125 0.5456810631229236 0.608125 0.5340531561461794 0.615625 0.532392026578073 0.623125 0.542358803986711 0.63
1 0.223421926910299 0.45375 0.23089700996677742 0.45625 0.24335548172757476 0.455625 0.25332225913621265 0.451875 0.26245847176079734 0.444375 0.26578073089701 0.431875 0.2616279069767442 0.425 0.2541528239202658 0.4225 0.24584717607973422 0.4225 0.22840531561461794 0.43 0.21843853820598005 0.439375 0.21843853820598005 0.449375 0.223421926910299 0.45375
1 0.38787375415282394 0.62625 0.38787375415282394 0.629375 0.40448504983388706 0.64125 0.420265780730897 0.639375 0.4277408637873754 0.633125 0.4277408637873754 0.62625 0.42441860465116277 0.62125 0.40780730897009965 0.613125 0.4019933554817276 0.61375 0.3945182724252492 0.6225 0.38787375415282394 0.62625
1 0.17691029900332225 0.701875 0.1877076411960133 0.706875 0.20348837209302326 0.70625 0.21677740863787376 0.698125 0.2217607973421927 0.689375 0.22009966777408638 0.680625 0.21677740863787376 0.6775 0.20431893687707642 0.675 0.18853820598006646 0.675625 0.1818936877076412 0.678125 0.1744186046511628 0.68625 0.17358803986710963 0.693125 0.17691029900332225 0.701875
1 0.36710963455149503 0.581875 0.37209302325581395 0.585 0.3795681063122924 0.585 0.3903654485049834 0.58875 0.39368770764119604 0.591875 0.3995016611295681 0.59125 0.40448504983388706 0.585 0.40448504983388706 0.57375 0.4019933554817276 0.569375 0.38787375415282394 0.5625 0.3795681063122924 0.555 0.3704318936877076 0.555625 0.36295681063122925 0.563125 0.36212624584717606 0.57375 0.36710963455149503 0.581875
1 0.2724252491694352 0.550625 0.2807308970099668 0.555 0.28903654485049834 0.555 0.30398671096345514 0.550625 0.3181063122923588 0.540625 0.32142857142857145 0.535625 0.32142857142857145 0.5275 0.31561461794019935 0.52125 0.29485049833887045 0.52125 0.2823920265780731 0.52625 0.2707641196013289 0.5375 0.26993355481727577 0.5475 0.2724252491694352 0.550625
1 0.14950166112956811 0.478125 0.15946843853820597 0.479375 0.17358803986710963 0.475625 0.1852159468438538 0.46375 0.1852159468438538 0.451875 0.1744186046511628 0.441875 0.15282392026578073 0.443125 0.1461794019933555 0.448125 0.14119601328903655 0.45625 0.14119601328903655 0.47 0.14950166112956811 0.478125
1 0.30980066445182725 0.76125 0.32641196013289037 0.76125 0.3330564784053156 0.759375 0.3480066445182724 0.7475 0.3480066445182724 0.73 0.3380398671096346 0.7275 0.3230897009966777 0.728125 0.3089700996677741 0.73625 0.29983388704318936 0.748125 0.29983388704318936 0.75375 0.30980066445182725 0.76125
1 0.75 0.670625 0.7674418604651163 0.680625 0.7832225913621262 0.685 0.7940199335548173 0.685625 0.8073089700996677 0.6825 0.8098006644518272 0.68 0.8122923588039868 0.675 0.8106312292358804 0.6675 0.792358803986711 0.6525 0.7840531561461794 0.649375 0.7666112956810631 0.64875 0.7508305647840532 0.653125 0.7483388704318937 0.656875 0.75 0.670625
1 0.3579734219269103 0.753125 0.3687707641196013 0.75625 0.3812292358803987 0.755 0.3911960132890365 0.749375 0.3953488372093023 0.731875 0.39368770764119604 0.725 0.38704318936877075 0.718125 0.3803986710963455 0.715 0.3687707641196013 0.714375 0.36295681063122925 0.71875 0.35714285714285715 0.72 0.3521594684385382 0.728125 0.3521594684385382 0.745 0.3579734219269103 0.753125
1 0.6794019933554817 0.52125 0.7051495016611296 0.5325 0.723421926910299 0.534375 0.7358803986710963 0.529375 0.7367109634551495 0.524375 0.7300664451827242 0.51 0.7134551495016611 0.499375 0.6960132890365448 0.4975 0.6794019933554817 0.505 0.6769102990033222 0.51 0.6760797342192691 0.51625 0.6794019933554817 0.52125
1 0.5764119601328903 0.67125 0.5872093023255814 0.68 0.5946843853820598 0.6825 0.6112956810631229 0.6825 0.6212624584717608 0.675 0.6237541528239202 0.668125 0.622093023255814 0.660625 0.6146179401993356 0.653125 0.6071428571428571 0.649375 0.5880398671096345 0.649375 0.5780730897009967 0.6525 0.574750830564784 0.65625 0.5739202657807309 0.665625 0.5764119601328903 0.67125
1 0.23588039867109634 0.72 0.24501661129568106 0.720625 0.26245847176079734 0.71875 0.27325581395348836 0.71375 0.2799003322259136 0.70625 0.2815614617940199 0.695625 0.2799003322259136 0.691875 0.26827242524916944 0.685625 0.2541528239202658 0.685625 0.2516611295681063 0.6875 0.2367109634551495 0.689375 0.22674418604651161 0.699375 0.22674418604651161 0.711875 0.23588039867109634 0.72
1 0.3230897009966777 0.673125 0.32558139534883723 0.67625 0.3380398671096346 0.6825 0.3480066445182724 0.6825 0.36046511627906974 0.675625 0.36129568106312293 0.670625 0.35631229235880396 0.664375 0.35714285714285715 0.649375 0.3546511627906977 0.646875 0.3338870431893688 0.64625 0.32641196013289037 0.6525 0.3230897009966777 0.6575 0.3230897009966777 0.673125
1 0.3712624584717608 0.51875 0.3803986710963455 0.5225 0.3945182724252492 0.521875 0.40282392026578073 0.51875 0.41362126245847175 0.50875 0.4169435215946844 0.5 0.4152823920265781 0.49 0.40946843853820597 0.483125 0.4019933554817276 0.479375 0.38787375415282394 0.479375 0.3787375415282392 0.485625 0.36794019933554817 0.501875 0.36710963455149503 0.51125 0.3712624584717608 0.51875
1 0.3911960132890365 0.56375 0.40282392026578073 0.5675 0.42524916943521596 0.565625 0.4277408637873754 0.560625 0.4260797342192691 0.54875 0.4111295681063123 0.5375 0.3920265780730897 0.534375 0.3853820598006645 0.535625 0.3812292358803987 0.5425 0.38205980066445183 0.556875 0.3911960132890365 0.56375
1 0.22674418604651161 0.65375 0.23255813953488372 0.6575 0.24833887043189368 0.66 0.25830564784053156 0.659375 0.2691029900332226 0.654375 0.2757475083056478 0.646875 0.2757475083056478 0.64375 0.26411960132890366 0.629375 0.23588039867109634 0.62625 0.22425249169435216 0.635625 0.223421926910299 0.648125 0.22674418604651161 0.65375
1 0.4277408637873754 0.70625 0.4435215946843854 0.709375 0.45016611295681064 0.708125 0.4543189368770764 0.705 0.45514950166112955 0.691875 0.45016611295681064 0.683125 0.4393687707641196 0.675625 0.43106312292358806 0.67375 0.41777408637873753 0.675625 0.4119601328903654 0.684375 0.4119601328903654 0.69625 0.4277408637873754 0.70625
1 0.5589700996677741 0.444375 0.5739202657807309 0.4575 0.5822259136212624 0.45875 0.5988372093023255 0.451875 0.6021594684385382 0.446875 0.6021594684385382 0.43375 0.5863787375415282 0.41625 0.5780730897009967 0.413125 0.5631229235880398 0.41375 0.5539867109634552 0.423125 0.5539867109634552 0.43375 0.5589700996677741 0.444375
1 0.21926910299003322 0.52875 0.22674418604651161 0.534375 0.24003322259136212 0.535625 0.25830564784053156 0.529375 0.27325581395348836 0.51875 0.27740863787375414 0.51125 0.27740863787375414 0.504375 0.27408637873754155 0.498125 0.26578073089701 0.494375 0.24833887043189368 0.494375 0.2367109634551495 0.49875 0.22093023255813954 0.51 0.21760797342192692 0.515 0.21926910299003322 0.52875
1 0.3446843853820598 0.720625 0.3546511627906977 0.720625 0.3646179401993355 0.716875 0.3729235880398671 0.70625 0.37209302325581395 0.69375 0.3654485049833887 0.6875 0.3579734219269103 0.685625 0.34053156146179403 0.68875 0.3330564784053156 0.69875 0.33222591362126247 0.71125 0.3446843853820598 0.720625
1 0.7358803986710963 0.70875 0.7400332225913622 0.71125 0.7466777408637874 0.71375 0.7624584717607974 0.71375 0.7732558139534884 0.70625 0.7757475083056479 0.701875 0.7757475083056479 0.691875 0.7724252491694352 0.68375 0.7641196013289037 0.678125 0.7483388704318937 0.67375 0.7400332225913622 0.6775 0.7300664451827242 0.6875 0.7300664451827242 0.69875 0.7358803986710963 0.70875
1 0.23006644518272426 0.76625 0.23754152823920266 0.76875 0.24916943521594684 0.76875 0.2632890365448505 0.763125 0.26411960132890366 0.75125 0.2616279069767442 0.745625 0.24501661129568106 0.73625 0.23089700996677742 0.733125 0.22259136212624583 0.736875 0.21843853820598005 0.74375 0.21926910299003322 0.7575 0.23006644518272426 0.76625
1 0.5340531561461794 0.583125 0.5398671096345515 0.58625 0.5465116279069767 0.58875 0.5539867109634552 0.58875 0.5672757475083057 0.58125 0.5714285714285714 0.57375 0.5705980066445183 0.5625 0.5681063122923588 0.558125 0.5564784053156147 0.550625 0.5456810631229236 0.550625 0.5299003322259136 0.5625 0.5290697674418605 0.575 0.5340531561461794 0.583125
1 0.22093023255813954 0.68375 0.22674418604651161 0.686875 0.25 0.686875 0.2591362126245847 0.6825 0.26411960132890366 0.675625 0.26411960132890366 0.6675 0.2541528239202658 0.660625 0.22591362126245848 0.6575 0.21428571428571427 0.665625 0.21179401993355482 0.6725 0.22093023255813954 0.68375
1 0.2757475083056478 0.588125 0.2857142857142857 0.595 0.2956810631229236 0.596875 0.3064784053156146 0.591875 0.31727574750830567 0.581875 0.3181063122923588 0.570625 0.3164451827242525 0.566875 0.30980066445182725 0.5625 0.30481727574750833 0.560625 0.2931893687707641 0.560625 0.2857142857142857 0.5625 0.27906976744186046 0.5675 0.2757475083056478 0.5725 0.2757475083056478 0.588125
1 0.2973421926910299 0.65125 0.30481727574750833 0.654375 0.31561461794019935 0.654375 0.32641196013289037 0.650625 0.3347176079734219 0.64375 0.33554817275747506 0.628125 0.3272425249169435 0.620625 0.30980066445182725 0.62125 0.29485049833887045 0.63 0.2915282392026578 0.636875 0.29069767441860467 0.644375 0.2973421926910299 0.65125
1 0.6225083056478405 0.5528125 0.0008305647840531562 0.000625
1 0.5872093023255814 0.54 0.6054817275747508 0.545625 0.6154485049833887 0.545 0.6262458471760798 0.529375 0.6254152823920266 0.52375 0.6162790697674418 0.5125 0.6104651162790697 0.509375 0.6004983388704319 0.509375 0.5913621262458472 0.511875 0.5838870431893688 0.519375 0.5830564784053156 0.53125 0.5872093023255814 0.54
1 0.6785714285714286 0.63375 0.6877076411960132 0.638125 0.7043189368770764 0.64125 0.717607973421927 0.638125 0.723421926910299 0.633125 0.7242524916943521 0.626875 0.7209302325581395 0.62 0.7084717607973422 0.61125 0.6901993355481728 0.6125 0.675249169435216 0.610625 0.6677740863787376 0.615625 0.6669435215946844 0.624375 0.6785714285714286 0.63375
1 0.4368770764119601 0.606875 0.45016611295681064 0.608125 0.4634551495016611 0.601875 0.4700996677740864 0.59375 0.4717607973421927 0.58625 0.4700996677740864 0.57375 0.46511627906976744 0.56875 0.45598006644518274 0.564375 0.45099667774086377 0.564375 0.4435215946843854 0.566875 0.43023255813953487 0.579375 0.42857142857142855 0.589375 0.4368770764119601 0.606875
1 0.606312292358804 0.45375 0.6146179401993356 0.45625 0.627906976744186 0.45625 0.6403654485049833 0.449375 0.6470099667774086 0.4375 0.6470099667774086 0.4275 0.6403654485049833 0.420625 0.6295681063122923 0.418125 0.6212624584717608 0.419375 0.6029900332225914 0.43 0.6021594684385382 0.4475 0.606312292358804 0.45375
1 0.4069767441860465 0.61 0.4210963455149502 0.62 0.42524916943521596 0.62 0.43106312292358806 0.616875 0.436046511627907 0.61 0.436046511627907 0.601875 0.4318936877076412 0.59375 0.4277408637873754 0.58875 0.4169435215946844 0.584375 0.40946843853820597 0.584375 0.4019933554817276 0.588125 0.4003322259136213 0.595 0.4069767441860465 0.61
1 0.5290697674418605 0.486875 0.5398671096345515 0.495 0.5514950166112956 0.49625 0.563953488372093 0.491875 0.5681063122923588 0.484375 0.5681063122923588 0.474375 0.5564784053156147 0.46125 0.5514950166112956 0.45875 0.5390365448504983 0.45875 0.5257475083056479 0.46625 0.5240863787375415 0.475 0.5290697674418605 0.486875
1 0.44518272425249167 0.7425 0.45016611295681064 0.745 0.46511627906976744 0.743125 0.47093023255813954 0.735 0.48006644518272423 0.728125 0.47591362126245845 0.706875 0.4700996677740864 0.705 0.4584717607973422 0.70875 0.4476744186046512 0.71875 0.4418604651162791 0.729375 0.4410299003322259 0.735625 0.44518272425249167 0.7425
1 0.5406976744186046 0.53625 0.5448504983388704 0.5425 0.5581395348837209 0.545625 0.574750830564784 0.539375 0.5822259136212624 0.530625 0.5830564784053156 0.52125 0.5714285714285714 0.51125 0.5548172757475083 0.51125 0.5456810631229236 0.514375 0.5340531561461794 0.525 0.5332225913621262 0.5325 0.5406976744186046 0.53625
1 0.25249169435215946 0.628125 0.2666112956810631 0.628125 0.27740863787375414 0.624375 0.2898671096345515 0.615625 0.29401993355481726 0.610625 0.29485049833887045 0.601875 0.29401993355481726 0.598125 0.28903654485049834 0.595625 0.2807308970099668 0.59375 0.2757475083056478 0.59 0.26744186046511625 0.59 0.25249169435215946 0.59375 0.23920265780730898 0.605 0.23920265780730898 0.6225 0.25249169435215946 0.628125
1 0.2599667774086379 0.87 0.28488372093023256 0.869375 0.2898671096345515 0.8675 0.29817275747508304 0.859375 0.29900332225913623 0.853125 0.2956810631229236 0.845 0.2840531561461794 0.836875 0.2632890365448505 0.836875 0.2541528239202658 0.84125 0.24750830564784054 0.848125 0.24833887043189368 0.861875 0.2599667774086379 0.87
1 0.6677740863787376 0.556875 0.6769102990033222 0.56375 0.6885382059800664 0.56875 0.7109634551495017 0.56875 0.7192691029900332 0.56625 0.7250830564784053 0.56 0.7259136212624585 0.5475 0.7192691029900332 0.54125 0.7101328903654485 0.538125 0.6802325581395349 0.53625 0.6661129568106312 0.543125 0.665282392026578 0.551875 0.6677740863787376 0.556875
1 0.7475083056478405 0.61 0.7641196013289037 0.61 0.7757475083056479 0.605 0.7848837209302325 0.593125 0.7832225913621262 0.581875 0.7749169435215947 0.5775 0.7508305647840532 0.579375 0.7350498338870431 0.588125 0.7350498338870431 0.601875 0.7475083056478405 0.61
1 0.25830564784053156 0.7425 0.2691029900332226 0.7425 0.27906976744186046 0.738125 0.27906976744186046 0.728125 0.2691029900332226 0.72 0.2516611295681063 0.72 0.23920265780730898 0.725625 0.23837209302325582 0.733125 0.25830564784053156 0.7425
1 0.6212624584717608 0.628125 0.643687707641196 0.628125 0.6611295681063123 0.62 0.6611295681063123 0.595 0.6519933554817275 0.591875 0.6345514950166113 0.59375 0.622093023255814 0.600625 0.6179401993355482 0.608125 0.617109634551495 0.615 0.6212624584717608 0.628125
1 0.5290697674418605 0.67875 0.5456810631229236 0.6775 0.5539867109634552 0.671875 0.5581395348837209 0.664375 0.5573089700996677 0.65125 0.5490033222591362 0.644375 0.5398671096345515 0.644375 0.532392026578073 0.649375 0.520764119601329 0.651875 0.5157807308970099 0.6575 0.5149501661129569 0.669375 0.5290697674418605 0.67875
1 0.7948504983388704 0.611875 0.8039867109634552 0.6175 0.8197674418604651 0.620625 0.8338870431893688 0.62 0.8463455149501661 0.613125 0.8463455149501661 0.600625 0.8313953488372093 0.59 0.8230897009966778 0.588125 0.8106312292358804 0.58875 0.803156146179402 0.59 0.7931893687707641 0.595625 0.7915282392026578 0.6025 0.7948504983388704 0.611875
1 0.7034883720930233 0.764375 0.7192691029900332 0.765 0.7308970099667774 0.763125 0.7433554817275747 0.75125 0.7433554817275747 0.743125 0.7342192691029901 0.73625 0.728405315614618 0.735 0.7034883720930233 0.735 0.6926910299003323 0.740625 0.6910299003322259 0.755625 0.7034883720930233 0.764375
1 0.29817275747508304 0.70375 0.30980066445182725 0.71125 0.3222591362126246 0.711875 0.3289036544850498 0.70875 0.33222591362126247 0.698125 0.3380398671096346 0.69125 0.3372093023255814 0.683125 0.3230897009966777 0.675625 0.31146179401993357 0.6775 0.3064784053156146 0.68125 0.29817275747508304 0.691875 0.29817275747508304 0.70375
1 0.5 0.64875 0.5083056478405316 0.65125 0.521594684385382 0.65125 0.53156146179402 0.64875 0.5406976744186046 0.64375 0.5431893687707641 0.638125 0.5390365448504983 0.62875 0.5282392026578073 0.623125 0.5157807308970099 0.62 0.5 0.62125 0.48754152823920266 0.630625 0.4883720930232558 0.640625 0.5 0.64875
1 0.2956810631229236 0.464375 0.29817275747508304 0.46875 0.3089700996677741 0.475625 0.3230897009966777 0.475625 0.3380398671096346 0.4625 0.3380398671096346 0.44 0.329734219269103 0.435 0.313953488372093 0.435 0.29900332225913623 0.445 0.2956810631229236 0.4525 0.2956810631229236 0.464375
1 0.4410299003322259 0.784375 0.44933554817275745 0.78625 0.462624584717608 0.785 0.4676079734219269 0.7825 0.47674418604651164 0.774375 0.48006644518272423 0.76625 0.47840531561461797 0.756875 0.4684385382059801 0.748125 0.46096345514950166 0.745 0.44435215946843853 0.748125 0.4318936877076412 0.76125 0.43272425249169433 0.7775 0.4410299003322259 0.784375
1 0.6495016611295681 0.4475 0.6611295681063123 0.4525 0.675249169435216 0.451875 0.6935215946843853 0.44125 0.6993355481727574 0.4325 0.6993355481727574 0.425 0.6901993355481728 0.414375 0.6744186046511628 0.413125 0.6602990033222591 0.41875 0.6486710963455149 0.4275 0.6478405315614618 0.430625 0.6470099667774086 0.444375 0.6495016611295681 0.4475
1 0.48255813953488375 0.7275 0.48754152823920266 0.73 0.5132890365448505 0.73 0.5224252491694352 0.72375 0.5224252491694352 0.706875 0.5157807308970099 0.69875 0.4900332225913621 0.69875 0.4792358803986711 0.705625 0.47674418604651164 0.715 0.48255813953488375 0.7275
1 0.0739202657807309 0.49875 0.08139534883720931 0.5 0.09883720930232558 0.5 0.11461794019933555 0.49625 0.12043189368770764 0.481875 0.11544850498338871 0.473125 0.10465116279069768 0.470625 0.07308970099667775 0.473125 0.06312292358803986 0.480625 0.06395348837209303 0.491875 0.0739202657807309 0.49875
1 0.5705980066445183 0.64375 0.5789036544850499 0.649375 0.6029900332225914 0.64875 0.6112956810631229 0.644375 0.617109634551495 0.64375 0.6196013289036545 0.64 0.6196013289036545 0.631875 0.6079734219269103 0.625 0.5880398671096345 0.625 0.5730897009966778 0.631875 0.5697674418604651 0.639375 0.5705980066445183 0.64375
1 0.6362126245847176 0.5175 0.6486710963455149 0.524375 0.6619601328903655 0.524375 0.6710963455149501 0.52125 0.6760797342192691 0.514375 0.6769102990033222 0.504375 0.675249169435216 0.49625 0.6694352159468439 0.4875 0.6569767441860465 0.480625 0.6445182724252492 0.480625 0.6320598006644518 0.488125 0.6295681063122923 0.5075 0.6362126245847176 0.5175
1 0.5589700996677741 0.70625 0.5755813953488372 0.713125 0.6013289036544851 0.70875 0.6104651162790697 0.70375 0.6137873754152824 0.69875 0.6104651162790697 0.685 0.5946843853820598 0.6825 0.5822259136212624 0.678125 0.5730897009966778 0.678125 0.5622923588039868 0.6825 0.5564784053156147 0.68875 0.5548172757475083 0.696875 0.5589700996677741 0.70625
1 0.7026578073089701 0.675 0.7101328903654485 0.68 0.7350498338870431 0.680625 0.7450166112956811 0.675 0.7475083056478405 0.669375 0.7466777408637874 0.660625 0.7400332225913622 0.6525 0.7325581395348837 0.649375 0.7217607973421927 0.649375 0.7084717607973422 0.651875 0.7051495016611296 0.654375 0.6976744186046512 0.668125 0.7026578073089701 0.675
1 0.5764119601328903 0.505625 0.5880398671096345 0.51125 0.6021594684385382 0.509375 0.6129568106312292 0.495 0.6121262458471761 0.485 0.6021594684385382 0.473125 0.5897009966777409 0.46875 0.5813953488372093 0.469375 0.5730897009966778 0.47375 0.5697674418604651 0.48 0.5689368770764119 0.4925 0.5764119601328903 0.505625
1 0.2815614617940199 0.73125 0.2857142857142857 0.733125 0.30398671096345514 0.735 0.31727574750830567 0.731875 0.3230897009966777 0.7275 0.3230897009966777 0.718125 0.31976744186046513 0.71375 0.3089700996677741 0.71125 0.29900332225913623 0.70625 0.2815614617940199 0.706875 0.2749169435215947 0.71375 0.2749169435215947 0.7225 0.2815614617940199 0.73125
1 0.34219269102990035 0.64375 0.3596345514950166 0.64625 0.3696013289036545 0.636875 0.3795681063122924 0.633125 0.38205980066445183 0.63 0.38205980066445183 0.62625 0.3596345514950166 0.6125 0.35132890365448505 0.6125 0.3438538205980066 0.615 0.3380398671096346 0.620625 0.3380398671096346 0.639375 0.34219269102990035 0.64375
1 0.4269102990033223 0.468125 0.4410299003322259 0.475625 0.45514950166112955 0.471875 0.46179401993355484 0.46375 0.46096345514950166 0.451875 0.45514950166112955 0.4425 0.446843853820598 0.438125 0.43521594684385384 0.4375 0.42441860465116277 0.445 0.4227574750830565 0.4575 0.4269102990033223 0.468125
1 0.329734219269103 0.774375 0.3347176079734219 0.779375 0.3438538205980066 0.7825 0.35714285714285715 0.7825 0.36710963455149503 0.779375 0.3803986710963455 0.76875 0.38205980066445183 0.764375 0.3812292358803987 0.75625 0.3637873754152824 0.75625 0.3496677740863787 0.748125 0.3430232558139535 0.750625 0.3330564784053156 0.76 0.329734219269103 0.76625 0.329734219269103 0.774375
1 0.7990033222591362 0.65125 0.8147840531561462 0.658125 0.8255813953488372 0.6575 0.8322259136212624 0.65375 0.8355481727574751 0.64625 0.834717607973422 0.636875 0.8289036544850499 0.629375 0.8181063122923588 0.62125 0.803156146179402 0.620625 0.7981727574750831 0.623125 0.7915282392026578 0.63125 0.7906976744186046 0.640625 0.7990033222591362 0.65125
1 0.6810631229235881 0.61 0.6943521594684385 0.61125 0.7134551495016611 0.61 0.7192691029900332 0.6075 0.7308970099667774 0.6 0.7350498338870431 0.59125 0.7308970099667774 0.581875 0.7209302325581395 0.576875 0.7026578073089701 0.576875 0.6918604651162791 0.579375 0.6760797342192691 0.589375 0.6769102990033222 0.6075 0.6810631229235881 0.61
1 0.4700996677740864 0.431875 0.48255813953488375 0.4375 0.49750830564784054 0.4375 0.5116279069767442 0.429375 0.5174418604651163 0.41375 0.5132890365448505 0.405 0.5083056478405316 0.40125 0.5008305647840532 0.39875 0.49169435215946844 0.39875 0.47674418604651164 0.40375 0.4717607973421927 0.408125 0.4684385382059801 0.415625 0.4676079734219269 0.425 0.4700996677740864 0.431875
0 0.8621262458471761 0.7075 0.8554817275747508 0.74 0.8604651162790697 0.77375 0.8803986710963455 0.78875 0.9401993355481728 0.79 0.973421926910299 0.765 0.9833887043189369 0.74 0.973421926910299 0.725 0.9551495016611296 0.70375 0.9352159468438538 0.695 0.8953488372093024 0.69375 0.8754152823920266 0.70875 0.8621262458471761 0.7075