1 0.62 0.3538205980066445 0.629375 0.36046511627906974 0.6325 0.36794019933554817 0.630625 0.3803986710963455 0.623125 0.38787375415282394 0.608125 0.38704318936877075 0.601875 0.3745847176079734 0.601875 0.36710963455149503 0.605625 0.3588039867109635 0.6125 0.3538205980066445 0.619375 0.3538205980066445
1 0.515 0.5058139534883721 0.52375 0.510797342192691 0.52875 0.5224252491694352 0.5275 0.5348837209302325 0.519375 0.5431893687707641 0.515 0.5431893687707641 0.505625 0.5365448504983389 0.499375 0.5290697674418605 0.498125 0.5240863787375415 0.503125 0.5083056478405316 0.508125 0.5049833887043189 0.514375 0.5058139534883721
1 0.526875 0.5722591362126246 0.534375 0.5780730897009967 0.53625 0.590531561461794 0.531875 0.5988372093023255 0.51875 0.6054817275747508 0.511875 0.6021594684385382 0.5075 0.5880398671096345 0.520625 0.5730897009966778 0.52625 0.5722591362126246
1 0.415625 0.4941860465116279 0.42125 0.5 0.42125 0.5224252491694352 0.42 0.5257475083056479 0.411875 0.5307308970099668 0.40625 0.5299003322259136 0.4 0.521594684385382 0.39875 0.5066445182724253 0.4 0.4983388704318937 0.404375 0.4941860465116279 0.415 0.4941860465116279
1 0.50625 0.5946843853820598 0.51 0.6013289036544851 0.506875 0.6129568106312292 0.503125 0.6179401993355482 0.48875 0.6270764119601329 0.4825 0.6262458471760798 0.47625 0.6196013289036545 0.475 0.6121262458471761 0.476875 0.6046511627906976 0.488125 0.5938538205980066 0.5 0.5921926910299004 0.505625 0.5946843853820598
1 0.616875 0.4410299003322259 0.624375 0.446843853820598 0.62875 0.4584717607973422 0.626875 0.4742524916943522 0.619375 0.4808970099667774 0.6125 0.47840531561461797 0.604375 0.4659468438538206 0.6025 0.4584717607973422 0.6025 0.45182724252491696 0.60625 0.44435215946843853 0.61625 0.4410299003322259
1 0.54875 0.38205980066445183 0.55375 0.38289036544850497 0.561875 0.38953488372093026 0.563125 0.4019933554817276 0.5575 0.4127906976744186 0.54625 0.4169435215946844 0.535625 0.4119601328903654 0.5325 0.3978405315614618 0.539375 0.3862126245847176 0.548125 0.38205980066445183
1 0.50875 0.29651162790697677 0.521875 0.30481727574750833 0.528125 0.31727574750830567 0.52625 0.3272425249169435 0.521875 0.33222591362126247 0.515625 0.3338870431893688 0.50125 0.33056478405315615 0.4925 0.31478405315614616 0.4925 0.3073089700996678 0.495625 0.3014950166112957 0.5025 0.29651162790697677 0.508125 0.29651162790697677
1 0.575625 0.3995016611295681 0.58125 0.4019933554817276 0.58625 0.4119601328903654 0.58625 0.4186046511627907 0.5775 0.42940199335548174 0.568125 0.42940199335548174 0.556875 0.41777408637873753 0.5575 0.4119601328903654 0.565 0.4003322259136213 0.575 0.3995016611295681
1 0.591875 0.29401993355481726 0.5975 0.30066445182724255 0.60125 0.3106312292358804 0.601875 0.3289036544850498 0.598125 0.33637873754152825 0.59 0.34053156146179403 0.584375 0.33554817275747506 0.575625 0.30980066445182725 0.576875 0.30066445182724255 0.58125 0.29485049833887045 0.586875 0.292358803986711 0.59125 0.29401993355481726
1 0.46875 0.27159468438538203 0.476875 0.27906976744186046 0.479375 0.2931893687707641 0.47875 0.30398671096345514 0.471875 0.30980066445182725 0.460625 0.30398671096345514 0.455 0.2931893687707641 0.458125 0.276578073089701 0.4625 0.2724252491694352 0.468125 0.27159468438538203
1 0.398125 0.2807308970099668 0.405 0.2857142857142857 0.40625 0.29983388704318936 0.4 0.31146179401993357 0.39375 0.31561461794019935 0.386875 0.31478405315614616 0.3825 0.3089700996677741 0.380625 0.2956810631229236 0.38625 0.2840531561461794 0.3975 0.2807308970099668
1 0.64875 0.45514950166112955 0.655 0.4584717607973422 0.6625 0.473421926910299 0.66125 0.48255813953488375 0.650625 0.489202657807309 0.638125 0.4850498338870432 0.633125 0.47840531561461797 0.63125 0.4717607973421927 0.631875 0.462624584717608 0.6375 0.45598006644518274 0.648125 0.45514950166112955
1 0.44625 0.5307308970099668 0.453125 0.532392026578073 0.46 0.5390365448504983 0.46375 0.5498338870431894 0.460625 0.5581395348837209 0.4575 0.5622923588039868 0.45 0.5647840531561462 0.438125 0.5556478405315615 0.43875 0.5348837209302325 0.445625 0.53156146179402
1 0.4825 0.3089700996677741 0.491875 0.31478405315614616 0.500625 0.3338870431893688 0.50125 0.34136212624584716 0.499375 0.34634551495016613 0.4925 0.35299003322259137 0.488125 0.35299003322259137 0.485 0.3446843853820598 0.47375 0.33056478405315615 0.473125 0.31561461794019935 0.47625 0.30980066445182725 0.481875 0.3089700996677741
1 0.505625 0.6204318936877077 0.514375 0.6270764119601329 0.51625 0.6337209302325582 0.515 0.6420265780730897 0.505 0.6519933554817275 0.49125 0.654485049833887 0.485 0.6470099667774086 0.486875 0.6320598006644518 0.498125 0.6212624584717608 0.505 0.6204318936877077
1 0.361875 0.4808970099667774 0.36875 0.48588039867109634 0.37375 0.4941860465116279 0.370625 0.5074750830564784 0.36375 0.5116279069767442 0.3525 0.5083056478405316 0.345 0.4958471760797342 0.345 0.489202657807309 0.348125 0.4833887043189369 0.36125 0.4808970099667774
1 0.38625 0.48255813953488375 0.394375 0.489202657807309 0.398125 0.4983388704318937 0.398125 0.5174418604651163 0.395625 0.5224252491694352 0.390625 0.5257475083056479 0.381875 0.5232558139534884 0.37625 0.5141196013289037 0.37375 0.5049833887043189 0.375625 0.4908637873754153 0.38 0.48421926910299 0.385625 0.48255813953488375
1 0.493125 0.5149501661129569 0.496875 0.5240863787375415 0.496875 0.5398671096345515 0.491875 0.5514950166112956 0.474375 0.542358803986711 0.471875 0.5274086378737541 0.475 0.5182724252491694 0.480625 0.5124584717607974 0.4875 0.5116279069767442 0.4925 0.5149501661129569
1 0.56125 0.5307308970099668 0.56875 0.5357142857142857 0.570625 0.5440199335548173 0.566875 0.5539867109634552 0.5575 0.5598006644518272 0.54625 0.5573089700996677 0.5425 0.5514950166112956 0.5425 0.5448504983388704 0.546875 0.5365448504983389 0.560625 0.5307308970099668
1 0.59375 0.5348837209302325 0.601875 0.5431893687707641 0.60125 0.553156146179402 0.5925 0.5631229235880398 0.58125 0.5672757475083057 0.570625 0.5606312292358804 0.57 0.5473421926910299 0.580625 0.5357142857142857 0.593125 0.5348837209302325
1 0.5625 0.4318936877076412 0.56875 0.43438538205980065 0.575 0.4426910299003322 0.574375 0.4568106312292359 0.5675 0.4642857142857143 0.55875 0.4634551495016611 0.55375 0.4601328903654485 0.546875 0.44601328903654486 0.550625 0.43521594684385384 0.561875 0.4318936877076412
1 0.6175 0.25332225913621265 0.62625 0.26411960132890366 0.626875 0.2724252491694352 0.62375 0.2807308970099668 0.613125 0.2857142857142857 0.605625 0.2840531561461794 0.600625 0.27906976744186046 0.5975 0.2707641196013289 0.5975 0.2616279069767442 0.605 0.25249169435215946 0.616875 0.25332225913621265
1 0.555 0.4925249169435216 0.560625 0.5016611295681063 0.5625 0.5116279069767442 0.55875 0.520764119601329 0.550625 0.5282392026578073 0.546875 0.5282392026578073 0.540625 0.521594684385382 0.53875 0.5166112956810631 0.53875 0.5049833887043189 0.544375 0.4925249169435216 0.554375 0.4925249169435216
1 0.43875 0.2558139534883721 0.44625 0.25830564784053156 0.45375 0.2666112956810631 0.455625 0.27325581395348836 0.45375 0.29069767441860467 0.44625 0.29651162790697677 0.44 0.29651162790697677 0.430625 0.2865448504983389 0.42875 0.2815614617940199 0.42875 0.2707641196013289 0.431875 0.2616279069767442 0.438125 0.25664451827242524
1 0.331875 0.5813953488372093 0.336875 0.584717607973422 0.344375 0.6046511627906976 0.340625 0.6129568106312292 0.333125 0.6154485049833887 0.325625 0.6129568106312292 0.316875 0.5971760797342193 0.316875 0.590531561461794 0.319375 0.584717607973422 0.324375 0.5813953488372093 0.33125 0.5813953488372093
1 0.433125 0.40863787375415284 0.44125 0.4152823920265781 0.445625 0.4277408637873754 0.444375 0.4410299003322259 0.438125 0.446843853820598 0.4275 0.44435215946843853 0.42125 0.4368770764119601 0.41875 0.4277408637873754 0.420625 0.41445182724252494 0.424375 0.41029900332225916 0.4325 0.40863787375415284
1 0.52625 0.3911960132890365 0.53125 0.39700996677740863 0.529375 0.41029900332225916 0.52125 0.4186046511627907 0.51 0.41943521594684385 0.505625 0.4186046511627907 0.503125 0.41445182724252494 0.504375 0.4003322259136213 0.510625 0.3945182724252492 0.525625 0.3911960132890365
1 0.40375 0.3853820598006645 0.413125 0.3903654485049834 0.41875 0.4003322259136213 0.419375 0.4111295681063123 0.4125 0.420265780730897 0.3975 0.41943521594684385 0.390625 0.40448504983388706 0.39125 0.3903654485049834 0.3975 0.3853820598006645 0.403125 0.3853820598006645
1 0.44 0.5589700996677741 0.449375 0.5664451827242525 0.45 0.5772425249169435 0.443125 0.5930232558139535 0.435625 0.5988372093023255 0.428125 0.5963455149501661 0.423125 0.5805647840531561 0.428125 0.5672757475083057 0.435 0.5598006644518272 0.439375 0.5589700996677741
1 0.495 0.43023255813953487 0.501875 0.44019933554817275 0.505 0.4526578073089701 0.494375 0.462624584717608 0.48375 0.4601328903654485 0.47625 0.446843853820598 0.47625 0.4393687707641196 0.48 0.4318936877076412 0.494375 0.43023255813953487
1 0.458125 0.303156146179402 0.4675 0.3089700996677741 0.47125 0.313953488372093 0.473125 0.3230897009966777 0.471875 0.33554817275747506 0.4675 0.34053156146179403 0.46125 0.3430232558139535 0.45 0.33637873754152825 0.445 0.3239202657807309 0.445625 0.31561461794019935 0.44875 0.3081395348837209 0.453125 0.303156146179402 0.4575 0.303156146179402
1 0.539375 0.3430232558139535 0.546875 0.35631229235880396 0.54875 0.3687707641196013 0.54875 0.3770764119601329 0.545 0.38205980066445183 0.539375 0.38205980066445183 0.53375 0.37790697674418605 0.5275 0.3596345514950166 0.529375 0.3488372093023256 0.533125 0.3438538205980066 0.53875 0.3430232558139535
1 0.53 0.21096345514950166 0.536875 0.21843853820598005 0.5425 0.23421926910299004 0.54125 0.2425249169435216 0.53375 0.2516611295681063 0.525 0.2516611295681063 0.516875 0.24501661129568106 0.513125 0.223421926910299 0.515625 0.21345514950166114 0.529375 0.21096345514950166
1 0.411875 0.4210963455149502 0.418125 0.4269102990033223 0.41875 0.4418604651162791 0.415 0.4476744186046512 0.40125 0.4543189368770764 0.390625 0.446843853820598 0.39 0.43272425249169433 0.3975 0.4219269102990033 0.41125 0.4210963455149502
1 0.429375 0.526578073089701 0.43625 0.532392026578073 0.435625 0.553156146179402 0.4325 0.5581395348837209 0.423125 0.5622923588039868 0.4175 0.5622923588039868 0.41125 0.5581395348837209 0.40625 0.5506644518272426 0.405625 0.542358803986711 0.4075 0.5357142857142857 0.414375 0.5282392026578073 0.420625 0.5249169435215947 0.42875 0.526578073089701
1 0.584375 0.5822259136212624 0.591875 0.5897009966777409 0.595 0.5971760797342193 0.595625 0.606312292358804 0.591875 0.6196013289036545 0.583125 0.6262458471760798 0.576875 0.6237541528239202 0.5725 0.6179401993355482 0.56875 0.5988372093023255 0.571875 0.5872093023255814 0.575 0.5830564784053156 0.579375 0.5805647840531561 0.58375 0.5822259136212624
1 0.354375 0.5705980066445183 0.360625 0.5772425249169435 0.364375 0.590531561461794 0.363125 0.5996677740863787 0.355625 0.606312292358804 0.345625 0.6046511627906976 0.338125 0.5863787375415282 0.343125 0.5722591362126246 0.3475 0.5697674418604651 0.35375 0.5705980066445183
1 0.518125 0.37624584717607973 0.0275 0.03488372093023256
1 0.39375 0.45099667774086377 0.400625 0.4568106312292359 0.401875 0.48172757475083056 0.3975 0.4867109634551495 0.3925 0.4867109634551495 0.385625 0.48255813953488375 0.380625 0.4700996677740864 0.383125 0.457641196013289 0.386875 0.4526578073089701 0.393125 0.45099667774086377
1 0.54125 0.3131229235880399 0.55375 0.31893687707641194 0.556875 0.32641196013289037 0.555625 0.3347176079734219 0.54625 0.34136212624584716 0.538125 0.33970099667774084 0.53125 0.3289036544850498 0.531875 0.32059800664451826 0.53625 0.31478405315614616 0.540625 0.3131229235880399
1 0.576875 0.473421926910299 0.583125 0.48421926910299 0.585 0.49916943521594687 0.58 0.5083056478405316 0.574375 0.5132890365448505 0.563125 0.5099667774086378 0.556875 0.4925249169435216 0.556875 0.48588039867109634 0.564375 0.47259136212624586 0.573125 0.47093023255813954 0.57625 0.473421926910299
1 0.62625 0.5249169435215947 0.63 0.5340531561461794 0.63125 0.5506644518272426 0.625625 0.5581395348837209 0.61625 0.5564784053156147 0.608125 0.5431893687707641 0.608125 0.5340531561461794 0.611875 0.5257475083056479 0.61875 0.521594684385382 0.623125 0.521594684385382 0.625625 0.5249169435215947
1 0.560625 0.28820598006644516 0.5675 0.29485049833887045 0.57 0.30564784053156147 0.56625 0.3131229235880399 0.5575 0.3181063122923588 0.5425 0.313953488372093 0.540625 0.31146179401993357 0.540625 0.30481727574750833 0.5475 0.29069767441860467 0.56 0.28820598006644516
1 0.491875 0.38870431893687707 0.49875 0.39700996677740863 0.50125 0.4111295681063123 0.5 0.4219269102990033 0.493125 0.42940199335548174 0.48375 0.42857142857142855 0.48125 0.4260797342192691 0.476875 0.4186046511627907 0.474375 0.40863787375415284 0.4775 0.39285714285714285 0.483125 0.38870431893687707 0.49125 0.38870431893687707
1 0.481875 0.5456810631229236 0.48875 0.5514950166112956 0.49 0.563953488372093 0.484375 0.5755813953488372 0.473125 0.5822259136212624 0.468125 0.5822259136212624 0.463125 0.5764119601328903 0.459375 0.5672757475083057 0.459375 0.5598006644518272 0.46625 0.5490033222591362 0.47375 0.5448504983388704 0.48125 0.5456810631229236
1 0.42125 0.4543189368770764 0.428125 0.4692691029900332 0.42875 0.4833887043189369 0.425625 0.4883720930232558 0.419375 0.4908637873754153 0.41125 0.489202657807309 0.404375 0.4792358803986711 0.4025 0.45598006644518274 0.41125 0.44933554817275745 0.418125 0.45099667774086377 0.420625 0.4543189368770764
1 0.38125 0.5863787375415282 0.39 0.5938538205980066 0.39125 0.6046511627906976 0.385625 0.617109634551495 0.3775 0.622093023255814 0.373125 0.622093023255814 0.368125 0.6179401993355482 0.365625 0.6038205980066446 0.3725 0.5897009966777409 0.380625 0.5863787375415282
1 0.37375 0.3222591362126246 0.3775 0.3239202657807309 0.38125 0.33056478405315615 0.383125 0.3480066445182724 0.379375 0.3588039867109635 0.373125 0.3637873754152824 0.365 0.36295681063122925 0.359375 0.3546511627906977 0.358125 0.3488372093023256 0.35875 0.3372093023255814 0.3625 0.3280730897009967 0.36625 0.3239202657807309 0.373125 0.3222591362126246
1 0.538125 0.4684385382059801 0.540625 0.4692691029900332 0.545 0.4775747508305648 0.544375 0.4925249169435216 0.53875 0.5024916943521595 0.528125 0.5091362126245847 0.523125 0.5091362126245847 0.51875 0.5049833887043189 0.516875 0.4867109634551495 0.52375 0.473421926910299 0.531875 0.4684385382059801 0.5375 0.4684385382059801
1 0.536875 0.6146179401993356 0.543125 0.6204318936877077 0.54375 0.6270764119601329 0.540625 0.6420265780730897 0.53375 0.6486710963455149 0.525 0.6470099667774086 0.5225 0.6395348837209303 0.5225 0.6295681063122923 0.529375 0.6179401993355482 0.53625 0.6146179401993356
1 0.5625 0.6179401993355482 0.5675 0.6237541528239202 0.5675 0.6378737541528239 0.56375 0.6486710963455149 0.55375 0.6578073089700996 0.546875 0.654485049833887 0.5425 0.6470099667774086 0.543125 0.6312292358803987 0.545 0.6254152823920266 0.55125 0.6187707641196013 0.561875 0.6179401993355482
1 0.505 0.2632890365448505 0.509375 0.2724252491694352 0.50875 0.28488372093023256 0.5025 0.2956810631229236 0.4925 0.3023255813953488 0.480625 0.2973421926910299 0.47875 0.27906976744186046 0.485625 0.26744186046511625 0.490625 0.26411960132890366 0.49625 0.2616279069767442 0.504375 0.2632890365448505
1 0.665625 0.3995016611295681 0.674375 0.41029900332225916 0.675 0.42524916943521596 0.673125 0.4318936877076412 0.665 0.43853820598006643 0.6575 0.436046511627907 0.64875 0.42358803986710963 0.650625 0.40448504983388706 0.65875 0.39867109634551495 0.665 0.3995016611295681
1 0.398125 0.5448504983388704 0.40375 0.553156146179402 0.405 0.5714285714285714 0.4025 0.5805647840531561 0.39625 0.5855481727574751 0.39 0.5855481727574751 0.385625 0.5813953488372093 0.383125 0.5722591362126246 0.383125 0.5589700996677741 0.38875 0.5481727574750831 0.3975 0.5448504983388704
1 0.52 0.41943521594684385 0.533125 0.43106312292358806 0.534375 0.44518272425249167 0.53 0.4526578073089701 0.51875 0.4568106312292359 0.508125 0.4526578073089701 0.499375 0.4318936877076412 0.508125 0.420265780730897 0.519375 0.41943521594684385
1 0.483125 0.2350498338870432 0.490625 0.24086378737541528 0.4925 0.25083056478405313 0.486875 0.2632890365448505 0.478125 0.26827242524916944 0.47 0.2666112956810631 0.465 0.2591362126245847 0.464375 0.25 0.470625 0.23754152823920266 0.4825 0.2350498338870432
1 0.511875 0.5506644518272426 0.519375 0.5564784053156147 0.52125 0.5714285714285714 0.52 0.574750830564784 0.508125 0.5838870431893688 0.499375 0.5813953488372093 0.494375 0.5730897009966778 0.493125 0.5647840531561462 0.5 0.5539867109634552 0.51125 0.5506644518272426
1 0.574375 0.31727574750830567 0.581875 0.3272425249169435 0.583125 0.33970099667774084 0.579375 0.3521594684385382 0.57 0.36046511627906974 0.564375 0.3596345514950166 0.56 0.3546511627906977 0.5575 0.34136212624584716 0.560625 0.3280730897009967 0.5675 0.31976744186046513 0.57375 0.31727574750830567
1 0.55625 0.5755813953488372 0.56375 0.584717607973422 0.565 0.5980066445182725 0.561875 0.6088039867109635 0.55375 0.6146179401993356 0.546875 0.6129568106312292 0.541875 0.606312292358804 0.539375 0.5913621262458472 0.541875 0.5822259136212624 0.54625 0.5764119601328903 0.555625 0.5755813953488372
1 0.59125 0.5033222591362126 0.59875 0.5074750830564784 0.60125 0.5149501661129569 0.6 0.5257475083056479 0.595 0.532392026578073 0.58125 0.5348837209302325 0.575 0.5340531561461794 0.57125 0.5290697674418605 0.570625 0.5199335548172758 0.58375 0.5041528239202658 0.590625 0.5033222591362126
1 0.536875 0.2707641196013289 0.54375 0.276578073089701 0.545625 0.29069767441860467 0.540625 0.30066445182724255 0.534375 0.30481727574750833 0.52625 0.30481727574750833 0.521875 0.30066445182724255 0.518125 0.287375415282392 0.5225 0.2757475083056478 0.528125 0.27159468438538203 0.53625 0.2707641196013289
1 0.620625 0.38953488372093026 0.625625 0.39700996677740863 0.625625 0.40448504983388706 0.619375 0.4161129568106312 0.614375 0.4186046511627907 0.608125 0.4186046511627907 0.59875 0.4119601328903654 0.59625 0.4069767441860465 0.596875 0.39867109634551495 0.6 0.3920265780730897 0.605 0.38870431893687707 0.62 0.38953488372093026
1 0.60125 0.41362126245847175 0.60625 0.4186046511627907 0.608125 0.43521594684385384 0.601875 0.446843853820598 0.595625 0.45016611295681064 0.590625 0.45016611295681064 0.585 0.44601328903654486 0.580625 0.4377076411960133 0.580625 0.4318936877076412 0.58875 0.4169435215946844 0.594375 0.41362126245847175 0.600625 0.41362126245847175
1 0.64125 0.3961794019933555 0.645625 0.4003322259136213 0.64875 0.40780730897009965 0.648125 0.4210963455149502 0.643125 0.43106312292358806 0.63375 0.436046511627907 0.62375 0.4318936877076412 0.620625 0.4210963455149502 0.629375 0.39867109634551495 0.640625 0.3961794019933555
1 0.4825 0.34053156146179403 0.48625 0.3488372093023256 0.485625 0.3654485049833887 0.480625 0.3795681063122924 0.475 0.38372093023255816 0.46875 0.38372093023255816 0.464375 0.3803986710963455 0.46 0.37209302325581395 0.459375 0.3646179401993355 0.463125 0.3521594684385382 0.468125 0.34551495016611294 0.481875 0.34053156146179403
1 0.4175 0.5805647840531561 0.4225 0.584717607973422 0.4275 0.5946843853820598 0.42875 0.6029900332225914 0.425 0.6179401993355482 0.421875 0.622093023255814 0.415625 0.6245847176079734 0.4125 0.6229235880398671 0.4075 0.6137873754152824 0.404375 0.6021594684385382 0.404375 0.590531561461794 0.408125 0.5830564784053156 0.416875 0.5805647840531561
1 0.605625 0.4676079734219269 0.613125 0.48006644518272423 0.61375 0.49335548172757476 0.61 0.5024916943521595 0.59875 0.5066445182724253 0.590625 0.5016611295681063 0.585 0.48255813953488375 0.586875 0.4742524916943522 0.59125 0.4684385382059801 0.596875 0.4659468438538206 0.605 0.4676079734219269
1 0.503125 0.21096345514950166 0.51 0.21677740863787376 0.515 0.23006644518272426 0.51375 0.24584717607973422 0.505 0.25249169435215946 0.498125 0.2516611295681063 0.4925 0.24501661129568106 0.48875 0.2292358803986711 0.490625 0.21760797342192692 0.496875 0.21096345514950166 0.5025 0.21096345514950166
1 0.37767874999999995 0.5825822259136212 0.382143125 0.5719028239202658 0.382143125 0.549359634551495 0.370535625 0.5457998338870432 0.35982125000000004 0.5588513289036544 0.36517874999999994 0.5825822259136212 0.37767874999999995 0.5825822259136212
0 0.720535625 0.4947790697674419 0.69375 0.49952574750830564 0.664285625 0.5244426910299003 0.67232125 0.5196960132890366 0.670535625 0.5742765780730896 0.6928568749999999 0.5908878737541527 0.7241068749999999 0.5956337209302326 0.7446431250000001 0.5742765780730896 0.748214375 0.5529186046511628 0.75 0.5280016611295681 0.742856875 0.5054576411960133 0.720535625 0.4947790697674419