1 0.5083056478405316 0.204375 0.5199335548172758 0.2075 0.5406976744186046 0.2075 0.5523255813953488 0.2025 0.5556478405315615 0.19875 0.5589700996677741 0.19375 0.5581395348837209 0.18375 0.553156146179402 0.17625 0.5398671096345515 0.16875 0.5191029900332226 0.166875 0.5066445182724253 0.17125 0.49750830564784054 0.179375 0.4958471760797342 0.1925 0.5033222591362126 0.201875 0.5083056478405316 0.204375
1 0.7342192691029901 0.42625 0.7383720930232558 0.428125 0.7591362126245847 0.42625 0.770764119601329 0.4125 0.7732558139534884 0.396875 0.7682724252491694 0.386875 0.7583056478405316 0.376875 0.7416943521594684 0.375 0.729235880398671 0.380625 0.7209302325581395 0.3875 0.7167774086378738 0.40125 0.717607973421927 0.408125 0.723421926910299 0.418125 0.7342192691029901 0.42625
1 0.6918604651162791 0.4425 0.7059800664451827 0.4375 0.7151162790697675 0.429375 0.7200996677740864 0.42 0.7209302325581395 0.411875 0.7167774086378738 0.403125 0.7043189368770764 0.395 0.6918604651162791 0.395 0.6735880398671097 0.4 0.6686046511627907 0.405 0.6644518272425249 0.415625 0.6769102990033222 0.4375 0.686046511627907 0.4425 0.6918604651162791 0.4425
1 0.37624584717607973 0.613125 0.39368770764119604 0.6025 0.39368770764119604 0.591875 0.38372093023255816 0.579375 0.3770764119601329 0.57625 0.35631229235880396 0.575 0.33970099667774084 0.581875 0.3338870431893688 0.589375 0.33637873754152825 0.60125 0.3496677740863787 0.610625 0.35714285714285715 0.613125 0.37624584717607973 0.613125
1 0.829734219269103 0.449375 0.8413621262458472 0.4525 0.8529900332225914 0.4525 0.8795681063122923 0.444375 0.8978405315614618 0.429375 0.8986710963455149 0.42125 0.8953488372093024 0.41125 0.8837209302325582 0.405 0.8662790697674418 0.405 0.856312292358804 0.406875 0.840531561461794 0.41375 0.8214285714285714 0.428125 0.8181063122923588 0.4375 0.8239202657807309 0.44625 0.829734219269103 0.449375
1 0.4950166112956811 0.71875 0.5141196013289037 0.71625 0.5249169435215947 0.70875 0.5299003322259136 0.69875 0.5307308970099668 0.683125 0.5282392026578073 0.67625 0.5141196013289037 0.665 0.5008305647840532 0.6675 0.4908637873754153 0.675 0.4792358803986711 0.69375 0.48006644518272423 0.704375 0.4833887043189369 0.71125 0.4883720930232558 0.716875 0.4950166112956811 0.71875
1 0.2549833887043189 0.381875 0.2649501661129568 0.379375 0.2757475083056478 0.37375 0.2823920265780731 0.363125 0.28322259136212624 0.355 0.2799003322259136 0.3475 0.27408637873754155 0.3425 0.260797342192691 0.3375 0.24003322259136212 0.340625 0.22425249169435216 0.34875 0.22093023255813954 0.35375 0.22093023255813954 0.370625 0.23754152823920266 0.381875 0.2549833887043189 0.381875
1 0.462624584717608 0.708125 0.47591362126245845 0.6975 0.48172757475083056 0.686875 0.4792358803986711 0.6725 0.4684385382059801 0.6625 0.4526578073089701 0.661875 0.4418604651162791 0.6675 0.4368770764119601 0.675625 0.436046511627907 0.6875 0.4426910299003322 0.704375 0.4485049833887043 0.70875 0.45514950166112955 0.710625 0.462624584717608 0.708125
1 0.882890365448505 0.399375 0.8953488372093024 0.405 0.920265780730897 0.40625 0.9260797342192691 0.404375 0.9385382059800664 0.395 0.9410299003322259 0.39125 0.9401993355481728 0.378125 0.9377076411960132 0.37375 0.9210963455149501 0.36375 0.8961794019933554 0.361875 0.882890365448505 0.365625 0.8745847176079734 0.37375 0.872093023255814 0.38 0.8729235880398671 0.39 0.882890365448505 0.399375
1 0.19684385382059802 0.604375 0.20930232558139536 0.61 0.22093023255813954 0.61 0.23588039867109634 0.60375 0.24003322259136212 0.596875 0.23920265780730898 0.57875 0.23588039867109634 0.573125 0.223421926910299 0.565 0.21511627906976744 0.5625 0.2059800664451827 0.5625 0.19186046511627908 0.56875 0.18604651162790697 0.5775 0.18604651162790697 0.588125 0.1893687707641196 0.59625 0.19684385382059802 0.604375
1 0.2815614617940199 0.70625 0.29485049833887045 0.705625 0.30398671096345514 0.69875 0.3081395348837209 0.6925 0.3089700996677741 0.67375 0.30398671096345514 0.665 0.2915282392026578 0.65875 0.2815614617940199 0.65875 0.2724252491694352 0.66125 0.2632890365448505 0.67 0.260797342192691 0.675625 0.2616279069767442 0.686875 0.2691029900332226 0.7 0.2815614617940199 0.70625
1 0.2159468438538206 0.4175 0.22093023255813954 0.4075 0.22093023255813954 0.385625 0.20930232558139536 0.375625 0.19186046511627908 0.375 0.17524916943521596 0.386875 0.17109634551495018 0.40125 0.17275747508305647 0.41125 0.17940199335548174 0.420625 0.19269102990033224 0.424375 0.20681063122923588 0.423125 0.2159468438538206 0.4175
1 0.47093023255813954 0.41 0.4808970099667774 0.41 0.4883720930232558 0.408125 0.4958471760797342 0.401875 0.49667774086378735 0.39125 0.48172757475083056 0.376875 0.4601328903654485 0.370625 0.4476744186046512 0.370625 0.4410299003322259 0.374375 0.436046511627907 0.384375 0.4377076411960133 0.391875 0.44518272425249167 0.399375 0.4584717607973422 0.40625 0.47093023255813954 0.41
1 0.659468438538206 0.3325 0.6694352159468439 0.339375 0.6835548172757475 0.340625 0.696843853820598 0.336875 0.7043189368770764 0.331875 0.7093023255813954 0.321875 0.7101328903654485 0.31125 0.7068106312292359 0.301875 0.7009966777408638 0.29625 0.6885382059800664 0.29125 0.675249169435216 0.29125 0.6686046511627907 0.29375 0.6619601328903655 0.29875 0.6536544850498339 0.31125 0.6536544850498339 0.3225 0.659468438538206 0.3325
1 0.223421926910299 0.266875 0.2350498338870432 0.27 0.25249169435215946 0.27 0.2649501661129568 0.266875 0.27408637873754155 0.261875 0.276578073089701 0.25625 0.27740863787375414 0.244375 0.2749169435215947 0.239375 0.2616279069767442 0.23125 0.2558139534883721 0.230625 0.24086378737541528 0.23125 0.22757475083056478 0.23625 0.22093023255813954 0.24125 0.2159468438538206 0.251875 0.21926910299003322 0.26375 0.223421926910299 0.266875
1 0.2865448504983389 0.526875 0.3073089700996678 0.525625 0.32142857142857145 0.518125 0.32475083056478404 0.513125 0.32558139534883723 0.50375 0.3230897009966777 0.495625 0.31893687707641194 0.49125 0.30398671096345514 0.486875 0.2840531561461794 0.486875 0.26993355481727577 0.495625 0.2632890365448505 0.5025 0.2632890365448505 0.50875 0.26827242524916944 0.519375 0.2865448504983389 0.526875
1 0.4568106312292359 0.20375 0.4642857142857143 0.194375 0.4642857142857143 0.175625 0.4543189368770764 0.163125 0.4476744186046512 0.16125 0.43023255813953487 0.16125 0.4169435215946844 0.168125 0.4111295681063123 0.179375 0.4119601328903654 0.1975 0.4269102990033223 0.211875 0.44518272425249167 0.211875 0.4568106312292359 0.20375
1 0.595514950166113 0.454375 0.6112956810631229 0.444375 0.6146179401993356 0.439375 0.6179401993355482 0.42125 0.6129568106312292 0.411875 0.6029900332225914 0.405 0.5938538205980066 0.401875 0.5780730897009967 0.40625 0.5656146179401993 0.42625 0.5689368770764119 0.441875 0.5764119601328903 0.45125 0.5838870431893688 0.454375 0.595514950166113 0.454375
1 0.5448504983388704 0.148125 0.5581395348837209 0.145 0.5697674418604651 0.136875 0.5730897009966778 0.13125 0.5722591362126246 0.11875 0.5589700996677741 0.10875 0.5539867109634552 0.10625 0.5348837209302325 0.10625 0.521594684385382 0.11125 0.5157807308970099 0.11625 0.5116279069767442 0.12375 0.510797342192691 0.1375 0.521594684385382 0.14625 0.5448504983388704 0.148125
1 0.38205980066445183 0.495625 0.38704318936877075 0.48875 0.38704318936877075 0.475625 0.3712624584717608 0.459375 0.35299003322259137 0.456875 0.34053156146179403 0.46 0.33222591362126247 0.475625 0.3338870431893688 0.485 0.3438538205980066 0.493125 0.35299003322259137 0.498125 0.36794019933554817 0.5 0.38205980066445183 0.495625
1 0.6445182724252492 0.4625 0.6602990033222591 0.461875 0.6719269102990033 0.4525 0.675249169435216 0.445625 0.6760797342192691 0.436875 0.6727574750830565 0.42875 0.6619601328903655 0.4175 0.6561461794019934 0.415 0.6478405315614618 0.413125 0.6378737541528239 0.41625 0.6237541528239202 0.42875 0.6229235880398671 0.446875 0.6362126245847176 0.46 0.6445182724252492 0.4625
1 0.7416943521594684 0.35375 0.7599667774086378 0.36375 0.776578073089701 0.365 0.7848837209302325 0.363125 0.7965116279069767 0.356875 0.8023255813953488 0.348125 0.8023255813953488 0.341875 0.7981727574750831 0.333125 0.7906976744186046 0.3275 0.770764119601329 0.3225 0.7591362126245847 0.3225 0.7508305647840532 0.325 0.7375415282392026 0.335 0.7375415282392026 0.34875 0.7416943521594684 0.35375
1 0.6096345514950167 0.785 0.6204318936877077 0.785625 0.6262458471760798 0.78375 0.6320598006644518 0.776875 0.6312292358803987 0.758125 0.6154485049833887 0.740625 0.6088039867109635 0.738125 0.5930232558139535 0.738125 0.5822259136212624 0.745625 0.5780730897009967 0.753125 0.5780730897009967 0.763125 0.5805647840531561 0.76875 0.5921926910299004 0.780625 0.6096345514950167 0.785
1 0.6054817275747508 0.28125 0.6179401993355482 0.274375 0.6262458471760798 0.26375 0.6270764119601329 0.246875 0.6146179401993356 0.23125 0.6038205980066446 0.228125 0.590531561461794 0.228125 0.5789036544850499 0.23375 0.5689368770764119 0.25375 0.5697674418604651 0.26375 0.5780730897009967 0.276875 0.5888704318936877 0.28125 0.6054817275747508 0.28125
1 0.4568106312292359 0.314375 0.4808970099667774 0.314375 0.4958471760797342 0.30625 0.5 0.30125 0.5016611295681063 0.29375 0.49667774086378735 0.28375 0.4850498338870432 0.276875 0.47591362126245845 0.275 0.4601328903654485 0.275 0.45099667774086377 0.278125 0.4435215946843854 0.283125 0.43853820598006643 0.293125 0.4426910299003322 0.30625 0.4568106312292359 0.314375
1 0.31478405315614616 0.35125 0.3330564784053156 0.336875 0.33222591362126247 0.324375 0.3230897009966777 0.31 0.31146179401993357 0.304375 0.30481727574750833 0.30375 0.2956810631229236 0.30625 0.28903654485049834 0.314375 0.28820598006644516 0.32625 0.2973421926910299 0.344375 0.3064784053156146 0.350625 0.31478405315614616 0.35125
1 0.5581395348837209 0.42625 0.5689368770764119 0.42 0.5739202657807309 0.413125 0.5755813953488372 0.4 0.5730897009966778 0.391875 0.5672757475083057 0.386875 0.5556478405315615 0.3825 0.5365448504983389 0.385 0.5307308970099668 0.3875 0.520764119601329 0.3975 0.5199335548172758 0.415625 0.5440199335548173 0.4275 0.5581395348837209 0.42625
1 0.4061461794019934 0.72125 0.42358803986710963 0.72125 0.4368770764119601 0.708125 0.4377076411960133 0.694375 0.43521594684385384 0.6875 0.4269102990033223 0.678125 0.4186046511627907 0.675625 0.4019933554817276 0.678125 0.38704318936877075 0.69375 0.3862126245847176 0.7 0.38953488372093026 0.709375 0.3978405315614618 0.71875 0.4061461794019934 0.72125
1 0.4061461794019934 0.478125 0.4152823920265781 0.47375 0.4227574750830565 0.464375 0.4227574750830565 0.450625 0.41029900332225916 0.43625 0.3953488372093023 0.42875 0.38372093023255816 0.43125 0.3745847176079734 0.4475 0.3745847176079734 0.454375 0.3787375415282392 0.464375 0.3862126245847176 0.47375 0.3953488372093023 0.478125 0.4061461794019934 0.478125
1 0.5406976744186046 0.760625 0.5556478405315615 0.75 0.5614617940199336 0.738125 0.5622923588039868 0.724375 0.5548172757475083 0.710625 0.5465116279069767 0.70625 0.5299003322259136 0.706875 0.5124584717607974 0.71875 0.5058139534883721 0.735 0.5058139534883721 0.749375 0.5166112956810631 0.761875 0.5299003322259136 0.763125 0.5406976744186046 0.760625
1 0.2691029900332226 0.738125 0.27740863787375414 0.735625 0.28488372093023256 0.728125 0.2857142857142857 0.7175 0.2807308970099668 0.706875 0.26993355481727577 0.700625 0.26245847176079734 0.6925 0.2425249169435216 0.69375 0.23255813953488372 0.70625 0.23255813953488372 0.716875 0.24169435215946844 0.73125 0.2549833887043189 0.7375 0.2691029900332226 0.738125
1 0.6877076411960132 0.69 0.6943521594684385 0.695625 0.7267441860465116 0.695 0.7441860465116279 0.686875 0.7524916943521595 0.676875 0.7533222591362126 0.665 0.75 0.656875 0.7358803986710963 0.646875 0.7275747508305648 0.645625 0.7192691029900332 0.65375 0.707641196013289 0.65875 0.7018272425249169 0.66375 0.6935215946843853 0.665625 0.6877076411960132 0.678125 0.6877076411960132 0.69
1 0.5564784053156147 0.53375 0.5755813953488372 0.53375 0.5855481727574751 0.530625 0.5980066445182725 0.521875 0.6029900332225914 0.5125 0.6054817275747508 0.49875 0.6013289036544851 0.485625 0.5921926910299004 0.47875 0.5780730897009967 0.478125 0.5606312292358804 0.48375 0.5498338870431894 0.49625 0.5465116279069767 0.503125 0.5448504983388704 0.519375 0.5473421926910299 0.52625 0.5564784053156147 0.53375
1 0.6818936877076412 0.665 0.7009966777408638 0.66375 0.7192691029900332 0.654375 0.7225913621262459 0.650625 0.7250830564784053 0.645625 0.723421926910299 0.6275 0.71843853820598 0.623125 0.7043189368770764 0.619375 0.6802325581395349 0.620625 0.6661129568106312 0.625 0.6511627906976745 0.64375 0.6519933554817275 0.65125 0.6627906976744186 0.66125 0.6818936877076412 0.665
1 0.5523255813953488 0.37 0.5714285714285714 0.36375 0.5764119601328903 0.355625 0.5780730897009967 0.3375 0.5739202657807309 0.328125 0.5564784053156147 0.32 0.5481727574750831 0.32 0.5365448504983389 0.324375 0.5240863787375415 0.3425 0.5257475083056479 0.35375 0.532392026578073 0.36375 0.5431893687707641 0.36875 0.5523255813953488 0.37
1 0.8554817275747508 0.49 0.8737541528239202 0.5025 0.9028239202657807 0.5025 0.9111295681063123 0.498125 0.9161129568106312 0.490625 0.9169435215946844 0.48125 0.9144518272425249 0.47625 0.909468438538206 0.469375 0.8953488372093024 0.459375 0.8812292358803987 0.454375 0.8687707641196013 0.454375 0.8554817275747508 0.460625 0.8496677740863787 0.470625 0.8496677740863787 0.47875 0.8554817275747508 0.49
1 0.7695182724252492 0.665625 0.0008305647840531562 0.00125
1 0.7736710963455149 0.6690625 0.0008305647840531562 0.000625
1 0.1818936877076412 0.370625 0.19269102990033224 0.37375 0.21096345514950166 0.375 0.21843853820598005 0.37 0.22009966777408638 0.365 0.22009966777408638 0.34625 0.21511627906976744 0.34 0.20514950166112958 0.334375 0.19767441860465115 0.3325 0.1760797342192691 0.3325 0.1686046511627907 0.334375 0.1644518272425249 0.338125 0.16196013289036545 0.349375 0.16611295681063123 0.360625 0.1818936877076412 0.370625
1 0.627906976744186 0.16125 0.6420265780730897 0.15125 0.6461794019933554 0.144375 0.6478405315614618 0.124375 0.6453488372093024 0.116875 0.6320598006644518 0.105625 0.6179401993355482 0.10625 0.6096345514950167 0.11125 0.6029900332225914 0.12125 0.5996677740863787 0.135 0.6029900332225914 0.154375 0.6146179401993356 0.16125 0.627906976744186 0.16125
1 0.313953488372093 0.541875 0.3272425249169435 0.5475 0.3380398671096346 0.548125 0.3480066445182724 0.54625 0.36129568106312293 0.53875 0.36295681063122925 0.535625 0.3646179401993355 0.526875 0.36212624584717606 0.5225 0.35299003322259137 0.515 0.34551495016611294 0.5125 0.32641196013289037 0.515 0.3230897009966777 0.51875 0.313953488372093 0.521875 0.3073089700996678 0.52875 0.3073089700996678 0.53375 0.313953488372093 0.541875
1 0.2724252491694352 0.58125 0.2915282392026578 0.579375 0.3081395348837209 0.57 0.31478405315614616 0.56 0.31561461794019935 0.55 0.3122923588039867 0.54125 0.30481727574750833 0.53375 0.292358803986711 0.531875 0.28322259136212624 0.5325 0.26578073089701 0.54 0.2541528239202658 0.556875 0.2558139534883721 0.57 0.2666112956810631 0.579375 0.2724252491694352 0.58125
1 0.45348837209302323 0.151875 0.4684385382059801 0.154375 0.4900332225913621 0.151875 0.5049833887043189 0.145 0.5099667774086378 0.139375 0.510797342192691 0.119375 0.49916943521594687 0.11125 0.49169435215946844 0.10875 0.4684385382059801 0.10875 0.4568106312292359 0.11125 0.4435215946843854 0.120625 0.44019933554817275 0.126875 0.44019933554817275 0.141875 0.44518272425249167 0.1475 0.45348837209302323 0.151875
1 0.4700996677740864 0.274375 0.47840531561461797 0.270625 0.48588039867109634 0.263125 0.4883720930232558 0.246875 0.48421926910299 0.239375 0.4775747508305648 0.235625 0.46096345514950166 0.23375 0.4485049833887043 0.23625 0.4393687707641196 0.24125 0.43106312292358806 0.251875 0.43272425249169433 0.266875 0.44518272425249167 0.275 0.4700996677740864 0.274375
1 0.7059800664451827 0.379375 0.717607973421927 0.379375 0.7350498338870431 0.36875 0.7358803986710963 0.35375 0.7308970099667774 0.34625 0.71843853820598 0.3375 0.7043189368770764 0.33375 0.6951827242524917 0.33875 0.6818936877076412 0.3425 0.6785714285714286 0.34875 0.6802325581395349 0.363125 0.6951827242524917 0.37625 0.7059800664451827 0.379375
1 0.6503322259136213 0.621875 0.6619601328903655 0.624375 0.6735880398671097 0.621875 0.6877076411960132 0.614375 0.7059800664451827 0.593125 0.707641196013289 0.58125 0.7059800664451827 0.575 0.7026578073089701 0.5725 0.6835548172757475 0.570625 0.6669435215946844 0.57375 0.6486710963455149 0.584375 0.6411960132890365 0.59375 0.6387043189368771 0.59875 0.6395348837209303 0.610625 0.6503322259136213 0.621875
1 0.46179401993355484 0.52375 0.4750830564784053 0.526875 0.4883720930232558 0.52625 0.5 0.523125 0.5083056478405316 0.515625 0.5091362126245847 0.51 0.5 0.503125 0.4958471760797342 0.494375 0.48255813953488375 0.486875 0.4568106312292359 0.485625 0.44435215946843853 0.490625 0.4418604651162791 0.49375 0.4418604651162791 0.5075 0.44518272425249167 0.5125 0.46179401993355484 0.52375
1 0.7973421926910299 0.579375 0.8197674418604651 0.579375 0.8289036544850499 0.5725 0.8322259136212624 0.565 0.8322259136212624 0.556875 0.8197674418604651 0.539375 0.8023255813953488 0.531875 0.7931893687707641 0.5325 0.7799003322259136 0.53875 0.771594684385382 0.553125 0.7757475083056479 0.561875 0.7865448504983389 0.573125 0.7973421926910299 0.579375
1 0.606312292358804 0.350625 0.6187707641196013 0.344375 0.627906976744186 0.331875 0.627906976744186 0.313125 0.6196013289036545 0.30125 0.6112956810631229 0.2975 0.6029900332225914 0.2975 0.5938538205980066 0.300625 0.5822259136212624 0.3125 0.5822259136212624 0.321875 0.5913621262458472 0.341875 0.6029900332225914 0.350625 0.606312292358804 0.350625
1 0.24584717607973422 0.54125 0.25249169435215946 0.53875 0.2649501661129568 0.53125 0.26744186046511625 0.526875 0.26744186046511625 0.519375 0.260797342192691 0.50375 0.24833887043189368 0.498125 0.23338870431893688 0.49875 0.21262458471760798 0.51375 0.2101328903654485 0.519375 0.21262458471760798 0.530625 0.223421926910299 0.53875 0.23255813953488372 0.54125 0.24584717607973422 0.54125
1 0.7325581395348837 0.285 0.7475083056478405 0.279375 0.7558139534883721 0.266875 0.7566445182724253 0.2475 0.7483388704318937 0.226875 0.7317275747508306 0.2175 0.7117940199335548 0.220625 0.7026578073089701 0.229375 0.6976744186046512 0.245625 0.7009966777408638 0.265625 0.707641196013289 0.276875 0.7192691029900332 0.283125 0.7325581395348837 0.285
1 0.3239202657807309 0.15 0.33554817275747506 0.15 0.3504983388704319 0.145 0.35631229235880396 0.14 0.36212624584717606 0.13 0.36295681063122925 0.12375 0.3579734219269103 0.11625 0.35299003322259137 0.111875 0.3388704318936877 0.10875 0.31478405315614616 0.111875 0.30481727574750833 0.11875 0.30066445182724255 0.125 0.30066445182724255 0.1325 0.30980066445182725 0.145 0.3239202657807309 0.15
1 0.3089700996677741 0.48875 0.31893687707641194 0.490625 0.329734219269103 0.48875 0.3338870431893688 0.485 0.33222591362126247 0.474375 0.32558139534883723 0.4675 0.3106312292358804 0.460625 0.29401993355481726 0.4575 0.2757475083056478 0.459375 0.26827242524916944 0.46375 0.2666112956810631 0.47125 0.2749169435215947 0.478125 0.3089700996677741 0.48875
1 0.867109634551495 0.308125 0.8862126245847176 0.308125 0.8995016611295681 0.3025 0.9119601328903655 0.29 0.9127906976744186 0.27875 0.909468438538206 0.273125 0.8961794019933554 0.2675 0.8862126245847176 0.266875 0.8737541528239202 0.27 0.8596345514950167 0.278125 0.8529900332225914 0.28625 0.8521594684385382 0.29625 0.8546511627906976 0.30125 0.867109634551495 0.308125
1 0.3995016611295681 0.7725 0.4161129568106312 0.7725 0.44019933554817275 0.76875 0.45182724252491696 0.76 0.45514950166112955 0.753125 0.4543189368770764 0.73375 0.44435215946843853 0.7275 0.4269102990033223 0.72625 0.4003322259136213 0.73375 0.38953488372093026 0.740625 0.38289036544850497 0.748125 0.3812292358803987 0.755625 0.38289036544850497 0.763125 0.38953488372093026 0.77 0.3995016611295681 0.7725
1 0.6270764119601329 0.551875 0.6420265780730897 0.555 0.6553156146179402 0.550625 0.6627906976744186 0.54125 0.6636212624584718 0.53 0.6602990033222591 0.519375 0.6470099667774086 0.5025 0.6337209302325582 0.495625 0.622093023255814 0.495625 0.6096345514950167 0.49875 0.6054817275747508 0.503125 0.6013289036544851 0.52125 0.6179401993355482 0.545625 0.6270764119601329 0.551875
1 0.457641196013289 0.560625 0.4700996677740864 0.558125 0.4792358803986711 0.5525 0.48255813953488375 0.5475 0.4833887043189369 0.539375 0.48006644518272423 0.531875 0.46677740863787376 0.524375 0.45514950166112955 0.521875 0.4418604651162791 0.524375 0.42857142857142855 0.53375 0.42940199335548174 0.5525 0.4318936877076412 0.555625 0.4410299003322259 0.559375 0.457641196013289 0.560625
1 0.3521594684385382 0.376875 0.3637873754152824 0.37375 0.3729235880398671 0.363125 0.37375415282392027 0.355625 0.36794019933554817 0.344375 0.3496677740863787 0.3375 0.3313953488372093 0.34 0.32558139534883723 0.343125 0.31561461794019935 0.35375 0.3131229235880399 0.36 0.31561461794019935 0.37 0.329734219269103 0.376875 0.3521594684385382 0.376875
1 0.5398671096345515 0.59875 0.5573089700996677 0.59875 0.5631229235880398 0.59375 0.5697674418604651 0.593125 0.5830564784053156 0.585625 0.5822259136212624 0.575 0.5722591362126246 0.565625 0.553156146179402 0.558125 0.5390365448504983 0.558125 0.53156146179402 0.560625 0.5157807308970099 0.573125 0.5157807308970099 0.58125 0.520764119601329 0.589375 0.5307308970099668 0.59625 0.5398671096345515 0.59875
1 0.23172757475083056 0.339375 0.23588039867109634 0.34 0.2649501661129568 0.334375 0.27408637873754155 0.32125 0.2757475083056478 0.30625 0.27325581395348836 0.299375 0.26411960132890366 0.29375 0.25332225913621265 0.29375 0.24086378737541528 0.298125 0.23338870431893688 0.30375 0.22508305647840532 0.314375 0.223421926910299 0.32625 0.22674418604651161 0.334375 0.23172757475083056 0.339375
1 0.5830564784053156 0.640625 0.5872093023255814 0.633125 0.5863787375415282 0.616875 0.5789036544850499 0.60875 0.5598006644518272 0.6 0.5456810631229236 0.60625 0.5398671096345515 0.618125 0.5398671096345515 0.63125 0.5506644518272426 0.64375 0.5598006644518272 0.646875 0.5730897009966778 0.646875 0.5830564784053156 0.640625
1 0.7200996677740864 0.5025 0.7367109634551495 0.493125 0.7441860465116279 0.48125 0.7441860465116279 0.470625 0.7375415282392026 0.4625 0.7242524916943521 0.455625 0.7159468438538206 0.455625 0.6985049833887044 0.46 0.6918604651162791 0.46375 0.6827242524916943 0.475625 0.6827242524916943 0.48875 0.6943521594684385 0.5025 0.7200996677740864 0.5025
1 0.803156146179402 0.34375 0.8388704318936877 0.3425 0.8521594684385382 0.335 0.8588039867109635 0.32625 0.8596345514950167 0.316875 0.856312292358804 0.31125 0.8421926910299004 0.30375 0.8289036544850499 0.30125 0.8089700996677741 0.304375 0.7956810631229236 0.3125 0.7890365448504983 0.323125 0.7890365448504983 0.32625 0.7981727574750831 0.333125 0.803156146179402 0.34375
1 0.8056478405315615 0.194375 0.8114617940199336 0.1975 0.8264119601328903 0.1975 0.8388704318936877 0.19 0.8438538205980066 0.18125 0.8430232558139535 0.16125 0.8330564784053156 0.15125 0.8239202657807309 0.146875 0.8114617940199336 0.14625 0.8048172757475083 0.1475 0.7981727574750831 0.151875 0.792358803986711 0.16875 0.7931893687707641 0.180625 0.7973421926910299 0.1875 0.8056478405315615 0.194375
1 0.7915282392026578 0.679375 0.8023255813953488 0.676875 0.8081395348837209 0.6725 0.8122923588039868 0.66375 0.8114617940199336 0.645 0.8048172757475083 0.635625 0.7890365448504983 0.62625 0.7799003322259136 0.62625 0.7699335548172758 0.63 0.7624584717607974 0.643125 0.7649501661129569 0.661875 0.7699335548172758 0.67 0.7807308970099668 0.6775 0.7915282392026578 0.679375
1 0.25332225913621265 0.4375 0.2649501661129568 0.428125 0.2707641196013289 0.419375 0.26993355481727577 0.401875 0.25830564784053156 0.3925 0.24003322259136212 0.393125 0.22259136212624583 0.4025 0.21843853820598005 0.413125 0.21926910299003322 0.423125 0.223421926910299 0.433125 0.23006644518272426 0.4375 0.24086378737541528 0.439375 0.25332225913621265 0.4375
1 0.6237541528239202 0.8175 0.6478405315614618 0.818125 0.6553156146179402 0.815625 0.6619601328903655 0.81 0.6611295681063123 0.7975 0.654485049833887 0.79125 0.6453488372093024 0.786875 0.6270764119601329 0.784375 0.6212624584717608 0.78625 0.606312292358804 0.78625 0.5988372093023255 0.790625 0.5996677740863787 0.80125 0.6088039867109635 0.81 0.6237541528239202 0.8175
1 0.3995016611295681 0.553125 0.41029900332225916 0.553125 0.42358803986710963 0.549375 0.4269102990033223 0.54625 0.4269102990033223 0.529375 0.4219269102990033 0.521875 0.41362126245847175 0.515625 0.4019933554817276 0.5125 0.38704318936877075 0.5125 0.37209302325581395 0.523125 0.3704318936877076 0.53375 0.37375415282392027 0.54125 0.38704318936877075 0.55 0.3995016611295681 0.553125
1 0.17275747508305647 0.4825 0.19186046511627908 0.47375 0.2059800664451827 0.4575 0.20764119601328904 0.44 0.20514950166112958 0.433125 0.19767441860465115 0.42625 0.18106312292358803 0.424375 0.16611295681063123 0.43125 0.1536544850498339 0.445 0.1511627906976744 0.455 0.1536544850498339 0.4725 0.16528239202657807 0.4825 0.17275747508305647 0.4825
1 0.31478405315614616 0.246875 0.32558139534883723 0.255 0.33222591362126247 0.256875 0.35299003322259137 0.256875 0.3637873754152824 0.25375 0.3770764119601329 0.245 0.38205980066445183 0.23875 0.38205980066445183 0.23125 0.37790697674418605 0.225 0.3654485049833887 0.21875 0.34551495016611294 0.214375 0.3330564784053156 0.214375 0.3230897009966777 0.2175 0.3131229235880399 0.22375 0.30980066445182725 0.2325 0.3106312292358804 0.240625 0.31478405315614616 0.246875
1 0.39867109634551495 0.25 0.41445182724252494 0.251875 0.42358803986710963 0.25 0.43272425249169433 0.239375 0.43272425249169433 0.224375 0.420265780730897 0.205625 0.4069767441860465 0.1975 0.39368770764119604 0.196875 0.3845514950166113 0.199375 0.3803986710963455 0.209375 0.3803986710963455 0.2275 0.3845514950166113 0.23875 0.3911960132890365 0.245 0.39867109634551495 0.25
1 0.39368770764119604 0.1825 0.4069767441860465 0.175625 0.4152823920265781 0.1625 0.4152823920265781 0.146875 0.4053156146179402 0.135625 0.3812292358803987 0.135 0.3696013289036545 0.140625 0.3637873754152824 0.15125 0.36295681063122925 0.16125 0.36627906976744184 0.1725 0.37209302325581395 0.178125 0.3845514950166113 0.1825 0.39368770764119604 0.1825
1 0.7541528239202658 0.199375 0.7757475083056479 0.194375 0.7898671096345515 0.185625 0.792358803986711 0.178125 0.7890365448504983 0.166875 0.7749169435215947 0.16125 0.7624584717607974 0.16125 0.7475083056478405 0.16375 0.739202657807309 0.16875 0.7275747508305648 0.18125 0.7267441860465116 0.19 0.7383720930232558 0.199375 0.7541528239202658 0.199375
1 0.5274086378737541 0.4575 0.5440199335548173 0.441875 0.5448504983388704 0.431875 0.5415282392026578 0.426875 0.5332225913621262 0.42125 0.5191029900332226 0.42125 0.5 0.433125 0.49169435215946844 0.444375 0.4908637873754153 0.45125 0.5024916943521595 0.459375 0.5191029900332226 0.459375 0.5274086378737541 0.4575
1 0.5390365448504983 0.505 0.5573089700996677 0.49 0.5581395348837209 0.474375 0.5473421926910299 0.465625 0.5373754152823921 0.464375 0.5182724252491694 0.469375 0.5066445182724253 0.475625 0.5 0.48125 0.4958471760797342 0.491875 0.5049833887043189 0.506875 0.5174418604651163 0.50875 0.5390365448504983 0.505
1 0.5996677740863787 0.72375 0.6204318936877077 0.705 0.622093023255814 0.6925 0.617109634551495 0.683125 0.6096345514950167 0.679375 0.5938538205980066 0.680625 0.5739202657807309 0.693125 0.5689368770764119 0.7025 0.5689368770764119 0.71375 0.5739202657807309 0.72125 0.5897009966777409 0.72625 0.5996677740863787 0.72375
1 0.5398671096345515 0.2925 0.5456810631229236 0.284375 0.5448504983388704 0.2675 0.5274086378737541 0.2525 0.5099667774086378 0.25 0.5024916943521595 0.253125 0.4925249169435216 0.261875 0.49169435215946844 0.275 0.5041528239202658 0.29125 0.5166112956810631 0.29625 0.5282392026578073 0.2975 0.5398671096345515 0.2925
1 0.7358803986710963 0.72375 0.7475083056478405 0.725 0.7616279069767442 0.72125 0.7740863787375415 0.71125 0.7790697674418605 0.7025 0.7799003322259136 0.683125 0.7774086378737541 0.678125 0.7649501661129569 0.669375 0.7558139534883721 0.66875 0.75 0.6825 0.7308970099667774 0.695 0.7250830564784053 0.69625 0.7217607973421927 0.708125 0.728405315614618 0.719375 0.7358803986710963 0.72375
1 0.4692691029900332 0.36375 0.49916943521594687 0.360625 0.5116279069767442 0.354375 0.5174418604651163 0.3475 0.5191029900332226 0.3375 0.5149501661129569 0.330625 0.49750830564784054 0.32 0.4850498338870432 0.3175 0.46096345514950166 0.324375 0.45598006644518274 0.328125 0.4476744186046512 0.344375 0.4485049833887043 0.350625 0.45348837209302323 0.3575 0.4692691029900332 0.36375
1 0.36212624584717606 0.34 0.3687707641196013 0.34375 0.37790697674418605 0.34375 0.3911960132890365 0.334375 0.3920265780730897 0.328125 0.38787375415282394 0.32 0.37790697674418605 0.31125 0.3637873754152824 0.304375 0.35132890365448505 0.30375 0.3388704318936877 0.31125 0.33554817275747506 0.3175 0.33554817275747506 0.326875 0.34717607973421927 0.336875 0.36212624584717606 0.34
1 0.75 0.163125 0.7732558139534884 0.160625 0.7840531561461794 0.151875 0.7857142857142857 0.14 0.7832225913621262 0.133125 0.7757475083056479 0.125625 0.7632890365448505 0.120625 0.7383720930232558 0.120625 0.7242524916943521 0.13 0.7242524916943521 0.146875 0.7275747508305648 0.151875 0.7425249169435216 0.160625 0.75 0.163125
1 0.3388704318936877 0.69375 0.3430232558139535 0.6975 0.35132890365448505 0.7 0.37375415282392027 0.7 0.3845514950166113 0.695 0.39285714285714285 0.6875 0.3961794019933555 0.683125 0.39368770764119604 0.668125 0.38953488372093026 0.66375 0.3795681063122924 0.659375 0.3637873754152824 0.65875 0.3504983388704319 0.661875 0.34219269102990035 0.66625 0.33554817275747506 0.674375 0.3347176079734219 0.683125 0.3388704318936877 0.69375
1 0.21677740863787376 0.485 0.22591362126245848 0.493125 0.2350498338870432 0.495625 0.25249169435215946 0.495625 0.2616279069767442 0.493125 0.26827242524916944 0.485625 0.2691029900332226 0.476875 0.2649501661129568 0.469375 0.2649501661129568 0.46125 0.25830564784053156 0.455625 0.23837209302325582 0.45125 0.223421926910299 0.4525 0.21843853820598005 0.455625 0.21179401993355482 0.464375 0.21096345514950166 0.47375 0.21677740863787376 0.485
1 0.6337209302325582 0.401875 0.6602990033222591 0.401875 0.6727574750830565 0.39625 0.6827242524916943 0.385 0.6852159468438538 0.371875 0.670265780730897 0.361875 0.6503322259136213 0.35875 0.6237541528239202 0.361875 0.6129568106312292 0.369375 0.6079734219269103 0.376875 0.6079734219269103 0.38375 0.6112956810631229 0.38875 0.6196013289036545 0.39625 0.6337209302325582 0.401875
1 0.4958471760797342 0.81125 0.5141196013289037 0.81 0.5257475083056479 0.8025 0.5307308970099668 0.794375 0.5299003322259136 0.77625 0.5240863787375415 0.76625 0.5141196013289037 0.761875 0.5016611295681063 0.761875 0.4883720930232558 0.76875 0.4808970099667774 0.78125 0.48006644518272423 0.794375 0.48255813953488375 0.80125 0.4900332225913621 0.809375 0.4958471760797342 0.81125
1 0.4260797342192691 0.7975 0.44601328903654486 0.8 0.4659468438538206 0.794375 0.47591362126245845 0.783125 0.4792358803986711 0.776875 0.4750830564784053 0.77 0.4700996677740864 0.765625 0.4543189368770764 0.759375 0.4393687707641196 0.76875 0.4269102990033223 0.77125 0.4219269102990033 0.774375 0.4169435215946844 0.780625 0.4169435215946844 0.788125 0.4260797342192691 0.7975
1 0.6910299003322259 0.11375 0.7018272425249169 0.110625 0.7109634551495017 0.100625 0.7117940199335548 0.089375 0.7043189368770764 0.08 0.6852159468438538 0.075 0.6719269102990033 0.075 0.6486710963455149 0.079375 0.6370431893687708 0.0975 0.6378737541528239 0.103125 0.6445182724252492 0.10875 0.6619601328903655 0.11375 0.6910299003322259 0.11375
1 0.1420265780730897 0.410625 0.15282392026578073 0.41 0.16029900332225913 0.406875 0.17026578073089702 0.399375 0.1719269102990033 0.395625 0.17358803986710963 0.385625 0.17109634551495018 0.375625 0.15614617940199335 0.36375 0.1362126245847176 0.36375 0.12375415282392027 0.36875 0.11877076411960133 0.37375 0.11960132890365449 0.395 0.12292358803986711 0.40125 0.13205980066445183 0.408125 0.1420265780730897 0.410625
1 0.26744186046511625 0.45875 0.2782392026578073 0.459375 0.29817275747508304 0.4575 0.30564784053156147 0.454375 0.31478405315614616 0.4425 0.31727574750830567 0.43125 0.3106312292358804 0.42 0.3023255813953488 0.41625 0.2931893687707641 0.415625 0.2823920265780731 0.416875 0.26827242524916944 0.423125 0.25664451827242524 0.439375 0.25664451827242524 0.44625 0.2616279069767442 0.454375 0.26744186046511625 0.45875
1 0.3073089700996678 0.276875 0.3181063122923588 0.265 0.31727574750830567 0.25375 0.3081395348837209 0.24375 0.29485049833887045 0.24 0.28488372093023256 0.240625 0.2823920265780731 0.2425 0.2799003322259136 0.245 0.27740863787375414 0.261875 0.2799003322259136 0.269375 0.28820598006644516 0.276875 0.3073089700996678 0.276875
1 0.26287375415282394 0.3321875 0.0024916943521594683 0.000625
1 0.6719269102990033 0.2625 0.6810631229235881 0.26 0.6935215946843853 0.25 0.6985049833887044 0.24 0.7001661129568106 0.230625 0.6976744186046512 0.220625 0.6877076411960132 0.210625 0.6785714285714286 0.2075 0.665282392026578 0.209375 0.6486710963455149 0.22625 0.6478405315614618 0.24875 0.6503322259136213 0.254375 0.6611295681063123 0.261875 0.6719269102990033 0.2625
1 0.5481727574750831 0.805 0.5614617940199336 0.811875 0.5780730897009967 0.81375 0.5888704318936877 0.81125 0.5971760797342193 0.80375 0.5971760797342193 0.790625 0.5872093023255814 0.775625 0.5739202657807309 0.764375 0.5672757475083057 0.761875 0.5498338870431894 0.760625 0.5365448504983389 0.765625 0.532392026578073 0.77125 0.53156146179402 0.783125 0.5365448504983389 0.793125 0.5481727574750831 0.805
0 0.287375415282392 0.81125 0.2441860465116279 0.83 0.23255813953488372 0.8575 0.22425249169435216 0.885 0.25083056478405313 0.915 0.32059800664451826 0.9175 0.3654485049833887 0.88625 0.3654485049833887 0.855 0.3488372093023256 0.83625 0.3272425249169435 0.82375 0.287375415282392 0.81125