0 0.654485049833887 0.78375 0.670265780730897 0.778125 0.6827242524916943 0.77 0.6910299003322259 0.763125 0.7001661129568106 0.75 0.7051495016611296 0.736875 0.7051495016611296 0.718125 0.7009966777408638 0.704375 0.6870431893687708 0.687625 0.6744186046511628 0.678125 0.6569767441860465 0.67125 0.6395348837209303 0.666875 0.6237541528239202 0.666875 0.606312292358804 0.67 0.5897009966777409 0.675625 0.5813953488372093 0.680625 0.563953488372093 0.695625 0.5581395348837209 0.705 0.553156146179402 0.720625 0.5548172757475083 0.743125 0.5647840531561462 0.761875 0.5780730897009967 0.77375 0.5921926910299004 0.78125 0.6254152823920266 0.7875 0.654485049833887 0.78375
1 0.4850498338870432 0.3125 0.48754152823920266 0.2975 0.48172757475083056 0.28625 0.4717607973421927 0.28 0.4568106312292359 0.28 0.446843853820598 0.286875 0.4410299003322259 0.294375 0.4410299003322259 0.31125 0.44518272425249167 0.316875 0.45514950166112955 0.3225 0.46677740863787376 0.324375 0.47259136212624586 0.3225 0.4850498338870432 0.3125
1 0.24833887043189368 0.459375 0.2441860465116279 0.453125 0.24003322259136212 0.4525 0.23421926910299004 0.4475 0.20930232558139536 0.4475 0.19767441860465115 0.453125 0.19186046511627908 0.4625 0.19269102990033224 0.468125 0.19933554817275748 0.473125 0.21096345514950166 0.4775 0.22840531561461794 0.478125 0.2441860465116279 0.47 0.24833887043189368 0.459375
1 0.2541528239202658 0.335 0.24584717607973422 0.3275 0.23837209302325582 0.325 0.22508305647840532 0.325 0.21677740863787376 0.328125 0.20764119601328904 0.335 0.20681063122923588 0.348125 0.22093023255813954 0.3575 0.23421926910299004 0.35875 0.23920265780730898 0.354375 0.2541528239202658 0.34875 0.2541528239202658 0.335
1 0.4269102990033223 0.32125 0.42940199335548174 0.308125 0.4260797342192691 0.2975 0.41943521594684385 0.28875 0.4111295681063123 0.283125 0.39368770764119604 0.283125 0.38372093023255816 0.286875 0.37624584717607973 0.29875 0.37624584717607973 0.316875 0.3845514950166113 0.3275 0.3945182724252492 0.3325 0.4111295681063123 0.3325 0.41943521594684385 0.329375 0.4269102990033223 0.32125
1 0.19102990033222592 0.551875 0.2009966777408638 0.545625 0.2059800664451827 0.536875 0.20681063122923588 0.52625 0.2009966777408638 0.516875 0.19102990033222592 0.5125 0.17358803986710963 0.5125 0.16196013289036545 0.51 0.14700996677740863 0.515625 0.13870431893687707 0.523125 0.13372093023255813 0.531875 0.1345514950166113 0.53875 0.14451827242524917 0.548125 0.15282392026578073 0.5525 0.16528239202657807 0.555 0.18106312292358803 0.554375 0.19102990033222592 0.551875
1 0.44435215946843853 0.5025 0.44933554817275745 0.491875 0.44518272425249167 0.48375 0.4260797342192691 0.465625 0.4119601328903654 0.465625 0.4019933554817276 0.47125 0.39867109634551495 0.48125 0.3995016611295681 0.489375 0.40946843853820597 0.5 0.4219269102990033 0.500625 0.436046511627907 0.505625 0.44019933554817275 0.505625 0.44435215946843853 0.5025
1 0.6021594684385382 0.41125 0.6046511627906976 0.404375 0.6013289036544851 0.390625 0.5946843853820598 0.386875 0.584717607973422 0.385 0.5764119601328903 0.385625 0.5647840531561462 0.39 0.5573089700996677 0.39875 0.5573089700996677 0.41125 0.5614617940199336 0.41625 0.5664451827242525 0.418125 0.5880398671096345 0.418125 0.5930232558139535 0.41625 0.6021594684385382 0.41125
1 0.5132890365448505 0.490625 0.5191029900332226 0.48125 0.5132890365448505 0.464375 0.5083056478405316 0.459375 0.49667774086378735 0.454375 0.4867109634551495 0.454375 0.47591362126245845 0.46 0.47674418604651164 0.475625 0.4833887043189369 0.485 0.4908637873754153 0.490625 0.49916943521594687 0.493125 0.5083056478405316 0.493125 0.5132890365448505 0.490625
1 0.717607973421927 0.30125 0.717607973421927 0.295625 0.7159468438538206 0.29125 0.7051495016611296 0.28375 0.6843853820598007 0.281875 0.6785714285714286 0.283125 0.670265780730897 0.291875 0.670265780730897 0.303125 0.6777408637873754 0.310625 0.6843853820598007 0.3125 0.7001661129568106 0.3125 0.7134551495016611 0.308125 0.717607973421927 0.30125
1 0.24833887043189368 0.6325 0.24916943521594684 0.62625 0.24501661129568106 0.615625 0.2350498338870432 0.60875 0.2159468438538206 0.6075 0.20514950166112958 0.61375 0.2026578073089701 0.618125 0.20182724252491693 0.633125 0.20681063122923588 0.64 0.21428571428571427 0.644375 0.23421926910299004 0.644375 0.24501661129568106 0.6375 0.24833887043189368 0.6325
1 0.696843853820598 0.385625 0.6868770764119602 0.375625 0.6710963455149501 0.37125 0.6636212624584718 0.371875 0.6569767441860465 0.3775 0.6569767441860465 0.39 0.670265780730897 0.401875 0.6810631229235881 0.405 0.6926910299003323 0.401875 0.6993355481727574 0.391875 0.696843853820598 0.385625
1 0.28488372093023256 0.2775 0.27906976744186046 0.271875 0.27325581395348836 0.27 0.2549833887043189 0.27 0.23920265780730898 0.280625 0.23920265780730898 0.2975 0.24750830564784054 0.3025 0.25830564784053156 0.30375 0.27740863787375414 0.2975 0.287375415282392 0.286875 0.28488372093023256 0.2775
1 0.5606312292358804 0.485 0.5581395348837209 0.470625 0.5448504983388704 0.4625 0.53156146179402 0.4625 0.5249169435215947 0.4675 0.5224252491694352 0.47625 0.5232558139534884 0.485625 0.5332225913621262 0.49 0.5431893687707641 0.5 0.5539867109634552 0.498125 0.5581395348837209 0.49375 0.5606312292358804 0.485
1 0.31146179401993357 0.478125 0.31478405315614616 0.47125 0.3131229235880399 0.460625 0.3064784053156146 0.453125 0.29651162790697677 0.448125 0.2815614617940199 0.444375 0.27325581395348836 0.444375 0.26411960132890366 0.448125 0.2616279069767442 0.459375 0.26411960132890366 0.466875 0.276578073089701 0.478125 0.2898671096345515 0.4825 0.303156146179402 0.4825 0.3073089700996678 0.480625 0.31146179401993357 0.478125
1 0.20764119601328904 0.41 0.21511627906976744 0.4 0.2159468438538206 0.385 0.21345514950166114 0.37875 0.20182724252491693 0.37125 0.19186046511627908 0.37125 0.18023255813953487 0.375625 0.16777408637873753 0.390625 0.16777408637873753 0.404375 0.17691029900332225 0.415625 0.18272425249169436 0.418125 0.1951827242524917 0.418125 0.19933554817275748 0.41625 0.20764119601328904 0.41
1 0.36295681063122925 0.390625 0.3380398671096346 0.39 0.3313953488372093 0.391875 0.31976744186046513 0.400625 0.3164451827242525 0.420625 0.3239202657807309 0.42625 0.34717607973421927 0.42625 0.3696013289036545 0.415625 0.37375415282392027 0.408125 0.3729235880398671 0.401875 0.36295681063122925 0.390625
1 0.4227574750830565 0.43625 0.4219269102990033 0.41875 0.40946843853820597 0.413125 0.39867109634551495 0.413125 0.38372093023255816 0.418125 0.37209302325581395 0.431875 0.37209302325581395 0.4475 0.38289036544850497 0.4575 0.38787375415282394 0.45875 0.40282392026578073 0.4575 0.40946843853820597 0.45375 0.4227574750830565 0.43625
1 0.5415282392026578 0.5025 0.5382059800664452 0.495625 0.5290697674418605 0.48875 0.5182724252491694 0.48875 0.5033222591362126 0.496875 0.49667774086378735 0.508125 0.49667774086378735 0.525 0.5083056478405316 0.535 0.520764119601329 0.53375 0.5290697674418605 0.52875 0.5373754152823921 0.519375 0.5415282392026578 0.5025
1 0.4368770764119601 0.589375 0.43438538205980065 0.5775 0.42524916943521596 0.568125 0.41029900332225916 0.565625 0.3995016611295681 0.568125 0.38870431893687707 0.579375 0.3862126245847176 0.585 0.38704318936877075 0.600625 0.3995016611295681 0.610625 0.41445182724252494 0.611875 0.42524916943521596 0.608125 0.43521594684385384 0.59625 0.4368770764119601 0.589375
1 0.25 0.565625 0.25 0.553125 0.2441860465116279 0.544375 0.2350498338870432 0.536875 0.22259136212624583 0.535 0.21179401993355482 0.539375 0.20514950166112958 0.545 0.19933554817275748 0.55375 0.2009966777408638 0.576875 0.2084717607973422 0.585625 0.22591362126245848 0.586875 0.23421926910299004 0.58375 0.24501661129568106 0.575 0.25 0.565625
1 0.6445182724252492 0.4 0.6420265780730897 0.3875 0.6312292358803987 0.38 0.6129568106312292 0.380625 0.606312292358804 0.386875 0.606312292358804 0.395625 0.6079734219269103 0.399375 0.617109634551495 0.40625 0.6254152823920266 0.408125 0.6403654485049833 0.40625 0.6445182724252492 0.4
1 0.3164451827242525 0.41125 0.3064784053156146 0.396875 0.29651162790697677 0.391875 0.2840531561461794 0.391875 0.27408637873754155 0.3975 0.2707641196013289 0.401875 0.2724252491694352 0.415625 0.2823920265780731 0.4275 0.29983388704318936 0.4325 0.3089700996677741 0.4275 0.313953488372093 0.420625 0.3164451827242525 0.41125
1 0.20182724252491693 0.495 0.20016611295681064 0.48125 0.1893687707641196 0.474375 0.17275747508305647 0.474375 0.15780730897009967 0.484375 0.15448504983388706 0.490625 0.1553156146179402 0.498125 0.15946843853820597 0.505 0.16611295681063123 0.51 0.1852159468438538 0.51 0.19933554817275748 0.5 0.20182724252491693 0.495
1 0.2009966777408638 0.313125 0.19933554817275748 0.30875 0.18272425249169436 0.296875 0.16029900332225913 0.295 0.15282392026578073 0.29625 0.143687707641196 0.30375 0.14285714285714285 0.31625 0.1461794019933555 0.32125 0.16029900332225913 0.329375 0.17524916943521596 0.331875 0.18853820598006646 0.329375 0.19933554817275748 0.319375 0.2009966777408638 0.313125
1 0.3014950166112957 0.551875 0.30481727574750833 0.54625 0.30398671096345514 0.531875 0.2931893687707641 0.52375 0.2707641196013289 0.524375 0.2541528239202658 0.53875 0.25332225913621265 0.5525 0.2599667774086379 0.559375 0.2666112956810631 0.5625 0.27740863787375414 0.563125 0.2915282392026578 0.56 0.3014950166112957 0.551875
1 0.3330564784053156 0.3325 0.3372093023255814 0.324375 0.33637873754152825 0.315 0.3289036544850498 0.309375 0.32142857142857145 0.3075 0.30564784053156147 0.308125 0.29485049833887045 0.31125 0.2782392026578073 0.323125 0.27740863787375414 0.335 0.2823920265780731 0.341875 0.2931893687707641 0.345625 0.3081395348837209 0.345625 0.313953488372093 0.34375 0.3330564784053156 0.3325
1 0.2574750830564784 0.5125 0.2574750830564784 0.496875 0.24335548172757476 0.486875 0.22840531561461794 0.486875 0.223421926910299 0.48875 0.21179401993355482 0.495625 0.20514950166112958 0.50375 0.20431893687707642 0.52 0.20681063122923588 0.524375 0.21843853820598005 0.53125 0.23837209302325582 0.530625 0.25 0.523125 0.2574750830564784 0.5125
1 0.2632890365448505 0.43625 0.2632890365448505 0.42625 0.25830564784053156 0.41625 0.24667774086378738 0.40625 0.2367109634551495 0.401875 0.22840531561461794 0.4 0.2159468438538206 0.400625 0.20764119601328904 0.41125 0.2084717607973422 0.423125 0.223421926910299 0.440625 0.23588039867109634 0.44625 0.25 0.446875 0.2599667774086379 0.44125 0.2632890365448505 0.43625
1 0.44435215946843853 0.53375 0.44518272425249167 0.528125 0.436046511627907 0.508125 0.4210963455149502 0.50125 0.4111295681063123 0.50125 0.40282392026578073 0.505625 0.39700996677740863 0.51375 0.3978405315614618 0.530625 0.40282392026578073 0.53875 0.4169435215946844 0.54625 0.43106312292358806 0.54625 0.43853820598006643 0.5425 0.44435215946843853 0.53375
1 0.6162790697674418 0.454375 0.6121262458471761 0.444375 0.6071428571428571 0.439375 0.5880398671096345 0.433125 0.5764119601328903 0.43625 0.5722591362126246 0.439375 0.5681063122923588 0.449375 0.5689368770764119 0.4575 0.5772425249169435 0.46875 0.5880398671096345 0.473125 0.5996677740863787 0.473125 0.6121262458471761 0.4675 0.6162790697674418 0.454375
1 0.2724252491694352 0.360625 0.2549833887043189 0.35125 0.24833887043189368 0.35125 0.23920265780730898 0.354375 0.22508305647840532 0.366875 0.22508305647840532 0.38375 0.2367109634551495 0.391875 0.2549833887043189 0.391875 0.2616279069767442 0.389375 0.2724252491694352 0.379375 0.2724252491694352 0.360625
1 0.4227574750830565 0.655625 0.42441860465116277 0.644375 0.41943521594684385 0.63375 0.41362126245847175 0.62875 0.39867109634551495 0.623125 0.39285714285714285 0.623125 0.3845514950166113 0.6275 0.3787375415282392 0.635 0.37790697674418605 0.648125 0.38205980066445183 0.65625 0.38704318936877075 0.66 0.3953488372093023 0.66375 0.40863787375415284 0.66375 0.4227574750830565 0.655625
1 0.3903654485049834 0.50875 0.3945182724252492 0.50125 0.39368770764119604 0.491875 0.3903654485049834 0.48625 0.38205980066445183 0.48125 0.37209302325581395 0.48125 0.3579734219269103 0.488125 0.3521594684385382 0.495625 0.3521594684385382 0.51 0.35714285714285715 0.516875 0.36212624584717606 0.519375 0.37209302325581395 0.520625 0.3803986710963455 0.518125 0.3903654485049834 0.50875
1 0.1893687707641196 0.363125 0.19186046511627908 0.35125 0.19019933554817275 0.3425 0.18106312292358803 0.3375 0.16528239202657807 0.3375 0.15033222591362128 0.3425 0.13870431893687707 0.35625 0.1362126245847176 0.3625 0.13704318936877077 0.373125 0.143687707641196 0.37875 0.15282392026578073 0.380625 0.1644518272425249 0.38 0.1760797342192691 0.375 0.1893687707641196 0.363125
1 0.5290697674418605 0.41375 0.5290697674418605 0.401875 0.5257475083056479 0.393125 0.5174418604651163 0.386875 0.5058139534883721 0.385625 0.49750830564784054 0.390625 0.49335548172757476 0.401875 0.4941860465116279 0.413125 0.49916943521594687 0.42 0.5058139534883721 0.423125 0.5182724252491694 0.423125 0.526578073089701 0.418125 0.5290697674418605 0.41375
1 0.3803986710963455 0.57125 0.3903654485049834 0.560625 0.39285714285714285 0.550625 0.3903654485049834 0.5475 0.37209302325581395 0.54375 0.35714285714285715 0.54625 0.34136212624584716 0.560625 0.34136212624584716 0.575 0.3446843853820598 0.579375 0.3521594684385382 0.581875 0.36212624584717606 0.581875 0.3687707641196013 0.579375 0.3803986710963455 0.57125
1 0.5813953488372093 0.32 0.5689368770764119 0.308125 0.5573089700996677 0.305625 0.5398671096345515 0.30625 0.5290697674418605 0.31375 0.5299003322259136 0.32625 0.5456810631229236 0.334375 0.5672757475083057 0.335 0.5755813953488372 0.3325 0.5813953488372093 0.326875 0.5813953488372093 0.32
1 0.4742524916943522 0.47375 0.4742524916943522 0.459375 0.46677740863787376 0.4425 0.45514950166112955 0.439375 0.4393687707641196 0.445 0.43106312292358806 0.455625 0.43272425249169433 0.4725 0.4426910299003322 0.4825 0.4543189368770764 0.485625 0.45930232558139533 0.485625 0.4700996677740864 0.480625 0.4742524916943522 0.47375
1 0.5290697674418605 0.3125 0.5290697674418605 0.30125 0.5249169435215947 0.293125 0.5141196013289037 0.29 0.49750830564784054 0.291875 0.4900332225913621 0.298125 0.4867109634551495 0.305 0.4867109634551495 0.319375 0.4900332225913621 0.323125 0.5008305647840532 0.3275 0.510797342192691 0.326875 0.5224252491694352 0.3225 0.5290697674418605 0.3125
1 0.526578073089701 0.559375 0.5224252491694352 0.548125 0.5141196013289037 0.54375 0.49169435215946844 0.54375 0.4850498338870432 0.54625 0.4700996677740864 0.558125 0.4676079734219269 0.564375 0.4692691029900332 0.5725 0.48255813953488375 0.5775 0.49750830564784054 0.5775 0.5024916943521595 0.575 0.5083056478405316 0.575 0.526578073089701 0.559375
1 0.5921926910299004 0.523125 0.5913621262458472 0.508125 0.5880398671096345 0.50375 0.5805647840531561 0.5 0.5539867109634552 0.5 0.5431893687707641 0.506875 0.5373754152823921 0.52 0.5382059800664452 0.5275 0.5456810631229236 0.53375 0.5556478405315615 0.53625 0.574750830564784 0.53375 0.5872093023255814 0.528125 0.5921926910299004 0.523125
1 0.47591362126245845 0.20125 0.47591362126245845 0.196875 0.46511627906976744 0.184375 0.446843853820598 0.179375 0.43521594684385384 0.179375 0.4169435215946844 0.18625 0.4152823920265781 0.194375 0.41777408637873753 0.199375 0.42857142857142855 0.20875 0.4435215946843854 0.21375 0.45514950166112955 0.214375 0.47093023255813954 0.20875 0.47591362126245845 0.20125
1 0.5772425249169435 0.591875 0.579734219269103 0.585625 0.5780730897009967 0.575 0.5730897009966778 0.5675 0.5581395348837209 0.560625 0.5290697674418605 0.560625 0.5141196013289037 0.571875 0.5141196013289037 0.589375 0.5224252491694352 0.59625 0.5348837209302325 0.60125 0.5589700996677741 0.60125 0.5730897009966778 0.59625 0.5772425249169435 0.591875
1 0.2632890365448505 0.18125 0.2599667774086379 0.17625 0.24833887043189368 0.168125 0.2292358803986711 0.165625 0.22009966777408638 0.166875 0.2159468438538206 0.17125 0.21345514950166114 0.17625 0.21511627906976744 0.183125 0.22591362126245848 0.191875 0.23421926910299004 0.194375 0.24916943521594684 0.194375 0.2616279069767442 0.1875 0.2632890365448505 0.18125
1 0.643687707641196 0.41875 0.6312292358803987 0.41 0.6121262458471761 0.40875 0.6029900332225914 0.41125 0.5921926910299004 0.41875 0.5913621262458472 0.430625 0.5930232558139535 0.433125 0.6079734219269103 0.439375 0.6254152823920266 0.439375 0.6403654485049833 0.4325 0.643687707641196 0.41875
1 0.420265780730897 0.69 0.41943521594684385 0.6825 0.40780730897009965 0.67125 0.38787375415282394 0.675625 0.37209302325581395 0.685625 0.3687707641196013 0.693125 0.3696013289036545 0.7 0.37624584717607973 0.70625 0.38372093023255816 0.70875 0.40282392026578073 0.706875 0.4161129568106312 0.6975 0.420265780730897 0.69