1 0.3035230352303523 0.631875 0.31842818428184283 0.63375 0.32113821138211385 0.63875 0.3170731707317073 0.643125 0.3089430894308943 0.64625 0.29132791327913277 0.643125 0.2899728997289973 0.636875 0.3021680216802168 0.6325
1 0.8387533875338753 0.25 0.8482384823848238 0.251875 0.8495934959349594 0.25875 0.8428184281842819 0.263125 0.8197831978319783 0.26625 0.8089430894308943 0.265 0.8048780487804879 0.2575 0.8089430894308943 0.25375 0.8170731707317073 0.25125 0.8373983739837398 0.25
1 0.6246612466124661 0.4596875 0.03523035230352303 0.018125
1 0.2994579945799458 0.435625 0.3035230352303523 0.438125 0.3035230352303523 0.445 0.2886178861788618 0.45 0.2750677506775068 0.449375 0.2682926829268293 0.445 0.2682926829268293 0.441875 0.2791327913279133 0.43625 0.2981029810298103 0.435625
1 0.2791327913279133 0.341875 0.2926829268292683 0.3475 0.2940379403794038 0.354375 0.2899728997289973 0.3575 0.2764227642276423 0.359375 0.2601626016260163 0.35625 0.25203252032520324 0.351875 0.25203252032520324 0.348125 0.25745257452574527 0.34375 0.26558265582655827 0.341875 0.2777777777777778 0.341875
1 0.7249322493224932 0.25375 0.7317073170731707 0.255625 0.7371273712737128 0.265 0.7344173441734417 0.27 0.7289972899728997 0.271875 0.7168021680216802 0.270625 0.7113821138211383 0.263125 0.7127371273712737 0.255 0.7235772357723578 0.25375
1 0.8617886178861789 0.29875 0.8712737127371274 0.3 0.8712737127371274 0.305 0.8658536585365854 0.311875 0.8550135501355014 0.315625 0.8414634146341463 0.315 0.8373983739837398 0.313125 0.8373983739837398 0.308125 0.8401084010840109 0.303125 0.8482384823848238 0.299375 0.8604336043360433 0.29875
1 0.6463414634146342 0.3475 0.6571815718157181 0.353125 0.6544715447154471 0.359375 0.6463414634146342 0.3625 0.6300813008130082 0.364375 0.6219512195121951 0.364375 0.6178861788617886 0.3625 0.6205962059620597 0.35375 0.6246612466124661 0.35125 0.6449864498644986 0.3475
1 0.17750677506775067 0.3125 0.18699186991869918 0.315625 0.1937669376693767 0.3225 0.1937669376693767 0.328125 0.18699186991869918 0.3325 0.17073170731707318 0.33125 0.15989159891598917 0.324375 0.16124661246612465 0.31625 0.17615176151761516 0.3125
1 0.6395663956639567 0.336875 0.6436314363143631 0.34125 0.6422764227642277 0.346875 0.6233062330623306 0.35125 0.6056910569105691 0.34875 0.6056910569105691 0.341875 0.6111111111111112 0.338125 0.6192411924119241 0.33625 0.6382113821138211 0.336875
1 0.6531165311653117 0.24 0.6612466124661247 0.244375 0.6639566395663956 0.253125 0.6571815718157181 0.25875 0.6463414634146342 0.260625 0.6327913279132791 0.255625 0.6287262872628726 0.2475 0.6355013550135501 0.24125 0.6436314363143631 0.239375 0.6517615176151762 0.24
1 0.12330623306233063 0.3375 0.13279132791327913 0.3425 0.13279132791327913 0.348125 0.11788617886178862 0.3525 0.1043360433604336 0.351875 0.0948509485094851 0.349375 0.08807588075880758 0.34125 0.09349593495934959 0.3375 0.10298102981029811 0.335625 0.12195121951219512 0.3375
1 0.7168021680216802 0.404375 0.7222222222222222 0.406875 0.7181571815718157 0.415 0.7018970189701897 0.416875 0.6856368563685636 0.41625 0.6802168021680217 0.413125 0.6802168021680217 0.4075 0.6924119241192412 0.404375 0.7154471544715447 0.404375
1 0.8970189701897019 0.215 0.9037940379403794 0.216875 0.9065040650406504 0.22375 0.9010840108401084 0.2275 0.8875338753387534 0.230625 0.8712737127371274 0.22875 0.8658536585365854 0.223125 0.8753387533875339 0.216875 0.8956639566395664 0.215
1 0.7994579945799458 0.2175 0.8048780487804879 0.2225 0.8048780487804879 0.23125 0.7994579945799458 0.235 0.7899728997289973 0.236875 0.7750677506775068 0.23375 0.7710027100271003 0.223125 0.7818428184281843 0.216875 0.7981029810298103 0.2175
1 0.7479674796747967 0.47625 0.7655826558265583 0.48125 0.7682926829268293 0.4875 0.7588075880758808 0.491875 0.7452574525745257 0.4925 0.7330623306233063 0.490625 0.7262872628726287 0.4875 0.7235772357723578 0.479375 0.7262872628726287 0.476875 0.7466124661246613 0.47625
1 0.37262872628726285 0.49 0.37533875338753386 0.495625 0.3604336043360434 0.501875 0.34146341463414637 0.500625 0.33739837398373984 0.498125 0.33739837398373984 0.49375 0.34146341463414637 0.490625 0.3509485094850949 0.48875 0.3712737127371274 0.49
1 0.8807588075880759 0.566875 0.8915989159891599 0.574375 0.8902439024390244 0.580625 0.8821138211382114 0.585 0.8699186991869918 0.585 0.8577235772357723 0.579375 0.8577235772357723 0.57375 0.8617886178861789 0.57 0.8699186991869918 0.566875 0.8794037940379403 0.566875
1 0.2086720867208672 0.205 0.22086720867208673 0.208125 0.22493224932249323 0.213125 0.22357723577235772 0.2175 0.2181571815718157 0.22 0.21002710027100271 0.220625 0.2005420054200542 0.22 0.18834688346883469 0.213125 0.1897018970189702 0.20875 0.1951219512195122 0.20625 0.2073170731707317 0.205
1 0.7994579945799458 0.28625 0.8089430894308943 0.28875 0.8130081300813008 0.29625 0.8048780487804879 0.30125 0.7845528455284553 0.30375 0.7710027100271003 0.3 0.7696476964769647 0.293125 0.7804878048780488 0.2875 0.7981029810298103 0.28625
1 0.8577235772357723 0.384375 0.8726287262872628 0.388125 0.8739837398373984 0.393125 0.8685636856368564 0.396875 0.8495934959349594 0.399375 0.8333333333333334 0.398125 0.8265582655826558 0.39375 0.8279132791327913 0.390625 0.8401084010840109 0.385625 0.8563685636856369 0.384375
1 0.4186991869918699 0.47375 0.43360433604336046 0.474375 0.44037940379403795 0.476875 0.43902439024390244 0.484375 0.4186991869918699 0.489375 0.4010840108401084 0.4875 0.3997289972899729 0.48 0.4037940379403794 0.476875 0.4173441734417344 0.474375
1 0.33062330623306235 0.301875 0.33739837398373984 0.304375 0.34010840108401086 0.311875 0.3346883468834688 0.316875 0.3238482384823848 0.319375 0.3062330623306233 0.315625 0.3035230352303523 0.309375 0.3130081300813008 0.303125 0.32926829268292684 0.301875
1 0.4363143631436314 0.63625 0.44715447154471544 0.6425 0.44715447154471544 0.646875 0.43902439024390244 0.650625 0.4241192411924119 0.650625 0.41192411924119243 0.645625 0.41192411924119243 0.640625 0.4173441734417344 0.636875 0.4349593495934959 0.63625
1 0.7560975609756098 0.31125 0.7723577235772358 0.31625 0.7723577235772358 0.321875 0.7574525745257452 0.3275 0.7479674796747967 0.3275 0.7357723577235772 0.324375 0.7330623306233063 0.321875 0.7330623306233063 0.3175 0.7371273712737128 0.315 0.7547425474254743 0.31125
1 0.13143631436314362 0.365625 0.14769647696476965 0.37125 0.14769647696476965 0.3775 0.13685636856368563 0.380625 0.11653116531165311 0.38 0.10975609756097561 0.3775 0.1070460704607046 0.37375 0.11517615176151762 0.366875 0.13008130081300814 0.365625
1 0.4173441734417344 0.446875 0.4281842818428184 0.449375 0.4363143631436314 0.454375 0.4349593495934959 0.46125 0.4281842818428184 0.46375 0.4173441734417344 0.46375 0.4010840108401084 0.45625 0.4037940379403794 0.45 0.4159891598915989 0.446875
1 0.2032520325203252 0.46125 0.2086720867208672 0.463125 0.21680216802168023 0.471875 0.21680216802168023 0.476875 0.2127371273712737 0.47875 0.1937669376693767 0.4775 0.18157181571815717 0.470625 0.18292682926829268 0.4625 0.1910569105691057 0.460625 0.2018970189701897 0.46125
1 0.2696476964769648 0.2475 0.2859078590785908 0.250625 0.2886178861788618 0.255625 0.2804878048780488 0.261875 0.26287262872628725 0.265 0.2506775067750677 0.2625 0.24796747967479674 0.255625 0.25474254742547425 0.249375 0.2682926829268293 0.2475
1 0.4363143631436314 0.490625 0.44579945799457993 0.49375 0.44715447154471544 0.498125 0.43902439024390244 0.505 0.4268292682926829 0.508125 0.4078590785907859 0.50625 0.4024390243902439 0.496875 0.4132791327913279 0.4925 0.4349593495934959 0.490625
1 0.21680216802168023 0.35125 0.22899728997289973 0.355625 0.23306233062330622 0.359375 0.23035230352303523 0.368125 0.21680216802168023 0.37125 0.2018970189701897 0.36875 0.1937669376693767 0.36 0.1951219512195122 0.355625 0.2018970189701897 0.3525 0.21544715447154472 0.35125
1 0.508130081300813 0.484375 0.5271002710027101 0.48375 0.5392953929539296 0.490625 0.537940379403794 0.49875 0.5271002710027101 0.500625 0.518970189701897 0.5 0.5067750677506775 0.494375 0.508130081300813 0.485
1 0.7669376693766937 0.30125 0.7777777777777778 0.303125 0.7859078590785907 0.30875 0.7831978319783198 0.313125 0.7737127371273713 0.31625 0.7547425474254743 0.3125 0.7506775067750677 0.31 0.7493224932249323 0.30625 0.7533875338753387 0.301875 0.7655826558265583 0.30125
1 0.7791327913279132 0.35875 0.7859078590785907 0.3625 0.7859078590785907 0.3675 0.7655826558265583 0.3725 0.7520325203252033 0.37125 0.7466124661246613 0.365 0.7601626016260162 0.35875 0.7777777777777778 0.35875
1 0.5460704607046071 0.24875 0.5555555555555556 0.251875 0.5582655826558266 0.259375 0.5528455284552846 0.2625 0.540650406504065 0.264375 0.5284552845528455 0.26375 0.516260162601626 0.258125 0.513550135501355 0.254375 0.5284552845528455 0.248125 0.5447154471544715 0.24875
1 0.8062330623306233 0.14 0.8116531165311653 0.14375 0.8075880758807588 0.15125 0.8008130081300813 0.15375 0.7831978319783198 0.155625 0.7723577235772358 0.15375 0.7682926829268293 0.149375 0.7696476964769647 0.14375 0.7872628726287263 0.13875 0.8048780487804879 0.14
1 0.6653116531165312 0.500625 0.6693766937669376 0.501875 0.6707317073170732 0.505625 0.6680216802168022 0.50875 0.6571815718157181 0.5125 0.6395663956639567 0.511875 0.6327913279132791 0.50875 0.6314363143631436 0.504375 0.6355013550135501 0.50125 0.6490514905149052 0.499375 0.6639566395663956 0.500625
1 0.2682926829268293 0.3084375 0.04336043360433604 0.021875
1 0.7493224932249323 0.40375 0.7560975609756098 0.408125 0.7547425474254743 0.418125 0.7479674796747967 0.4225 0.7384823848238482 0.424375 0.7262872628726287 0.423125 0.7195121951219512 0.414375 0.7276422764227642 0.405625 0.7398373983739838 0.403125 0.7479674796747967 0.40375
1 0.45934959349593496 0.4525 0.46883468834688347 0.45625 0.47289972899729 0.460625 0.47289972899729 0.465625 0.4634146341463415 0.47 0.45257452574525747 0.47 0.44715447154471544 0.468125 0.43766937669376693 0.460625 0.44173441734417346 0.455 0.45799457994579945 0.4525
1 0.6084010840108401 0.3175 0.6165311653116531 0.320625 0.6165311653116531 0.325625 0.6016260162601627 0.333125 0.5772357723577236 0.331875 0.575880758807588 0.32625 0.5840108401084011 0.320625 0.5975609756097561 0.3175 0.6070460704607046 0.3175
1 0.3970189701897019 0.44375 0.04065040650406504 0.0175
1 0.3062330623306233 0.32375 0.3170731707317073 0.326875 0.31978319783197834 0.33625 0.3157181571815718 0.340625 0.3008130081300813 0.345625 0.2886178861788618 0.343125 0.28319783197831977 0.33375 0.2872628726287263 0.32875 0.2953929539295393 0.325 0.3048780487804878 0.32375
1 0.1842818428184282 0.295625 0.19241192411924118 0.296875 0.2018970189701897 0.303125 0.2018970189701897 0.309375 0.1951219512195122 0.313125 0.17479674796747968 0.311875 0.16802168021680217 0.305 0.17073170731707318 0.29875 0.18292682926829268 0.295625
1 0.9146341463414634 0.443125 0.9254742547425474 0.44875 0.9254742547425474 0.454375 0.9214092140921409 0.458125 0.9132791327913279 0.459375 0.8970189701897019 0.4575 0.8861788617886179 0.450625 0.8875338753387534 0.44625 0.8943089430894309 0.44375 0.9132791327913279 0.443125
1 0.3915989159891599 0.519375 0.3970189701897019 0.521875 0.3983739837398374 0.52625 0.39295392953929537 0.5325 0.3861788617886179 0.534375 0.37669376693766937 0.534375 0.36720867208672087 0.531875 0.36449864498644985 0.525625 0.3712737127371274 0.520625 0.3821138211382114 0.51875 0.3902439024390244 0.519375
1 0.7655826558265583 0.278125 0.7723577235772358 0.279375 0.7750677506775068 0.28625 0.7682926829268293 0.290625 0.7588075880758808 0.2925 0.7398373983739838 0.290625 0.7371273712737128 0.2825 0.7452574525745257 0.27875 0.7642276422764228 0.278125
1 0.7710027100271003 0.301875 0.7791327913279132 0.303125 0.7859078590785907 0.3075 0.7845528455284553 0.3125 0.7750677506775068 0.31625 0.7533875338753387 0.311875 0.7493224932249323 0.308125 0.7506775067750677 0.303125 0.7560975609756098 0.300625 0.7628726287262872 0.3 0.7696476964769647 0.301875
1 0.8157181571815718 0.23375 0.8306233062330624 0.2375 0.8333333333333334 0.240625 0.8333333333333334 0.248125 0.8211382113821138 0.250625 0.8048780487804879 0.250625 0.7926829268292683 0.244375 0.7926829268292683 0.239375 0.7967479674796748 0.23625 0.8062330623306233 0.233125 0.8143631436314364 0.23375
1 0.7926829268292683 0.419375 0.8035230352303523 0.421875 0.8062330623306233 0.424375 0.8035230352303523 0.43 0.7926829268292683 0.434375 0.7764227642276422 0.43375 0.7710027100271003 0.42875 0.7764227642276422 0.421875 0.7913279132791328 0.419375
1 0.6436314363143631 0.59375 0.6517615176151762 0.595 0.6571815718157181 0.598125 0.6571815718157181 0.60375 0.6327913279132791 0.609375 0.6151761517615176 0.606875 0.6070460704607046 0.6025 0.6056910569105691 0.59875 0.6124661246612466 0.594375 0.6205962059620597 0.593125 0.6422764227642277 0.59375
1 0.25609756097560976 0.2375 0.2682926829268293 0.24 0.2682926829268293 0.244375 0.26422764227642276 0.248125 0.25474254742547425 0.249375 0.24796747967479674 0.2525 0.23441734417344173 0.25 0.23170731707317074 0.2425 0.23983739837398374 0.2375 0.25474254742547425 0.2375
1 0.8102981029810298 0.27375 0.8157181571815718 0.278125 0.8157181571815718 0.28375 0.8075880758807588 0.2875 0.7940379403794038 0.28625 0.7791327913279132 0.2875 0.7777777777777778 0.28125 0.7899728997289973 0.275 0.8089430894308943 0.27375
1 0.3875338753387534 0.498125 0.4051490514905149 0.505 0.4037940379403794 0.511875 0.3943089430894309 0.515 0.37262872628726285 0.511875 0.36720867208672087 0.506875 0.3712737127371274 0.499375 0.3861788617886179 0.498125
1 0.573170731707317 0.643125 0.5840108401084011 0.644375 0.5975609756097561 0.650625 0.6002710027100271 0.655625 0.5948509485094851 0.66125 0.5772357723577236 0.661875 0.5650406504065041 0.6575 0.5582655826558266 0.64875 0.5650406504065041 0.64375 0.5718157181571816 0.64375
1 0.6626016260162602 0.5215625 0.037940379403794036 0.019375
1 0.24525745257452575 0.53625 0.25745257452574527 0.541875 0.2601626016260163 0.546875 0.25745257452574527 0.553125 0.24796747967479674 0.55625 0.23441734417344173 0.555 0.22628726287262874 0.55 0.22357723577235772 0.545 0.22493224932249323 0.53875 0.23035230352303523 0.53625 0.24390243902439024 0.53625
1 0.556910569105691 0.285 0.5636856368563685 0.2875 0.5650406504065041 0.294375 0.559620596205962 0.2975 0.540650406504065 0.300625 0.5284552845528455 0.3 0.5230352303523035 0.296875 0.5230352303523035 0.2925 0.537940379403794 0.28625 0.5555555555555556 0.285
1 0.37533875338753386 0.31 0.38346883468834686 0.31625 0.38346883468834686 0.3225 0.3794037940379404 0.32625 0.36585365853658536 0.32875 0.34823848238482386 0.324375 0.34688346883468835 0.31875 0.35501355013550134 0.311875 0.3617886178861789 0.31 0.37398373983739835 0.31
1 0.45934959349593496 0.43375 0.46476964769647694 0.435625 0.4634146341463415 0.44375 0.45257452574525747 0.449375 0.4444444444444444 0.450625 0.4363143631436314 0.450625 0.4281842818428184 0.446875 0.4268292682926829 0.44125 0.43766937669376693 0.435625 0.45799457994579945 0.43375
1 0.3685636856368564 0.531875 0.3807588075880759 0.535625 0.3861788617886179 0.543125 0.3807588075880759 0.549375 0.3685636856368564 0.55125 0.35772357723577236 0.55 0.34823848238482386 0.54 0.3509485094850949 0.5325 0.36720867208672087 0.531875
1 0.8238482384823849 0.29375 0.8319783197831978 0.296875 0.8401084010840109 0.30375 0.8373983739837398 0.31125 0.8279132791327913 0.31375 0.8143631436314364 0.311875 0.8048780487804879 0.304375 0.8130081300813008 0.295625 0.8224932249322493 0.29375
1 0.8902439024390244 0.280625 0.8983739837398373 0.28375 0.8970189701897019 0.29125 0.8766937669376694 0.296875 0.8617886178861789 0.2925 0.8604336043360433 0.28625 0.8726287262872628 0.28125 0.8888888888888888 0.280625
1 0.5948509485094851 0.246875 0.6056910569105691 0.248125 0.6178861788617886 0.254375 0.6178861788617886 0.261875 0.6070460704607046 0.265625 0.5867208672086721 0.2625 0.5772357723577236 0.255625 0.5799457994579946 0.25 0.5934959349593496 0.246875
1 0.23712737127371275 0.316875 0.24932249322493225 0.319375 0.25609756097560976 0.32375 0.25609756097560976 0.33 0.24525745257452575 0.33375 0.22357723577235772 0.331875 0.21544715447154472 0.325625 0.21544715447154472 0.32125 0.2222222222222222 0.318125 0.23577235772357724 0.316875
1 0.3130081300813008 0.4475 0.32113821138211385 0.45125 0.32113821138211385 0.45875 0.3130081300813008 0.46375 0.2994579945799458 0.46625 0.2845528455284553 0.463125 0.2845528455284553 0.453125 0.3035230352303523 0.445625 0.3116531165311653 0.4475
1 0.7208672086720868 0.573125 0.7357723577235772 0.5775 0.7398373983739838 0.580625 0.7411924119241192 0.585625 0.7330623306233063 0.589375 0.7113821138211383 0.588125 0.7046070460704607 0.584375 0.7032520325203252 0.575 0.7195121951219512 0.573125
1 0.518970189701897 0.709375 0.5284552845528455 0.711875 0.5338753387533876 0.71625 0.5311653116531165 0.723125 0.524390243902439 0.724375 0.5121951219512195 0.72375 0.502710027100271 0.718125 0.5040650406504065 0.711875 0.510840108401084 0.709375 0.5176151761517616 0.709375
1 0.494579945799458 0.25875 0.5067750677506775 0.256875 0.5149051490514905 0.2575 0.5271002710027101 0.264375 0.5230352303523035 0.271875 0.5040650406504065 0.27375 0.494579945799458 0.269375 0.494579945799458 0.259375
1 0.26287262872628725 0.510625 0.27100271002710025 0.514375 0.27235772357723576 0.5225 0.2682926829268293 0.52625 0.25474254742547425 0.530625 0.24119241192411925 0.53 0.23441734417344173 0.52625 0.23306233062330622 0.521875 0.23441734417344173 0.51875 0.24390243902439024 0.51375 0.26151761517615174 0.510625
1 0.7100271002710027 0.208125 0.7208672086720868 0.213125 0.7208672086720868 0.21875 0.7113821138211383 0.2225 0.6910569105691057 0.221875 0.6829268292682927 0.216875 0.6883468834688347 0.209375 0.6951219512195121 0.2075 0.7086720867208672 0.208125
1 0.24119241192411925 0.33375 0.25338753387533874 0.340625 0.25203252032520324 0.346875 0.24254742547425473 0.349375 0.22357723577235772 0.349375 0.21138211382113822 0.343125 0.21138211382113822 0.338125 0.21680216802168023 0.335 0.23983739837398374 0.33375
1 0.6897018970189702 0.239375 0.6991869918699187 0.241875 0.7059620596205962 0.2475 0.7059620596205962 0.254375 0.6964769647696477 0.259375 0.6815718157181572 0.258125 0.6734417344173442 0.254375 0.6693766937669376 0.248125 0.6720867208672087 0.243125 0.6883468834688347 0.239375
1 0.31842818428184283 0.43125 0.32926829268292684 0.4325 0.33875338753387535 0.43875 0.33875338753387535 0.446875 0.3319783197831978 0.450625 0.31978319783197834 0.45 0.3048780487804878 0.443125 0.3048780487804878 0.434375 0.3089430894308943 0.431875 0.3170731707317073 0.43125
1 0.3048780487804878 0.516875 0.3130081300813008 0.51875 0.3157181571815718 0.52625 0.3008130081300813 0.5325 0.28319783197831977 0.531875 0.2791327913279133 0.53 0.2791327913279133 0.52625 0.29132791327913277 0.518125 0.3035230352303523 0.516875
1 0.6463414634146342 0.325625 0.6531165311653117 0.32375 0.6680216802168022 0.32375 0.6720867208672087 0.328125 0.6639566395663956 0.340625 0.6490514905149052 0.34375 0.6382113821138211 0.33375 0.6382113821138211 0.330625 0.6463414634146342 0.32625
1 0.7859078590785907 0.255 0.7940379403794038 0.260625 0.7953929539295393 0.266875 0.7913279132791328 0.27 0.7831978319783198 0.27125 0.7655826558265583 0.268125 0.7628726287262872 0.256875 0.7723577235772358 0.25375 0.7845528455284553 0.255
1 0.6544715447154471 0.663125 0.6598915989159891 0.671875 0.6463414634146342 0.678125 0.6368563685636857 0.678125 0.6233062330623306 0.675 0.6192411924119241 0.6725 0.6192411924119241 0.668125 0.6273712737127372 0.663125 0.6368563685636857 0.66125 0.6531165311653117 0.663125
1 0.7371273712737128 0.4 0.7249322493224932 0.394375 0.7249322493224932 0.383125 0.7371273712737128 0.379375 0.7479674796747967 0.38 0.7520325203252033 0.381875 0.7533875338753387 0.394375 0.7466124661246613 0.398125 0.7384823848238482 0.399375
1 0.5853658536585366 0.345 0.5975609756097561 0.348125 0.6016260162601627 0.354375 0.6002710027100271 0.35875 0.5867208672086721 0.363125 0.5718157181571816 0.361875 0.5636856368563685 0.35625 0.5663956639566395 0.346875 0.573170731707317 0.344375 0.5840108401084011 0.345
1 0.8441734417344173 0.536875 0.8523035230352304 0.54125 0.8536585365853658 0.54625 0.8428184281842819 0.55125 0.8265582655826558 0.55 0.8170731707317073 0.54375 0.8170731707317073 0.539375 0.8211382113821138 0.536875 0.8428184281842819 0.536875
1 0.7439024390243902 0.25125 0.7533875338753387 0.253125 0.7601626016260162 0.256875 0.7601626016260162 0.26875 0.7520325203252033 0.27125 0.7425474254742548 0.27125 0.7371273712737128 0.269375 0.7330623306233063 0.255 0.7425474254742548 0.251875
1 0.5772357723577236 0.363125 0.5853658536585366 0.37 0.5826558265582655 0.37375 0.5718157181571816 0.3775 0.5528455284552846 0.37625 0.5460704607046071 0.371875 0.5460704607046071 0.368125 0.559620596205962 0.3625 0.575880758807588 0.363125
1 0.5860433604336044 0.3003125 0.036585365853658534 0.019375
1 0.45934959349593496 0.475 0.470189701897019 0.47625 0.4742547425474255 0.479375 0.4742547425474255 0.484375 0.470189701897019 0.4875 0.45934959349593496 0.490625 0.44850948509485095 0.490625 0.44173441734417346 0.488125 0.44308943089430897 0.47875 0.45799457994579945 0.475625
1 0.6056910569105691 0.469375 0.6138211382113821 0.470625 0.6205962059620597 0.47625 0.6205962059620597 0.48125 0.6124661246612466 0.48375 0.6016260162601627 0.48375 0.5907859078590786 0.480625 0.5853658536585366 0.475 0.5894308943089431 0.470625 0.6043360433604336 0.469375
1 0.17208672086720866 0.39125 0.18157181571815717 0.39375 0.18292682926829268 0.400625 0.17479674796747968 0.40625 0.16124661246612465 0.40875 0.14363143631436315 0.4075 0.13956639566395665 0.404375 0.13956639566395665 0.399375 0.14905149051490515 0.39375 0.17073170731707318 0.39125
1 0.2506775067750677 0.57 0.25609756097560976 0.574375 0.25609756097560976 0.57875 0.2506775067750677 0.5825 0.24390243902439024 0.58375 0.23441734417344173 0.58375 0.22357723577235772 0.58125 0.21680216802168023 0.578125 0.21544715447154472 0.57375 0.22086720867208673 0.57 0.23035230352303523 0.568125 0.24932249322493225 0.57
1 0.8468834688346883 0.278125 0.8563685636856369 0.2825 0.8563685636856369 0.289375 0.8523035230352304 0.293125 0.8401084010840109 0.2975 0.8346883468834688 0.2975 0.8224932249322493 0.293125 0.8211382113821138 0.2875 0.8252032520325203 0.280625 0.8455284552845529 0.278125
1 0.8888888888888888 0.49875 0.8997289972899729 0.504375 0.8997289972899729 0.510625 0.8956639566395664 0.515 0.8834688346883469 0.51875 0.8753387533875339 0.51875 0.8644986449864499 0.515 0.8631436314363143 0.50625 0.8699186991869918 0.5 0.8875338753387534 0.49875
1 0.6260162601626016 0.610625 0.6327913279132791 0.6175 0.6300813008130082 0.621875 0.6192411924119241 0.626875 0.6097560975609756 0.626875 0.6002710027100271 0.623125 0.5975609756097561 0.615 0.6084010840108401 0.61 0.6219512195121951 0.609375 0.6246612466124661 0.610625
1 0.8130081300813008 0.333125 0.8197831978319783 0.3375 0.8197831978319783 0.341875 0.8130081300813008 0.34875 0.8021680216802168 0.351875 0.7913279132791328 0.351875 0.7886178861788617 0.35 0.7886178861788617 0.336875 0.7953929539295393 0.33375 0.8116531165311653 0.333125
1 0.6192411924119241 0.383125 0.6327913279132791 0.389375 0.6327913279132791 0.39375 0.6205962059620597 0.398125 0.6056910569105691 0.398125 0.5907859078590786 0.3925 0.5907859078590786 0.388125 0.5975609756097561 0.38375 0.6178861788617886 0.383125
1 0.48509485094850946 0.254375 0.4959349593495935 0.25875 0.4905149051490515 0.26625 0.483739837398374 0.268125 0.46883468834688347 0.268125 0.45257452574525747 0.2625 0.45257452574525747 0.25875 0.46070460704607047 0.255 0.483739837398374 0.254375
1 0.25474254742547425 0.6496875 0.051490514905149054 0.018125
1 0.6395663956639567 0.42875 0.6490514905149052 0.430625 0.6585365853658537 0.4375 0.6585365853658537 0.4425 0.6490514905149052 0.44625 0.6341463414634146 0.445625 0.6233062330623306 0.438125 0.6233062330623306 0.431875 0.6382113821138211 0.42875
1 0.6355013550135501 0.4175 0.6409214092140921 0.420625 0.6409214092140921 0.425625 0.6233062330623306 0.43 0.6084010840108401 0.428125 0.6043360433604336 0.42375 0.6056910569105691 0.418125 0.6246612466124661 0.41625 0.6341463414634146 0.4175
1 0.6612466124661247 0.403125 0.6707317073170732 0.405 0.6747967479674797 0.411875 0.6707317073170732 0.416875 0.6598915989159891 0.419375 0.6463414634146342 0.418125 0.6409214092140921 0.411875 0.6436314363143631 0.406875 0.6490514905149052 0.404375 0.6598915989159891 0.403125
1 0.48644986449864497 0.279375 0.4959349593495935 0.283125 0.497289972899729 0.289375 0.491869918699187 0.293125 0.47560975609756095 0.29625 0.46747967479674796 0.29625 0.45934959349593496 0.29375 0.45799457994579945 0.286875 0.46476964769647694 0.2825 0.48509485094850946 0.279375
1 0.9200542005420054 0.31375 0.926829268292683 0.315 0.9322493224932249 0.31875 0.9322493224932249 0.325625 0.924119241192412 0.33125 0.9105691056910569 0.333125 0.8970189701897019 0.33125 0.8929539295392954 0.3275 0.8943089430894309 0.3225 0.9051490514905149 0.31625 0.9186991869918699 0.31375
1 0.6341463414634146 0.52875 0.6409214092140921 0.531875 0.6395663956639567 0.538125 0.6327913279132791 0.541875 0.6219512195121951 0.54375 0.6002710027100271 0.543125 0.5934959349593496 0.540625 0.592140921409214 0.53625 0.5975609756097561 0.5325 0.6097560975609756 0.529375 0.6327913279132791 0.52875
1 0.5867208672086721 0.331875 0.5989159891598916 0.333125 0.6029810298102981 0.335625 0.6043360433604336 0.34375 0.5989159891598916 0.3475 0.5813008130081301 0.345625 0.5718157181571816 0.34125 0.573170731707317 0.3325 0.5853658536585366 0.331875
1 0.5040650406504065 0.431875 0.5121951219512195 0.435625 0.5094850948509485 0.4425 0.4986449864498645 0.44625 0.4823848238482385 0.448125 0.46883468834688347 0.445625 0.46883468834688347 0.438125 0.4823848238482385 0.4325 0.502710027100271 0.431875
1 0.38482384823848237 0.209375 0.3915989159891599 0.213125 0.3943089430894309 0.22125 0.3888888888888889 0.228125 0.37669376693766937 0.231875 0.3699186991869919 0.231875 0.36449864498644985 0.228125 0.36314363143631434 0.21625 0.37262872628726285 0.209375 0.38346883468834686 0.209375
1 0.4742547425474255 0.50125 0.4932249322493225 0.504375 0.497289972899729 0.50875 0.4932249322493225 0.51375 0.47696476964769646 0.516875 0.45663956639566394 0.51375 0.45121951219512196 0.50875 0.45663956639566394 0.50375 0.47289972899729 0.50125
1 0.15176151761517614 0.203125 0.15853658536585366 0.206875 0.15989159891598917 0.214375 0.15311653116531165 0.22 0.14363143631436315 0.2225 0.13279132791327913 0.2225 0.12466124661246612 0.219375 0.12059620596205962 0.21125 0.13414634146341464 0.203125 0.15040650406504066 0.203125
1 0.7018970189701897 0.431875 0.7140921409214093 0.435625 0.7127371273712737 0.443125 0.7032520325203252 0.445625 0.6910569105691057 0.444375 0.6842818428184282 0.44 0.6856368563685636 0.431875 0.6883468834688347 0.430625 0.7005420054200542 0.431875
1 0.7208672086720868 0.28125 0.7344173441734417 0.285 0.7357723577235772 0.290625 0.7289972899728997 0.295 0.7140921409214093 0.296875 0.7018970189701897 0.29625 0.6951219512195121 0.293125 0.6924119241192412 0.28875 0.6937669376693767 0.285625 0.7005420054200542 0.283125 0.7195121951219512 0.28125
1 0.8441734417344173 0.265625 0.8495934959349594 0.26875 0.8455284552845529 0.276875 0.8373983739837398 0.28 0.8252032520325203 0.28125 0.8170731707317073 0.279375 0.8130081300813008 0.275 0.8157181571815718 0.269375 0.8292682926829268 0.265 0.8428184281842819 0.265625
1 0.7208672086720868 0.419375 0.7262872628726287 0.424375 0.7262872628726287 0.429375 0.7168021680216802 0.435 0.6924119241192412 0.43 0.6897018970189702 0.423125 0.6964769647696477 0.418125 0.7195121951219512 0.419375
1 0.6544715447154471 0.26625 0.6598915989159891 0.271875 0.6571815718157181 0.278125 0.6490514905149052 0.283125 0.6368563685636857 0.28625 0.6300813008130082 0.28625 0.6246612466124661 0.283125 0.6233062330623306 0.271875 0.6368563685636857 0.266875 0.6531165311653117 0.26625
1 0.2981029810298103 0.650625 0.3089430894308943 0.65375 0.3130081300813008 0.6575 0.3089430894308943 0.664375 0.2981029810298103 0.668125 0.2750677506775068 0.666875 0.2669376693766938 0.6625 0.2669376693766938 0.658125 0.2791327913279133 0.6525 0.2967479674796748 0.650625
1 0.6205962059620597 0.295625 0.6314363143631436 0.299375 0.6314363143631436 0.305 0.6178861788617886 0.311875 0.6084010840108401 0.31375 0.6016260162601627 0.31375 0.592140921409214 0.310625 0.592140921409214 0.3075 0.6043360433604336 0.2975 0.6192411924119241 0.295625
1 0.7831978319783198 0.333125 0.7886178861788617 0.33625 0.7899728997289973 0.345625 0.7872628726287263 0.35 0.7764227642276422 0.3525 0.7682926829268293 0.3525 0.7588075880758808 0.349375 0.7533875338753387 0.339375 0.7560975609756098 0.335625 0.7696476964769647 0.331875 0.7818428184281843 0.333125
1 0.7371273712737128 0.338125 0.7520325203252033 0.343125 0.7560975609756098 0.3475 0.7560975609756098 0.3525 0.7479674796747967 0.356875 0.7303523035230353 0.355625 0.7168021680216802 0.346875 0.7168021680216802 0.341875 0.7262872628726287 0.338125 0.7357723577235772 0.338125
1 0.3008130081300813 0.504375 0.3130081300813008 0.50875 0.31029810298102983 0.5125 0.2981029810298103 0.515625 0.2872628726287263 0.515625 0.27371273712737126 0.5125 0.27100271002710025 0.508125 0.28184281842818426 0.504375 0.2994579945799458 0.504375
1 0.3048780487804878 0.355625 0.3157181571815718 0.359375 0.32113821138211385 0.364375 0.31978319783197834 0.3725 0.3062330623306233 0.37625 0.2926829268292683 0.375625 0.28184281842818426 0.369375 0.2845528455284553 0.35875 0.3035230352303523 0.355625
1 0.7235772357723578 0.19625 0.7344173441734417 0.201875 0.7344173441734417 0.209375 0.7235772357723578 0.21375 0.7073170731707317 0.2075 0.6978319783197832 0.20625 0.6951219512195121 0.20375 0.6991869918699187 0.198125 0.7113821138211383 0.195625 0.7222222222222222 0.19625
1 0.31978319783197834 0.668125 0.3265582655826558 0.67125 0.32926829268292684 0.67625 0.3238482384823848 0.681875 0.31029810298102983 0.686875 0.2953929539295393 0.685625 0.2899728997289973 0.681875 0.2899728997289973 0.678125 0.3035230352303523 0.67 0.3130081300813008 0.6675 0.31842818428184283 0.668125
1 0.7710027100271003 0.376875 0.7859078590785907 0.38 0.7926829268292683 0.38375 0.7926829268292683 0.390625 0.7831978319783198 0.39375 0.7723577235772358 0.39375 0.7615176151761518 0.39125 0.7547425474254743 0.385 0.7533875338753387 0.379375 0.7696476964769647 0.376875
1 0.6626016260162602 0.60625 0.6734417344173442 0.6075 0.6829268292682927 0.6125 0.6815718157181572 0.619375 0.6707317073170732 0.62125 0.6490514905149052 0.619375 0.6422764227642277 0.615625 0.6436314363143631 0.609375 0.6612466124661247 0.60625
1 0.34552845528455284 0.540625 0.35501355013550134 0.54625 0.35636856368563685 0.553125 0.35365853658536583 0.556875 0.34417344173441733 0.559375 0.33062330623306235 0.55875 0.3238482384823848 0.555625 0.32113821138211385 0.55125 0.3252032520325203 0.54375 0.34417344173441733 0.540625
1 0.4932249322493225 0.240625 0.508130081300813 0.248125 0.508130081300813 0.251875 0.5 0.255625 0.47289972899729 0.253125 0.45934959349593496 0.24625 0.4634146341463415 0.24125 0.4715447154471545 0.239375 0.491869918699187 0.240625
1 0.19146883468834688 0.35216375 0.17481978319783198 0.34558124999999995 0.14152032520325203 0.34558124999999995 0.1486558265582656 0.35764937500000005 0.17600948509485095 0.359295 0.19146883468834688 0.35216375
1 0.6528983739837398 0.3225425 0.651710027100271 0.315411875 0.649330623306233 0.3093775 0.6386273712737127 0.305538125 0.6267357723577236 0.318154375 0.6326815718157182 0.325285625 0.6528983739837398 0.3225425
1 0.920479674796748 0.308829375 0.9145338753387534 0.298406875 0.905020325203252 0.2962125 0.8836138211382113 0.2962125 0.8800460704607047 0.3038925 0.8871815718157182 0.312120625 0.920479674796748 0.308829375
1 0.61960027100271 0.37191124999999997 0.6077073170731707 0.367523125 0.5910582655826558 0.370265625 0.5934363143631437 0.38233375 0.5946260162601626 0.38233375 0.6172208672086721 0.37794562499999995 0.61960027100271 0.37191124999999997
1 0.6100853658536586 0.43225125 0.6077073170731707 0.42566875000000004 0.587490514905149 0.42731437499999997 0.5732195121951219 0.43279937500000004 0.5755975609756098 0.439930625 0.6005718157181572 0.438285 0.6100853658536586 0.43225125
1 0.3924525745257452 0.45858125 0.3817493224932249 0.460775 0.37461382113821134 0.46296937499999996 0.3817493224932249 0.469551875 0.3936422764227642 0.47229437500000004 0.41029132791327916 0.47010062499999994 0.41267073170731705 0.46187249999999996 0.3924525745257452 0.45858125