1 0.5498338870431894 0.795625 0.5498338870431894 0.8075 0.5598006644518272 0.816875 0.5722591362126246 0.816875 0.5780730897009967 0.811875 0.5855481727574751 0.8 0.584717607973422 0.78875 0.5822259136212624 0.785 0.574750830564784 0.78125 0.5622923588039868 0.78125 0.5548172757475083 0.78625 0.5498338870431894 0.795625
1 0.6370431893687708 0.55 0.6511627906976745 0.55 0.6661129568106312 0.5425 0.6710963455149501 0.534375 0.6710963455149501 0.5275 0.6677740863787376 0.52625 0.6553156146179402 0.524375 0.6453488372093024 0.526875 0.6370431893687708 0.533125 0.6337209302325582 0.543125 0.6370431893687708 0.55
1 0.38704318936877075 0.605 0.38953488372093026 0.6175 0.39867109634551495 0.625 0.40946843853820597 0.629375 0.420265780730897 0.628125 0.420265780730897 0.613125 0.41445182724252494 0.61 0.41029900332225916 0.603125 0.4011627906976744 0.598125 0.3953488372093023 0.598125 0.38704318936877075 0.605
1 0.3023255813953488 0.61 0.30398671096345514 0.615 0.3089700996677741 0.619375 0.32475083056478404 0.62 0.3330564784053156 0.615 0.3380398671096346 0.60625 0.33637873754152825 0.596875 0.3272425249169435 0.591875 0.32142857142857145 0.591875 0.313953488372093 0.59375 0.3073089700996678 0.59875 0.3023255813953488 0.61
1 0.6785714285714286 0.519375 0.696843853820598 0.519375 0.7051495016611296 0.51625 0.7109634551495017 0.51125 0.7109634551495017 0.5025 0.7018272425249169 0.495 0.6802325581395349 0.495 0.6686046511627907 0.503125 0.6677740863787376 0.51125 0.6785714285714286 0.519375
1 0.4850498338870432 0.529375 0.49750830564784054 0.529375 0.5 0.526875 0.4983388704318937 0.504375 0.4900332225913621 0.50125 0.48172757475083056 0.50125 0.4742524916943522 0.50625 0.4742524916943522 0.520625 0.4850498338870432 0.529375
1 0.4418604651162791 0.484375 0.45182724252491696 0.49125 0.4684385382059801 0.49125 0.47591362126245845 0.48375 0.47591362126245845 0.473125 0.4642857142857143 0.46125 0.4526578073089701 0.45875 0.44518272425249167 0.461875 0.4393687707641196 0.470625 0.4418604651162791 0.484375
1 0.4775747508305648 0.475625 0.48754152823920266 0.476875 0.49667774086378735 0.475625 0.5 0.473125 0.5033222591362126 0.46625 0.5024916943521595 0.45875 0.4925249169435216 0.45 0.47674418604651164 0.4475 0.47093023255813954 0.45 0.46677740863787376 0.46125 0.4775747508305648 0.475625
1 0.22425249169435216 0.375 0.2292358803986711 0.380625 0.24169435215946844 0.386875 0.2516611295681063 0.384375 0.260797342192691 0.37625 0.260797342192691 0.363125 0.2549833887043189 0.358125 0.2441860465116279 0.354375 0.22757475083056478 0.35625 0.22259136212624583 0.364375 0.22425249169435216 0.375
1 0.329734219269103 0.42875 0.33056478405315615 0.4375 0.3388704318936877 0.446875 0.3554817275747508 0.446875 0.36212624584717606 0.441875 0.3646179401993355 0.4375 0.36295681063122925 0.425625 0.3546511627906977 0.41875 0.34717607973421927 0.41625 0.33970099667774084 0.416875 0.3330564784053156 0.4225 0.329734219269103 0.42875
1 0.3222591362126246 0.731875 0.32558139534883723 0.74 0.34136212624584716 0.75 0.3521594684385382 0.75 0.3596345514950166 0.744375 0.36212624584717606 0.740625 0.36129568106312293 0.731875 0.3538205980066445 0.72125 0.33970099667774084 0.71375 0.3289036544850498 0.71625 0.3222591362126246 0.723125 0.3222591362126246 0.731875
1 0.26245847176079734 0.588125 0.2707641196013289 0.595 0.28820598006644516 0.6 0.29817275747508304 0.6 0.30564784053156147 0.59625 0.3089700996677741 0.591875 0.3089700996677741 0.58 0.2915282392026578 0.571875 0.27159468438538203 0.570625 0.2649501661129568 0.5725 0.260797342192691 0.58125 0.26245847176079734 0.588125
1 0.5240863787375415 0.57875 0.542358803986711 0.57875 0.553156146179402 0.57125 0.5523255813953488 0.56375 0.5431893687707641 0.5575 0.5257475083056479 0.556875 0.5157807308970099 0.560625 0.5132890365448505 0.566875 0.5240863787375415 0.57875
1 0.5041528239202658 0.82375 0.5058139534883721 0.82875 0.5157807308970099 0.836875 0.5340531561461794 0.83875 0.542358803986711 0.83625 0.5473421926910299 0.831875 0.5473421926910299 0.819375 0.5398671096345515 0.8125 0.5199335548172758 0.808125 0.5116279069767442 0.815625 0.5066445182724253 0.816875 0.5041528239202658 0.82375
1 0.6553156146179402 0.585 0.6553156146179402 0.591875 0.6627906976744186 0.596875 0.6744186046511628 0.596875 0.6893687707641196 0.593125 0.696843853820598 0.585625 0.6943521594684385 0.574375 0.6877076411960132 0.569375 0.6686046511627907 0.570625 0.6619601328903655 0.574375 0.6586378737541528 0.579375 0.6553156146179402 0.585
1 0.5730897009966778 0.389375 0.5722591362126246 0.395625 0.5739202657807309 0.405625 0.5805647840531561 0.411875 0.5888704318936877 0.413125 0.6021594684385382 0.405625 0.6046511627906976 0.39125 0.6021594684385382 0.386875 0.5930232558139535 0.381875 0.5830564784053156 0.381875 0.5772425249169435 0.384375 0.5730897009966778 0.389375
1 0.42940199335548174 0.57625 0.4393687707641196 0.57625 0.446843853820598 0.57375 0.45514950166112955 0.56625 0.45514950166112955 0.553125 0.4377076411960133 0.5475 0.4227574750830565 0.551875 0.4169435215946844 0.56 0.4186046511627907 0.570625 0.42940199335548174 0.57625
1 0.48588039867109634 0.42375 0.49667774086378735 0.4275 0.5041528239202658 0.42625 0.5149501661129569 0.42 0.5182724252491694 0.41125 0.5174418604651163 0.40625 0.510797342192691 0.40125 0.5049833887043189 0.400625 0.489202657807309 0.40375 0.4833887043189369 0.411875 0.48588039867109634 0.42375
1 0.4069767441860465 0.6 0.41445182724252494 0.609375 0.4227574750830565 0.614375 0.4277408637873754 0.613125 0.4335548172757475 0.608125 0.43272425249169433 0.598125 0.4277408637873754 0.589375 0.4219269102990033 0.586875 0.41362126245847175 0.586875 0.4061461794019934 0.595 0.4069767441860465 0.6
1 0.6789867109634552 0.42875 0.0008305647840531562 0.0025
1 0.6029900332225914 0.403125 0.6029900332225914 0.413125 0.6054817275747508 0.41625 0.6154485049833887 0.420625 0.627906976744186 0.418125 0.6378737541528239 0.40625 0.6370431893687708 0.3975 0.6312292358803987 0.39125 0.6262458471760798 0.389375 0.617109634551495 0.389375 0.6096345514950167 0.393125 0.6029900332225914 0.403125
1 0.329734219269103 0.67 0.33554817275747506 0.68 0.3430232558139535 0.685625 0.36295681063122925 0.68875 0.3646179401993355 0.6675 0.36129568106312293 0.6575 0.35299003322259137 0.65375 0.34136212624584716 0.65375 0.33056478405315615 0.6625 0.329734219269103 0.67
1 0.6885382059800664 0.569375 0.6943521594684385 0.575 0.6976744186046512 0.586875 0.7043189368770764 0.591875 0.7200996677740864 0.593125 0.7267441860465116 0.59 0.7308970099667774 0.584375 0.7300664451827242 0.576875 0.7167774086378738 0.56375 0.7059800664451827 0.560625 0.6918604651162791 0.560625 0.6885382059800664 0.56375 0.6885382059800664 0.569375
1 0.53156146179402 0.511875 0.5348837209302325 0.51875 0.5481727574750831 0.52625 0.5647840531561462 0.52625 0.5705980066445183 0.520625 0.5705980066445183 0.51375 0.5656146179401993 0.506875 0.5556478405315615 0.5 0.5390365448504983 0.5 0.53156146179402 0.504375 0.53156146179402 0.511875
1 0.5622923588039868 0.504375 0.5722591362126246 0.504375 0.5855481727574751 0.495 0.5863787375415282 0.485 0.5755813953488372 0.478125 0.5614617940199336 0.478125 0.5498338870431894 0.485 0.5465116279069767 0.496875 0.5622923588039868 0.504375
1 0.6229235880398671 0.418125 0.6179401993355482 0.416875 0.6096345514950167 0.418125 0.6229235880398671 0.418125
1 0.6270764119601329 0.41375 0.627906976744186 0.415625 0.6312292358803987 0.41375 0.6295681063122923 0.413125 0.6270764119601329 0.41375
1 0.6411960132890365 0.429375 0.6503322259136213 0.436875 0.6719269102990033 0.4375 0.6802325581395349 0.430625 0.6777408637873754 0.42125 0.6735880398671097 0.416875 0.6661129568106312 0.414375 0.6503322259136213 0.413125 0.6420265780730897 0.41875 0.6411960132890365 0.429375
1 0.6341362126245847 0.3975 0.0008305647840531562 0.0025
1 0.3272425249169435 0.386875 0.3289036544850498 0.39375 0.3372093023255814 0.400625 0.3496677740863787 0.403125 0.3646179401993355 0.4 0.3696013289036545 0.394375 0.3696013289036545 0.3875 0.36295681063122925 0.380625 0.3496677740863787 0.375625 0.3380398671096346 0.375625 0.3313953488372093 0.37875 0.3272425249169435 0.386875
1 0.4335548172757475 0.6 0.4426910299003322 0.61 0.457641196013289 0.61125 0.46511627906976744 0.61 0.4692691029900332 0.604375 0.4676079734219269 0.59 0.45514950166112955 0.579375 0.4485049833887043 0.57875 0.4335548172757475 0.584375 0.43023255813953487 0.591875 0.4335548172757475 0.6
1 0.5157807308970099 0.6175 0.526578073089701 0.6175 0.5398671096345515 0.61 0.5465116279069767 0.601875 0.5465116279069767 0.595625 0.5398671096345515 0.589375 0.5240863787375415 0.589375 0.5116279069767442 0.601875 0.5124584717607974 0.613125 0.5157807308970099 0.6175
1 0.462624584717608 0.7825 0.4684385382059801 0.7875 0.47840531561461797 0.790625 0.4908637873754153 0.79 0.4983388704318937 0.7875 0.5033222591362126 0.78 0.5033222591362126 0.76875 0.4983388704318937 0.764375 0.4775747508305648 0.761875 0.4659468438538206 0.77125 0.462624584717608 0.77625 0.462624584717608 0.7825
1 0.40780730897009965 0.733125 0.41943521594684385 0.738125 0.43106312292358806 0.7375 0.4377076411960133 0.735 0.446843853820598 0.726875 0.45016611295681064 0.72 0.4485049833887043 0.714375 0.4368770764119601 0.709375 0.4260797342192691 0.71 0.41445182724252494 0.71375 0.4061461794019934 0.723125 0.40780730897009965 0.733125
1 0.6137873754152824 0.680625 0.6270764119601329 0.685625 0.632890365448505 0.685625 0.6420265780730897 0.681875 0.6511627906976745 0.671875 0.6519933554817275 0.661875 0.6420265780730897 0.654375 0.627906976744186 0.654375 0.622093023255814 0.65625 0.6137873754152824 0.6675 0.6137873754152824 0.680625
1 0.574750830564784 0.441875 0.5913621262458472 0.446875 0.6029900332225914 0.439375 0.6004983388704319 0.425 0.5888704318936877 0.415625 0.574750830564784 0.413125 0.5681063122923588 0.416875 0.563953488372093 0.425 0.574750830564784 0.441875
1 0.5033222591362126 0.491875 0.5149501661129569 0.494375 0.5257475083056479 0.49 0.5299003322259136 0.483125 0.5282392026578073 0.469375 0.5174418604651163 0.46375 0.5066445182724253 0.465625 0.5016611295681063 0.46875 0.49750830564784054 0.484375 0.5033222591362126 0.491875
1 0.5689368770764119 0.75375 0.5805647840531561 0.763125 0.5980066445182725 0.763125 0.6038205980066446 0.755625 0.6029900332225914 0.741875 0.5980066445182725 0.735 0.5888704318936877 0.73 0.5764119601328903 0.728125 0.5681063122923588 0.74 0.5689368770764119 0.75375
1 0.4335548172757475 0.51875 0.43853820598006643 0.52125 0.4543189368770764 0.519375 0.4659468438538206 0.50875 0.46677740863787376 0.498125 0.46096345514950166 0.4925 0.44601328903654486 0.4925 0.4368770764119601 0.50125 0.43272425249169433 0.51375 0.4335548172757475 0.51875
1 0.6237541528239202 0.585 0.6229235880398671 0.591875 0.6245847176079734 0.596875 0.6312292358803987 0.601875 0.6378737541528239 0.601875 0.6453488372093024 0.598125 0.6503322259136213 0.58875 0.6503322259136213 0.580625 0.6478405315614618 0.576875 0.6420265780730897 0.574375 0.6378737541528239 0.574375 0.627906976744186 0.579375 0.6237541528239202 0.585
1 0.48588039867109634 0.584375 0.4867109634551495 0.59375 0.49169435215946844 0.6 0.4983388704318937 0.603125 0.510797342192691 0.601875 0.5240863787375415 0.58875 0.5232558139534884 0.576875 0.5141196013289037 0.569375 0.5033222591362126 0.569375 0.4950166112956811 0.5725 0.489202657807309 0.576875 0.48588039867109634 0.584375
1 0.6245847176079734 0.504375 0.6245847176079734 0.51125 0.6312292358803987 0.520625 0.6395348837209303 0.524375 0.6503322259136213 0.524375 0.6569767441860465 0.52125 0.6619601328903655 0.513125 0.6619601328903655 0.50125 0.659468438538206 0.4975 0.6528239202657807 0.4925 0.6470099667774086 0.49125 0.6345514950166113 0.4925 0.6312292358803987 0.495 0.6245847176079734 0.504375
1 0.35299003322259137 0.8 0.36794019933554817 0.8 0.38205980066445183 0.791875 0.3853820598006645 0.785625 0.3845514950166113 0.776875 0.37624584717607973 0.77125 0.35299003322259137 0.771875 0.34219269102990035 0.780625 0.34219269102990035 0.7925 0.35299003322259137 0.8
1 0.6744186046511628 0.5375 0.6785714285714286 0.546875 0.6868770764119602 0.55 0.6951827242524917 0.55 0.7026578073089701 0.5475 0.707641196013289 0.540625 0.7068106312292359 0.529375 0.7043189368770764 0.525625 0.6951827242524917 0.52125 0.6835548172757475 0.52125 0.6769102990033222 0.524375 0.6744186046511628 0.5375
1 0.37624584717607973 0.415625 0.3803986710963455 0.4225 0.38704318936877075 0.42625 0.4019933554817276 0.4275 0.4111295681063123 0.425 0.4161129568106312 0.42 0.41777408637873753 0.414375 0.4152823920265781 0.410625 0.4069767441860465 0.40375 0.3978405315614618 0.4 0.38704318936877075 0.400625 0.3770764119601329 0.406875 0.37624584717607973 0.415625
1 0.5780730897009967 0.668125 0.5888704318936877 0.676875 0.6004983388704319 0.676875 0.6121262458471761 0.6675 0.6129568106312292 0.653125 0.6013289036544851 0.6425 0.584717607973422 0.6425 0.5780730897009967 0.6475 0.5755813953488372 0.65375 0.5780730897009967 0.668125
1 0.4019933554817276 0.519375 0.4119601328903654 0.5225 0.4277408637873754 0.519375 0.4335548172757475 0.5075 0.4335548172757475 0.5 0.42940199335548174 0.496875 0.4260797342192691 0.495 0.4152823920265781 0.495 0.40365448504983387 0.50125 0.39867109634551495 0.51125 0.4019933554817276 0.519375
1 0.36129568106312293 0.576875 0.36710963455149503 0.583125 0.3754152823920266 0.586875 0.38704318936877075 0.586875 0.3911960132890365 0.585 0.3978405315614618 0.576875 0.39700996677740863 0.571875 0.39285714285714285 0.566875 0.3803986710963455 0.560625 0.36794019933554817 0.560625 0.3596345514950166 0.5675 0.36129568106312293 0.576875
1 0.29900332225913623 0.70375 0.3064784053156146 0.711875 0.313953488372093 0.71625 0.32641196013289037 0.716875 0.3380398671096346 0.713125 0.34053156146179403 0.706875 0.33970099667774084 0.699375 0.33222591362126247 0.691875 0.3239202657807309 0.68875 0.3089700996677741 0.68875 0.30066445182724255 0.69375 0.29900332225913623 0.70375
1 0.5307308970099668 0.556875 0.5448504983388704 0.556875 0.5556478405315615 0.55 0.5573089700996677 0.53875 0.5490033222591362 0.5325 0.5332225913621262 0.533125 0.5191029900332226 0.543125 0.520764119601329 0.55375 0.5307308970099668 0.556875
1 0.49169435215946844 0.68 0.5008305647840532 0.681875 0.5141196013289037 0.680625 0.5249169435215947 0.675 0.5282392026578073 0.66875 0.5274086378737541 0.6625 0.5157807308970099 0.654375 0.4958471760797342 0.654375 0.48588039867109634 0.66125 0.48588039867109634 0.675625 0.49169435215946844 0.68
1 0.5182724252491694 0.796875 0.5299003322259136 0.7975 0.5406976744186046 0.79 0.5406976744186046 0.77875 0.5299003322259136 0.7675 0.5149501661129569 0.764375 0.5041528239202658 0.771875 0.5033222591362126 0.785625 0.5182724252491694 0.796875
1 0.574750830564784 0.526875 0.5830564784053156 0.535 0.5921926910299004 0.535625 0.6021594684385382 0.530625 0.6096345514950167 0.519375 0.6079734219269103 0.505625 0.6029900332225914 0.501875 0.5938538205980066 0.501875 0.5772425249169435 0.51125 0.5739202657807309 0.51875 0.574750830564784 0.526875
1 0.2549833887043189 0.509375 0.26827242524916944 0.51625 0.2815614617940199 0.51625 0.2931893687707641 0.508125 0.292358803986711 0.4975 0.27740863787375414 0.4875 0.25664451827242524 0.486875 0.25 0.494375 0.25 0.504375 0.2549833887043189 0.509375
1 0.29900332225913623 0.445 0.30066445182724255 0.4525 0.3089700996677741 0.46 0.3222591362126246 0.4625 0.329734219269103 0.460625 0.3372093023255814 0.455625 0.3380398671096346 0.446875 0.3313953488372093 0.43875 0.31893687707641194 0.435 0.30980066445182725 0.435 0.30481727574750833 0.4375 0.29900332225913623 0.445
1 0.4418604651162791 0.814375 0.44435215946843853 0.819375 0.45099667774086377 0.82375 0.4601328903654485 0.82375 0.4676079734219269 0.82125 0.47259136212624586 0.816875 0.4750830564784053 0.795625 0.4684385382059801 0.790625 0.457641196013289 0.79 0.4476744186046512 0.7975 0.4426910299003322 0.805625 0.4418604651162791 0.814375
1 0.29651162790697677 0.57375 0.30481727574750833 0.575625 0.32059800664451826 0.571875 0.3289036544850498 0.561875 0.3289036544850498 0.5575 0.32558139534883723 0.55375 0.313953488372093 0.55 0.2973421926910299 0.550625 0.28820598006644516 0.55875 0.28903654485049834 0.56875 0.29651162790697677 0.57375
1 0.45598006644518274 0.58125 0.4684385382059801 0.59125 0.48172757475083056 0.58875 0.4850498338870432 0.585625 0.4883720930232558 0.57625 0.48588039867109634 0.568125 0.4792358803986711 0.5625 0.47093023255813954 0.561875 0.45930232558139533 0.56375 0.45598006644518274 0.5675 0.45598006644518274 0.58125
1 0.5008305647840532 0.440625 0.5033222591362126 0.44375 0.5282392026578073 0.444375 0.5382059800664452 0.439375 0.5448504983388704 0.431875 0.542358803986711 0.42125 0.5340531561461794 0.418125 0.5249169435215947 0.418125 0.510797342192691 0.4225 0.5008305647840532 0.431875 0.5008305647840532 0.440625
1 0.24169435215946844 0.484375 0.24916943521594684 0.4875 0.26578073089701 0.485 0.2749169435215947 0.473125 0.2749169435215947 0.464375 0.2666112956810631 0.45875 0.25249169435215946 0.45875 0.24169435215946844 0.46625 0.23837209302325582 0.473125 0.24169435215946844 0.484375
1 0.3911960132890365 0.6825 0.3995016611295681 0.686875 0.4161129568106312 0.690625 0.4269102990033223 0.690625 0.43272425249169433 0.6875 0.436046511627907 0.6825 0.43521594684385384 0.678125 0.42358803986710963 0.6675 0.4161129568106312 0.665625 0.3978405315614618 0.664375 0.38704318936877075 0.671875 0.3911960132890365 0.6825
1 0.46511627906976744 0.56 0.4792358803986711 0.5625 0.4958471760797342 0.56 0.5016611295681063 0.555 0.5016611295681063 0.5475 0.489202657807309 0.538125 0.4700996677740864 0.5375 0.46096345514950166 0.5425 0.4584717607973422 0.5525 0.46511627906976744 0.56
1 0.5008305647840532 0.52625 0.5132890365448505 0.534375 0.526578073089701 0.5325 0.532392026578073 0.525625 0.532392026578073 0.515625 0.5274086378737541 0.50375 0.5199335548172758 0.5 0.5083056478405316 0.5 0.5008305647840532 0.505 0.5008305647840532 0.52625
1 0.5406976744186046 0.40625 0.5490033222591362 0.410625 0.5622923588039868 0.410625 0.5697674418604651 0.40625 0.5722591362126246 0.401875 0.5705980066445183 0.39125 0.5598006644518272 0.385625 0.5473421926910299 0.384375 0.5348837209302325 0.39 0.5332225913621262 0.3975 0.5406976744186046 0.40625
1 0.4750830564784053 0.8075 0.47674418604651164 0.81625 0.48588039867109634 0.820625 0.5033222591362126 0.81875 0.5174418604651163 0.81 0.5182724252491694 0.79875 0.5132890365448505 0.793125 0.5058139534883721 0.79125 0.48754152823920266 0.793125 0.4775747508305648 0.79875 0.4750830564784053 0.8075
1 0.6013289036544851 0.35125 0.6029900332225914 0.355625 0.6088039867109635 0.359375 0.617109634551495 0.36 0.6287375415282392 0.355625 0.6362126245847176 0.34375 0.6345514950166113 0.33125 0.6295681063122923 0.326875 0.6179401993355482 0.326875 0.606312292358804 0.33375 0.6013289036544851 0.34375 0.6013289036544851 0.35125
1 0.4277408637873754 0.615625 0.42441860465116277 0.620625 0.42441860465116277 0.633125 0.43106312292358806 0.63625 0.45348837209302323 0.63625 0.4659468438538206 0.62875 0.4684385382059801 0.625 0.4676079734219269 0.61625 0.46511627906976744 0.613125 0.4476744186046512 0.6125 0.4410299003322259 0.61 0.436046511627907 0.61125 0.4277408637873754 0.615625
1 0.3978405315614618 0.76125 0.39867109634551495 0.76875 0.40365448504983387 0.775625 0.4152823920265781 0.779375 0.4260797342192691 0.775625 0.43521594684385384 0.759375 0.4335548172757475 0.74875 0.4269102990033223 0.743125 0.4119601328903654 0.743125 0.40780730897009965 0.74625 0.4003322259136213 0.754375 0.3978405315614618 0.76125
1 0.3687707641196013 0.671875 0.3812292358803987 0.6725 0.3903654485049834 0.66875 0.3978405315614618 0.660625 0.39700996677740863 0.6475 0.38704318936877075 0.64375 0.37209302325581395 0.64625 0.36212624584717606 0.6575 0.3654485049833887 0.67 0.3687707641196013 0.671875
1 0.6004983388704319 0.70375 0.6237541528239202 0.70625 0.632890365448505 0.700625 0.632890365448505 0.690625 0.622093023255814 0.68375 0.6079734219269103 0.6825 0.5938538205980066 0.68875 0.5921926910299004 0.696875 0.6004983388704319 0.70375
1 0.3388704318936877 0.5325 0.33970099667774084 0.546875 0.35299003322259137 0.5525 0.36295681063122925 0.550625 0.36794019933554817 0.546875 0.3712624584717608 0.54 0.3704318936877076 0.5275 0.36710963455149503 0.524375 0.3579734219269103 0.5225 0.35299003322259137 0.5225 0.34634551495016613 0.525625 0.3388704318936877 0.5325
1 0.39700996677740863 0.5475 0.4061461794019934 0.5525 0.4227574750830565 0.5525 0.43521594684385384 0.5475 0.4426910299003322 0.535625 0.4418604651162791 0.528125 0.4260797342192691 0.5225 0.40780730897009965 0.524375 0.4003322259136213 0.52875 0.3953488372093023 0.53625 0.39700996677740863 0.5475
1 0.27740863787375414 0.47625 0.27740863787375414 0.485 0.2799003322259136 0.48875 0.287375415282392 0.4925 0.29651162790697677 0.4925 0.3081395348837209 0.48875 0.31976744186046513 0.4775 0.32059800664451826 0.46625 0.3081395348837209 0.460625 0.2956810631229236 0.46125 0.2865448504983389 0.465625 0.2799003322259136 0.470625 0.27740863787375414 0.47625
0 0.32372093023255816 0.27069125 0.289187707641196 0.285128125 0.2815132890365449 0.312558125 0.2968621262458472 0.33998875 0.3333139534883721 0.35370375000000004 0.36305066445182727 0.35226 0.38799169435215947 0.3356575 0.3937466777408638 0.3024525 0.3726436877076412 0.27357875 0.32372093023255816 0.27069125
1 0.47048837209302324 0.44682125 0.49350996677740866 0.446099375 0.4963878737541528 0.43599375 0.5002250830564784 0.42877499999999996 0.4829584717607973 0.424444375 0.45897674418604645 0.428053125 0.45609883720930233 0.4374375 0.47048837209302324 0.44682125