1 0.3143631436314363 0.355 0.32113821138211385 0.363125 0.31842818428184283 0.365625 0.3035230352303523 0.3675 0.29132791327913277 0.36375 0.2899728997289973 0.3575 0.2940379403794038 0.355 0.3048780487804878 0.353125 0.3130081300813008 0.355
1 0.8252032520325203 0.73375 0.8428184281842819 0.73625 0.8495934959349594 0.740625 0.8482384823848238 0.7475 0.8387533875338753 0.749375 0.8170731707317073 0.748125 0.8089430894308943 0.745625 0.8048780487804879 0.741875 0.8048780487804879 0.7375 0.8102981029810298 0.73375 0.8238482384823849 0.73375
1 0.6327913279132791 0.53125 0.6409214092140921 0.535 0.6409214092140921 0.54125 0.6368563685636857 0.545 0.6260162601626016 0.54875 0.6165311653116531 0.54875 0.6111111111111112 0.546875 0.6070460704607046 0.539375 0.6192411924119241 0.531875 0.6314363143631436 0.53125
1 0.29132791327913277 0.55 0.3035230352303523 0.554375 0.3035230352303523 0.56125 0.2994579945799458 0.56375 0.2791327913279133 0.563125 0.2682926829268293 0.5575 0.2682926829268293 0.554375 0.2750677506775068 0.55 0.2899728997289973 0.55
1 0.2764227642276423 0.64 0.2926829268292683 0.643125 0.2940379403794038 0.649375 0.2899728997289973 0.65375 0.2791327913279133 0.6575 0.26558265582655827 0.6575 0.25609756097560976 0.655 0.25203252032520324 0.65125 0.25338753387533874 0.64625 0.2601626016260163 0.643125 0.2750677506775068 0.640625
1 0.7330623306233063 0.72875 0.7371273712737128 0.73375 0.7357723577235772 0.738125 0.7317073170731707 0.74375 0.7249322493224932 0.745625 0.7127371273712737 0.744375 0.7113821138211383 0.73625 0.7195121951219512 0.7275 0.7317073170731707 0.72875
1 0.8550135501355014 0.6925 0.03523035230352303 0.0175
1 0.6300813008130082 0.635 0.6463414634146342 0.636875 0.6544715447154471 0.64 0.6571815718157181 0.64625 0.6463414634146342 0.651875 0.6246612466124661 0.648125 0.6205962059620597 0.645625 0.6178861788617886 0.636875 0.6287262872628726 0.635
1 0.1897018970189702 0.6675 0.1937669376693767 0.67125 0.19241192411924118 0.679375 0.18699186991869918 0.68375 0.17750677506775067 0.686875 0.16937669376693767 0.68625 0.16124661246612465 0.683125 0.15989159891598917 0.675 0.17073170731707318 0.668125 0.18834688346883469 0.6675
1 0.6260162601626016 0.64875 0.6382113821138211 0.650625 0.6436314363143631 0.654375 0.6409214092140921 0.661875 0.6327913279132791 0.66375 0.6192411924119241 0.663125 0.6111111111111112 0.66125 0.6056910569105691 0.6575 0.6056910569105691 0.650625 0.6246612466124661 0.64875
1 0.6463414634146342 0.73875 0.6571815718157181 0.740625 0.6626016260162602 0.74375 0.6639566395663956 0.75125 0.6598915989159891 0.75625 0.6531165311653117 0.759375 0.6436314363143631 0.76 0.6355013550135501 0.758125 0.6300813008130082 0.754375 0.6300813008130082 0.74625 0.6368563685636857 0.74125 0.6449864498644986 0.739375
1 0.11788617886178862 0.646875 0.13279132791327913 0.65125 0.13279132791327913 0.656875 0.12601626016260162 0.66125 0.11246612466124661 0.66375 0.09349593495934959 0.661875 0.08807588075880758 0.655625 0.0948509485094851 0.65 0.11653116531165311 0.646875
1 0.7168021680216802 0.58375 0.7222222222222222 0.589375 0.7222222222222222 0.5925 0.7168021680216802 0.595 0.6924119241192412 0.595 0.6802168021680217 0.591875 0.6802168021680217 0.58625 0.6856368563685636 0.583125 0.7154471544715447 0.58375
1 0.8943089430894309 0.77 0.9065040650406504 0.775625 0.9051490514905149 0.78125 0.8970189701897019 0.784375 0.8753387533875339 0.7825 0.8658536585365854 0.77625 0.8712737127371274 0.770625 0.8807588075880759 0.76875 0.8929539295392954 0.77
1 0.7967479674796748 0.76375 0.8048780487804879 0.768125 0.8035230352303523 0.779375 0.7967479674796748 0.7825 0.7818428184281843 0.7825 0.7710027100271003 0.77625 0.7750677506775068 0.765625 0.7859078590785907 0.7625 0.7953929539295393 0.76375
1 0.7588075880758808 0.5075 0.7669376693766937 0.510625 0.7682926829268293 0.515625 0.7588075880758808 0.52125 0.7479674796747967 0.523125 0.7262872628726287 0.5225 0.7235772357723578 0.515625 0.7330623306233063 0.50875 0.7439024390243902 0.506875 0.7574525745257452 0.5075
1 0.3604336043360434 0.4975 0.37533875338753386 0.50375 0.37533875338753386 0.508125 0.36585365853658536 0.510625 0.34688346883468835 0.51 0.33739837398373984 0.505625 0.33739837398373984 0.50125 0.34146341463414637 0.49875 0.35907859078590787 0.4975
1 0.8848238482384824 0.415 0.8902439024390244 0.41875 0.8915989159891599 0.425 0.8807588075880759 0.4325 0.8699186991869918 0.4325 0.8617886178861789 0.429375 0.8577235772357723 0.425625 0.8577235772357723 0.42 0.8699186991869918 0.414375 0.8834688346883469 0.415
1 0.2181571815718157 0.779375 0.22357723577235772 0.781875 0.22357723577235772 0.789375 0.21680216802168023 0.793125 0.2086720867208672 0.794375 0.1951219512195122 0.793125 0.1897018970189702 0.790625 0.18834688346883469 0.78625 0.2005420054200542 0.779375 0.21680216802168023 0.779375
1 0.8048780487804879 0.698125 0.8130081300813008 0.703125 0.8130081300813008 0.706875 0.8089430894308943 0.710625 0.7994579945799458 0.713125 0.7764227642276422 0.710625 0.7696476964769647 0.70625 0.7696476964769647 0.700625 0.7831978319783198 0.695625 0.8035230352303523 0.698125
1 0.8617886178861789 0.60125 0.8726287262872628 0.605 0.8739837398373984 0.61 0.8685636856368564 0.613125 0.8577235772357723 0.615 0.8346883468834688 0.6125 0.8265582655826558 0.605625 0.8373983739837398 0.600625 0.8604336043360433 0.60125
1 0.4010840108401084 0.511875 0.41192411924119243 0.51 0.4268292682926829 0.51125 0.43902439024390244 0.515 0.44173441734417346 0.51875 0.4363143631436314 0.524375 0.4186991869918699 0.525625 0.4037940379403794 0.5225 0.3983739837398374 0.51625 0.4010840108401084 0.5125
1 0.3238482384823848 0.68 0.3333333333333333 0.681875 0.34010840108401086 0.6875 0.33739837398373984 0.695 0.33062330623306235 0.6975 0.3130081300813008 0.69625 0.3035230352303523 0.69 0.3062330623306233 0.68375 0.3224932249322493 0.68
1 0.44173441734417346 0.349375 0.44715447154471544 0.3525 0.44715447154471544 0.356875 0.4363143631436314 0.363125 0.4173441734417344 0.3625 0.41192411924119243 0.35875 0.41192411924119243 0.35375 0.4241192411924119 0.34875 0.44037940379403795 0.349375
1 0.7601626016260162 0.6725 0.7723577235772358 0.6775 0.7723577235772358 0.683125 0.7560975609756098 0.688125 0.7398373983739838 0.685625 0.7330623306233063 0.681875 0.7330623306233063 0.6775 0.7357723577235772 0.675 0.7479674796747967 0.671875 0.7588075880758808 0.6725
1 0.13685636856368563 0.61875 0.14227642276422764 0.619375 0.14905149051490515 0.624375 0.14498644986449866 0.63 0.13143631436314362 0.63375 0.11517615176151762 0.6325 0.1070460704607046 0.625625 0.11382113821138211 0.62 0.13550135501355012 0.61875
1 0.4173441734417344 0.535625 0.43224932249322495 0.53625 0.4363143631436314 0.54 0.4349593495934959 0.546875 0.4281842818428184 0.55 0.41192411924119243 0.5525 0.4037940379403794 0.549375 0.4010840108401084 0.543125 0.4173441734417344 0.53625
1 0.21544715447154472 0.52125 0.2140921409214092 0.53125 0.2086720867208672 0.53625 0.2005420054200542 0.53875 0.18292682926829268 0.536875 0.18157181571815717 0.52875 0.1937669376693767 0.521875 0.2140921409214092 0.52125
1 0.26287262872628725 0.734375 0.2804878048780488 0.7375 0.2886178861788618 0.74375 0.2859078590785908 0.74875 0.2696476964769648 0.751875 0.25474254742547425 0.75 0.24796747967479674 0.74375 0.2506775067750677 0.736875 0.26151761517615174 0.734375
1 0.4268292682926829 0.49125 0.43902439024390244 0.494375 0.44579945799457993 0.49875 0.44579945799457993 0.505625 0.4363143631436314 0.50875 0.4132791327913279 0.506875 0.4024390243902439 0.5025 0.4078590785907859 0.493125 0.4254742547425474 0.49125
1 0.2222222222222222 0.62875 0.23306233062330622 0.63375 0.23306233062330622 0.64 0.22899728997289973 0.64375 0.21680216802168023 0.648125 0.2018970189701897 0.646875 0.1951219512195122 0.64375 0.1937669376693767 0.639375 0.1978319783197832 0.633125 0.2046070460704607 0.629375 0.22086720867208673 0.62875
1 0.5271002710027101 0.49875 0.537940379403794 0.500625 0.5392953929539296 0.50875 0.5298102981029811 0.515 0.5203252032520326 0.51625 0.508130081300813 0.515 0.505420054200542 0.508125 0.510840108401084 0.501875 0.5257452574525745 0.49875
1 0.7737127371273713 0.683125 0.7831978319783198 0.68625 0.7859078590785907 0.690625 0.7777777777777778 0.69625 0.7642276422764228 0.69875 0.7547425474254743 0.698125 0.7493224932249323 0.691875 0.7547425474254743 0.686875 0.7723577235772358 0.683125
1 0.7655826558265583 0.626875 0.7859078590785907 0.631875 0.7859078590785907 0.636875 0.7764227642276422 0.64125 0.7601626016260162 0.640625 0.7466124661246613 0.634375 0.7520325203252033 0.628125 0.7642276422764228 0.626875
1 0.5460704607046071 0.735625 0.556910569105691 0.73875 0.5582655826558266 0.745 0.5433604336043361 0.75125 0.5230352303523035 0.75 0.516260162601626 0.7475 0.513550135501355 0.74375 0.5284552845528455 0.735625 0.5447154471544715 0.735625
1 0.7831978319783198 0.84375 0.8008130081300813 0.845625 0.8075880758807588 0.848125 0.8116531165311653 0.851875 0.8089430894308943 0.858125 0.7994579945799458 0.860625 0.7872628726287263 0.860625 0.7696476964769647 0.855625 0.7696476964769647 0.848125 0.7723577235772358 0.845625 0.7818428184281843 0.844375
1 0.6598915989159891 0.4875 0.6680216802168022 0.490625 0.6707317073170732 0.49625 0.6585365853658537 0.5 0.6355013550135501 0.498125 0.6314363143631436 0.495 0.6327913279132791 0.490625 0.6395663956639567 0.4875 0.6585365853658537 0.4875
1 0.2750677506775068 0.681875 0.2845528455284553 0.685625 0.2886178861788618 0.69125 0.2872628726287263 0.698125 0.2764227642276423 0.701875 0.25745257452574527 0.699375 0.24661246612466126 0.6925 0.24661246612466126 0.686875 0.25474254742547425 0.68125 0.27371273712737126 0.681875
1 0.7411924119241192 0.575625 0.7506775067750677 0.578125 0.7560975609756098 0.584375 0.7547425474254743 0.593125 0.7466124661246613 0.59625 0.7276422764227642 0.59375 0.7195121951219512 0.585 0.7262872628726287 0.57625 0.7398373983739838 0.575625
1 0.4634146341463415 0.529375 0.47289972899729 0.53375 0.47289972899729 0.53875 0.46883468834688347 0.543125 0.45934959349593496 0.546875 0.45121951219512196 0.546875 0.44173441734417346 0.544375 0.43766937669376693 0.53875 0.44715447154471544 0.53125 0.45257452574525747 0.529375 0.462059620596206 0.529375
1 0.6043360433604336 0.666875 0.6165311653116531 0.67375 0.6165311653116531 0.67875 0.6084010840108401 0.681875 0.5975609756097561 0.681875 0.5840108401084011 0.67875 0.575880758807588 0.673125 0.5772357723577236 0.6675 0.6029810298102981 0.666875
1 0.39295392953929537 0.5475 0.4146341463414634 0.553125 0.4159891598915989 0.56 0.4051490514905149 0.564375 0.3861788617886179 0.5625 0.3780487804878049 0.5575 0.37669376693766937 0.55 0.3807588075880759 0.548125 0.3915989159891599 0.5475
1 0.3008130081300813 0.65375 0.3157181571815718 0.65875 0.31978319783197834 0.663125 0.31842818428184283 0.67125 0.3062330623306233 0.675625 0.2953929539295393 0.674375 0.2845528455284553 0.66875 0.28319783197831977 0.665625 0.2886178861788618 0.65625 0.2994579945799458 0.65375
1 0.1991869918699187 0.6875 0.2018970189701897 0.69625 0.19241192411924118 0.7025 0.1842818428184282 0.70375 0.17615176151761516 0.703125 0.16937669376693767 0.699375 0.16802168021680217 0.694375 0.17208672086720866 0.68875 0.18292682926829268 0.68625 0.1978319783197832 0.6875
1 0.9132791327913279 0.54 0.924119241192412 0.543125 0.9254742547425474 0.550625 0.9119241192411924 0.556875 0.8997289972899729 0.556875 0.8861788617886179 0.55125 0.8875338753387534 0.546875 0.8970189701897019 0.541875 0.9119241192411924 0.54
1 0.3888888888888889 0.465625 0.3970189701897019 0.47 0.3983739837398374 0.475 0.3970189701897019 0.4775 0.3861788617886179 0.480625 0.37669376693766937 0.48 0.36720867208672087 0.476875 0.36449864498644985 0.46875 0.37669376693766937 0.465 0.3875338753387534 0.465625
1 0.7615176151761518 0.7075 0.7682926829268293 0.70875 0.7750677506775068 0.713125 0.7723577235772358 0.72 0.7655826558265583 0.72125 0.7452574525745257 0.720625 0.7371273712737128 0.716875 0.7398373983739838 0.70875 0.7520325203252033 0.706875 0.7601626016260162 0.7075
1 0.7791327913279132 0.684375 0.7859078590785907 0.688125 0.7859078590785907 0.691875 0.7791327913279132 0.69625 0.7628726287262872 0.699375 0.7506775067750677 0.69625 0.7506775067750677 0.68875 0.7710027100271003 0.683125 0.7777777777777778 0.684375
1 0.8157181571815718 0.74875 0.8333333333333334 0.75125 0.8333333333333334 0.75875 0.8252032520325203 0.76375 0.8075880758807588 0.76625 0.7940379403794038 0.76125 0.7926829268292683 0.755 0.8021680216802168 0.749375 0.8143631436314364 0.74875
1 0.7926829268292683 0.565 0.8008130081300813 0.5675 0.8062330623306233 0.573125 0.8035230352303523 0.5775 0.7926829268292683 0.58 0.7764227642276422 0.5775 0.7710027100271003 0.571875 0.7764227642276422 0.565625 0.7913279132791328 0.565
1 0.6327913279132791 0.39 0.6558265582655827 0.394375 0.6571815718157181 0.40125 0.6531165311653117 0.40375 0.6409214092140921 0.40625 0.6205962059620597 0.40625 0.6084010840108401 0.403125 0.6056910569105691 0.399375 0.6111111111111112 0.394375 0.6178861788617886 0.391875 0.6314363143631436 0.390625
1 0.23441734417344173 0.749375 0.24796747967479674 0.746875 0.25474254742547425 0.75 0.26422764227642276 0.75125 0.2682926829268293 0.755 0.2669376693766938 0.76 0.25609756097560976 0.761875 0.23983739837398374 0.761875 0.23170731707317074 0.756875 0.23441734417344173 0.75
1 0.7791327913279132 0.711875 0.7926829268292683 0.713125 0.8075880758807588 0.711875 0.8157181571815718 0.715625 0.8157181571815718 0.72125 0.8116531165311653 0.725 0.7967479674796748 0.725 0.7804878048780488 0.720625 0.7791327913279132 0.7125
1 0.3943089430894309 0.484375 0.4037940379403794 0.4875 0.4037940379403794 0.495625 0.3875338753387534 0.50125 0.37262872628726285 0.500625 0.36720867208672087 0.496875 0.36720867208672087 0.4925 0.37262872628726285 0.4875 0.39295392953929537 0.485
1 0.5907859078590786 0.3375 0.5989159891598916 0.34125 0.5989159891598916 0.3475 0.5880758807588076 0.35375 0.573170731707317 0.35625 0.5650406504065041 0.355625 0.559620596205962 0.353125 0.5609756097560976 0.345 0.5745257452574526 0.338125 0.5894308943089431 0.3375
1 0.6598915989159891 0.46875 0.6680216802168022 0.47 0.6788617886178862 0.47625 0.6802168021680217 0.480625 0.6707317073170732 0.4875 0.6517615176151762 0.484375 0.6436314363143631 0.476875 0.6463414634146342 0.470625 0.6585365853658537 0.46875
1 0.24796747967479674 0.443125 0.25745257452574527 0.44625 0.2601626016260163 0.4525 0.25474254742547425 0.459375 0.24254742547425473 0.46375 0.23035230352303523 0.463125 0.22493224932249323 0.460625 0.22357723577235772 0.454375 0.23035230352303523 0.44625 0.23983739837398374 0.443125 0.24661246612466126 0.443125
1 0.540650406504065 0.69875 0.559620596205962 0.701875 0.5650406504065041 0.705 0.5636856368563685 0.711875 0.556910569105691 0.714375 0.537940379403794 0.713125 0.5257452574525745 0.709375 0.524390243902439 0.70125 0.5284552845528455 0.699375 0.5392953929539296 0.69875
1 0.36585365853658536 0.670625 0.37533875338753386 0.671875 0.3821138211382114 0.675 0.38346883468834686 0.683125 0.3794037940379404 0.6875 0.3699186991869919 0.69 0.3617886178861789 0.689375 0.34823848238482386 0.6825 0.34823848238482386 0.675 0.35636856368563685 0.671875 0.36449864498644985 0.67125
1 0.4444444444444444 0.54875 0.45257452574525747 0.55 0.4634146341463415 0.555625 0.46476964769647694 0.56375 0.45934959349593496 0.565625 0.44037940379403795 0.564375 0.4268292682926829 0.558125 0.4281842818428184 0.5525 0.4363143631436314 0.54875 0.44308943089430897 0.54875
1 0.3685636856368564 0.448125 0.3794037940379404 0.449375 0.38482384823848237 0.4525 0.3861788617886179 0.45625 0.3807588075880759 0.46375 0.36585365853658536 0.468125 0.34959349593495936 0.46625 0.34823848238482386 0.459375 0.35501355013550134 0.451875 0.35907859078590787 0.44875 0.36720867208672087 0.44875
1 0.8279132791327913 0.685625 0.8373983739837398 0.688125 0.8401084010840109 0.695625 0.8319783197831978 0.7025 0.8211382113821138 0.70625 0.8130081300813008 0.70375 0.8048780487804879 0.695 0.8143631436314364 0.6875 0.8265582655826558 0.685625
1 0.8766937669376694 0.7025 0.8970189701897019 0.708125 0.8983739837398373 0.715625 0.8834688346883469 0.719375 0.8726287262872628 0.718125 0.8617886178861789 0.714375 0.8617886178861789 0.706875 0.8753387533875339 0.703125
1 0.6097560975609756 0.734375 0.6178861788617886 0.7375 0.6178861788617886 0.745 0.6056910569105691 0.75125 0.5948509485094851 0.7525 0.5799457994579946 0.749375 0.5772357723577236 0.74375 0.5907859078590786 0.735625 0.6002710027100271 0.73375 0.6084010840108401 0.734375
1 0.24525745257452575 0.665625 0.25609756097560976 0.669375 0.25609756097560976 0.675625 0.25203252032520324 0.67875 0.24254742547425473 0.681875 0.23170731707317074 0.6825 0.2222222222222222 0.68125 0.21544715447154472 0.678125 0.21680216802168023 0.671875 0.22357723577235772 0.6675 0.24390243902439024 0.66625
1 0.2994579945799458 0.533125 0.3130081300813008 0.535625 0.32113821138211385 0.540625 0.32113821138211385 0.548125 0.3075880758807588 0.55375 0.2940379403794038 0.55125 0.2845528455284553 0.54625 0.2845528455284553 0.53625 0.2981029810298103 0.533125
1 0.7357723577235772 0.410625 0.7411924119241192 0.41375 0.7398373983739838 0.41875 0.7357723577235772 0.421875 0.7208672086720868 0.42625 0.7100271002710027 0.42625 0.7032520325203252 0.424375 0.7046070460704607 0.415 0.7113821138211383 0.41125 0.7344173441734417 0.410625
1 0.524390243902439 0.275 0.5311653116531165 0.27625 0.5338753387533876 0.283125 0.5298102981029811 0.286875 0.518970189701897 0.29 0.510840108401084 0.29 0.5040650406504065 0.2875 0.502710027100271 0.28125 0.5121951219512195 0.275625 0.5230352303523035 0.275
1 0.516260162601626 0.72625 0.5257452574525745 0.729375 0.5271002710027101 0.735 0.510840108401084 0.7425 0.494579945799458 0.740625 0.4932249322493225 0.7325 0.4986449864498645 0.726875 0.5149051490514905 0.72625
1 0.25745257452574527 0.469375 0.2682926829268293 0.473125 0.27235772357723576 0.476875 0.27100271002710025 0.485 0.26287262872628725 0.48875 0.24390243902439024 0.485625 0.23441734417344173 0.480625 0.23306233062330622 0.4775 0.23441734417344173 0.473125 0.24119241192411925 0.469375 0.25609756097560976 0.469375
1 0.7025745257452575 0.7846875 0.03929539295392954 0.015625
1 0.22357723577235772 0.65 0.24796747967479674 0.650625 0.25338753387533874 0.65375 0.25203252032520324 0.660625 0.24390243902439024 0.665 0.2222222222222222 0.665625 0.2127371273712737 0.6625 0.21138211382113822 0.65625 0.22357723577235772 0.650625
1 0.6991869918699187 0.740625 0.7059620596205962 0.745 0.7059620596205962 0.751875 0.6991869918699187 0.7575 0.6897018970189702 0.76 0.6761517615176151 0.758125 0.6693766937669376 0.75125 0.6734417344173442 0.745 0.6815718157181572 0.74125 0.6978319783197832 0.740625
1 0.3346883468834688 0.549375 0.34010840108401086 0.55625 0.33739837398373984 0.5625 0.32926829268292684 0.566875 0.31842818428184283 0.568125 0.3062330623306233 0.56625 0.3048780487804878 0.55625 0.31978319783197834 0.549375 0.3333333333333333 0.549375
1 0.3035230352303523 0.4675 0.3157181571815718 0.473125 0.3130081300813008 0.480625 0.3048780487804878 0.4825 0.29132791327913277 0.48125 0.2791327913279133 0.473125 0.2791327913279133 0.469375 0.28319783197831977 0.4675 0.3021680216802168 0.4675
1 0.6463414634146342 0.65625 0.6531165311653117 0.655625 0.6639566395663956 0.65875 0.6720867208672087 0.67125 0.6680216802168022 0.675625 0.6531165311653117 0.675625 0.6463414634146342 0.67375 0.6382113821138211 0.66875 0.6463414634146342 0.656875
1 0.7886178861788617 0.72875 0.7940379403794038 0.730625 0.7953929539295393 0.736875 0.7859078590785907 0.744375 0.7791327913279132 0.745625 0.7642276422764228 0.74375 0.7642276422764228 0.7325 0.7791327913279132 0.728125 0.7872628726287263 0.72875
1 0.6402439024390244 0.33 0.04200542005420054 0.0175
1 0.7371273712737128 0.599375 0.7466124661246613 0.60125 0.7533875338753387 0.605 0.7520325203252033 0.6175 0.7479674796747967 0.619375 0.7371273712737128 0.62 0.7249322493224932 0.61625 0.7249322493224932 0.605 0.7357723577235772 0.6
1 0.5948509485094851 0.638125 0.6016260162601627 0.6425 0.6002710027100271 0.64875 0.592140921409214 0.653125 0.5772357723577236 0.655 0.5663956639566395 0.6525 0.5636856368563685 0.643125 0.5677506775067751 0.639375 0.5772357723577236 0.63625 0.5934959349593496 0.638125
1 0.8428184281842819 0.448125 0.8523035230352304 0.451875 0.8536585365853658 0.45625 0.8414634146341463 0.463125 0.8238482384823849 0.463125 0.8170731707317073 0.46 0.8211382113821138 0.451875 0.8319783197831978 0.448125 0.8414634146341463 0.448125
1 0.7547425474254743 0.72875 0.7615176151761518 0.731875 0.7615176151761518 0.740625 0.7533875338753387 0.74625 0.7439024390243902 0.748125 0.7330623306233063 0.744375 0.7371273712737128 0.73 0.7425474254742548 0.728125 0.7533875338753387 0.72875
1 0.5487804878048781 0.63375 0.5460704607046071 0.6275 0.5528455284552846 0.623125 0.559620596205962 0.621875 0.575880758807588 0.6225 0.5826558265582655 0.625625 0.5853658536585366 0.629375 0.5826558265582655 0.63375 0.5745257452574526 0.636875 0.559620596205962 0.636875 0.5501355013550135 0.63375
1 0.5826558265582655 0.69 0.5907859078590786 0.69125 0.5975609756097561 0.695 0.6029810298102981 0.701875 0.6016260162601627 0.70625 0.5907859078590786 0.70875 0.5772357723577236 0.706875 0.5691056910569106 0.703125 0.5691056910569106 0.6925 0.5745257452574526 0.69 0.5813008130081301 0.69
1 0.45934959349593496 0.50875 0.4742547425474255 0.515 0.4715447154471545 0.5225 0.45934959349593496 0.524375 0.44715447154471544 0.5225 0.44037940379403795 0.5175 0.44173441734417346 0.51125 0.44850948509485095 0.50875 0.45799457994579945 0.50875
1 0.6124661246612466 0.515625 0.6192411924119241 0.516875 0.6205962059620597 0.523125 0.6178861788617886 0.526875 0.6056910569105691 0.53 0.5894308943089431 0.52875 0.5853658536585366 0.524375 0.5907859078590786 0.51875 0.6016260162601627 0.515625 0.6111111111111112 0.515625
1 0.16124661246612465 0.590625 0.17479674796747968 0.593125 0.18292682926829268 0.59875 0.18157181571815717 0.605625 0.17208672086720866 0.608125 0.14905149051490515 0.605625 0.13956639566395665 0.6 0.14227642276422764 0.5925 0.15989159891598917 0.590625
1 0.2506775067750677 0.416875 0.25609756097560976 0.420625 0.25474254742547425 0.426875 0.2506775067750677 0.429375 0.23712737127371275 0.43125 0.2181571815718157 0.428125 0.21680216802168023 0.42125 0.23441734417344173 0.415625 0.24932249322493225 0.416875
1 0.8401084010840109 0.701875 0.8523035230352304 0.70625 0.8563685636856369 0.71 0.8563685636856369 0.716875 0.8441734417344173 0.721875 0.8252032520325203 0.71875 0.8211382113821138 0.711875 0.8224932249322493 0.70625 0.8387533875338753 0.701875
1 0.8834688346883469 0.480625 0.8956639566395664 0.484375 0.8997289972899729 0.48875 0.8997289972899729 0.495 0.8888888888888888 0.500625 0.8699186991869918 0.499375 0.8631436314363143 0.493125 0.8644986449864499 0.484375 0.8753387533875339 0.480625 0.8821138211382114 0.480625
1 0.6219512195121951 0.373125 0.6327913279132791 0.381875 0.6287262872628726 0.3875 0.6219512195121951 0.39 0.6084010840108401 0.389375 0.5975609756097561 0.384375 0.6002710027100271 0.37625 0.6097560975609756 0.3725 0.6205962059620597 0.373125
1 0.8021680216802168 0.6475 0.8130081300813008 0.650625 0.8197831978319783 0.6575 0.8197831978319783 0.661875 0.8102981029810298 0.666875 0.7953929539295393 0.665625 0.7886178861788617 0.6625 0.7886178861788617 0.649375 0.7913279132791328 0.6475 0.8008130081300813 0.6475
1 0.6233062330623306 0.601875 0.6327913279132791 0.605625 0.6327913279132791 0.61 0.6165311653116531 0.616875 0.5975609756097561 0.615625 0.5907859078590786 0.61125 0.5907859078590786 0.606875 0.6056910569105691 0.60125 0.6219512195121951 0.601875
1 0.48644986449864497 0.731875 0.4905149051490515 0.733125 0.4959349593495935 0.740625 0.4905149051490515 0.74375 0.4796747967479675 0.745625 0.46070460704607047 0.744375 0.45257452574525747 0.740625 0.45257452574525747 0.736875 0.46883468834688347 0.73125 0.48509485094850946 0.731875
1 0.26558265582655827 0.34125 0.2791327913279133 0.348125 0.2777777777777778 0.355625 0.2682926829268293 0.35875 0.24525745257452575 0.35875 0.23441734417344173 0.35625 0.22899728997289973 0.3525 0.22899728997289973 0.348125 0.23577235772357724 0.343125 0.26422764227642276 0.34125
1 0.6490514905149052 0.553125 0.6571815718157181 0.555625 0.6585365853658537 0.561875 0.6531165311653117 0.566875 0.6395663956639567 0.570625 0.6246612466124661 0.568125 0.6219512195121951 0.56375 0.6273712737127372 0.556875 0.6341463414634146 0.55375 0.6476964769647696 0.553125
1 0.6233062330623306 0.569375 0.6409214092140921 0.57375 0.6382113821138211 0.580625 0.6260162601626016 0.583125 0.6084010840108401 0.581875 0.6043360433604336 0.579375 0.6084010840108401 0.57125 0.6219512195121951 0.569375
1 0.6653116531165312 0.580625 0.6734417344173442 0.585 0.6747967479674797 0.59 0.6707317073170732 0.594375 0.6612466124661247 0.59625 0.6490514905149052 0.595 0.6436314363143631 0.5925 0.6409214092140921 0.5875 0.6463414634146342 0.58125 0.6639566395663956 0.580625
1 0.47560975609756095 0.703125 0.491869918699187 0.70625 0.497289972899729 0.71 0.4959349593495935 0.71625 0.48644986449864497 0.72 0.47831978319783197 0.72 0.45934959349593496 0.714375 0.45934959349593496 0.705625 0.4634146341463415 0.70375 0.4742547425474255 0.703125
1 0.8970189701897019 0.668125 0.9065040650406504 0.66625 0.9214092140921409 0.6675 0.9322493224932249 0.67375 0.9295392953929539 0.683125 0.9146341463414634 0.685625 0.8956639566395664 0.67875 0.8929539295392954 0.671875 0.8970189701897019 0.66875
1 0.6273712737127372 0.45625 0.6382113821138211 0.46 0.6409214092140921 0.463125 0.6409214092140921 0.4675 0.6341463414634146 0.470625 0.6097560975609756 0.47 0.5975609756097561 0.466875 0.592140921409214 0.463125 0.5934959349593496 0.45875 0.6002710027100271 0.45625 0.6260162601626016 0.45625
1 0.6016260162601627 0.6525 0.6043360433604336 0.655625 0.6016260162601627 0.665 0.5840108401084011 0.668125 0.573170731707317 0.666875 0.5718157181571816 0.658125 0.5813008130081301 0.65375 0.6002710027100271 0.6525
1 0.4905149051490515 0.551875 0.5040650406504065 0.554375 0.5121951219512195 0.559375 0.5121951219512195 0.56375 0.5040650406504065 0.5675 0.4823848238482385 0.566875 0.46883468834688347 0.56125 0.46883468834688347 0.55375 0.47831978319783197 0.55125 0.489159891598916 0.551875
1 0.38346883468834686 0.76875 0.39295392953929537 0.775 0.3943089430894309 0.781875 0.3915989159891599 0.78625 0.3821138211382114 0.790625 0.37262872628726285 0.79 0.36314363143631434 0.783125 0.36314363143631434 0.773125 0.36720867208672087 0.76875 0.3699186991869919 0.7675 0.3821138211382114 0.76875
1 0.47696476964769646 0.4825 0.4932249322493225 0.485625 0.497289972899729 0.490625 0.4932249322493225 0.495 0.4742547425474255 0.498125 0.45663956639566394 0.495625 0.45121951219512196 0.490625 0.45663956639566394 0.485625 0.47560975609756095 0.4825
1 0.14363143631436315 0.776875 0.15311653116531165 0.779375 0.15989159891598917 0.785 0.15853658536585366 0.7925 0.14905149051490515 0.796875 0.13414634146341464 0.79625 0.12059620596205962 0.788125 0.12466124661246612 0.78 0.13279132791327913 0.776875 0.14227642276422764 0.776875
1 0.7100271002710027 0.555 0.7140921409214093 0.558125 0.7140921409214093 0.56375 0.6951219512195121 0.56875 0.6883468834688347 0.56875 0.6842818428184282 0.56625 0.6856368563685636 0.5575 0.6991869918699187 0.55375 0.7086720867208672 0.555
1 0.7262872628726287 0.70375 0.7344173441734417 0.706875 0.7357723577235772 0.711875 0.7330623306233063 0.715 0.7208672086720868 0.718125 0.7005420054200542 0.71625 0.6937669376693767 0.71375 0.6924119241192412 0.71 0.7018970189701897 0.703125 0.7249322493224932 0.70375
1 0.8306233062330624 0.71875 0.8401084010840109 0.72 0.8495934959349594 0.726875 0.8495934959349594 0.730625 0.8414634146341463 0.734375 0.8252032520325203 0.73375 0.8130081300813008 0.7275 0.8170731707317073 0.72 0.8238482384823849 0.718125 0.8292682926829268 0.71875
1 0.7168021680216802 0.564375 0.7262872628726287 0.57 0.7249322493224932 0.576875 0.7168021680216802 0.58125 0.6964769647696477 0.58125 0.6897018970189702 0.57625 0.6897018970189702 0.570625 0.7154471544715447 0.564375
1 0.6436314363143631 0.714375 0.6558265582655827 0.72 0.6598915989159891 0.72625 0.6585365853658537 0.730625 0.6517615176151762 0.73375 0.6368563685636857 0.7325 0.6219512195121951 0.725625 0.6219512195121951 0.719375 0.6287262872628726 0.71375 0.6422764227642277 0.714375
1 0.2981029810298103 0.33125 0.3130081300813008 0.338125 0.31029810298102983 0.345 0.2981029810298103 0.34875 0.28319783197831977 0.348125 0.2669376693766938 0.34125 0.2682926829268293 0.335 0.2750677506775068 0.3325 0.2967479674796748 0.33125
1 0.6111111111111112 0.68625 0.6178861788617886 0.6875 0.6314363143631436 0.694375 0.6314363143631436 0.7 0.6205962059620597 0.70375 0.6043360433604336 0.701875 0.592140921409214 0.691875 0.592140921409214 0.68875 0.5989159891598916 0.68625 0.6097560975609756 0.68625
1 0.7764227642276422 0.646875 0.7872628726287263 0.649375 0.7899728997289973 0.65375 0.7886178861788617 0.663125 0.7764227642276422 0.6675 0.7588075880758808 0.665 0.7533875338753387 0.66 0.7588075880758808 0.65 0.7682926829268293 0.646875 0.7750677506775068 0.646875
1 0.7371273712737128 0.6521875 0.04065040650406504 0.019375
1 0.2981029810298103 0.48375 0.31029810298102983 0.486875 0.3130081300813008 0.49125 0.2953929539295393 0.495625 0.2750677506775068 0.49375 0.27100271002710025 0.48875 0.2872628726287263 0.48375 0.2967479674796748 0.48375
1 0.3062330623306233 0.623125 0.31978319783197834 0.626875 0.32113821138211385 0.635 0.3157181571815718 0.64 0.3048780487804878 0.64375 0.2886178861788618 0.641875 0.28184281842818426 0.6375 0.28184281842818426 0.63 0.2859078590785908 0.62625 0.2953929539295393 0.623125 0.3048780487804878 0.623125
1 0.7154471544715447 0.795 0.04065040650406504 0.01875
1 0.3130081300813008 0.313125 0.3238482384823848 0.3175 0.32926829268292684 0.323125 0.3238482384823848 0.33 0.3143631436314363 0.331875 0.3035230352303523 0.329375 0.2899728997289973 0.32125 0.2899728997289973 0.3175 0.2953929539295393 0.31375 0.3116531165311653 0.313125
1 0.7831978319783198 0.605625 0.7926829268292683 0.60875 0.7926829268292683 0.615625 0.7859078590785907 0.619375 0.7710027100271003 0.6225 0.7560975609756098 0.62125 0.7533875338753387 0.61625 0.7615176151761518 0.608125 0.7723577235772358 0.605625 0.7818428184281843 0.605625
1 0.6707317073170732 0.378125 0.6815718157181572 0.38 0.6829268292682927 0.386875 0.6775067750677507 0.390625 0.6626016260162602 0.393125 0.6463414634146342 0.39125 0.6409214092140921 0.38625 0.6490514905149052 0.38 0.6693766937669376 0.378125
1 0.34417344173441733 0.44 0.35365853658536583 0.4425 0.35636856368563685 0.44625 0.35501355013550134 0.453125 0.34552845528455284 0.45875 0.32791327913279134 0.456875 0.32113821138211385 0.45125 0.3238482384823848 0.44375 0.3333333333333333 0.44 0.3428184281842818 0.44
1 0.502710027100271 0.744375 0.508130081300813 0.7475 0.508130081300813 0.75125 0.4959349593495935 0.758125 0.48644986449864497 0.76 0.4715447154471545 0.76 0.4634146341463415 0.758125 0.45934959349593496 0.753125 0.47289972899729 0.74625 0.4823848238482385 0.74625 0.4932249322493225 0.74375 0.5013550135501355 0.744375
1 0.1486558265582656 0.642350625 0.14152032520325203 0.6544187499999999 0.17481978319783198 0.6544187499999999 0.19146883468834688 0.64783625 0.17600948509485095 0.640705 0.1486558265582656 0.642350625
1 0.6326815718157182 0.674714375 0.6267357723577236 0.681845625 0.6386273712737127 0.6944618749999999 0.649330623306233 0.6906225 0.651710027100271 0.6845881249999999 0.6528983739837398 0.6774575 0.6326815718157182 0.674714375
1 0.8871815718157182 0.687879375 0.8800460704607047 0.6961075 0.8836138211382113 0.7037875 0.905020325203252 0.7037875 0.9145338753387534 0.701593125 0.920479674796748 0.691170625 0.8871815718157182 0.687879375
1 0.6172208672086721 0.622054375 0.5946260162601626 0.61766625 0.5934363143631437 0.61766625 0.5910582655826558 0.6297343750000001 0.6077073170731707 0.6324768749999999 0.61960027100271 0.62808875 0.6172208672086721 0.622054375
1 0.6005718157181572 0.561715 0.5755975609756098 0.560069375 0.5732195121951219 0.567200625 0.587490514905149 0.572685625 0.6077073170731707 0.57433125 0.6100853658536586 0.56774875 0.6005718157181572 0.561715
1 0.3924525745257452 0.54141875 0.41267073170731705 0.5381275 0.41029132791327916 0.5298993750000001 0.3936422764227642 0.527705625 0.3817493224932249 0.5304481249999999 0.37461382113821134 0.537030625 0.3817493224932249 0.539225 0.3924525745257452 0.54141875