1 0.576875 0.5996677740863787 0.58375 0.6054817275747508 0.5925 0.6054817275747508 0.598125 0.6021594684385382 0.605 0.5938538205980066 0.609375 0.5822259136212624 0.606875 0.5664451827242525 0.601875 0.5589700996677741 0.595 0.5581395348837209 0.584375 0.563953488372093 0.57625 0.5764119601328903 0.574375 0.5913621262458472 0.576875 0.5996677740863787
1 0.5425 0.675249169435216 0.546875 0.6852159468438538 0.550625 0.6885382059800664 0.559375 0.6885382059800664 0.565625 0.6802325581395349 0.57125 0.665282392026578 0.571875 0.632890365448505 0.565 0.6262458471760798 0.56 0.6262458471760798 0.550625 0.6337209302325582 0.545625 0.643687707641196 0.5425 0.6528239202657807 0.5425 0.675249169435216
1 0.375 0.4692691029900332 0.378125 0.47259136212624586 0.386875 0.47591362126245845 0.39875 0.4742524916943522 0.405625 0.4700996677740864 0.408125 0.46179401993355484 0.408125 0.4526578073089701 0.40375 0.4418604651162791 0.385 0.43438538205980065 0.376875 0.43521594684385384 0.37 0.4418604651162791 0.37 0.45598006644518274 0.375 0.4692691029900332
1 0.29375 0.6121262458471761 0.30125 0.6146179401993356 0.31625 0.6121262458471761 0.326875 0.6013289036544851 0.32875 0.5946843853820598 0.326875 0.5780730897009967 0.319375 0.5705980066445183 0.305 0.5730897009966778 0.28875 0.5888704318936877 0.288125 0.6046511627906976 0.29375 0.6121262458471761
1 0.680625 0.3953488372093023 0.6925 0.40448504983388706 0.70625 0.39285714285714285 0.71125 0.37790697674418605 0.71125 0.36794019933554817 0.70625 0.3538205980066445 0.69875 0.3480066445182724 0.68875 0.3488372093023256 0.683125 0.3521594684385382 0.678125 0.3646179401993355 0.6775 0.38205980066445183 0.680625 0.3953488372093023
1 0.713125 0.4684385382059801 0.72 0.48006644518272423 0.733125 0.4808970099667774 0.745 0.46511627906976744 0.744375 0.446843853820598 0.7375 0.43853820598006643 0.725625 0.4393687707641196 0.715625 0.44933554817275745 0.713125 0.45598006644518274 0.713125 0.4684385382059801
1 0.3 0.48006644518272423 0.3075 0.4833887043189369 0.321875 0.48006644518272423 0.333125 0.4684385382059801 0.3325 0.45598006644518274 0.326875 0.446843853820598 0.32 0.4418604651162791 0.305 0.44435215946843853 0.293125 0.45598006644518274 0.29125 0.4700996677740864 0.3 0.48006644518272423
1 0.5525 0.38787375415282394 0.55875 0.3945182724252492 0.566875 0.3978405315614618 0.581875 0.3945182724252492 0.58875 0.3862126245847176 0.593125 0.37375415282392027 0.591875 0.36212624584717606 0.588125 0.3554817275747508 0.576875 0.3488372093023256 0.560625 0.35299003322259137 0.550625 0.3687707641196013 0.55 0.3812292358803987 0.5525 0.38787375415282394
1 0.463125 0.3131229235880399 0.470625 0.3164451827242525 0.480625 0.30398671096345514 0.484375 0.2931893687707641 0.484375 0.2840531561461794 0.4775 0.2749169435215947 0.46875 0.2749169435215947 0.46125 0.2815614617940199 0.45875 0.28903654485049834 0.45875 0.3081395348837209 0.463125 0.3131229235880399
1 0.809375 0.78156146179402 0.8175 0.7898671096345515 0.8225 0.7915282392026578 0.82875 0.7915282392026578 0.835 0.7873754152823921 0.83875 0.7790697674418605 0.839375 0.7624584717607974 0.838125 0.7508305647840532 0.83375 0.7441860465116279 0.8125 0.7367109634551495 0.803125 0.7475083056478405 0.8025 0.7649501661129569 0.809375 0.78156146179402
1 0.663125 0.43023255813953487 0.66625 0.43853820598006643 0.6725 0.44518272425249167 0.680625 0.446843853820598 0.690625 0.44019933554817275 0.6925 0.4277408637873754 0.691875 0.40863787375415284 0.68875 0.40282392026578073 0.6825 0.39867109634551495 0.6725 0.39867109634551495 0.6675 0.4011627906976744 0.66125 0.4119601328903654 0.660625 0.4210963455149502 0.663125 0.43023255813953487
1 0.723125 0.6129568106312292 0.73 0.6187707641196013 0.741875 0.6196013289036545 0.750625 0.6154485049833887 0.758125 0.5913621262458472 0.758125 0.5838870431893688 0.75375 0.5755813953488372 0.74875 0.5730897009966778 0.734375 0.5730897009966778 0.7275 0.5789036544850499 0.720625 0.590531561461794 0.72 0.6046511627906976 0.723125 0.6129568106312292
1 0.45375 0.5548172757475083 0.458125 0.5581395348837209 0.46625 0.5556478405315615 0.473125 0.5431893687707641 0.474375 0.53156146179402 0.470625 0.5141196013289037 0.46375 0.5058139534883721 0.45875 0.5058139534883721 0.451875 0.510797342192691 0.4475 0.520764119601329 0.4475 0.5373754152823921 0.45375 0.5548172757475083
1 0.466875 0.6885382059800664 0.475625 0.6951827242524917 0.48 0.6951827242524917 0.4875 0.6885382059800664 0.49 0.6802325581395349 0.49 0.670265780730897 0.48625 0.6569767441860465 0.4825 0.6519933554817275 0.473125 0.6495016611295681 0.469375 0.6519933554817275 0.46375 0.6619601328903655 0.46375 0.6794019933554817 0.466875 0.6885382059800664
1 0.489375 0.7342192691029901 0.499375 0.7433554817275747 0.51125 0.7433554817275747 0.51875 0.7342192691029901 0.51875 0.7200996677740864 0.513125 0.7084717607973422 0.50625 0.7018272425249169 0.49625 0.6976744186046512 0.485 0.7101328903654485 0.485 0.7267441860465116 0.489375 0.7342192691029901
1 0.64375 0.36295681063122925 0.646875 0.3687707641196013 0.65625 0.3754152823920266 0.6625 0.3729235880398671 0.67 0.36046511627906974 0.67 0.34136212624584716 0.665 0.3280730897009967 0.660625 0.3239202657807309 0.649375 0.3230897009966777 0.643125 0.3272425249169435 0.64125 0.33222591362126247 0.64 0.3496677740863787 0.64375 0.36295681063122925
1 0.22875 0.5830564784053156 0.23375 0.5880398671096345 0.24875 0.5863787375415282 0.259375 0.5705980066445183 0.259375 0.5490033222591362 0.251875 0.5390365448504983 0.239375 0.5415282392026578 0.2325 0.5490033222591362 0.2275 0.5589700996677741 0.22625 0.574750830564784 0.22875 0.5830564784053156
1 0.480625 0.27740863787375414 0.5025 0.27906976744186046 0.51125 0.26827242524916944 0.513125 0.25 0.50875 0.24086378737541528 0.4975 0.23837209302325582 0.479375 0.2516611295681063 0.47375 0.26411960132890366 0.474375 0.2724252491694352 0.480625 0.27740863787375414
1 0.4975 0.44518272425249167 0.5 0.45514950166112955 0.504375 0.45930232558139533 0.51625 0.4659468438538206 0.525 0.4659468438538206 0.530625 0.4634551495016611 0.535 0.457641196013289 0.535625 0.4368770764119601 0.53 0.4260797342192691 0.519375 0.420265780730897 0.506875 0.420265780730897 0.499375 0.4269102990033223 0.4975 0.4318936877076412 0.4975 0.44518272425249167
1 0.769375 0.675249169435216 0.785625 0.6810631229235881 0.7975 0.6710963455149501 0.7975 0.6486710963455149 0.79 0.6353820598006644 0.77625 0.627906976744186 0.77125 0.627906976744186 0.765 0.6312292358803987 0.76125 0.6370431893687708 0.76125 0.6611295681063123 0.769375 0.675249169435216
1 0.581875 0.47591362126245845 0.58375 0.48172757475083056 0.598125 0.4941860465116279 0.609375 0.4941860465116279 0.6175 0.48754152823920266 0.6225 0.47840531561461797 0.619375 0.46511627906976744 0.611875 0.45598006644518274 0.593125 0.45016611295681064 0.58375 0.4568106312292359 0.581875 0.46096345514950166 0.581875 0.47591362126245845
1 0.514375 0.31146179401993357 0.524375 0.32142857142857145 0.540625 0.32142857142857145 0.546875 0.31727574750830567 0.551875 0.3081395348837209 0.550625 0.2898671096345515 0.545 0.2807308970099668 0.52625 0.27906976744186046 0.516875 0.28488372093023256 0.514375 0.28903654485049834 0.511875 0.29817275747508304 0.514375 0.31146179401993357
1 0.71625 0.32059800664451826 0.720625 0.32641196013289037 0.72875 0.3313953488372093 0.740625 0.3313953488372093 0.749375 0.3239202657807309 0.75375 0.313953488372093 0.75125 0.29817275747508304 0.748125 0.29401993355481726 0.738125 0.2898671096345515 0.723125 0.292358803986711 0.714375 0.30481727574750833 0.71375 0.3131229235880399 0.71625 0.32059800664451826
1 0.663125 0.5880398671096345 0.6675 0.5963455149501661 0.67375 0.6004983388704319 0.68875 0.6021594684385382 0.69375 0.5988372093023255 0.69875 0.5897009966777409 0.69875 0.5755813953488372 0.686875 0.5614617940199336 0.679375 0.5581395348837209 0.67375 0.5589700996677741 0.6675 0.5631229235880398 0.6625 0.5714285714285714 0.66125 0.5822259136212624 0.663125 0.5880398671096345
1 0.31 0.2915282392026578 0.3175 0.303156146179402 0.326875 0.3073089700996678 0.3375 0.3073089700996678 0.34375 0.30398671096345514 0.348125 0.2973421926910299 0.348125 0.28322259136212624 0.338125 0.26827242524916944 0.33 0.26411960132890366 0.319375 0.26411960132890366 0.31375 0.26827242524916944 0.31 0.2749169435215947 0.31 0.2915282392026578
1 0.420625 0.4053156146179402 0.425 0.40863787375415284 0.434375 0.41029900332225916 0.444375 0.40448504983388706 0.446875 0.39867109634551495 0.446875 0.38205980066445183 0.439375 0.3712624584717608 0.431875 0.36710963455149503 0.420625 0.36710963455149503 0.411875 0.37375415282392027 0.41125 0.3903654485049834 0.420625 0.4053156146179402
1 0.473125 0.48421926910299 0.48125 0.4850498338870432 0.486875 0.48172757475083056 0.495 0.4692691029900332 0.495 0.446843853820598 0.4875 0.43853820598006643 0.473125 0.4410299003322259 0.46625 0.45099667774086377 0.46625 0.4742524916943522 0.473125 0.48421926910299
1 0.326875 0.436046511627907 0.33125 0.4410299003322259 0.340625 0.4435215946843854 0.355625 0.4426910299003322 0.36375 0.436046511627907 0.3625 0.42524916943521596 0.353125 0.4119601328903654 0.34125 0.40863787375415284 0.33375 0.4111295681063123 0.3275 0.41777408637873753 0.325625 0.42441860465116277 0.326875 0.436046511627907
1 0.819375 0.7375415282392026 0.826875 0.7400332225913622 0.83625 0.7383720930232558 0.845 0.7308970099667774 0.848125 0.7242524916943521 0.848125 0.7059800664451827 0.83875 0.6918604651162791 0.82875 0.6935215946843853 0.8225 0.6976744186046512 0.81375 0.7109634551495017 0.81375 0.7333887043189369 0.819375 0.7375415282392026
1 0.418125 0.7059800664451827 0.424375 0.717607973421927 0.4375 0.7134551495016611 0.446875 0.7018272425249169 0.451875 0.6868770764119602 0.451875 0.6769102990033222 0.446875 0.6661129568106312 0.44125 0.6619601328903655 0.435 0.6619601328903655 0.4275 0.6669435215946844 0.41875 0.6810631229235881 0.416875 0.6877076411960132 0.418125 0.7059800664451827
1 0.728125 0.5290697674418605 0.733125 0.5481727574750831 0.74 0.5556478405315615 0.749375 0.5564784053156147 0.754375 0.5539867109634552 0.759375 0.5440199335548173 0.76 0.5257475083056479 0.758125 0.5166112956810631 0.75125 0.5058139534883721 0.745625 0.5033222591362126 0.735 0.5041528239202658 0.73 0.5091362126245847 0.728125 0.5141196013289037 0.728125 0.5290697674418605
1 0.579375 0.686046511627907 0.584375 0.6893687707641196 0.601875 0.6694352159468439 0.60375 0.6611295681063123 0.603125 0.6445182724252492 0.596875 0.6320598006644518 0.58875 0.6270764119601329 0.576875 0.6312292358803987 0.571875 0.643687707641196 0.5725 0.6694352159468439 0.579375 0.686046511627907
1 0.63125 0.6270764119601329 0.645 0.6262458471760798 0.65125 0.622093023255814 0.6575 0.6162790697674418 0.660625 0.6071428571428571 0.659375 0.5913621262458472 0.65375 0.5838870431893688 0.646875 0.579734219269103 0.639375 0.579734219269103 0.626875 0.5872093023255814 0.620625 0.5988372093023255 0.620625 0.6146179401993356 0.63125 0.6270764119601329
1 0.268125 0.6727574750830565 0.2725 0.6777408637873754 0.285 0.6810631229235881 0.296875 0.6719269102990033 0.3 0.6602990033222591 0.3 0.6420265780730897 0.2975 0.6320598006644518 0.293125 0.627906976744186 0.28375 0.6270764119601329 0.27625 0.6312292358803987 0.26625 0.6470099667774086 0.265 0.6619601328903655 0.268125 0.6727574750830565
1 0.475625 0.3330564784053156 0.483125 0.3446843853820598 0.4875 0.3480066445182724 0.493125 0.3480066445182724 0.50125 0.34219269102990035 0.501875 0.3313953488372093 0.504375 0.32641196013289037 0.504375 0.31478405315614616 0.4975 0.303156146179402 0.49125 0.29900332225913623 0.486875 0.29983388704318936 0.481875 0.3023255813953488 0.47375 0.3131229235880399 0.473125 0.3230897009966777 0.475625 0.3330564784053156
1 0.441875 0.617109634551495 0.45375 0.617109634551495 0.4575 0.6146179401993356 0.468125 0.6013289036544851 0.470625 0.590531561461794 0.46625 0.5730897009966778 0.4575 0.5664451827242525 0.445 0.5705980066445183 0.435 0.5872093023255814 0.435 0.6079734219269103 0.441875 0.617109634551495
1 0.543125 0.43106312292358806 0.548125 0.43438538205980065 0.556875 0.43438538205980065 0.566875 0.42524916943521596 0.56875 0.41777408637873753 0.566875 0.4053156146179402 0.556875 0.39285714285714285 0.545625 0.3903654485049834 0.53 0.39867109634551495 0.529375 0.40946843853820597 0.543125 0.43106312292358806
1 0.47125 0.5141196013289037 0.47625 0.5299003322259136 0.4875 0.5398671096345515 0.496875 0.5390365448504983 0.503125 0.532392026578073 0.50625 0.526578073089701 0.50625 0.510797342192691 0.494375 0.49169435215946844 0.4875 0.4850498338870432 0.47875 0.4850498338870432 0.473125 0.4958471760797342 0.47125 0.5016611295681063 0.47125 0.5141196013289037
1 0.56375 0.31727574750830567 0.57 0.31727574750830567 0.57375 0.313953488372093 0.58125 0.30398671096345514 0.58375 0.2956810631229236 0.583125 0.276578073089701 0.576875 0.26744186046511625 0.571875 0.2649501661129568 0.560625 0.26744186046511625 0.553125 0.2857142857142857 0.553125 0.30564784053156147 0.56375 0.31727574750830567
1 0.378125 0.42524916943521596 0.3875 0.436046511627907 0.40375 0.4377076411960133 0.41 0.43521594684385384 0.418125 0.4260797342192691 0.418125 0.4152823920265781 0.415625 0.4061461794019934 0.408125 0.39700996677740863 0.3925 0.39368770764119604 0.383125 0.39700996677740863 0.3775 0.40282392026578073 0.375625 0.41777408637873753 0.378125 0.42524916943521596
1 0.385625 0.5755813953488372 0.39 0.579734219269103 0.40625 0.5772425249169435 0.41125 0.5714285714285714 0.415625 0.5598006644518272 0.415625 0.5465116279069767 0.4075 0.5332225913621262 0.39875 0.532392026578073 0.39125 0.5348837209302325 0.3825 0.5481727574750831 0.3825 0.5681063122923588 0.385625 0.5755813953488372
1 0.754375 0.8172757475083057 0.765 0.8230897009966778 0.781875 0.8189368770764119 0.789375 0.803156146179402 0.7875 0.7848837209302325 0.781875 0.7790697674418605 0.77625 0.7774086378737541 0.76875 0.776578073089701 0.758125 0.7799003322259136 0.754375 0.7832225913621262 0.75 0.7931893687707641 0.75 0.8098006644518272 0.754375 0.8172757475083057
1 0.5 0.41362126245847175 0.50625 0.4152823920265781 0.519375 0.40863787375415284 0.52625 0.39700996677740863 0.526875 0.38870431893687707 0.524375 0.3795681063122924 0.514375 0.3754152823920266 0.501875 0.3795681063122924 0.494375 0.38953488372093026 0.495 0.40780730897009965 0.5 0.41362126245847175
1 0.69375 0.45182724252491696 0.703125 0.45514950166112955 0.71125 0.45099667774086377 0.72 0.43521594684385384 0.72 0.4119601328903654 0.716875 0.4053156146179402 0.710625 0.39867109634551495 0.704375 0.3978405315614618 0.694375 0.4061461794019934 0.691875 0.4127906976744186 0.69125 0.4435215946843854 0.69375 0.45182724252491696
1 0.365 0.5199335548172758 0.3725 0.5232558139534884 0.38125 0.5232558139534884 0.39625 0.5116279069767442 0.39875 0.5016611295681063 0.39875 0.4908637873754153 0.39375 0.48172757475083056 0.380625 0.48006644518272423 0.37 0.4850498338870432 0.36 0.49667774086378735 0.36 0.5132890365448505 0.365 0.5199335548172758
1 0.408125 0.5290697674418605 0.411875 0.5406976744186046 0.41625 0.5465116279069767 0.426875 0.5473421926910299 0.4375 0.5382059800664452 0.439375 0.5224252491694352 0.43625 0.5099667774086378 0.431875 0.5033222591362126 0.428125 0.5 0.41625 0.5 0.410625 0.5083056478405316 0.408125 0.5149501661129569 0.408125 0.5290697674418605
1 0.6975 0.5647840531561462 0.7025 0.5739202657807309 0.71125 0.5789036544850499 0.718125 0.5789036544850499 0.728125 0.5722591362126246 0.733125 0.5490033222591362 0.725 0.5240863787375415 0.716875 0.5174418604651163 0.706875 0.5174418604651163 0.696875 0.5340531561461794 0.694375 0.5514950166112956 0.6975 0.5647840531561462
1 0.78625 0.7059800664451827 0.795625 0.7134551495016611 0.805 0.7134551495016611 0.814375 0.707641196013289 0.82125 0.6960132890365448 0.82375 0.6810631229235881 0.821875 0.6760797342192691 0.814375 0.6735880398671097 0.806875 0.6661129568106312 0.8 0.6669435215946844 0.794375 0.675249169435216 0.785 0.6810631229235881 0.783125 0.6993355481727574 0.78625 0.7059800664451827
1 0.504375 0.3588039867109635 0.509375 0.3654485049833887 0.519375 0.36710963455149503 0.525 0.36212624584717606 0.529375 0.3538205980066445 0.53125 0.34136212624584716 0.529375 0.3280730897009967 0.52625 0.3230897009966777 0.51875 0.31893687707641194 0.509375 0.32059800664451826 0.504375 0.3239202657807309 0.501875 0.3338870431893688 0.50125 0.3496677740863787 0.504375 0.3588039867109635
1 0.3375 0.48006644518272423 0.35125 0.4900332225913621 0.3625 0.4908637873754153 0.36875 0.48588039867109634 0.37375 0.47674418604651164 0.37375 0.47093023255813954 0.36875 0.45514950166112955 0.36125 0.446843853820598 0.355625 0.44435215946843853 0.34125 0.446843853820598 0.33375 0.457641196013289 0.333125 0.4700996677740864 0.3375 0.48006644518272423
1 0.72875 0.3729235880398671 0.740625 0.3795681063122924 0.7525 0.3770764119601329 0.76125 0.36627906976744184 0.76125 0.3496677740863787 0.75125 0.3380398671096346 0.735625 0.33970099667774084 0.73 0.3438538205980066 0.725 0.3521594684385382 0.725 0.36710963455149503 0.72875 0.3729235880398671
1 0.62 0.584717607973422 0.62625 0.5872093023255814 0.635625 0.5822259136212624 0.64375 0.5689368770764119 0.644375 0.5490033222591362 0.63625 0.5382059800664452 0.628125 0.5382059800664452 0.6175 0.5465116279069767 0.61125 0.5589700996677741 0.61125 0.5730897009966778 0.62 0.584717607973422
1 0.595 0.5548172757475083 0.598125 0.5573089700996677 0.60625 0.5573089700996677 0.6125 0.5539867109634552 0.62125 0.5415282392026578 0.625 0.5340531561461794 0.62625 0.5249169435215947 0.6225 0.5132890365448505 0.6175 0.5099667774086378 0.61125 0.5099667774086378 0.6 0.5174418604651163 0.59375 0.5299003322259136 0.591875 0.542358803986711 0.595 0.5548172757475083
1 0.795625 0.45514950166112955 0.79875 0.4659468438538206 0.80875 0.47840531561461797 0.82375 0.48255813953488375 0.83375 0.47591362126245845 0.83625 0.4700996677740864 0.83625 0.4601328903654485 0.8275 0.4410299003322259 0.818125 0.4318936877076412 0.81125 0.42940199335548174 0.80375 0.43023255813953487 0.79875 0.43521594684385384 0.795625 0.4418604651162791 0.795625 0.45514950166112955
1 0.68875 0.7441860465116279 0.699375 0.7591362126245847 0.7075 0.760797342192691 0.71875 0.7583056478405316 0.73 0.7450166112956811 0.7325 0.7375415282392026 0.731875 0.723421926910299 0.726875 0.7151162790697675 0.718125 0.7084717607973422 0.71 0.7084717607973422 0.69125 0.7217607973421927 0.68875 0.7267441860465116 0.68875 0.7441860465116279
1 0.540625 0.27906976744186046 0.55375 0.2799003322259136 0.561875 0.2649501661129568 0.560625 0.25 0.549375 0.23588039867109634 0.539375 0.2350498338870432 0.529375 0.24833887043189368 0.529375 0.2616279069767442 0.540625 0.27906976744186046
1 0.705 0.6619601328903655 0.709375 0.6636212624584718 0.721875 0.6602990033222591 0.726875 0.654485049833887 0.7325 0.6370431893687708 0.7325 0.627906976744186 0.72875 0.6196013289036545 0.72 0.6146179401993356 0.70875 0.6179401993355482 0.69875 0.6320598006644518 0.69875 0.654485049833887 0.705 0.6619601328903655
1 0.26875 0.3239202657807309 0.27125 0.33554817275747506 0.281875 0.3496677740863787 0.286875 0.3521594684385382 0.3 0.3504983388704319 0.305 0.3380398671096346 0.305 0.3230897009966777 0.30125 0.3131229235880399 0.290625 0.303156146179402 0.283125 0.29983388704318936 0.27125 0.29983388704318936 0.26875 0.303156146179402 0.26875 0.3239202657807309
1 0.65625 0.7848837209302325 0.6725 0.803156146179402 0.68625 0.8056478405315615 0.69875 0.7931893687707641 0.699375 0.7790697674418605 0.696875 0.7691029900332226 0.685625 0.7541528239202658 0.6775 0.7516611295681063 0.6675 0.7533222591362126 0.658125 0.7624584717607974 0.65625 0.7666112956810631 0.65625 0.7848837209302325
1 0.605 0.32059800664451826 0.609375 0.3313953488372093 0.618125 0.3372093023255814 0.62875 0.3330564784053156 0.634375 0.32142857142857145 0.63625 0.3106312292358804 0.63625 0.2915282392026578 0.634375 0.28488372093023256 0.63125 0.2807308970099668 0.624375 0.2807308970099668 0.61625 0.2857142857142857 0.608125 0.2956810631229236 0.605 0.3064784053156146 0.605 0.32059800664451826
1 0.396875 0.7192691029900332 0.410625 0.728405315614618 0.414375 0.728405315614618 0.421875 0.7217607973421927 0.42375 0.7159468438538206 0.418125 0.7043189368770764 0.415625 0.6802325581395349 0.408125 0.670265780730897 0.40125 0.6677740863787376 0.39 0.6760797342192691 0.388125 0.6810631229235881 0.388125 0.7018272425249169 0.396875 0.7192691029900332
1 0.64375 0.4676079734219269 0.6525 0.48172757475083056 0.659375 0.48421926910299 0.6675 0.4833887043189369 0.675 0.4742524916943522 0.6775 0.4642857142857143 0.675625 0.44933554817275745 0.664375 0.436046511627907 0.651875 0.436046511627907 0.644375 0.44518272425249167 0.6425 0.4543189368770764 0.64375 0.4676079734219269
1 0.555625 0.877906976744186 0.5675 0.8911960132890365 0.57625 0.8903654485049833 0.58125 0.8820598006644518 0.584375 0.8687707641196013 0.58375 0.8538205980066446 0.57875 0.840531561461794 0.570625 0.8355481727574751 0.5625 0.8363787375415282 0.55625 0.840531561461794 0.553125 0.8488372093023255 0.5525 0.867109634551495 0.555625 0.877906976744186
1 0.673125 0.3446843853820598 0.679375 0.3446843853820598 0.685 0.34136212624584716 0.69375 0.329734219269103 0.695625 0.31727574750830567 0.69375 0.3089700996677741 0.68875 0.3023255813953488 0.678125 0.29900332225913623 0.663125 0.3122923588039867 0.66125 0.3239202657807309 0.673125 0.3446843853820598
1 0.743125 0.4219269102990033 0.7575 0.42524916943521596 0.76625 0.41943521594684385 0.76625 0.3995016611295681 0.75875 0.38787375415282394 0.75 0.38205980066445183 0.743125 0.38205980066445183 0.733125 0.39285714285714285 0.733125 0.40780730897009965 0.743125 0.4219269102990033
1 0.378125 0.7591362126245847 0.383125 0.7616279069767442 0.394375 0.7616279069767442 0.400625 0.7574750830564784 0.405 0.75 0.40375 0.7308970099667774 0.39625 0.7217607973421927 0.378125 0.7209302325581395 0.3725 0.723421926910299 0.3675 0.7300664451827242 0.366875 0.7466777408637874 0.378125 0.7591362126245847
1 0.8125 0.6694352159468439 0.825625 0.675249169435216 0.83375 0.6727574750830565 0.838125 0.6677740863787376 0.841875 0.6553156146179402 0.84125 0.6411960132890365 0.838125 0.632890365448505 0.828125 0.6270764119601329 0.816875 0.6262458471760798 0.810625 0.632890365448505 0.8075 0.6411960132890365 0.805625 0.654485049833887 0.8125 0.6694352159468439
1 0.670625 0.7018272425249169 0.6825 0.7093023255813954 0.6925 0.7142857142857143 0.7 0.7142857142857143 0.71125 0.7051495016611296 0.713125 0.7009966777408638 0.71375 0.6877076411960132 0.71125 0.6802325581395349 0.69625 0.665282392026578 0.6775 0.6636212624584718 0.6725 0.6669435215946844 0.66625 0.6769102990033222 0.66625 0.6943521594684385 0.670625 0.7018272425249169
1 0.495 0.23089700996677742 0.4975 0.2367109634551495 0.508125 0.24086378737541528 0.5175 0.25332225913621265 0.5275 0.25249169435215946 0.53125 0.24335548172757476 0.530625 0.22591362126245848 0.521875 0.20930232558139536 0.51875 0.20514950166112958 0.51125 0.20182724252491693 0.504375 0.20182724252491693 0.4975 0.2084717607973422 0.495 0.21511627906976744 0.495 0.23089700996677742
0 0.24375 0.8186993355481728 0.245535625 0.8317516611295681 0.2625 0.8578546511627907 0.28392875 0.8685332225913621 0.295535625 0.8649742524916945 0.314285625 0.8554817275747508 0.33125 0.832937707641196 0.3375 0.7973421926910299 0.332143125 0.7664925249169435 0.31517875 0.738015780730897 0.295535625 0.7273372093023256 0.264285625 0.7344568106312291 0.251785625 0.7593737541528238 0.2375 0.7890365448504983 0.24375 0.8186993355481728
1 0.698214375 0.30256312292358806 0.7160712499999999 0.2954435215946844 0.716964375 0.2764593023255814 0.714285625 0.264593853820598 0.7071431250000001 0.2503563122923588 0.6928568749999999 0.2539152823920266 0.689285625 0.27408637873754155 0.689285625 0.2918845514950166 0.698214375 0.30256312292358806