1 0.19241192411924118 0.560625 0.17208672086720866 0.5625 0.16260162601626016 0.5675 0.16531165311653118 0.575 0.17615176151761516 0.5775 0.1951219512195122 0.5775 0.20596205962059622 0.573125 0.2086720867208672 0.565 0.19241192411924118 0.560625
1 0.6842818428184282 0.444375 0.6897018970189702 0.441875 0.6897018970189702 0.433125 0.6856368563685636 0.429375 0.6761517615176151 0.4275 0.6653116531165312 0.428125 0.6571815718157181 0.433125 0.6571815718157181 0.443125 0.6653116531165312 0.446875 0.6761517615176151 0.446875 0.6842818428184282 0.444375
1 0.39295392953929537 0.6175 0.3821138211382114 0.613125 0.3685636856368564 0.613125 0.35772357723577236 0.618125 0.35501355013550134 0.62875 0.3685636856368564 0.635 0.38482384823848237 0.635 0.39295392953929537 0.63 0.39295392953929537 0.6175
1 0.8604336043360433 0.443125 0.8360433604336044 0.445 0.8252032520325203 0.4525 0.8279132791327913 0.459375 0.8414634146341463 0.4625 0.8550135501355014 0.4625 0.8658536585365854 0.4575 0.8685636856368564 0.4475 0.8604336043360433 0.443125
1 0.4905149051490515 0.49375 0.4715447154471545 0.495625 0.4634146341463415 0.5025 0.4742547425474255 0.51 0.483739837398374 0.510625 0.4959349593495935 0.51 0.505420054200542 0.505 0.508130081300813 0.498125 0.4905149051490515 0.49375
1 0.4878048780487805 0.579375 0.4715447154471545 0.57125 0.45799457994579945 0.57125 0.44715447154471544 0.57625 0.44715447154471544 0.58625 0.4634146341463415 0.593125 0.481029810298103 0.5925 0.4878048780487805 0.58875 0.4878048780487805 0.579375
1 0.8523035230352304 0.48625 0.8414634146341463 0.48125 0.8306233062330624 0.48125 0.8252032520325203 0.485625 0.8279132791327913 0.495625 0.8360433604336044 0.49875 0.8482384823848238 0.4975 0.8523035230352304 0.495 0.8523035230352304 0.48625
1 0.26287262872628725 0.633125 0.2601626016260163 0.644375 0.26558265582655827 0.64875 0.27235772357723576 0.651875 0.2953929539295393 0.650625 0.2953929539295393 0.63625 0.2791327913279133 0.630625 0.26287262872628725 0.633125
1 0.7249322493224932 0.565 0.7195121951219512 0.565 0.7086720867208672 0.57 0.7086720867208672 0.58125 0.7195121951219512 0.58625 0.7303523035230353 0.58625 0.7357723577235772 0.58375 0.7357723577235772 0.570625 0.7249322493224932 0.565
1 0.5338753387533876 0.46875 0.5298102981029811 0.47875 0.535230352303523 0.4825 0.5460704607046071 0.485625 0.559620596205962 0.48375 0.5677506775067751 0.47875 0.5623306233062331 0.46875 0.5338753387533876 0.46875
1 0.2981029810298103 0.595 0.2764227642276423 0.59625 0.2682926829268293 0.60125 0.2682926829268293 0.606875 0.2764227642276423 0.611875 0.2953929539295393 0.611875 0.3075880758807588 0.608125 0.3116531165311653 0.599375 0.2981029810298103 0.595
1 0.556910569105691 0.318125 0.556910569105691 0.313125 0.5487804878048781 0.308125 0.5257452574525745 0.308125 0.510840108401084 0.314375 0.508130081300813 0.321875 0.5176151761517616 0.326875 0.537940379403794 0.3275 0.5487804878048781 0.324375 0.556910569105691 0.318125
1 0.6002710027100271 0.24375 0.5894308943089431 0.241875 0.5704607046070461 0.24625 0.5704607046070461 0.255625 0.5840108401084011 0.26375 0.5975609756097561 0.26375 0.6097560975609756 0.26125 0.6138211382113821 0.2525 0.6002710027100271 0.24375
1 0.8387533875338753 0.411875 0.8184281842818428 0.410625 0.8062330623306233 0.413125 0.8035230352303523 0.423125 0.8143631436314364 0.428125 0.8360433604336044 0.428125 0.8441734417344173 0.42625 0.8468834688346883 0.418125 0.8387533875338753 0.411875
1 0.6544715447154471 0.410625 0.6490514905149052 0.405 0.6327913279132791 0.401875 0.6219512195121951 0.403125 0.6111111111111112 0.41125 0.6111111111111112 0.418125 0.6165311653116531 0.421875 0.6382113821138211 0.425625 0.6517615176151762 0.42125 0.6544715447154471 0.410625
1 0.7601626016260162 0.37875 0.7439024390243902 0.3825 0.7466124661246613 0.395 0.7737127371273713 0.395 0.7831978319783198 0.39125 0.7872628726287263 0.38375 0.7764227642276422 0.38 0.7601626016260162 0.37875
1 0.8441734417344173 0.4625 0.8184281842818428 0.46 0.8035230352303523 0.464375 0.8035230352303523 0.473125 0.8170731707317073 0.47875 0.8387533875338753 0.479375 0.8482384823848238 0.476875 0.8523035230352304 0.46875 0.8441734417344173 0.4625
1 0.5948509485094851 0.3925 0.5840108401084011 0.3925 0.5704607046070461 0.3975 0.5704607046070461 0.408125 0.5853658536585366 0.415625 0.5975609756097561 0.415 0.6056910569105691 0.410625 0.6084010840108401 0.4 0.5948509485094851 0.3925
1 0.5650406504065041 0.519375 0.537940379403794 0.519375 0.532520325203252 0.52375 0.5338753387533876 0.533125 0.559620596205962 0.53375 0.5704607046070461 0.52875 0.5704607046070461 0.521875 0.5650406504065041 0.519375
1 0.26558265582655827 0.65625 0.26558265582655827 0.649375 0.25745257452574527 0.64625 0.23577235772357724 0.646875 0.2222222222222222 0.651875 0.22493224932249323 0.65875 0.23848238482384823 0.66375 0.24661246612466126 0.66375 0.2601626016260163 0.659375 0.26558265582655827 0.65625
1 0.39295392953929537 0.42 0.3794037940379404 0.4225 0.37669376693766937 0.430625 0.3875338753387534 0.43625 0.42140921409214094 0.436875 0.4254742547425474 0.428125 0.4146341463414634 0.42125 0.39295392953929537 0.42
1 0.25745257452574527 0.428125 0.25745257452574527 0.420625 0.25203252032520324 0.4175 0.23848238482384823 0.41375 0.21951219512195122 0.41625 0.21680216802168023 0.42625 0.22493224932249323 0.43125 0.24390243902439024 0.433125 0.25338753387533874 0.430625 0.25745257452574527 0.428125
1 0.7032520325203252 0.526875 0.6924119241192412 0.519375 0.6761517615176151 0.519375 0.6653116531165312 0.52375 0.6598915989159891 0.530625 0.6626016260162602 0.53625 0.6734417344173442 0.53875 0.6869918699186992 0.53875 0.7005420054200542 0.5325 0.7032520325203252 0.526875
1 0.5650406504065041 0.4625 0.5813008130081301 0.46375 0.5975609756097561 0.45875 0.5975609756097561 0.444375 0.575880758807588 0.445 0.5623306233062331 0.449375 0.5650406504065041 0.4625
1 0.8848238482384824 0.479375 0.8712737127371274 0.47625 0.8577235772357723 0.478125 0.8523035230352304 0.48125 0.8550135501355014 0.493125 0.8685636856368564 0.49625 0.8902439024390244 0.49375 0.8929539295392954 0.485 0.8848238482384824 0.479375
1 0.21138211382113822 0.4 0.1897018970189702 0.401875 0.17886178861788618 0.40625 0.17615176151761516 0.41875 0.1842818428184282 0.423125 0.20596205962059622 0.423125 0.21951219512195122 0.415 0.2222222222222222 0.406875 0.21138211382113822 0.4
1 0.7032520325203252 0.31125 0.6869918699186992 0.30875 0.6680216802168022 0.314375 0.6680216802168022 0.321875 0.6788617886178862 0.3275 0.7032520325203252 0.3275 0.7086720867208672 0.325 0.7113821138211383 0.31625 0.7032520325203252 0.31125
1 0.1978319783197832 0.474375 0.18699186991869918 0.4675 0.16531165311653118 0.465 0.15176151761517614 0.469375 0.15447154471544716 0.4775 0.16531165311653118 0.4825 0.19241192411924118 0.48375 0.1978319783197832 0.48125 0.1978319783197832 0.474375
1 0.6598915989159891 0.391875 0.6517615176151762 0.385625 0.6436314363143631 0.381875 0.6287262872628726 0.381875 0.6165311653116531 0.3875 0.6192411924119241 0.3975 0.6300813008130082 0.401875 0.6463414634146342 0.404375 0.6571815718157181 0.40125 0.6598915989159891 0.391875
1 0.4796747967479675 0.40625 0.46883468834688347 0.401875 0.44986449864498645 0.401875 0.44173441734417346 0.40625 0.44173441734417346 0.41375 0.44715447154471544 0.41875 0.45663956639566394 0.42125 0.46883468834688347 0.42125 0.4796747967479675 0.418125 0.4796747967479675 0.40625
1 0.8170731707317073 0.36625 0.8170731707317073 0.35625 0.8089430894308943 0.3525 0.7845528455284553 0.354375 0.7764227642276422 0.361875 0.7764227642276422 0.36875 0.7913279132791328 0.37375 0.8035230352303523 0.373125 0.8116531165311653 0.37 0.8170731707317073 0.36625
1 0.6463414634146342 0.4775 0.6273712737127372 0.4775 0.6111111111111112 0.485 0.6111111111111112 0.49 0.6246612466124661 0.495625 0.6382113821138211 0.495 0.6571815718157181 0.488125 0.6598915989159891 0.48125 0.6463414634146342 0.4775
1 0.6056910569105691 0.4625 0.5975609756097561 0.4625 0.5867208672086721 0.470625 0.5894308943089431 0.475625 0.6084010840108401 0.4825 0.6165311653116531 0.4825 0.6260162601626016 0.479375 0.6273712737127372 0.4675 0.6056910569105691 0.4625
1 0.7195121951219512 0.536875 0.6978319783197832 0.534375 0.6842818428184282 0.53875 0.6815718157181572 0.544375 0.6924119241192412 0.5525 0.7168021680216802 0.555 0.7249322493224932 0.551875 0.7276422764227642 0.54625 0.7195121951219512 0.536875
1 0.14634146341463414 0.60875 0.13821138211382114 0.604375 0.11924119241192412 0.60375 0.1111111111111111 0.60625 0.10569105691056911 0.613125 0.1111111111111111 0.621875 0.12330623306233063 0.625 0.13279132791327913 0.625 0.14363143631436315 0.620625 0.14634146341463414 0.60875
1 0.48509485094850946 0.651875 0.45799457994579945 0.651875 0.4444444444444444 0.65875 0.4444444444444444 0.66875 0.46070460704607047 0.6725 0.4715447154471545 0.67125 0.4878048780487805 0.6625 0.4905149051490515 0.655625 0.48509485094850946 0.651875
1 0.7655826558265583 0.4525 0.7547425474254743 0.4475 0.7276422764227642 0.4475 0.7195121951219512 0.449375 0.7113821138211383 0.456875 0.7154471544715447 0.461875 0.7235772357723578 0.464375 0.7520325203252033 0.464375 0.7628726287262872 0.459375 0.7655826558265583 0.4525
1 0.7398373983739838 0.35625 0.7276422764227642 0.350625 0.7059620596205962 0.350625 0.6978319783197832 0.355625 0.7032520325203252 0.365625 0.7168021680216802 0.37 0.7330623306233063 0.36875 0.7411924119241192 0.365 0.7398373983739838 0.35625
1 0.26558265582655827 0.361875 0.24390243902439024 0.36125 0.23306233062330622 0.36625 0.23306233062330622 0.37375 0.24119241192411925 0.37875 0.25474254742547425 0.38 0.27100271002710025 0.376875 0.27371273712737126 0.36625 0.26558265582655827 0.361875
1 0.2845528455284553 0.429375 0.27371273712737126 0.429375 0.26287262872628725 0.434375 0.25745257452574527 0.4475 0.26287262872628725 0.451875 0.2764227642276423 0.454375 0.2953929539295393 0.449375 0.2981029810298103 0.438125 0.2845528455284553 0.429375
1 0.3794037940379404 0.640625 0.3712737127371274 0.644375 0.3712737127371274 0.655625 0.3875338753387534 0.66 0.4010840108401084 0.6575 0.4037940379403794 0.646875 0.3983739837398374 0.640625 0.3794037940379404 0.640625
1 0.6897018970189702 0.36875 0.6815718157181572 0.371875 0.6869918699186992 0.384375 0.7086720867208672 0.385 0.7195121951219512 0.3825 0.7195121951219512 0.373125 0.7086720867208672 0.36875 0.6897018970189702 0.36875
1 0.3956639566395664 0.6175 0.39295392953929537 0.624375 0.3970189701897019 0.628125 0.4173441734417344 0.630625 0.4349593495934959 0.629375 0.4363143631436314 0.6225 0.4254742547425474 0.618125 0.3956639566395664 0.6175
1 0.3875338753387534 0.4475 0.3794037940379404 0.4425 0.35501355013550134 0.4425 0.34417344173441733 0.4475 0.34417344173441733 0.454375 0.3523035230352303 0.4575 0.3685636856368564 0.45875 0.3794037940379404 0.4575 0.38482384823848237 0.454375 0.3875338753387534 0.4475
1 0.5894308943089431 0.480625 0.5650406504065041 0.480625 0.559620596205962 0.48375 0.559620596205962 0.49125 0.5677506775067751 0.495 0.5894308943089431 0.495625 0.5975609756097561 0.491875 0.5975609756097561 0.48375 0.5894308943089431 0.480625
1 0.6761517615176151 0.28875 0.6653116531165312 0.288125 0.6544715447154471 0.291875 0.6517615176151762 0.30375 0.6639566395663956 0.30875 0.6761517615176151 0.309375 0.6842818428184282 0.3075 0.6869918699186992 0.293125 0.6761517615176151 0.28875
1 0.6653116531165312 0.5525 0.6626016260162602 0.5425 0.6422764227642277 0.54125 0.6273712737127372 0.544375 0.6192411924119241 0.550625 0.6192411924119241 0.556875 0.6260162601626016 0.56 0.6409214092140921 0.560625 0.6571815718157181 0.556875 0.6653116531165312 0.5525
1 0.6029810298102981 0.3325 0.5867208672086721 0.3325 0.5677506775067751 0.3375 0.5650406504065041 0.3425 0.5745257452574526 0.349375 0.5975609756097561 0.350625 0.6097560975609756 0.3475 0.6138211382113821 0.336875 0.6029810298102981 0.3325
1 0.7981029810298103 0.295 0.8008130081300813 0.281875 0.7953929539295393 0.276875 0.7899728997289973 0.275 0.7737127371273713 0.275 0.7642276422764228 0.2775 0.7601626016260162 0.28875 0.7682926829268293 0.295 0.7764227642276422 0.298125 0.7899728997289973 0.298125 0.7981029810298103 0.295
1 0.44986449864498645 0.496875 0.43902439024390244 0.496875 0.4254742547425474 0.5 0.42276422764227645 0.51125 0.43089430894308944 0.515 0.44715447154471544 0.515 0.45799457994579945 0.510625 0.46070460704607047 0.500625 0.44986449864498645 0.496875
1 0.23577235772357724 0.565 0.22628726287262874 0.565 0.2140921409214092 0.568125 0.2086720867208672 0.579375 0.21680216802168023 0.584375 0.23306233062330622 0.585625 0.24661246612466126 0.580625 0.24661246612466126 0.568125 0.23577235772357724 0.565
1 0.26287262872628725 0.386875 0.23712737127371275 0.386875 0.23035230352303523 0.390625 0.23306233062330622 0.398125 0.24796747967479674 0.405 0.27100271002710025 0.40625 0.2764227642276423 0.404375 0.2791327913279133 0.395 0.26287262872628725 0.386875
1 0.7818428184281843 0.31625 0.7818428184281843 0.308125 0.7764227642276422 0.30625 0.7439024390243902 0.30625 0.7330623306233063 0.314375 0.7357723577235772 0.319375 0.7425474254742548 0.3225 0.7655826558265583 0.3225 0.7777777777777778 0.318125 0.7818428184281843 0.31625
1 0.532520325203252 0.4825 0.521680216802168 0.483125 0.521680216802168 0.495625 0.5298102981029811 0.49875 0.5501355013550135 0.4975 0.55420054200542 0.495625 0.551490514905149 0.486875 0.532520325203252 0.4825
1 0.6192411924119241 0.656875 0.6192411924119241 0.64875 0.6084010840108401 0.641875 0.5894308943089431 0.640625 0.5813008130081301 0.644375 0.5813008130081301 0.655625 0.5867208672086721 0.66 0.5962059620596206 0.661875 0.6151761517615176 0.660625 0.6192411924119241 0.656875
1 0.592140921409214 0.370625 0.575880758807588 0.37 0.5623306233062331 0.37375 0.559620596205962 0.385 0.5704607046070461 0.391875 0.5840108401084011 0.391875 0.5975609756097561 0.385 0.6002710027100271 0.375 0.592140921409214 0.370625
1 0.559620596205962 0.449375 0.5365853658536586 0.4475 0.5298102981029811 0.45 0.5271002710027101 0.4625 0.532520325203252 0.4675 0.5487804878048781 0.46875 0.5623306233062331 0.4625 0.5650406504065041 0.4575 0.559620596205962 0.449375
1 0.4281842818428184 0.4025 0.4173441734417344 0.39625 0.4037940379403794 0.393125 0.3821138211382114 0.395 0.3794037940379404 0.40625 0.3875338753387534 0.41125 0.3956639566395664 0.413125 0.42005420054200543 0.413125 0.4254742547425474 0.410625 0.4281842818428184 0.4025
1 0.43089430894308944 0.633125 0.4186991869918699 0.633125 0.4010840108401084 0.6375 0.3983739837398374 0.641875 0.4065040650406504 0.650625 0.42005420054200543 0.65125 0.43360433604336046 0.646875 0.4363143631436314 0.6375 0.43089430894308944 0.633125
1 0.7330623306233063 0.305625 0.7330623306233063 0.298125 0.7222222222222222 0.29375 0.7005420054200542 0.29625 0.6897018970189702 0.30125 0.6897018970189702 0.30875 0.6951219512195121 0.310625 0.7168021680216802 0.310625 0.7276422764227642 0.308125 0.7330623306233063 0.305625
1 0.2791327913279133 0.615625 0.26287262872628725 0.60875 0.24932249322493225 0.6075 0.22764227642276422 0.613125 0.22764227642276422 0.620625 0.23848238482384823 0.624375 0.27100271002710025 0.624375 0.2791327913279133 0.620625 0.2791327913279133 0.615625
1 0.32791327913279134 0.44 0.3130081300813008 0.439375 0.3008130081300813 0.4425 0.2981029810298103 0.453125 0.3089430894308943 0.459375 0.33062330623306235 0.460625 0.34146341463414637 0.4575 0.34146341463414637 0.44625 0.32791327913279134 0.44
1 0.575880758807588 0.27 0.559620596205962 0.261875 0.5474254742547425 0.261875 0.535230352303523 0.265625 0.532520325203252 0.276875 0.5392953929539296 0.281875 0.551490514905149 0.285 0.5650406504065041 0.285 0.575880758807588 0.28 0.575880758807588 0.27
1 0.6463414634146342 0.454375 0.6355013550135501 0.446875 0.6084010840108401 0.4475 0.6029810298102981 0.45 0.6029810298102981 0.461875 0.6273712737127372 0.466875 0.6409214092140921 0.464375 0.6463414634146342 0.460625 0.6463414634146342 0.454375
1 0.5948509485094851 0.66375 0.5907859078590786 0.66 0.5785907859078591 0.656875 0.5677506775067751 0.6575 0.559620596205962 0.6625 0.559620596205962 0.673125 0.5677506775067751 0.676875 0.5785907859078591 0.6775 0.592140921409214 0.6725 0.5948509485094851 0.66375
1 0.4363143631436314 0.66375 0.4254742547425474 0.65875 0.4146341463414634 0.659375 0.4010840108401084 0.66875 0.4037940379403794 0.675625 0.41192411924119243 0.679375 0.43089430894308944 0.678125 0.4363143631436314 0.673125 0.4363143631436314 0.66375
1 0.6978319783197832 0.2725 0.6924119241192412 0.275 0.6951219512195121 0.28625 0.7168021680216802 0.288125 0.7276422764227642 0.285 0.7303523035230353 0.276875 0.7222222222222222 0.273125 0.6978319783197832 0.2725
1 0.6192411924119241 0.43125 0.6016260162601627 0.433125 0.592140921409214 0.43625 0.592140921409214 0.44125 0.6029810298102981 0.4475 0.6165311653116531 0.4475 0.6327913279132791 0.444375 0.6355013550135501 0.43625 0.6192411924119241 0.43125
1 0.6002710027100271 0.495625 0.5894308943089431 0.49875 0.5867208672086721 0.5075 0.5975609756097561 0.5125 0.6246612466124661 0.5125 0.6273712737127372 0.5025 0.6165311653116531 0.496875 0.6002710027100271 0.495625
1 0.6842818428184282 0.386875 0.6788617886178862 0.370625 0.6653116531165312 0.366875 0.6517615176151762 0.366875 0.6436314363143631 0.37125 0.6436314363143631 0.376875 0.6517615176151762 0.385 0.6666666666666666 0.389375 0.6788617886178862 0.38875 0.6842818428184282 0.386875
1 0.5704607046070461 0.69125 0.55420054200542 0.69125 0.537940379403794 0.69625 0.537940379403794 0.706875 0.5460704607046071 0.710625 0.556910569105691 0.71125 0.573170731707317 0.704375 0.575880758807588 0.69375 0.5704607046070461 0.69125