0 0.47875 0.0888704318936877 0.465 0.1079734219269103 0.459375 0.1287375415282392 0.459375 0.15448504983388706 0.465625 0.17524916943521596 0.474375 0.1893687707641196 0.48375 0.19933554817275748 0.491875 0.20431893687707642 0.505 0.20764119601328904 0.519375 0.20681063122923588 0.53125 0.20182724252491693 0.54625 0.18438538205980065 0.554375 0.1611295681063123 0.554375 0.13538205980066445 0.5475 0.11295681063122924 0.53375 0.09219269102990033 0.51 0.07973421926910298 0.498125 0.07973421926910298 0.47875 0.0888704318936877
1 0.325 0.5199335548172758 0.324375 0.5340531561461794 0.333125 0.5440199335548173 0.343125 0.5490033222591362 0.350625 0.5523255813953488 0.363125 0.5514950166112956 0.36875 0.5440199335548173 0.370625 0.5373754152823921 0.370625 0.5232558139534884 0.3675 0.5174418604651163 0.363125 0.510797342192691 0.35375 0.5058139534883721 0.335625 0.5058139534883721 0.329375 0.5116279069767442 0.325 0.5199335548172758
1 0.24875 0.6511627906976745 0.256875 0.6511627906976745 0.266875 0.6470099667774086 0.27 0.643687707641196 0.271875 0.6196013289036545 0.259375 0.6079734219269103 0.24875 0.6071428571428571 0.236875 0.6212624584717608 0.23625 0.6403654485049833 0.24875 0.6511627906976745
1 0.485625 0.7068106312292359 0.485 0.7308970099667774 0.491875 0.7433554817275747 0.49875 0.7433554817275747 0.508125 0.7350498338870431 0.515 0.7250830564784053 0.520625 0.7026578073089701 0.518125 0.696843853820598 0.5125 0.6868770764119602 0.50625 0.6852159468438538 0.49875 0.686046511627907 0.49 0.6960132890365448 0.485625 0.7068106312292359
1 0.48125 0.5083056478405316 0.48625 0.5199335548172758 0.491875 0.526578073089701 0.50125 0.532392026578073 0.515 0.5290697674418605 0.52125 0.5199335548172758 0.523125 0.5116279069767442 0.52125 0.5 0.5125 0.4867109634551495 0.503125 0.48172757475083056 0.48375 0.4850498338870432 0.480625 0.49335548172757476 0.48125 0.5083056478405316
1 0.4075 0.728405315614618 0.4125 0.7325581395348837 0.41875 0.7350498338870431 0.4325 0.7350498338870431 0.4375 0.7300664451827242 0.43625 0.7109634551495017 0.423125 0.6943521594684385 0.41125 0.6935215946843853 0.4025 0.7034883720930233 0.401875 0.7167774086378738 0.4075 0.728405315614618
1 0.403125 0.3795681063122924 0.406875 0.3953488372093023 0.421875 0.40780730897009965 0.433125 0.40780730897009965 0.441875 0.4011627906976744 0.446875 0.39368770764119604 0.44625 0.38289036544850497 0.4375 0.3704318936877076 0.423125 0.3654485049833887 0.40875 0.36794019933554817 0.405 0.37209302325581395 0.403125 0.3795681063122924
1 0.42625 0.7641196013289037 0.42625 0.7732558139534884 0.43625 0.7882059800664452 0.44625 0.7882059800664452 0.4575 0.7757475083056479 0.459375 0.7666112956810631 0.45875 0.7541528239202658 0.4575 0.7508305647840532 0.45 0.7458471760797342 0.43625 0.7475083056478405 0.429375 0.7541528239202658 0.42625 0.7641196013289037
1 0.453125 0.6270764119601329 0.453125 0.6362126245847176 0.455625 0.6428571428571429 0.4625 0.6495016611295681 0.483125 0.6511627906976745 0.48875 0.6470099667774086 0.49375 0.6387043189368771 0.49375 0.622093023255814 0.48875 0.6154485049833887 0.478125 0.6088039867109635 0.46875 0.6088039867109635 0.455625 0.6196013289036545 0.453125 0.6270764119601329
1 0.456875 0.7317275747508306 0.4575 0.7367109634551495 0.46375 0.7458471760797342 0.4675 0.7450166112956811 0.470625 0.739202657807309 0.478125 0.7375415282392026 0.4825 0.7317275747508306 0.485 0.7209302325581395 0.48375 0.7084717607973422 0.4725 0.7009966777408638 0.4675 0.7009966777408638 0.46 0.7084717607973422 0.456875 0.7192691029900332 0.456875 0.7317275747508306
1 0.508125 0.34717607973421927 0.5125 0.3579734219269103 0.523125 0.3579734219269103 0.530625 0.3521594684385382 0.53375 0.3446843853820598 0.53375 0.3313953488372093 0.526875 0.3230897009966777 0.511875 0.3230897009966777 0.505 0.3289036544850498 0.5025 0.34053156146179403 0.508125 0.34717607973421927
1 0.381875 0.6528239202657807 0.386875 0.6636212624584718 0.391875 0.6661129568106312 0.40125 0.665282392026578 0.410625 0.654485049833887 0.41625 0.6403654485049833 0.415625 0.622093023255814 0.40625 0.6112956810631229 0.396875 0.6121262458471761 0.386875 0.6196013289036545 0.381875 0.632890365448505 0.381875 0.6528239202657807
1 0.45 0.5083056478405316 0.453125 0.5174418604651163 0.461875 0.5290697674418605 0.474375 0.53156146179402 0.479375 0.5290697674418605 0.4825 0.5232558139534884 0.483125 0.5141196013289037 0.480625 0.5 0.47125 0.4867109634551495 0.46 0.48421926910299 0.453125 0.4883720930232558 0.45 0.49667774086378735 0.45 0.5083056478405316
1 0.515 0.6627906976744186 0.51375 0.686046511627907 0.520625 0.7001661129568106 0.530625 0.7001661129568106 0.53875 0.6910299003322259 0.54125 0.686046511627907 0.541875 0.6611295681063123 0.54 0.6519933554817275 0.53375 0.6461794019933554 0.525 0.6461794019933554 0.516875 0.6578073089700996 0.515 0.6627906976744186
1 0.390625 0.8014950166112956 0.393125 0.8073089700996677 0.403125 0.8172757475083057 0.41125 0.8197674418604651 0.42125 0.8181063122923588 0.4275 0.8131229235880398 0.433125 0.803156146179402 0.433125 0.7857142857142857 0.42625 0.776578073089701 0.418125 0.7724252491694352 0.39875 0.7749169435215947 0.390625 0.7848837209302325 0.390625 0.8014950166112956
1 0.35375 0.6877076411960132 0.354375 0.7018272425249169 0.35875 0.7134551495016611 0.36625 0.7225913621262459 0.376875 0.7259136212624585 0.384375 0.7192691029900332 0.386875 0.7084717607973422 0.386875 0.6935215946843853 0.384375 0.6835548172757475 0.38125 0.6769102990033222 0.371875 0.670265780730897 0.361875 0.6719269102990033 0.35625 0.6785714285714286 0.35375 0.6877076411960132
1 0.21375 0.6046511627906976 0.215625 0.6121262458471761 0.22125 0.617109634551495 0.238125 0.617109634551495 0.25375 0.5988372093023255 0.255 0.584717607973422 0.245625 0.5730897009966778 0.23125 0.5730897009966778 0.224375 0.5789036544850499 0.215625 0.5913621262458472 0.21375 0.6046511627906976
1 0.474375 0.37375415282392027 0.47625 0.3787375415282392 0.483125 0.38289036544850497 0.495 0.3795681063122924 0.5075 0.36295681063122925 0.5075 0.3488372093023256 0.5 0.34053156146179403 0.48625 0.3430232558139535 0.47875 0.3521594684385382 0.474375 0.36212624584717606 0.474375 0.37375415282392027
1 0.42875 0.813953488372093 0.424375 0.8322259136212624 0.424375 0.840531561461794 0.42875 0.8488372093023255 0.43625 0.8513289036544851 0.44125 0.8488372093023255 0.451875 0.8363787375415282 0.4575 0.8230897009966778 0.45875 0.803156146179402 0.456875 0.7956810631229236 0.45125 0.7898671096345515 0.443125 0.7906976744186046 0.438125 0.7940199335548173 0.42875 0.813953488372093
1 0.418125 0.6303986710963455 0.42125 0.6403654485049833 0.433125 0.6470099667774086 0.441875 0.6445182724252492 0.445 0.6411960132890365 0.449375 0.6337209302325582 0.449375 0.6179401993355482 0.4475 0.6104651162790697 0.435625 0.5971760797342193 0.428125 0.5971760797342193 0.42375 0.6013289036544851 0.418125 0.6129568106312292 0.418125 0.6303986710963455
1 0.2625 0.5299003322259136 0.265625 0.542358803986711 0.273125 0.5523255813953488 0.286875 0.5564784053156147 0.295 0.5523255813953488 0.298125 0.5456810631229236 0.298125 0.5240863787375415 0.29 0.5124584717607974 0.276875 0.5091362126245847 0.265 0.5149501661129569 0.2625 0.5191029900332226 0.2625 0.5299003322259136
1 0.683125 0.8289036544850499 0.6925 0.8463455149501661 0.7 0.8513289036544851 0.706875 0.8513289036544851 0.71125 0.8488372093023255 0.714375 0.8421926910299004 0.714375 0.8156146179401993 0.704375 0.7990033222591362 0.693125 0.7981727574750831 0.688125 0.803156146179402 0.683125 0.813953488372093 0.683125 0.8289036544850499
1 0.4496875 0.834717607973422 0.000625 0.0016611295681063123
1 0.434375 0.848421926910299 0.00375 0.0008305647840531562
1 0.550625 0.5398671096345515 0.549375 0.5539867109634552 0.558125 0.5672757475083057 0.573125 0.5714285714285714 0.583125 0.5672757475083057 0.585625 0.5631229235880398 0.585625 0.5456810631229236 0.5775 0.5307308970099668 0.565 0.5274086378737541 0.558125 0.5290697674418605 0.553125 0.5340531561461794 0.550625 0.5398671096345515
1 0.525 0.5573089700996677 0.5425 0.5581395348837209 0.548125 0.5514950166112956 0.549375 0.5456810631229236 0.549375 0.5390365448504983 0.545 0.53156146179402 0.530625 0.5199335548172758 0.52375 0.5199335548172758 0.515625 0.5307308970099668 0.515625 0.5398671096345515 0.525 0.5573089700996677
1 0.495625 0.39368770764119604 0.505625 0.4053156146179402 0.518125 0.40448504983388706 0.526875 0.3953488372093023 0.52625 0.3754152823920266 0.519375 0.36794019933554817 0.505625 0.36710963455149503 0.500625 0.3712624584717608 0.495 0.3812292358803987 0.495625 0.39368770764119604
1 0.24375 0.6926910299003323 0.248125 0.7026578073089701 0.253125 0.7051495016611296 0.265 0.7051495016611296 0.271875 0.7009966777408638 0.28125 0.6901993355481728 0.283125 0.6843853820598007 0.283125 0.6636212624584718 0.273125 0.6569767441860465 0.266875 0.6569767441860465 0.251875 0.6644518272425249 0.24375 0.6802325581395349 0.24375 0.6926910299003323
1 0.375625 0.5714285714285714 0.384375 0.5772425249169435 0.395 0.5730897009966778 0.40625 0.5523255813953488 0.408125 0.5398671096345515 0.40625 0.532392026578073 0.396875 0.5249169435215947 0.384375 0.5299003322259136 0.376875 0.5415282392026578 0.37375 0.5539867109634552 0.375625 0.5714285714285714
1 0.439375 0.457641196013289 0.450625 0.46677740863787376 0.4575 0.4676079734219269 0.461875 0.45598006644518274 0.461875 0.44435215946843853 0.4575 0.43106312292358806 0.4475 0.420265780730897 0.43625 0.4169435215946844 0.428125 0.4277408637873754 0.428125 0.4410299003322259 0.439375 0.457641196013289
1 0.486875 0.6495016611295681 0.486875 0.665282392026578 0.490625 0.6719269102990033 0.495625 0.675249169435216 0.50625 0.6727574750830565 0.515 0.6602990033222591 0.5175 0.6428571428571429 0.5075 0.6320598006644518 0.50125 0.6303986710963455 0.496875 0.632890365448505 0.495625 0.6387043189368771 0.486875 0.6495016611295681
1 0.424375 0.3488372093023256 0.428125 0.36046511627906974 0.4425 0.3754152823920266 0.4475 0.3754152823920266 0.4575 0.3654485049833887 0.459375 0.3579734219269103 0.45875 0.3446843853820598 0.4475 0.329734219269103 0.439375 0.3230897009966777 0.431875 0.32475083056478404 0.424375 0.3380398671096346 0.424375 0.3488372093023256
1 0.52625 0.5041528239202658 0.52625 0.5116279069767442 0.529375 0.5191029900332226 0.54 0.5274086378737541 0.550625 0.5282392026578073 0.556875 0.5257475083056479 0.56 0.5174418604651163 0.559375 0.5132890365448505 0.558125 0.5083056478405316 0.544375 0.5033222591362126 0.53625 0.49335548172757476 0.53 0.4950166112956811 0.52625 0.5041528239202658
1 0.36125 0.5083056478405316 0.37125 0.5257475083056479 0.381875 0.5282392026578073 0.389375 0.5257475083056479 0.395 0.5174418604651163 0.395 0.5016611295681063 0.375 0.489202657807309 0.37125 0.489202657807309 0.36625 0.4908637873754153 0.361875 0.4983388704318937 0.36125 0.5083056478405316
1 0.291875 0.5697674418604651 0.293125 0.5872093023255814 0.30125 0.5996677740863787 0.304375 0.6021594684385382 0.314375 0.6021594684385382 0.321875 0.5930232558139535 0.32625 0.5813953488372093 0.32625 0.5631229235880398 0.324375 0.5564784053156147 0.316875 0.5456810631229236 0.308125 0.5440199335548173 0.30375 0.5456810631229236 0.29375 0.5589700996677741 0.291875 0.5697674418604651
1 0.469375 0.4568106312292359 0.46875 0.4700996677740864 0.474375 0.47840531561461797 0.48125 0.48255813953488375 0.49875 0.48006644518272423 0.5025 0.47674418604651164 0.5075 0.4659468438538206 0.505625 0.44601328903654486 0.50125 0.4410299003322259 0.49375 0.43853820598006643 0.480625 0.4410299003322259 0.47375 0.4476744186046512 0.469375 0.4568106312292359
1 0.395 0.8571428571428571 0.401875 0.8612956810631229 0.41 0.8612956810631229 0.415625 0.8579734219269103 0.423125 0.8496677740863787 0.423125 0.8313953488372093 0.42 0.824750830564784 0.401875 0.8181063122923588 0.3925 0.8205980066445183 0.385 0.8313953488372093 0.3875 0.8471760797342193 0.395 0.8571428571428571
1 0.51125 0.6046511627906976 0.51 0.6146179401993356 0.51125 0.6237541528239202 0.515625 0.632890365448505 0.52375 0.6411960132890365 0.5375 0.6403654485049833 0.54125 0.6353820598006644 0.5425 0.6270764119601329 0.54125 0.6046511627906976 0.53625 0.5946843853820598 0.53125 0.590531561461794 0.5225 0.5888704318936877 0.51625 0.5930232558139535 0.51125 0.6046511627906976
1 0.539375 0.49916943521594687 0.550625 0.5049833887043189 0.556875 0.5049833887043189 0.56375 0.49916943521594687 0.5725 0.48421926910299 0.5725 0.4692691029900332 0.565625 0.4659468438538206 0.54875 0.4676079734219269 0.5425 0.4717607973421927 0.5375 0.48421926910299 0.539375 0.49916943521594687
1 0.560625 0.654485049833887 0.555625 0.6677740863787376 0.555625 0.6769102990033222 0.560625 0.6868770764119602 0.565 0.6893687707641196 0.5775 0.6893687707641196 0.591875 0.6710963455149501 0.591875 0.6553156146179402 0.586875 0.6461794019933554 0.583125 0.643687707641196 0.57375 0.6428571428571429 0.568125 0.6453488372093024 0.560625 0.654485049833887
1 0.413125 0.6769102990033222 0.419375 0.6901993355481728 0.42875 0.6976744186046512 0.439375 0.696843853820598 0.446875 0.6901993355481728 0.4475 0.6669435215946844 0.4375 0.6553156146179402 0.42875 0.6511627906976745 0.41875 0.6511627906976745 0.411875 0.659468438538206 0.413125 0.6769102990033222
1 0.575 0.4219269102990033 0.578125 0.4260797342192691 0.58625 0.4277408637873754 0.59625 0.42524916943521596 0.60375 0.420265780730897 0.61 0.4053156146179402 0.60875 0.3945182724252492 0.6025 0.38787375415282394 0.59625 0.3862126245847176 0.585625 0.38870431893687707 0.575 0.40448504983388706 0.575 0.4219269102990033
1 0.536875 0.4260797342192691 0.54125 0.42940199335548174 0.549375 0.42940199335548174 0.558125 0.4219269102990033 0.5675 0.4003322259136213 0.564375 0.38870431893687707 0.558125 0.38205980066445183 0.55 0.38205980066445183 0.541875 0.38787375415282394 0.53625 0.4011627906976744 0.536875 0.4260797342192691
1 0.329375 0.3073089700996678 0.335625 0.3164451827242525 0.350625 0.31727574750830567 0.36 0.3064784053156146 0.36 0.2857142857142857 0.3525 0.2782392026578073 0.3425 0.27740863787375414 0.335 0.2799003322259136 0.328125 0.292358803986711 0.329375 0.3073089700996678
1 0.446875 0.29900332225913623 0.448125 0.3280730897009967 0.453125 0.3372093023255814 0.459375 0.3430232558139535 0.464375 0.34634551495016613 0.470625 0.34634551495016613 0.478125 0.3372093023255814 0.480625 0.329734219269103 0.47875 0.3089700996677741 0.4725 0.29900332225913623 0.465625 0.29817275747508304 0.4575 0.292358803986711 0.45 0.2931893687707641 0.446875 0.29900332225913623
1 0.41375 0.4792358803986711 0.411875 0.4883720930232558 0.41875 0.5016611295681063 0.424375 0.5049833887043189 0.43625 0.5058139534883721 0.449375 0.4983388704318937 0.454375 0.48588039867109634 0.456875 0.48421926910299 0.456875 0.47674418604651164 0.451875 0.4684385382059801 0.4475 0.4659468438538206 0.43125 0.4642857142857143 0.41875 0.47093023255813954 0.41375 0.4792358803986711
1 0.460625 0.5573089700996677 0.4625 0.5664451827242525 0.470625 0.5813953488372093 0.48125 0.5930232558139535 0.48875 0.5946843853820598 0.49375 0.5880398671096345 0.49375 0.5656146179401993 0.485625 0.5473421926910299 0.4775 0.5390365448504983 0.47 0.5373754152823921 0.4625 0.5431893687707641 0.460625 0.5573089700996677
1 0.54375 0.6212624584717608 0.54625 0.627906976744186 0.550625 0.6320598006644518 0.5625 0.6337209302325582 0.5675 0.6295681063122923 0.5675 0.574750830564784 0.561875 0.5697674418604651 0.55375 0.5722591362126246 0.544375 0.5913621262458472 0.5425 0.6021594684385382 0.54375 0.6212624584717608
1 0.49375 0.5697674418604651 0.49875 0.5830564784053156 0.50375 0.5872093023255814 0.518125 0.584717607973422 0.524375 0.5697674418604651 0.52375 0.5539867109634552 0.515 0.5398671096345515 0.50875 0.5373754152823921 0.5025 0.5398671096345515 0.49375 0.5581395348837209 0.49375 0.5697674418604651
1 0.37125 0.4700996677740864 0.37125 0.4792358803986711 0.38 0.49335548172757476 0.4 0.49750830564784054 0.405 0.4950166112956811 0.41 0.48754152823920266 0.41 0.4742524916943522 0.401875 0.4659468438538206 0.3925 0.46511627906976744 0.386875 0.46096345514950166 0.380625 0.4601328903654485 0.37125 0.4700996677740864
1 0.465 0.8164451827242525 0.47875 0.8172757475083057 0.48875 0.8064784053156147 0.491875 0.7906976744186046 0.49 0.7699335548172758 0.48125 0.7624584717607974 0.470625 0.7641196013289037 0.46 0.78156146179402 0.459375 0.8064784053156147 0.465 0.8164451827242525
1 0.515625 0.4742524916943522 0.526875 0.47591362126245845 0.53125 0.473421926910299 0.53875 0.4659468438538206 0.54375 0.4568106312292359 0.54375 0.4418604651162791 0.53625 0.4318936877076412 0.521875 0.4318936877076412 0.5125 0.4426910299003322 0.51 0.45514950166112955 0.510625 0.46677740863787376 0.515625 0.4742524916943522
1 0.286875 0.6943521594684385 0.283125 0.7051495016611296 0.286875 0.7225913621262459 0.293125 0.728405315614618 0.3025 0.729235880398671 0.3225 0.7209302325581395 0.329375 0.707641196013289 0.329375 0.6951827242524917 0.32625 0.6868770764119602 0.321875 0.6794019933554817 0.3175 0.6769102990033222 0.30625 0.6769102990033222 0.29625 0.6827242524916943 0.286875 0.6943521594684385
1 0.35875 0.2707641196013289 0.35875 0.2815614617940199 0.36375 0.29900332225913623 0.37625 0.30980066445182725 0.38375 0.30980066445182725 0.38875 0.3064784053156146 0.391875 0.29983388704318936 0.391875 0.2807308970099668 0.388125 0.2707641196013289 0.38 0.260797342192691 0.37375 0.25830564784053156 0.36625 0.2599667774086379 0.361875 0.26411960132890366 0.35875 0.2707641196013289
1 0.273125 0.6237541528239202 0.27125 0.6387043189368771 0.2725 0.6528239202657807 0.275 0.6578073089700996 0.28 0.6611295681063123 0.295 0.6611295681063123 0.308125 0.6453488372093024 0.31125 0.6362126245847176 0.310625 0.6254152823920266 0.3075 0.6154485049833887 0.30125 0.6071428571428571 0.290625 0.6038205980066446 0.283125 0.6071428571428571 0.273125 0.6237541528239202
1 0.54375 0.4584717607973422 0.550625 0.4659468438538206 0.565 0.4659468438538206 0.57 0.4634551495016611 0.579375 0.44518272425249167 0.57875 0.43521594684385384 0.56875 0.42857142857142855 0.56125 0.42857142857142855 0.551875 0.43272425249169433 0.545 0.4418604651162791 0.54375 0.4584717607973422
1 0.408125 0.5249169435215947 0.408125 0.5357142857142857 0.415625 0.5573089700996677 0.42375 0.5606312292358804 0.429375 0.5581395348837209 0.433125 0.553156146179402 0.4375 0.5398671096345515 0.43625 0.526578073089701 0.43125 0.5132890365448505 0.423125 0.5058139534883721 0.416875 0.5083056478405316 0.41125 0.5141196013289037 0.408125 0.5249169435215947
1 0.373125 0.4426910299003322 0.375 0.45182724252491696 0.381875 0.45930232558139533 0.391875 0.4642857142857143 0.40625 0.4634551495016611 0.415 0.45016611295681064 0.413125 0.4410299003322259 0.405 0.4277408637873754 0.395 0.42358803986710963 0.380625 0.42358803986710963 0.37375 0.43023255813953487 0.373125 0.4426910299003322
1 0.54375 0.5880398671096345 0.549375 0.574750830564784 0.548125 0.5622923588039868 0.544375 0.5589700996677741 0.526875 0.5589700996677741 0.52125 0.584717607973422 0.53375 0.5913621262458472 0.54375 0.5880398671096345
1 0.455 0.6735880398671097 0.459375 0.6852159468438538 0.465 0.6918604651162791 0.473125 0.6960132890365448 0.48125 0.6951827242524917 0.485625 0.6918604651162791 0.488125 0.6760797342192691 0.485625 0.6669435215946844 0.478125 0.6569767441860465 0.464375 0.6511627906976745 0.460625 0.6519933554817275 0.454375 0.6636212624584718 0.455 0.6735880398671097