1 0.5487804878048781 0.384375 0.5298102981029811 0.385 0.518970189701897 0.391875 0.521680216802168 0.401875 0.535230352303523 0.40625 0.5460704607046071 0.40625 0.556910569105691 0.403125 0.556910569105691 0.386875 0.5487804878048781 0.384375
1 0.8062330623306233 0.584375 0.7981029810298103 0.579375 0.7791327913279132 0.578125 0.7710027100271003 0.581875 0.7710027100271003 0.594375 0.7818428184281843 0.59875 0.7981029810298103 0.59875 0.8062330623306233 0.59625 0.8062330623306233 0.584375
1 0.4878048780487805 0.513125 0.48509485094850946 0.503125 0.46883468834688347 0.496875 0.45528455284552843 0.49625 0.44850948509485095 0.498125 0.4444444444444444 0.5 0.44850948509485095 0.511875 0.4634146341463415 0.516875 0.4796747967479675 0.516875 0.4878048780487805 0.513125
1 0.8414634146341463 0.595 0.8157181571815718 0.59375 0.8089430894308943 0.59625 0.8062330623306233 0.6025 0.8157181571815718 0.610625 0.8387533875338753 0.614375 0.8523035230352304 0.611875 0.8550135501355014 0.60375 0.8414634146341463 0.595
1 0.5677506775067751 0.565 0.5433604336043361 0.563125 0.532520325203252 0.565625 0.532520325203252 0.573125 0.540650406504065 0.5775 0.5704607046070461 0.579375 0.575880758807588 0.57625 0.5785907859078591 0.57 0.5677506775067751 0.565
1 0.6056910569105691 0.59625 0.6002710027100271 0.591875 0.5813008130081301 0.586875 0.573170731707317 0.586875 0.5623306233062331 0.594375 0.5650406504065041 0.60375 0.5813008130081301 0.60875 0.5975609756097561 0.60875 0.6029810298102981 0.60625 0.6056910569105691 0.59625
1 0.575880758807588 0.620625 0.55420054200542 0.615625 0.5433604336043361 0.6175 0.537940379403794 0.624375 0.5433604336043361 0.63125 0.5623306233062331 0.6375 0.5785907859078591 0.635 0.5813008130081301 0.624375 0.575880758807588 0.620625
1 0.2953929539295393 0.495625 0.2791327913279133 0.49375 0.26558265582655827 0.49625 0.2682926829268293 0.50875 0.2764227642276423 0.5125 0.2953929539295393 0.515 0.3048780487804878 0.511875 0.3089430894308943 0.508125 0.2953929539295393 0.495625
1 0.13008130081300814 0.71625 0.11653116531165311 0.71375 0.09620596205962059 0.715 0.08943089430894309 0.72125 0.09620596205962059 0.72875 0.1070460704607046 0.731875 0.13550135501355012 0.73 0.13821138211382114 0.719375 0.13008130081300814 0.71625
1 0.3821138211382114 0.724375 0.3604336043360434 0.7225 0.34959349593495936 0.726875 0.34688346883468835 0.7375 0.35772357723577236 0.741875 0.3685636856368564 0.7425 0.38482384823848237 0.735625 0.3875338753387534 0.729375 0.3821138211382114 0.724375
1 0.7384823848238482 0.72625 0.7439024390243902 0.72375 0.7439024390243902 0.714375 0.7384823848238482 0.70875 0.7222222222222222 0.705625 0.7086720867208672 0.706875 0.7032520325203252 0.71125 0.7032520325203252 0.718125 0.7086720867208672 0.721875 0.7249322493224932 0.72625 0.7384823848238482 0.72625
1 0.573170731707317 0.53875 0.5785907859078591 0.53625 0.5785907859078591 0.529375 0.573170731707317 0.52625 0.5650406504065041 0.524375 0.5460704607046071 0.524375 0.532520325203252 0.529375 0.532520325203252 0.534375 0.537940379403794 0.5375 0.55420054200542 0.54 0.573170731707317 0.53875
1 0.21680216802168023 0.37375 0.21951219512195122 0.365 0.2140921409214092 0.36125 0.2032520325203252 0.35875 0.18157181571815717 0.35625 0.16802168021680217 0.35875 0.16260162601626016 0.361875 0.16260162601626016 0.36875 0.17344173441734417 0.37375 0.1951219512195122 0.376875 0.21680216802168023 0.37375
1 0.47696476964769646 0.318125 0.4715447154471545 0.310625 0.46070460704607047 0.30625 0.44715447154471544 0.308125 0.43902439024390244 0.313125 0.43902439024390244 0.323125 0.44715447154471544 0.331875 0.46070460704607047 0.3325 0.4742547425474255 0.32625 0.47696476964769646 0.318125
1 0.1978319783197832 0.580625 0.2073170731707317 0.576875 0.2086720867208672 0.56375 0.2032520325203252 0.56 0.19241192411924118 0.555625 0.16802168021680217 0.555625 0.16260162601626016 0.559375 0.16260162601626016 0.56875 0.16802168021680217 0.575 0.17886178861788618 0.579375 0.1897018970189702 0.580625 0.1978319783197832 0.580625
1 0.6382113821138211 0.3425 0.6205962059620597 0.341875 0.6056910569105691 0.344375 0.6029810298102981 0.3575 0.6084010840108401 0.36 0.6327913279132791 0.36 0.6436314363143631 0.355625 0.6463414634146342 0.345625 0.6382113821138211 0.3425
1 0.6842818428184282 0.28125 0.6734417344173442 0.2725 0.6598915989159891 0.27 0.6490514905149052 0.271875 0.6382113821138211 0.276875 0.6355013550135501 0.285625 0.6463414634146342 0.293125 0.6734417344173442 0.293125 0.6815718157181572 0.28875 0.6842818428184282 0.28125
1 0.41192411924119243 0.559375 0.3970189701897019 0.56 0.3902439024390244 0.570625 0.39295392953929537 0.579375 0.4037940379403794 0.58375 0.4146341463414634 0.58375 0.4254742547425474 0.579375 0.4254742547425474 0.561875 0.41192411924119243 0.559375
1 0.9878048780487805 0.453125 0.9769647696476965 0.449375 0.9552845528455285 0.45 0.9471544715447154 0.455 0.9471544715447154 0.4625 0.9525745257452575 0.4675 0.9634146341463414 0.470625 0.9796747967479674 0.470625 0.9878048780487805 0.4675 0.9878048780487805 0.453125
1 0.8536585365853658 0.390625 0.8495934959349594 0.393125 0.8523035230352304 0.405 0.8631436314363143 0.408125 0.8929539295392954 0.406875 0.8956639566395664 0.398125 0.8821138211382114 0.39 0.8536585365853658 0.390625
1 0.7682926829268293 0.584375 0.7737127371273713 0.579375 0.7710027100271003 0.57 0.7601626016260162 0.565 0.7493224932249323 0.565 0.7357723577235772 0.570625 0.7357723577235772 0.577708125 0.7303523035230353 0.581875 0.7493224932249323 0.58625 0.7601626016260162 0.586875 0.7682926829268293 0.584375
1 0.7899728997289973 0.4675 0.7818428184281843 0.4625 0.7710027100271003 0.46 0.7493224932249323 0.460625 0.7439024390243902 0.464375 0.7439024390243902 0.473125 0.7533875338753387 0.47875 0.7791327913279132 0.480625 0.7899728997289973 0.4775 0.7899728997289973 0.4675
1 0.4932249322493225 0.521875 0.4878048780487805 0.525625 0.4905149051490515 0.536875 0.502710027100271 0.54125 0.524390243902439 0.5375 0.5271002710027101 0.52875 0.5203252032520326 0.5225 0.4932249322493225 0.521875
1 0.6084010840108401 0.519375 0.5894308943089431 0.519375 0.5785907859078591 0.524375 0.5813008130081301 0.53375 0.5894308943089431 0.53625 0.6084010840108401 0.5375 0.6219512195121951 0.53375 0.6219512195121951 0.52375 0.6084010840108401 0.519375
1 0.21138211382113822 0.474375 0.2086720867208672 0.48375 0.2140921409214092 0.49 0.22357723577235772 0.49375 0.24796747967479674 0.4925 0.24661246612466126 0.479375 0.23577235772357724 0.474375 0.21138211382113822 0.474375
1 0.6788617886178862 0.66625 0.6747967479674797 0.656875 0.6680216802168022 0.654375 0.6490514905149052 0.654375 0.6382113821138211 0.66125 0.6382113821138211 0.6725 0.6463414634146342 0.675625 0.6626016260162602 0.675625 0.6734417344173442 0.67125 0.6788617886178862 0.66625
1 0.505420054200542 0.56375 0.4932249322493225 0.558125 0.4715447154471545 0.558125 0.46612466124661245 0.560625 0.46883468834688347 0.57 0.4796747967479675 0.575 0.5 0.5775 0.508130081300813 0.57375 0.505420054200542 0.56375
1 0.6192411924119241 0.618125 0.5975609756097561 0.618125 0.5813008130081301 0.625 0.5813008130081301 0.6325 0.5867208672086721 0.635 0.6111111111111112 0.635 0.6219512195121951 0.63 0.6246612466124661 0.620625 0.6192411924119241 0.618125
1 0.13821138211382114 0.695 0.11653116531165311 0.69375 0.10569105691056911 0.7 0.10840108401084012 0.708125 0.11653116531165311 0.713125 0.13550135501355012 0.71875 0.14905149051490515 0.716875 0.14905149051490515 0.700625 0.13821138211382114 0.695
1 0.5433604336043361 0.54375 0.535230352303523 0.549375 0.535230352303523 0.558125 0.5420054200542005 0.5625 0.5704607046070461 0.5625 0.5704607046070461 0.549375 0.556910569105691 0.54375 0.5433604336043361 0.54375
1 0.7791327913279132 0.7 0.7547425474254743 0.70125 0.7411924119241192 0.706875 0.7439024390243902 0.714375 0.7547425474254743 0.718125 0.7737127371273713 0.71875 0.7872628726287263 0.715625 0.7899728997289973 0.706875 0.7791327913279132 0.7
1 0.6219512195121951 0.575 0.6084010840108401 0.57 0.5813008130081301 0.570625 0.573170731707317 0.5775 0.573170731707317 0.583125 0.5840108401084011 0.586875 0.6138211382113821 0.586875 0.6246612466124661 0.581875 0.6219512195121951 0.575
1 0.9742547425474255 0.3825 0.9742547425474255 0.376875 0.9688346883468835 0.37375 0.9525745257452575 0.371875 0.9322493224932249 0.375625 0.9254742547425474 0.381875 0.926829268292683 0.395 0.9444444444444444 0.39625 0.9688346883468835 0.38875 0.9742547425474255 0.3825
1 0.6734417344173442 0.53375 0.6815718157181572 0.53125 0.6815718157181572 0.52375 0.6761517615176151 0.519375 0.6626016260162602 0.515625 0.6436314363143631 0.515625 0.6355013550135501 0.52125 0.6355013550135501 0.526875 0.6409214092140921 0.530625 0.6517615176151762 0.53375 0.6734417344173442 0.53375
1 0.5785907859078591 0.5025 0.5677506775067751 0.49875 0.5474254742547425 0.498125 0.5433604336043361 0.503125 0.55420054200542 0.514375 0.559620596205962 0.516875 0.5813008130081301 0.515625 0.5840108401084011 0.505625 0.5785907859078591 0.5025
1 0.7601626016260162 0.586875 0.7330623306233063 0.584375 0.7195121951219512 0.589375 0.7195121951219512 0.59375 0.7357723577235772 0.60125 0.7547425474254743 0.60125 0.7655826558265583 0.598125 0.7682926829268293 0.59125 0.7601626016260162 0.586875
1 0.6680216802168022 0.473125 0.6598915989159891 0.46875 0.6355013550135501 0.46875 0.6219512195121951 0.47375 0.6192411924119241 0.478125 0.6273712737127372 0.483125 0.6626016260162602 0.483125 0.6680216802168022 0.480625 0.6680216802168022 0.473125
1 0.8821138211382114 0.6375 0.8685636856368564 0.6325 0.8523035230352304 0.633125 0.8414634146341463 0.64 0.8414634146341463 0.649375 0.8590785907859079 0.65375 0.8794037940379403 0.650625 0.8848238482384824 0.64625 0.8821138211382114 0.6375
1 0.2086720867208672 0.495 0.21138211382113822 0.485625 0.20596205962059622 0.480625 0.1978319783197832 0.478125 0.1802168021680217 0.47875 0.16802168021680217 0.48625 0.16802168021680217 0.491875 0.17344173441734417 0.495625 0.18292682926829268 0.49875 0.1951219512195122 0.49875 0.2086720867208672 0.495
1 0.8333333333333334 0.63 0.8197831978319783 0.625625 0.8021680216802168 0.625625 0.7953929539295393 0.63 0.7953929539295393 0.640625 0.7994579945799458 0.643125 0.8062330623306233 0.645625 0.8252032520325203 0.64625 0.8333333333333334 0.641875 0.8333333333333334 0.63
1 0.7330623306233063 0.444375 0.7140921409214093 0.445 0.7005420054200542 0.449375 0.6978319783197832 0.459375 0.7046070460704607 0.4625 0.7249322493224932 0.46375 0.7411924119241192 0.4575 0.7439024390243902 0.45 0.7330623306233063 0.444375
1 0.6842818428184282 0.429375 0.6680216802168022 0.428125 0.6571815718157181 0.430625 0.6544715447154471 0.443125 0.6680216802168022 0.45125 0.6897018970189702 0.4525 0.6978319783197832 0.4475 0.6978319783197832 0.43625 0.6842818428184282 0.429375
1 0.513550135501355 0.385 0.5271002710027101 0.379375 0.5271002710027101 0.371875 0.521680216802168 0.36875 0.4986449864498645 0.366875 0.4715447154471545 0.370625 0.46612466124661245 0.3775 0.4742547425474255 0.384375 0.48509485094850946 0.386875 0.508130081300813 0.386875 0.513550135501355 0.385
1 0.7764227642276422 0.35625 0.7439024390243902 0.35875 0.7303523035230353 0.365 0.7303523035230353 0.37125 0.7439024390243902 0.376875 0.7655826558265583 0.376875 0.7845528455284553 0.370625 0.7872628726287263 0.360625 0.7764227642276422 0.35625
1 0.6626016260162602 0.5575 0.6544715447154471 0.553125 0.6355013550135501 0.553125 0.6273712737127372 0.555625 0.6246612466124661 0.568125 0.6327913279132791 0.5725 0.6544715447154471 0.5725 0.6626016260162602 0.568125 0.6626016260162602 0.5575
1 0.7005420054200542 0.555 0.6829268292682927 0.554375 0.6653116531165312 0.558125 0.6653116531165312 0.568125 0.6788617886178862 0.5725 0.7059620596205962 0.573125 0.7154471544715447 0.570625 0.7168021680216802 0.5625 0.7005420054200542 0.555
1 0.5298102981029811 0.581875 0.5271002710027101 0.590625 0.5392953929539296 0.596875 0.55420054200542 0.5975 0.5677506775067751 0.591875 0.5677506775067751 0.579375 0.537940379403794 0.5775 0.5298102981029811 0.581875
1 0.7899728997289973 0.635 0.7845528455284553 0.630625 0.7655826558265583 0.628125 0.7493224932249323 0.63 0.7439024390243902 0.641875 0.7520325203252033 0.64875 0.7628726287262872 0.650625 0.7737127371273713 0.649375 0.7872628726287263 0.644375 0.7899728997289973 0.635
1 0.1111111111111111 0.66875 0.1002710027100271 0.66125 0.08672086720867209 0.65875 0.06910569105691057 0.660625 0.06504065040650407 0.66375 0.06504065040650407 0.67125 0.07317073170731707 0.676875 0.0975609756097561 0.679375 0.10840108401084012 0.675625 0.1111111111111111 0.66875
1 0.41192411924119243 0.2725 0.4092140921409214 0.26 0.3943089430894309 0.259375 0.37669376693766937 0.2625 0.3712737127371274 0.266875 0.3712737127371274 0.275 0.3794037940379404 0.279375 0.39295392953929537 0.279375 0.4078590785907859 0.275 0.41192411924119243 0.2725
1 0.6517615176151762 0.53625 0.6382113821138211 0.5325 0.6287262872628726 0.53375 0.6138211382113821 0.54 0.6111111111111112 0.548125 0.6138211382113821 0.551875 0.6246612466124661 0.554375 0.6355013550135501 0.5525 0.6490514905149052 0.545 0.6517615176151762 0.53625
1 0.21544715447154472 0.528125 0.2005420054200542 0.531875 0.2005420054200542 0.539375 0.2086720867208672 0.54375 0.25745257452574527 0.54375 0.2601626016260163 0.531875 0.25474254742547425 0.529375 0.21544715447154472 0.528125
1 0.43360433604336046 0.714375 0.42005420054200543 0.706875 0.3997289972899729 0.705625 0.39295392953929537 0.708125 0.3902439024390244 0.71875 0.3983739837398374 0.724375 0.4065040650406504 0.72625 0.4105691056910569 0.724375 0.43360433604336046 0.72375 0.43360433604336046 0.714375
1 0.8008130081300813 0.534375 0.7872628726287263 0.531875 0.7682926829268293 0.5325 0.7628726287262872 0.5425 0.7737127371273713 0.551875 0.7953929539295393 0.554375 0.8089430894308943 0.55 0.8116531165311653 0.54375 0.8008130081300813 0.534375
1 0.518970189701897 0.5975 0.5040650406504065 0.59875 0.4959349593495935 0.605 0.4959349593495935 0.610625 0.502710027100271 0.618125 0.521680216802168 0.620625 0.5298102981029811 0.6175 0.5298102981029811 0.601875 0.518970189701897 0.5975
1 0.7303523035230353 0.53375 0.7059620596205962 0.53125 0.6897018970189702 0.53375 0.6869918699186992 0.541875 0.7005420054200542 0.5475 0.7330623306233063 0.548125 0.7371273712737128 0.545625 0.7384823848238482 0.536875 0.7303523035230353 0.53375
1 0.7710027100271003 0.399375 0.7655826558265583 0.396875 0.7493224932249323 0.396875 0.7357723577235772 0.400625 0.7249322493224932 0.406875 0.7222222222222222 0.41625 0.7276422764227642 0.418125 0.7520325203252033 0.418125 0.7682926829268293 0.41125 0.7710027100271003 0.399375
1 0.537940379403794 0.551875 0.537940379403794 0.545 0.532520325203252 0.539375 0.5094850948509485 0.539375 0.4959349593495935 0.5425 0.4932249322493225 0.551875 0.502710027100271 0.559375 0.516260162601626 0.560625 0.532520325203252 0.555625 0.537940379403794 0.551875
1 0.6517615176151762 0.60625 0.6571815718157181 0.6025 0.6571815718157181 0.596875 0.6463414634146342 0.591875 0.6219512195121951 0.591875 0.6111111111111112 0.59625 0.6111111111111112 0.60375 0.6165311653116531 0.60625 0.6300813008130082 0.60875 0.6436314363143631 0.60875 0.6517615176151762 0.60625
1 0.8170731707317073 0.6925 0.8008130081300813 0.6925 0.7899728997289973 0.700625 0.7926829268292683 0.711875 0.7981029810298103 0.714375 0.8143631436314364 0.715625 0.8252032520325203 0.71125 0.8252032520325203 0.695 0.8170731707317073 0.6925
1 0.6517615176151762 0.620625 0.6382113821138211 0.620625 0.6273712737127372 0.6275 0.6273712737127372 0.635 0.6341463414634146 0.64 0.6544715447154471 0.643125 0.6680216802168022 0.638125 0.6680216802168022 0.62625 0.6517615176151762 0.620625
1 0.6626016260162602 0.448125 0.6409214092140921 0.4475 0.6355013550135501 0.449375 0.6327913279132791 0.461875 0.6449864498644986 0.4675 0.6626016260162602 0.4675 0.6707317073170732 0.46375 0.6734417344173442 0.454375 0.6626016260162602 0.448125
1 0.6111111111111112 0.4475 0.5934959349593496 0.449375 0.5894308943089431 0.4525 0.592140921409214 0.46375 0.6084010840108401 0.46875 0.6192411924119241 0.46875 0.6273712737127372 0.465625 0.6300813008130082 0.453125 0.6111111111111112 0.4475
1 0.7303523035230353 0.5675 0.7168021680216802 0.5675 0.7005420054200542 0.5775 0.7005420054200542 0.584375 0.7127371273712737 0.58875 0.7195121951219512 0.58875 0.7330623306233063 0.58375 0.7357723577235772 0.57 0.7303523035230353 0.5675
1 0.8387533875338753 0.48625 0.8224932249322493 0.48125 0.7872628726287263 0.48375 0.7764227642276422 0.49125 0.7791327913279132 0.495625 0.7926829268292683 0.5 0.8197831978319783 0.5 0.8306233062330624 0.498125 0.8387533875338753 0.49375 0.8387533875338753 0.48625
1 0.8875338753387534 0.30625 0.8821138211382114 0.29625 0.8739837398373984 0.29375 0.8631436314363143 0.29375 0.8414634146341463 0.298125 0.8414634146341463 0.31125 0.8550135501355014 0.314375 0.8658536585365854 0.314375 0.8821138211382114 0.310625 0.8875338753387534 0.30625
1 0.8699186991869918 0.7125 0.8604336043360433 0.709375 0.8441734417344173 0.709375 0.8279132791327913 0.714375 0.8224932249322493 0.724375 0.8252032520325203 0.72625 0.8441734417344173 0.7275 0.8577235772357723 0.72625 0.8685636856368564 0.72125 0.8699186991869918 0.7125
1 0.18157181571815717 0.604375 0.1842818428184282 0.596875 0.1802168021680217 0.594375 0.17344173441734417 0.591875 0.15176151761517614 0.591875 0.12737127371273713 0.6025 0.12466124661246612 0.61 0.13414634146341464 0.615625 0.15447154471544716 0.615625 0.16802168021680217 0.611875 0.18157181571815717 0.604375
1 0.8252032520325203 0.2975 0.7981029810298103 0.29875 0.7899728997289973 0.305625 0.7899728997289973 0.315 0.7981029810298103 0.3225 0.8197831978319783 0.3225 0.8306233062330624 0.3175 0.8333333333333334 0.299375 0.8252032520325203 0.2975
1 0.3170731707317073 0.438125 0.3062330623306233 0.429375 0.2953929539295393 0.4275 0.2764227642276423 0.428125 0.27100271002710025 0.433125 0.27100271002710025 0.439375 0.2791327913279133 0.4475 0.3089430894308943 0.4475 0.3143631436314363 0.444375 0.3170731707317073 0.438125
1 0.524390243902439 0.360625 0.521680216802168 0.350625 0.505420054200542 0.345625 0.483739837398374 0.3475 0.47696476964769646 0.35125 0.47696476964769646 0.358125 0.4823848238482385 0.363125 0.4905149051490515 0.365625 0.516260162601626 0.365625 0.524390243902439 0.360625
1 0.6165311653116531 0.555625 0.6070460704607046 0.548125 0.592140921409214 0.54375 0.5799457994579946 0.544375 0.573170731707317 0.5475 0.573170731707317 0.555625 0.5799457994579946 0.561875 0.6029810298102981 0.565625 0.6138211382113821 0.56375 0.6165311653116531 0.555625
1 0.14634146341463414 0.649375 0.13550135501355012 0.644375 0.11653116531165311 0.644375 0.10975609756097561 0.64625 0.10569105691056911 0.650625 0.10840108401084012 0.66125 0.13008130081300814 0.66875 0.13550135501355012 0.66875 0.14634146341463414 0.664375 0.14634146341463414 0.649375
1 0.6355013550135501 0.490625 0.6219512195121951 0.4775 0.6084010840108401 0.474375 0.5962059620596206 0.475625 0.5867208672086721 0.48125 0.5867208672086721 0.488125 0.5975609756097561 0.495625 0.6165311653116531 0.5 0.6327913279132791 0.49875 0.6355013550135501 0.490625
1 0.7818428184281843 0.686875 0.7682926829268293 0.680625 0.7574525745257452 0.680625 0.7439024390243902 0.69 0.7466124661246613 0.6975 0.7547425474254743 0.70125 0.7764227642276422 0.6975 0.7818428184281843 0.6925 0.7818428184281843 0.686875
1 0.5840108401084011 0.3875 0.592140921409214 0.384375 0.592140921409214 0.375625 0.5867208672086721 0.370625 0.5650406504065041 0.361875 0.5487804878048781 0.36375 0.540650406504065 0.370625 0.540650406504065 0.375 0.5460704607046071 0.37875 0.5650406504065041 0.3875 0.5840108401084011 0.3875
1 0.8875338753387534 0.693125 0.8658536585365854 0.68875 0.8563685636856369 0.69 0.8523035230352304 0.693125 0.8550135501355014 0.7 0.8739837398373984 0.70625 0.8861788617886179 0.705625 0.8902439024390244 0.703125 0.8875338753387534 0.693125
1 0.7926829268292683 0.646875 0.7926829268292683 0.65625 0.8035230352303523 0.66125 0.8197831978319783 0.66375 0.8306233062330624 0.661875 0.8306233062330624 0.646875 0.7981029810298103 0.644375 0.7926829268292683 0.646875
1 0.32791327913279134 0.45875 0.3170731707317073 0.453125 0.2953929539295393 0.4525 0.2899728997289973 0.454375 0.2872628726287263 0.4675 0.2926829268292683 0.470625 0.3035230352303523 0.47375 0.3143631436314363 0.47375 0.32791327913279134 0.46875 0.32791327913279134 0.45875
1 0.4932249322493225 0.610625 0.47696476964769646 0.60375 0.45934959349593496 0.60375 0.44986449864498645 0.60875 0.44986449864498645 0.6175 0.46612466124661245 0.624375 0.48644986449864497 0.62375 0.4932249322493225 0.62 0.4932249322493225 0.610625
1 0.4146341463414634 0.50375 0.4065040650406504 0.49875 0.3875338753387534 0.49875 0.37669376693766937 0.505 0.3794037940379404 0.515625 0.3875338753387534 0.519375 0.4092140921409214 0.518125 0.4146341463414634 0.515 0.4146341463414634 0.50375
1 0.4932249322493225 0.286875 0.4742547425474255 0.285 0.4634146341463415 0.29625 0.46883468834688347 0.305625 0.4742547425474255 0.3075 0.4878048780487805 0.3075 0.502710027100271 0.30375 0.502710027100271 0.291875 0.4932249322493225 0.286875
1 0.3983739837398374 0.581875 0.38482384823848237 0.57375 0.35636856368563685 0.5725 0.34688346883468835 0.57625 0.34417344173441733 0.583125 0.34959349593495936 0.588125 0.35772357723577236 0.590625 0.3875338753387534 0.591875 0.3956639566395664 0.58875 0.3983739837398374 0.581875
1 0.8062330623306233 0.52625 0.7953929539295393 0.519375 0.7737127371273713 0.518125 0.7628726287262872 0.521875 0.7628726287262872 0.526875 0.7696476964769647 0.53125 0.7981029810298103 0.53375 0.8062330623306233 0.53125 0.8062330623306233 0.52625
1 0.7899728997289973 0.273125 0.7723577235772358 0.271875 0.7601626016260162 0.275 0.7601626016260162 0.283125 0.7710027100271003 0.288125 0.7953929539295393 0.288125 0.8008130081300813 0.285625 0.8035230352303523 0.28 0.7899728997289973 0.273125
1 0.2086720867208672 0.516875 0.2005420054200542 0.5125 0.19241192411924118 0.510625 0.17344173441734417 0.510625 0.16260162601626016 0.515 0.16531165311653118 0.521875 0.17344173441734417 0.526875 0.1978319783197832 0.529375 0.20596205962059622 0.52625 0.2086720867208672 0.516875
1 0.7032520325203252 0.615 0.6869918699186992 0.60875 0.6680216802168022 0.6075 0.6598915989159891 0.61 0.6571815718157181 0.618125 0.6680216802168022 0.625 0.6788617886178862 0.6275 0.6951219512195121 0.6275 0.7032520325203252 0.623125 0.7032520325203252 0.615
1 0.25474254742547425 0.49375 0.23035230352303523 0.49375 0.22493224932249323 0.49625 0.2222222222222222 0.51 0.22764227642276422 0.51375 0.24661246612466126 0.515625 0.26287262872628725 0.51 0.26287262872628725 0.49875 0.25474254742547425 0.49375
1 0.6815718157181572 0.760625 0.6924119241192412 0.756875 0.6951219512195121 0.748125 0.6897018970189702 0.741875 0.6761517615176151 0.735625 0.6626016260162602 0.73375 0.6558265582655827 0.735 0.6490514905149052 0.740625 0.6490514905149052 0.751875 0.6544715447154471 0.755625 0.6707317073170732 0.760625 0.6815718157181572 0.760625