1 0.23170731707317074 0.17875 0.22086720867208673 0.17625 0.2018970189701897 0.17625 0.1991869918699187 0.18625 0.2046070460704607 0.19 0.2127371273712737 0.1925 0.22899728997289973 0.193125 0.23848238482384823 0.19125 0.24254742547425473 0.18625 0.23170731707317074 0.17875
1 0.2967479674796748 0.31125 0.28319783197831977 0.313125 0.2750677506775068 0.318125 0.2777777777777778 0.326875 0.2886178861788618 0.329375 0.3075880758807588 0.32625 0.3130081300813008 0.3225 0.3130081300813008 0.3175 0.2967479674796748 0.31125
1 0.43766937669376693 0.315 0.42953929539295393 0.319375 0.42953929539295393 0.325 0.4363143631436314 0.328125 0.45934959349593496 0.331875 0.4715447154471545 0.32875 0.47560975609756095 0.3225 0.45934959349593496 0.315 0.43766937669376693 0.315
1 0.5636856368563685 0.23375 0.5447154471544715 0.23125 0.5284552845528455 0.235625 0.5311653116531165 0.24375 0.5420054200542005 0.24875 0.5582655826558266 0.248125 0.5718157181571816 0.241875 0.5691056910569106 0.23625 0.5636856368563685 0.23375
1 0.2588075880758808 0.375 0.26151761517615174 0.376875 0.26422764227642276 0.37375 0.26151761517615174 0.370625 0.25609756097560976 0.370625 0.2588075880758808 0.375
1 0.24119241192411925 0.381875 0.21544715447154472 0.3825 0.21002710027100271 0.3875 0.2127371273712737 0.398125 0.22086720867208673 0.401875 0.24119241192411925 0.40125 0.24796747967479674 0.396875 0.24796747967479674 0.3875 0.24119241192411925 0.381875
1 0.22357723577235772 0.4475 0.1991869918699187 0.44625 0.1937669376693767 0.449375 0.1951219512195122 0.458125 0.2073170731707317 0.461875 0.2222222222222222 0.460625 0.22899728997289973 0.4575 0.22899728997289973 0.45125 0.22357723577235772 0.4475
1 0.23712737127371275 0.321875 0.22357723577235772 0.3275 0.22628726287262874 0.33375 0.24525745257452575 0.33875 0.26422764227642276 0.3375 0.2696476964769648 0.329375 0.25609756097560976 0.3225 0.23712737127371275 0.321875
1 0.6856368563685636 0.349375 0.6720867208672087 0.349375 0.6612466124661247 0.35375 0.6585365853658537 0.36375 0.6639566395663956 0.36875 0.6693766937669376 0.370625 0.6829268292682927 0.370625 0.6937669376693767 0.365 0.6937669376693767 0.353125 0.6856368563685636 0.349375
1 0.6043360433604336 0.4625 0.5962059620596206 0.4625 0.5880758807588076 0.469375 0.592140921409214 0.48 0.6056910569105691 0.48125 0.6151761517615176 0.47875 0.6178861788617886 0.470625 0.6124661246612466 0.465 0.6043360433604336 0.4625
1 0.7872628726287263 0.3275 0.7642276422764228 0.328125 0.7533875338753387 0.334375 0.7560975609756098 0.341875 0.7696476964769647 0.344375 0.7859078590785907 0.34375 0.7967479674796748 0.3375 0.7913279132791328 0.329375 0.7872628726287263 0.3275
1 0.6341463414634146 0.5125 0.6300813008130082 0.515625 0.6314363143631436 0.52875 0.6504065040650406 0.530625 0.6612466124661247 0.526875 0.6612466124661247 0.51875 0.6517615176151762 0.513125 0.6341463414634146 0.5125
1 0.05555555555555555 0.4575 0.044715447154471545 0.46125 0.03929539295392954 0.464375 0.04200542005420054 0.47375 0.05555555555555555 0.475625 0.07588075880758807 0.4725 0.07994579945799458 0.470625 0.07723577235772358 0.460625 0.05555555555555555 0.4575
1 0.8211382113821138 0.526875 0.8021680216802168 0.531875 0.8021680216802168 0.539375 0.8102981029810298 0.5425 0.8319783197831978 0.54125 0.8428184281842819 0.53375 0.8373983739837398 0.529375 0.8211382113821138 0.526875
1 0.22899728997289973 0.59375 0.22764227642276422 0.605625 0.25338753387533874 0.60625 0.2669376693766938 0.599375 0.2669376693766938 0.593125 0.2506775067750677 0.590625 0.22899728997289973 0.59375
1 0.6531165311653117 0.66625 0.6436314363143631 0.66875 0.6395663956639567 0.67125 0.6409214092140921 0.678125 0.6504065040650406 0.680625 0.6680216802168022 0.680625 0.6720867208672087 0.676875 0.6693766937669376 0.6675 0.6531165311653117 0.66625
1 0.33739837398373984 0.266875 0.3157181571815718 0.265 0.2994579945799458 0.27 0.3008130081300813 0.276875 0.31842818428184283 0.28125 0.33739837398373984 0.28125 0.34552845528455284 0.27625 0.34552845528455284 0.2725 0.33739837398373984 0.266875
1 0.7479674796747967 0.265625 0.7289972899728997 0.2675 0.7181571815718157 0.275 0.7208672086720868 0.283125 0.7425474254742548 0.285625 0.7533875338753387 0.2825 0.7588075880758808 0.28 0.7588075880758808 0.268125 0.7479674796747967 0.265625
1 0.24525745257452575 0.579375 0.23712737127371275 0.5775 0.22357723577235772 0.578125 0.21544715447154472 0.580625 0.2073170731707317 0.584375 0.2073170731707317 0.591875 0.2127371273712737 0.59375 0.23577235772357724 0.59375 0.24254742547425473 0.591875 0.24796747967479674 0.588125 0.24525745257452575 0.579375
1 0.7317073170731707 0.50375 0.7127371273712737 0.50375 0.7046070460704607 0.505625 0.6991869918699187 0.50875 0.6991869918699187 0.515625 0.7046070460704607 0.519375 0.7100271002710027 0.52125 0.7317073170731707 0.520625 0.7479674796747967 0.5125 0.7452574525745257 0.508125 0.7317073170731707 0.50375
1 0.8319783197831978 0.405 0.8075880758807588 0.405 0.8021680216802168 0.408125 0.8048780487804879 0.416875 0.8184281842818428 0.42125 0.8346883468834688 0.4225 0.8482384823848238 0.418125 0.8482384823848238 0.411875 0.8319783197831978 0.405
1 0.42276422764227645 0.39375 0.4159891598915989 0.391875 0.3997289972899729 0.391875 0.39295392953929537 0.394375 0.3888888888888889 0.398125 0.3915989159891599 0.40625 0.4024390243902439 0.410625 0.42140921409214094 0.410625 0.42953929539295393 0.40625 0.42953929539295393 0.4 0.42276422764227645 0.39375
1 0.518970189701897 0.19625 0.5040650406504065 0.1975 0.494579945799458 0.204375 0.497289972899729 0.2125 0.5149051490514905 0.215 0.5284552845528455 0.2125 0.5365853658536586 0.2075 0.5338753387533876 0.199375 0.518970189701897 0.19625
1 0.6598915989159891 0.480625 0.6395663956639567 0.48125 0.6341463414634146 0.483125 0.6368563685636857 0.49375 0.6504065040650406 0.498125 0.6585365853658537 0.498125 0.6720867208672087 0.490625 0.6693766937669376 0.485 0.6598915989159891 0.480625
1 0.12059620596205962 0.30375 0.09620596205962059 0.299375 0.07994579945799458 0.3075 0.08265582655826559 0.31125 0.1016260162601626 0.3175 0.11653116531165311 0.3175 0.12601626016260162 0.3125 0.12601626016260162 0.308125 0.12059620596205962 0.30375
1 0.2588075880758808 0.558125 0.24525745257452575 0.5625 0.24254742547425473 0.5725 0.2506775067750677 0.575 0.2588075880758808 0.575625 0.27371273712737126 0.5725 0.2804878048780488 0.56625 0.2777777777777778 0.558125 0.2588075880758808 0.558125
1 0.462059620596206 0.275 0.44308943089430897 0.274375 0.43224932249322495 0.278125 0.43224932249322495 0.285625 0.44715447154471544 0.293125 0.453929539295393 0.295625 0.46612466124661245 0.295625 0.47289972899729 0.291875 0.47289972899729 0.28 0.462059620596206 0.275
1 0.1802168021680217 0.406875 0.16395663956639567 0.40625 0.14769647696476965 0.413125 0.14769647696476965 0.42125 0.15311653116531165 0.425625 0.16395663956639567 0.4275 0.17479674796747968 0.42625 0.18834688346883469 0.41875 0.18834688346883469 0.413125 0.1802168021680217 0.406875
1 0.2506775067750677 0.365625 0.22628726287262874 0.365625 0.2181571815718157 0.370625 0.22086720867208673 0.376875 0.22899728997289973 0.38 0.25745257452574527 0.38 0.26422764227642276 0.376875 0.2669376693766938 0.370625 0.2506775067750677 0.365625
1 0.6964769647696477 0.291875 0.6829268292682927 0.293125 0.6775067750677507 0.30125 0.6829268292682927 0.305625 0.6910569105691057 0.309375 0.7127371273712737 0.30625 0.7154471544715447 0.298125 0.7073170731707317 0.29375 0.6964769647696477 0.291875
1 0.5447154471544715 0.315 0.5338753387533876 0.318125 0.5311653116531165 0.32125 0.535230352303523 0.32875 0.5555555555555556 0.331875 0.5718157181571816 0.3275 0.5772357723577236 0.321875 0.5718157181571816 0.3175 0.5447154471544715 0.315
1 0.2940379403794038 0.5475 0.2967479674796748 0.554375 0.3048780487804878 0.556875 0.3238482384823848 0.555625 0.3238482384823848 0.539375 0.3021680216802168 0.540625 0.2940379403794038 0.5475
1 0.6395663956639567 0.4625 0.6233062330623306 0.4675 0.6178861788617886 0.47125 0.6178861788617886 0.47875 0.6260162601626016 0.4825 0.6368563685636857 0.4825 0.6531165311653117 0.47875 0.6612466124661247 0.47125 0.6585365853658537 0.464375 0.6395663956639567 0.4625
1 0.7669376693766937 0.345625 0.7588075880758808 0.350625 0.7560975609756098 0.36 0.7628726287262872 0.365 0.7845528455284553 0.36625 0.7940379403794038 0.361875 0.7940379403794038 0.350625 0.7804878048780488 0.344375 0.7669376693766937 0.345625
1 0.058265582655826556 0.30625 0.04742547425474255 0.31125 0.044715447154471545 0.321875 0.05013550135501355 0.324375 0.06639566395663957 0.32625 0.08265582655826559 0.321875 0.08536585365853659 0.31125 0.07994579945799458 0.306875 0.058265582655826556 0.30625
1 0.2588075880758808 0.49375 0.24796747967479674 0.498125 0.24796747967479674 0.51 0.2696476964769648 0.51 0.28184281842818426 0.504375 0.28319783197831977 0.496875 0.2777777777777778 0.49375 0.2588075880758808 0.49375
1 0.42140921409214094 0.33 0.4051490514905149 0.330625 0.3915989159891599 0.33875 0.3943089430894309 0.344375 0.4024390243902439 0.3475 0.4186991869918699 0.3475 0.4349593495934959 0.3425 0.43766937669376693 0.335 0.42140921409214094 0.33
1 0.14363143631436315 0.554375 0.12059620596205962 0.555625 0.11246612466124661 0.561875 0.11653116531165311 0.5675 0.12601626016260162 0.57 0.14227642276422764 0.568125 0.15040650406504066 0.56375 0.15040650406504066 0.556875 0.14363143631436315 0.554375
1 0.8685636856368564 0.389375 0.8482384823848238 0.390625 0.8428184281842819 0.395 0.8455284552845529 0.403125 0.8563685636856369 0.406875 0.8699186991869918 0.40625 0.8807588075880759 0.40125 0.8807588075880759 0.393125 0.8685636856368564 0.389375
1 0.4078590785907859 0.276875 0.3915989159891599 0.27625 0.38482384823848237 0.27875 0.3780487804878049 0.28625 0.3807588075880759 0.293125 0.3943089430894309 0.2975 0.4065040650406504 0.295 0.4078590785907859 0.28875 0.4132791327913279 0.285 0.4078590785907859 0.276875
1 0.7046070460704607 0.524375 0.6856368563685636 0.53125 0.6856368563685636 0.5375 0.6937669376693767 0.54125 0.7208672086720868 0.54125 0.7262872628726287 0.53875 0.7317073170731707 0.531875 0.7208672086720868 0.524375 0.7046070460704607 0.524375
1 0.7262872628726287 0.66 0.7154471544715447 0.66125 0.7046070460704607 0.66625 0.7046070460704607 0.673125 0.7113821138211383 0.6775 0.7317073170731707 0.681875 0.7493224932249323 0.68 0.7506775067750677 0.66875 0.7452574525745257 0.664375 0.7262872628726287 0.66
1 0.5555555555555556 0.293125 0.5392953929539296 0.298125 0.5365853658536586 0.3025 0.540650406504065 0.305 0.5528455284552846 0.308125 0.5799457994579946 0.308125 0.5880758807588076 0.30125 0.5718157181571816 0.29375 0.5555555555555556 0.293125
1 0.23170731707317074 0.529375 0.22628726287262874 0.53375 0.22628726287262874 0.539375 0.23170731707317074 0.54375 0.24661246612466126 0.545 0.26151761517615174 0.54125 0.26151761517615174 0.5325 0.25474254742547425 0.52875 0.23170731707317074 0.529375
1 0.2940379403794038 0.34375 0.28319783197831977 0.35375 0.2859078590785908 0.35875 0.2953929539295393 0.360625 0.31029810298102983 0.3575 0.31842818428184283 0.348125 0.31029810298102983 0.34375 0.2940379403794038 0.34375
1 0.34552845528455284 0.3525 0.3346883468834688 0.355625 0.33739837398373984 0.37 0.36314363143631434 0.369375 0.36720867208672087 0.36625 0.36720867208672087 0.35625 0.36314363143631434 0.35375 0.34552845528455284 0.3525
1 0.5772357723577236 0.195 0.5609756097560976 0.195 0.5487804878048781 0.2 0.5447154471544715 0.2025 0.5447154471544715 0.209375 0.5487804878048781 0.211875 0.5555555555555556 0.214375 0.5704607046070461 0.214375 0.5826558265582655 0.209375 0.5853658536585366 0.199375 0.5772357723577236 0.195
1 0.14905149051490515 0.261875 0.12330623306233063 0.26 0.11653116531165311 0.26125 0.11246612466124661 0.265625 0.11517615176151762 0.27 0.13143631436314362 0.276875 0.15582655826558264 0.276875 0.16395663956639567 0.27 0.15853658536585366 0.265 0.14905149051490515 0.261875
1 0.36720867208672087 0.46875 0.34552845528455284 0.470625 0.33739837398373984 0.475625 0.34146341463414637 0.481875 0.34552845528455284 0.48375 0.3699186991869919 0.483125 0.3807588075880759 0.47875 0.38346883468834686 0.474375 0.36720867208672087 0.46875
1 0.38346883468834686 0.5 0.3699186991869919 0.49375 0.35907859078590787 0.49375 0.34823848238482386 0.496875 0.3509485094850949 0.50625 0.3617886178861789 0.5125 0.37262872628726285 0.51375 0.3821138211382114 0.513125 0.3861788617886179 0.51 0.38346883468834686 0.5
1 0.2127371273712737 0.3375 0.2046070460704607 0.340625 0.1991869918699187 0.34625 0.2018970189701897 0.353125 0.2181571815718157 0.355625 0.23441734417344173 0.350625 0.23712737127371275 0.341875 0.23170731707317074 0.3375 0.2127371273712737 0.3375
1 0.5338753387533876 0.3375 0.5284552845528455 0.339375 0.5230352303523035 0.345625 0.5284552845528455 0.349375 0.5447154471544715 0.353125 0.5582655826558266 0.353125 0.5609756097560976 0.34875 0.5555555555555556 0.339375 0.5338753387533876 0.3375
1 0.2046070460704607 0.495625 0.1937669376693767 0.500625 0.1978319783197832 0.509375 0.2222222222222222 0.510625 0.23712737127371275 0.5075 0.24254742547425473 0.50125 0.23712737127371275 0.49625 0.2046070460704607 0.495625
1 0.7344173441734417 0.2075 0.7208672086720868 0.2075 0.7127371273712737 0.2125 0.7127371273712737 0.21875 0.7181571815718157 0.223125 0.7235772357723578 0.225625 0.7384823848238482 0.22625 0.7479674796747967 0.2225 0.7479674796747967 0.214375 0.7344173441734417 0.2075
1 0.47560975609756095 0.17625 0.46747967479674796 0.179375 0.46747967479674796 0.19125 0.483739837398374 0.19625 0.497289972899729 0.191875 0.497289972899729 0.1825 0.491869918699187 0.178125 0.47560975609756095 0.17625
1 0.09349593495934959 0.291875 0.06910569105691057 0.29 0.06097560975609756 0.291875 0.06097560975609756 0.29875 0.06639566395663957 0.3025 0.07994579945799458 0.305625 0.09349593495934959 0.299375 0.1002710027100271 0.29875 0.1016260162601626 0.29625 0.09349593495934959 0.291875
1 0.5447154471544715 0.49125 0.5392953929539296 0.495 0.5420054200542005 0.5025 0.5718157181571816 0.503125 0.5799457994579946 0.5 0.5799457994579946 0.495625 0.5691056910569106 0.49125 0.5447154471544715 0.49125
1 0.7886178861788617 0.475625 0.7750677506775068 0.48125 0.7723577235772358 0.49375 0.7777777777777778 0.495 0.7913279132791328 0.49375 0.8075880758807588 0.486875 0.8075880758807588 0.47875 0.8008130081300813 0.475625 0.7886178861788617 0.475625
1 0.7208672086720868 0.40875 0.7154471544715447 0.41125 0.7181571815718157 0.42 0.7289972899728997 0.423125 0.7479674796747967 0.4225 0.7479674796747967 0.41125 0.7384823848238482 0.408125 0.7208672086720868 0.40875
1 0.058265582655826556 0.3275 0.036585365853658534 0.326875 0.028455284552845527 0.329375 0.03116531165311653 0.340625 0.044715447154471545 0.345625 0.06097560975609756 0.345625 0.06910569105691057 0.3425 0.06910569105691057 0.33375 0.058265582655826556 0.3275
1 0.23712737127371275 0.5125 0.21544715447154472 0.5125 0.2073170731707317 0.515 0.21002710027100271 0.52375 0.2181571815718157 0.526875 0.23441734417344173 0.528125 0.24796747967479674 0.524375 0.24796747967479674 0.518125 0.23712737127371275 0.5125
1 0.3157181571815718 0.395 0.2967479674796748 0.395 0.2859078590785908 0.4 0.2872628726287263 0.406875 0.3021680216802168 0.41125 0.3170731707317073 0.410625 0.3265582655826558 0.40625 0.3238482384823848 0.398125 0.3157181571815718 0.395
1 0.3238482384823848 0.329375 0.2994579945799458 0.328125 0.2886178861788618 0.3325 0.29132791327913277 0.339375 0.3075880758807588 0.34375 0.3238482384823848 0.34375 0.3346883468834688 0.341875 0.3346883468834688 0.334375 0.3238482384823848 0.329375
1 0.7750677506775068 0.448125 0.7642276422764228 0.445 0.7452574525745257 0.444375 0.7289972899728997 0.448125 0.7317073170731707 0.454375 0.7398373983739838 0.4575 0.7628726287262872 0.459375 0.7750677506775068 0.45625 0.7777777777777778 0.45125 0.7750677506775068 0.448125
1 0.7330623306233063 0.385 0.7127371273712737 0.385 0.6991869918699187 0.391875 0.7018970189701897 0.398125 0.7100271002710027 0.401875 0.7344173441734417 0.401875 0.7452574525745257 0.395 0.7452574525745257 0.3875 0.7330623306233063 0.385
1 0.4349593495934959 0.44 0.4241192411924119 0.4425 0.4186991869918699 0.44625 0.4186991869918699 0.453125 0.4241192411924119 0.45625 0.42953929539295393 0.45875 0.44986449864498645 0.456875 0.45663956639566394 0.449375 0.44986449864498645 0.4425 0.4349593495934959 0.44
1 0.8102981029810298 0.32125 0.8021680216802168 0.323125 0.7967479674796748 0.328125 0.7994579945799458 0.339375 0.8130081300813008 0.341875 0.8292682926829268 0.334375 0.8292682926829268 0.325 0.8252032520325203 0.321875 0.8102981029810298 0.32125
1 0.08536585365853659 0.515625 0.07046070460704607 0.518125 0.06639566395663957 0.52125 0.06910569105691057 0.5325 0.08265582655826559 0.53625 0.0975609756097561 0.534375 0.1070460704607046 0.528125 0.1016260162601626 0.51875 0.08536585365853659 0.515625
1 0.7208672086720868 0.57 0.7181571815718157 0.5675 0.6937669376693767 0.568125 0.6937669376693767 0.581875 0.7046070460704607 0.584375 0.7222222222222222 0.58375 0.7317073170731707 0.580625 0.7289972899728997 0.57125 0.7208672086720868 0.57
1 0.4186991869918699 0.411875 0.4024390243902439 0.41125 0.3888888888888889 0.416875 0.3915989159891599 0.42375 0.4159891598915989 0.425625 0.4281842818428184 0.42375 0.43224932249322495 0.4225 0.43224932249322495 0.41625 0.4186991869918699 0.411875
1 0.3252032520325203 0.525625 0.2967479674796748 0.526875 0.29132791327913277 0.529375 0.2940379403794038 0.536875 0.3075880758807588 0.54 0.3346883468834688 0.53875 0.3428184281842818 0.53375 0.3428184281842818 0.529375 0.3252032520325203 0.525625
1 0.4349593495934959 0.28625 0.4132791327913279 0.285 0.4078590785907859 0.290625 0.4105691056910569 0.2975 0.4186991869918699 0.30125 0.43766937669376693 0.3025 0.44850948509485095 0.30125 0.45121951219512196 0.29625 0.4349593495934959 0.28625
1 0.48644986449864497 0.4675 0.47289972899729 0.465625 0.45934959349593496 0.469375 0.45799457994579945 0.4825 0.462059620596206 0.485 0.470189701897019 0.485625 0.491869918699187 0.47875 0.494579945799458 0.47375 0.48644986449864497 0.4675
1 0.532520325203252 0.245625 0.5067750677506775 0.24875 0.5094850948509485 0.259375 0.5203252032520326 0.261875 0.540650406504065 0.26 0.5501355013550135 0.255 0.5501355013550135 0.25 0.532520325203252 0.245625
1 0.2127371273712737 0.35875 0.18834688346883469 0.35875 0.17750677506775067 0.36375 0.1802168021680217 0.370625 0.1910569105691057 0.37375 0.21138211382113822 0.37375 0.22357723577235772 0.366875 0.22086720867208673 0.361875 0.2127371273712737 0.35875
1 0.3021680216802168 0.361875 0.2967479674796748 0.370625 0.3075880758807588 0.375 0.3319783197831978 0.375 0.3428184281842818 0.370625 0.3346883468834688 0.36 0.3157181571815718 0.35875 0.3021680216802168 0.361875
1 0.1856368563685637 0.146875 0.16124661246612465 0.146875 0.15311653116531165 0.15 0.15311653116531165 0.158125 0.16937669376693767 0.163125 0.1856368563685637 0.163125 0.1937669376693767 0.16 0.19647696476964768 0.151875 0.1856368563685637 0.146875
1 0.10298102981029811 0.5875 0.0921409214092141 0.585625 0.07994579945799458 0.586875 0.07452574525745258 0.591875 0.07723577235772358 0.60125 0.08265582655826559 0.60375 0.0989159891598916 0.60375 0.1070460704607046 0.60125 0.10975609756097561 0.591875 0.10298102981029811 0.5875
1 0.7777777777777778 0.50125 0.7669376693766937 0.50125 0.7560975609756098 0.5075 0.7588075880758808 0.5125 0.7750677506775068 0.51875 0.7859078590785907 0.51875 0.7967479674796748 0.515 0.7967479674796748 0.508125 0.7777777777777778 0.50125
1 0.5880758807588076 0.313125 0.5826558265582655 0.31625 0.5826558265582655 0.3225 0.5880758807588076 0.326875 0.6097560975609756 0.331875 0.6205962059620597 0.3275 0.6178861788617886 0.318125 0.6016260162601627 0.313125 0.5880758807588076 0.313125
1 0.7994579945799458 0.43625 0.7777777777777778 0.43625 0.7669376693766937 0.439375 0.7669376693766937 0.446875 0.7804878048780488 0.449375 0.8021680216802168 0.4475 0.8102981029810298 0.443125 0.8102981029810298 0.439375 0.7994579945799458 0.43625
1 0.34010840108401086 0.683125 0.32113821138211385 0.683125 0.31029810298102983 0.69 0.3130081300813008 0.695 0.3238482384823848 0.7 0.33739837398373984 0.7 0.34959349593495936 0.696875 0.35365853658536583 0.68875 0.34010840108401086 0.683125
1 0.17615176151761516 0.220625 0.15853658536585366 0.220625 0.15311653116531165 0.224375 0.15582655826558264 0.236875 0.16666666666666666 0.240625 0.18292682926829268 0.240625 0.18834688346883469 0.23875 0.18834688346883469 0.22625 0.17615176151761516 0.220625
1 0.6422764227642277 0.43125 0.6233062330623306 0.433125 0.6233062330623306 0.44625 0.6368563685636857 0.45125 0.6531165311653117 0.45125 0.6612466124661247 0.4475 0.6585365853658537 0.4375 0.6422764227642277 0.43125
1 0.6856368563685636 0.65375 0.6720867208672087 0.653125 0.6612466124661247 0.6575 0.6639566395663956 0.661875 0.6775067750677507 0.6675 0.6869918699186992 0.666875 0.6937669376693767 0.661875 0.6937669376693767 0.6575 0.6856368563685636 0.65375
1 0.3997289972899729 0.50875 0.3970189701897019 0.516875 0.4010840108401084 0.520625 0.4254742547425474 0.520625 0.4349593495934959 0.513125 0.43224932249322495 0.50375 0.4186991869918699 0.5025 0.3997289972899729 0.50875
1 0.8523035230352304 0.47375 0.8373983739837398 0.470625 0.8265582655826558 0.4725 0.8265582655826558 0.48875 0.8346883468834688 0.49125 0.8455284552845529 0.49125 0.8536585365853658 0.48875 0.8563685636856369 0.4775 0.8523035230352304 0.47375
1 0.6233062330623306 0.195 0.6151761517615176 0.204375 0.6192411924119241 0.213125 0.6341463414634146 0.214375 0.6504065040650406 0.2075 0.6476964769647696 0.193125 0.6287262872628726 0.1925 0.6233062330623306 0.195
1 0.5636856368563685 0.555 0.55420054200542 0.55 0.5365853658536586 0.54625 0.5230352303523035 0.549375 0.5257452574525745 0.558125 0.5392953929539296 0.565 0.5501355013550135 0.56625 0.559620596205962 0.565625 0.5663956639566395 0.5625 0.5636856368563685 0.555
1 0.6802168021680217 0.69125 0.6666666666666666 0.69 0.6531165311653117 0.69625 0.6558265582655827 0.7025 0.6720867208672087 0.709375 0.6856368563685636 0.709375 0.6937669376693767 0.704375 0.6937669376693767 0.7 0.6802168021680217 0.69125
1 0.5609756097560976 0.36375 0.5501355013550135 0.37 0.5501355013550135 0.379375 0.5555555555555556 0.381875 0.5718157181571816 0.38375 0.5826558265582655 0.38 0.5853658536585366 0.370625 0.5772357723577236 0.364375 0.5609756097560976 0.36375
1 0.5474254742547425 0.450625 0.005420054200542005 0.00125
1 0.5853658536585366 0.444375 0.573170731707317 0.448125 0.5691056910569106 0.45125 0.5718157181571816 0.461875 0.5934959349593496 0.4625 0.6043360433604336 0.456875 0.6070460704607046 0.4475 0.6002710027100271 0.444375 0.5853658536585366 0.444375
1 0.3130081300813008 0.59375 0.2994579945799458 0.59375 0.29132791327913277 0.596875 0.2940379403794038 0.610625 0.31029810298102983 0.6125 0.32113821138211385 0.61 0.3238482384823848 0.60125 0.32113821138211385 0.596875 0.3130081300813008 0.59375
1 0.5067750677506775 0.216875 0.489159891598916 0.2175 0.483739837398374 0.220625 0.483739837398374 0.22875 0.491869918699187 0.2325 0.5067750677506775 0.235625 0.5203252032520326 0.235 0.5284552845528455 0.22875 0.5230352303523035 0.220625 0.5067750677506775 0.216875
1 0.6991869918699187 0.673125 0.6802168021680217 0.673125 0.6720867208672087 0.678125 0.6720867208672087 0.685 0.6802168021680217 0.688125 0.6856368563685636 0.69 0.7046070460704607 0.69 0.7154471544715447 0.686875 0.7154471544715447 0.680625 0.6991869918699187 0.673125
1 0.556910569105691 0.25875 0.5392953929539296 0.26 0.5365853658536586 0.27125 0.5447154471544715 0.274375 0.5555555555555556 0.27625 0.5704607046070461 0.275 0.5799457994579946 0.268125 0.5772357723577236 0.2625 0.556910569105691 0.25875
1 0.5989159891598916 0.3425 0.5880758807588076 0.34 0.5663956639566395 0.339375 0.5582655826558266 0.3425 0.5609756097560976 0.35125 0.5718157181571816 0.355625 0.5934959349593496 0.3575 0.6043360433604336 0.35375 0.6070460704607046 0.34875 0.5989159891598916 0.3425
1 0.6707317073170732 0.498125 0.6476964769647696 0.49875 0.6368563685636857 0.505 0.6395663956639567 0.5125 0.6612466124661247 0.51375 0.6747967479674797 0.51125 0.6829268292682927 0.505625 0.6802168021680217 0.5025 0.6707317073170732 0.498125
1 0.6883468834688347 0.26375 0.6720867208672087 0.265 0.6666666666666666 0.2675 0.6666666666666666 0.273125 0.6720867208672087 0.276875 0.6829268292682927 0.28 0.7018970189701897 0.28 0.7100271002710027 0.27625 0.7100271002710027 0.268125 0.6883468834688347 0.26375
1 0.6178861788617886 0.53375 0.5934959349593496 0.53375 0.5826558265582655 0.536875 0.5799457994579946 0.54 0.5907859078590786 0.54625 0.6043360433604336 0.549375 0.6205962059620597 0.549375 0.6287262872628726 0.5475 0.6314363143631436 0.54 0.6178861788617886 0.53375
1 0.7127371273712737 0.30625 0.6991869918699187 0.3075 0.6910569105691057 0.31125 0.6937669376693767 0.325 0.7046070460704607 0.329375 0.7208672086720868 0.329375 0.7289972899728997 0.323125 0.7262872628726287 0.31125 0.7127371273712737 0.30625
1 0.6178861788617886 0.49875 0.6043360433604336 0.500625 0.5989159891598916 0.505 0.6016260162601627 0.5125 0.6097560975609756 0.516875 0.6260162601626016 0.518125 0.6341463414634146 0.513125 0.6314363143631436 0.5025 0.6178861788617886 0.49875
1 0.5365853658536586 0.4525 0.5365853658536586 0.46 0.5420054200542005 0.4625 0.5623306233062331 0.4625 0.5691056910569106 0.459375 0.5704607046070461 0.446875 0.5501355013550135 0.4475 0.5365853658536586 0.4525
1 0.7615176151761518 0.521875 0.7371273712737128 0.520625 0.7289972899728997 0.524375 0.7317073170731707 0.53125 0.7452574525745257 0.53625 0.7615176151761518 0.53625 0.7696476964769647 0.53375 0.7723577235772358 0.529375 0.7615176151761518 0.521875
1 0.6653116531165312 0.390625 0.6585365853658537 0.39625 0.6612466124661247 0.40625 0.6775067750677507 0.41125 0.6937669376693767 0.408125 0.6991869918699187 0.3975 0.6910569105691057 0.390625 0.6653116531165312 0.390625
1 0.5582655826558266 0.215625 0.5474254742547425 0.220625 0.5447154471544715 0.2325 0.5501355013550135 0.23375 0.5663956639566395 0.235 0.5799457994579946 0.22875 0.5826558265582655 0.220625 0.5704607046070461 0.215 0.5582655826558266 0.215625
1 0.07723577235772358 0.371875 0.06368563685636856 0.375 0.06368563685636856 0.385625 0.07452574525745258 0.391875 0.09620596205962059 0.391875 0.0989159891598916 0.3775 0.09078590785907859 0.37375 0.07723577235772358 0.371875
1 0.7154471544715447 0.5475 0.7018970189701897 0.553125 0.7046070460704607 0.561875 0.7317073170731707 0.561875 0.7425474254742548 0.555625 0.7425474254742548 0.550625 0.7262872628726287 0.54625 0.7154471544715447 0.5475
1 0.24796747967479674 0.339375 0.24525745257452575 0.348125 0.2506775067750677 0.350625 0.28319783197831977 0.3525 0.29132791327913277 0.3475 0.29132791327913277 0.34375 0.2764227642276423 0.33875 0.24796747967479674 0.339375
1 0.2845528455284553 0.478125 0.2696476964769648 0.478125 0.25609756097560976 0.480625 0.25474254742547425 0.490625 0.26151761517615174 0.493125 0.2899728997289973 0.49125 0.2940379403794038 0.48875 0.2940379403794038 0.480625 0.2845528455284553 0.478125
1 0.470189701897019 0.731875 0.45934959349593496 0.73125 0.44850948509485095 0.735 0.44037940379403795 0.740625 0.44308943089430897 0.745625 0.44850948509485095 0.748125 0.45934959349593496 0.748125 0.47289972899729 0.744375 0.47831978319783197 0.736875 0.470189701897019 0.731875
1 0.36314363143631434 0.235625 0.3428184281842818 0.23375 0.32926829268292684 0.236875 0.3319783197831978 0.245625 0.3428184281842818 0.25 0.35636856368563685 0.25 0.3699186991869919 0.245625 0.37262872628726285 0.24125 0.36314363143631434 0.235625
1 0.8401084010840109 0.354375 0.8197831978319783 0.350625 0.8075880758807588 0.350625 0.8021680216802168 0.353125 0.8021680216802168 0.360625 0.8075880758807588 0.36375 0.8184281842818428 0.366875 0.8346883468834688 0.366875 0.8428184281842819 0.36375 0.8455284552845529 0.35875 0.8401084010840109 0.354375
1 0.7723577235772358 0.4 0.7533875338753387 0.4 0.7452574525745257 0.404375 0.7479674796747967 0.411875 0.7560975609756098 0.41625 0.7804878048780488 0.41625 0.7886178861788617 0.413125 0.7886178861788617 0.40625 0.7723577235772358 0.4
1 0.7371273712737128 0.319375 0.7235772357723578 0.328125 0.7235772357723578 0.334375 0.7303523035230353 0.33875 0.7452574525745257 0.339375 0.7560975609756098 0.33375 0.7588075880758808 0.324375 0.7506775067750677 0.32 0.7371273712737128 0.319375
1 0.453929539295393 0.52625 0.43766937669376693 0.526875 0.43224932249322495 0.529375 0.4268292682926829 0.53625 0.42953929539295393 0.544375 0.44308943089430897 0.550625 0.45257452574525747 0.550625 0.4634146341463415 0.545625 0.46747967479674796 0.535 0.453929539295393 0.52625
1 0.173050135501355 0.65920625 0.1745542005420054 0.65365375 0.15047831978319784 0.652265625 0.13693495934959352 0.65365375 0.12941056910569104 0.6619825 0.13844037940379403 0.6682293749999999 0.173050135501355 0.6696175 0.173050135501355 0.65920625
1 0.4093008130081301 0.663370625 0.3882330623306233 0.667535625 0.3731856368563686 0.6758643750000001 0.37920460704607045 0.681416875 0.4153197831978319 0.6751699999999999 0.41682520325203254 0.6696175 0.4093008130081301 0.663370625
1 0.4619674796747968 0.5190018750000001 0.46046341463414636 0.513449375 0.44842547425474255 0.5113675 0.43789159891598917 0.5148375000000001 0.43789159891598917 0.52177875 0.4424065040650406 0.524555 0.45444444444444443 0.524555 0.4619674796747968 0.5190018750000001
1 0.19712601626016263 0.44612375 0.19863143631436314 0.441265 0.1896029810298103 0.437100625 0.17154471544715447 0.437100625 0.16703116531165313 0.4433475 0.17004065040650407 0.445429375 0.18358401084010842 0.450288125 0.19411653116531166 0.4489 0.19712601626016263 0.44612375
1 0.49808265582655825 0.49123875 0.4800257452574526 0.48707437499999995 0.4679878048780488 0.48638062499999996 0.4694918699186992 0.49679125 0.47852032520325205 0.5037325 0.4920636856368563 0.5037325 0.49808265582655825 0.49609749999999997 0.49808265582655825 0.49123875
1 0.1805731707317073 0.391985625 0.18508807588075882 0.382268125 0.19110704607046072 0.373245 0.17335216802168021 0.373245 0.14897289972899727 0.37949187500000003 0.15800271002710026 0.38782062500000003 0.1805731707317073 0.391985625
1 0.19110704607046072 0.38018625 0.19261246612466124 0.38782062500000003 0.20916531165311653 0.38920875000000005 0.21367886178861786 0.381574375 0.2196978319783198 0.377409375 0.20314498644986448 0.377409375 0.19110704607046072 0.38018625
1 0.46046341463414636 0.460699375 0.449929539295393 0.45931125 0.43337669376693766 0.45722875 0.4288631436314363 0.462781875 0.43337669376693766 0.47249875 0.44541598915989156 0.47249875 0.4589579945799458 0.47180437499999994 0.46046341463414636 0.468334375 0.46046341463414636 0.460699375
1 0.4243482384823848 0.318413125 0.4153197831978319 0.31008375 0.4002723577235773 0.310778125 0.3972628726287263 0.31980125000000004 0.40177642276422765 0.32535375 0.41080487804878046 0.326741875 0.42284417344173447 0.32465937500000003 0.4243482384823848 0.318413125
1 0.4032818428184282 0.2621925 0.4183292682926829 0.2580275 0.42284417344173447 0.24969874999999997 0.4183292682926829 0.243451875 0.4002723577235773 0.243451875 0.3882330623306233 0.24206375000000002 0.37770054200542 0.250393125 0.38221409214092145 0.25733374999999997 0.38973848238482384 0.260804375 0.4032818428184282 0.2621925
1 0.7870013550135502 0.21152437500000001 0.7915149051490515 0.2052775 0.7839918699186992 0.201113125 0.7629241192411924 0.201113125 0.7538956639566395 0.20736000000000002 0.75540108401084 0.21013625000000002 0.7644295392953929 0.21499500000000002 0.7779715447154472 0.216383125 0.7870013550135502 0.21152437500000001
1 0.8125826558265583 0.31980125000000004 0.8231151761517614 0.314248125 0.8155921409214093 0.3073075 0.7915149051490515 0.305919375 0.7900108401084011 0.305225 0.7854959349593497 0.31008375 0.7854959349593497 0.319106875 0.7915149051490515 0.3225775 0.8125826558265583 0.31980125000000004