1 0.23983739837398374 0.75125 0.24796747967479674 0.75375 0.26422764227642276 0.753125 0.2777777777777778 0.7475 0.2804878048780488 0.74 0.2682926829268293 0.7325 0.24525745257452575 0.733125 0.23712737127371275 0.7375 0.23441734417344173 0.745625 0.23983739837398374 0.75125
1 0.7831978319783198 0.463125 0.8102981029810298 0.46375 0.8238482384823849 0.460625 0.8238482384823849 0.45375 0.8143631436314364 0.449375 0.7913279132791328 0.448125 0.7750677506775068 0.451875 0.7723577235772358 0.45875 0.7831978319783198 0.463125
1 0.483739837398374 0.51125 0.491869918699187 0.514375 0.521680216802168 0.51375 0.5257452574525745 0.509375 0.5230352303523035 0.50125 0.508130081300813 0.49625 0.48644986449864497 0.49625 0.481029810298103 0.4975 0.483739837398374 0.51125
1 0.3265582655826558 0.524375 0.33739837398373984 0.5325 0.35365853658536583 0.535625 0.3685636856368564 0.533125 0.37262872628726285 0.52875 0.36720867208672087 0.51875 0.3523035230352303 0.51375 0.3319783197831978 0.51375 0.3265582655826558 0.51625 0.3265582655826558 0.524375
1 0.17886178861788618 0.3525 0.1937669376693767 0.358125 0.2127371273712737 0.358125 0.2181571815718157 0.353125 0.2181571815718157 0.345625 0.2127371273712737 0.34125 0.1978319783197832 0.338125 0.1802168021680217 0.33875 0.17479674796747968 0.34375 0.17886178861788618 0.3525
1 0.489159891598916 0.634375 0.5040650406504065 0.638125 0.5203252032520326 0.63625 0.5257452574525745 0.631875 0.5257452574525745 0.626875 0.516260162601626 0.620625 0.491869918699187 0.619375 0.483739837398374 0.6225 0.481029810298103 0.62625 0.489159891598916 0.634375
1 0.0989159891598916 0.4225 0.12059620596205962 0.42375 0.12872628726287264 0.4225 0.13685636856368563 0.418125 0.13685636856368563 0.410625 0.12059620596205962 0.40625 0.07859078590785908 0.406875 0.07994579945799458 0.41375 0.0989159891598916 0.4225
1 0.5176151761517616 0.369375 0.5420054200542005 0.3725 0.5555555555555556 0.369375 0.5582655826558266 0.361875 0.5501355013550135 0.354375 0.5284552845528455 0.349375 0.5176151761517616 0.349375 0.5094850948509485 0.351875 0.5067750677506775 0.3625 0.5176151761517616 0.369375
1 0.7696476964769647 0.58125 0.7859078590785907 0.584375 0.7994579945799458 0.58375 0.8048780487804879 0.57625 0.8021680216802168 0.5675 0.7859078590785907 0.5625 0.7669376693766937 0.5625 0.7615176151761518 0.564375 0.7588075880758808 0.57375 0.7696476964769647 0.58125
1 0.5230352303523035 0.346875 0.5311653116531165 0.350625 0.5555555555555556 0.35375 0.5663956639566395 0.35125 0.5663956639566395 0.345625 0.559620596205962 0.340625 0.5474254742547425 0.33625 0.5284552845528455 0.33625 0.5230352303523035 0.33875 0.5230352303523035 0.346875
1 0.08807588075880758 0.446875 0.11246612466124661 0.446875 0.12601626016260162 0.439375 0.12330623306233063 0.43125 0.11517615176151762 0.4275 0.09349593495934959 0.4275 0.08265582655826559 0.4325 0.07994579945799458 0.441875 0.08807588075880758 0.446875
1 0.6585365853658537 0.51625 0.6775067750677507 0.51625 0.6856368563685636 0.513125 0.6856368563685636 0.509375 0.6720867208672087 0.4975 0.6504065040650406 0.4975 0.6422764227642277 0.50125 0.6395663956639567 0.508125 0.6585365853658537 0.51625
1 0.8211382113821138 0.418125 0.8319783197831978 0.41875 0.8482384823848238 0.416875 0.8617886178861789 0.40375 0.8590785907859079 0.39875 0.8482384823848238 0.39375 0.8319783197831978 0.394375 0.8184281842818428 0.4025 0.8157181571815718 0.415625 0.8211382113821138 0.418125
1 0.6558265582655827 0.34875 0.6775067750677507 0.348125 0.6883468834688347 0.340625 0.6883468834688347 0.33625 0.6802168021680217 0.32875 0.6585365853658537 0.3275 0.6531165311653117 0.33125 0.6504065040650406 0.345625 0.6558265582655827 0.34875
1 0.7127371273712737 0.56375 0.7317073170731707 0.570625 0.7479674796747967 0.570625 0.7533875338753387 0.5675 0.7533875338753387 0.558125 0.7371273712737128 0.5475 0.7100271002710027 0.54875 0.7073170731707317 0.56 0.7127371273712737 0.56375
1 0.5338753387533876 0.434375 0.5555555555555556 0.435 0.5663956639566395 0.4325 0.5718157181571816 0.42875 0.5718157181571816 0.42375 0.5528455284552846 0.41625 0.5311653116531165 0.41625 0.521680216802168 0.42125 0.5203252032520326 0.43 0.5338753387533876 0.434375
1 0.4159891598915989 0.593125 0.4349593495934959 0.59375 0.44579945799457993 0.588125 0.44579945799457993 0.58 0.4349593495934959 0.57375 0.42140921409214094 0.571875 0.4051490514905149 0.576875 0.4024390243902439 0.584375 0.4159891598915989 0.593125
1 0.28319783197831977 0.26875 0.2994579945799458 0.27625 0.3238482384823848 0.27625 0.32926829268292684 0.2725 0.3265582655826558 0.260625 0.3130081300813008 0.254375 0.2940379403794038 0.253125 0.28319783197831977 0.258125 0.28319783197831977 0.26875
1 0.31029810298102983 0.711875 0.3252032520325203 0.711875 0.33062330623306235 0.71 0.3428184281842818 0.70375 0.34552845528455284 0.69875 0.3428184281842818 0.69375 0.33062330623306235 0.690625 0.3130081300813008 0.691875 0.3021680216802168 0.696875 0.2994579945799458 0.708125 0.31029810298102983 0.711875
1 0.5040650406504065 0.845 0.5365853658536586 0.845 0.5474254742547425 0.839375 0.5474254742547425 0.831875 0.535230352303523 0.826875 0.5149051490514905 0.8275 0.5 0.83375 0.497289972899729 0.84125 0.5040650406504065 0.845
1 0.1070460704607046 0.4675 0.12872628726287264 0.4675 0.13685636856368563 0.46125 0.13685636856368563 0.4525 0.12330623306233063 0.4475 0.10975609756097561 0.4475 0.0989159891598916 0.45 0.0989159891598916 0.46375 0.1070460704607046 0.4675
1 0.4905149051490515 0.54 0.5013550135501355 0.535 0.5040650406504065 0.52625 0.5 0.521875 0.47831978319783197 0.52125 0.46747967479674796 0.525625 0.46747967479674796 0.539375 0.4905149051490515 0.54
1 0.8021680216802168 0.61 0.8265582655826558 0.61125 0.8401084010840109 0.606875 0.8373983739837398 0.6 0.8211382113821138 0.59375 0.7940379403794038 0.59375 0.7899728997289973 0.595625 0.7886178861788617 0.603125 0.8021680216802168 0.61
1 0.7208672086720868 0.5175 0.7276422764227642 0.52375 0.7452574525745257 0.526875 0.7560975609756098 0.525625 0.7588075880758808 0.515 0.7533875338753387 0.51125 0.7371273712737128 0.506875 0.7276422764227642 0.506875 0.7208672086720868 0.51125 0.7208672086720868 0.5175
1 0.7046070460704607 0.389375 0.7317073170731707 0.39125 0.7425474254742548 0.386875 0.7371273712737128 0.379375 0.7262872628726287 0.375625 0.7018970189701897 0.375 0.6951219512195121 0.376875 0.6937669376693767 0.384375 0.7046070460704607 0.389375
1 0.6531165311653117 0.584375 0.6761517615176151 0.58375 0.6856368563685636 0.57875 0.6829268292682927 0.5675 0.6720867208672087 0.564375 0.6585365853658537 0.564375 0.6436314363143631 0.569375 0.6422764227642277 0.57875 0.6531165311653117 0.584375
1 0.1991869918699187 0.33625 0.2073170731707317 0.34 0.22628726287262874 0.34 0.24254742547425473 0.33 0.24525745257452575 0.323125 0.24119241192411925 0.318125 0.2181571815718157 0.315625 0.2046070460704607 0.320625 0.1991869918699187 0.324375 0.1991869918699187 0.33625
1 0.3780487804878049 0.483125 0.3888888888888889 0.4875 0.4132791327913279 0.4875 0.42140921409214094 0.484375 0.4241192411924119 0.473125 0.4186991869918699 0.46875 0.3943089430894309 0.468125 0.38346883468834686 0.470625 0.3780487804878049 0.475625 0.3780487804878049 0.483125
1 0.1802168021680217 0.70375 0.2018970189701897 0.704375 0.2073170731707317 0.701875 0.2046070460704607 0.68875 0.1910569105691057 0.68375 0.16937669376693767 0.686875 0.16937669376693767 0.699375 0.1802168021680217 0.70375
1 0.35365853658536583 0.388125 0.35907859078590787 0.39125 0.3699186991869919 0.3925 0.38346883468834686 0.39125 0.3943089430894309 0.384375 0.3943089430894309 0.375625 0.3780487804878049 0.37 0.3617886178861789 0.371875 0.35365853658536583 0.375625 0.35365853658536583 0.388125
1 0.4132791327913279 0.52125 0.43360433604336046 0.5225 0.44715447154471544 0.520625 0.45121951219512196 0.51 0.44579945799457993 0.506875 0.43766937669376693 0.504375 0.4105691056910569 0.504375 0.4065040650406504 0.506875 0.4024390243902439 0.514375 0.4132791327913279 0.52125
1 0.11246612466124661 0.39625 0.13550135501355012 0.393125 0.14227642276422764 0.384375 0.13685636856368563 0.38 0.12330623306233063 0.378125 0.1016260162601626 0.379375 0.09620596205962059 0.3825 0.0948509485094851 0.390625 0.11246612466124661 0.39625
1 0.8048780487804879 0.584375 0.8157181571815718 0.591875 0.8346883468834688 0.591875 0.8428184281842819 0.586875 0.8428184281842819 0.58 0.8346883468834688 0.5725 0.8265582655826558 0.569375 0.8102981029810298 0.569375 0.8048780487804879 0.571875 0.8048780487804879 0.584375
1 0.5501355013550135 0.388125 0.5609756097560976 0.39375 0.5799457994579946 0.395 0.5934959349593496 0.39125 0.5962059620596206 0.385625 0.5880758807588076 0.37875 0.5772357723577236 0.375625 0.5555555555555556 0.376875 0.5501355013550135 0.381875 0.5501355013550135 0.388125
1 0.5338753387533876 0.6125 0.5555555555555556 0.613125 0.5636856368563685 0.6075 0.5609756097560976 0.595 0.551490514905149 0.59125 0.5338753387533876 0.59125 0.5257452574525745 0.59375 0.5230352303523035 0.6025 0.5338753387533876 0.6125
1 0.35365853658536583 0.50875 0.3617886178861789 0.511875 0.3780487804878049 0.511875 0.38482384823848237 0.51 0.3915989159891599 0.50375 0.3915989159891599 0.495 0.3861788617886179 0.49125 0.3699186991869919 0.486875 0.3617886178861789 0.486875 0.3509485094850949 0.49 0.34823848238482386 0.504375 0.35365853658536583 0.50875
1 0.7046070460704607 0.644375 0.7235772357723578 0.64375 0.7344173441734417 0.636875 0.7317073170731707 0.629375 0.7208672086720868 0.625 0.7046070460704607 0.623125 0.6910569105691057 0.625 0.6910569105691057 0.639375 0.7046070460704607 0.644375
1 0.23712737127371275 0.72 0.25203252032520324 0.71875 0.2696476964769648 0.71125 0.2669376693766938 0.704375 0.25338753387533874 0.69875 0.22899728997289973 0.69875 0.22086720867208673 0.701875 0.2181571815718157 0.713125 0.23712737127371275 0.72
1 0.43766937669376693 0.3675 0.45528455284552843 0.3675 0.470189701897019 0.358125 0.470189701897019 0.353125 0.453929539295393 0.346875 0.43766937669376693 0.348125 0.42953929539295393 0.351875 0.4268292682926829 0.3625 0.43766937669376693 0.3675
1 0.2750677506775068 0.34625 0.2886178861788618 0.345625 0.2940379403794038 0.3425 0.2940379403794038 0.33125 0.2886178861788618 0.325625 0.2696476964769648 0.320625 0.25338753387533874 0.323125 0.25338753387533874 0.338125 0.2750677506775068 0.34625
1 0.47289972899729 0.375 0.491869918699187 0.37375 0.5013550135501355 0.3675 0.5013550135501355 0.358125 0.4932249322493225 0.355625 0.47289972899729 0.355625 0.45934959349593496 0.3625 0.45934959349593496 0.37 0.47289972899729 0.375
1 0.5338753387533876 0.415625 0.5663956639566395 0.416875 0.5772357723577236 0.414375 0.5799457994579946 0.40625 0.5650406504065041 0.4 0.5311653116531165 0.398125 0.5203252032520326 0.40125 0.5203252032520326 0.409375 0.5338753387533876 0.415625
1 0.17479674796747968 0.51125 0.1937669376693767 0.51125 0.2018970189701897 0.50875 0.2018970189701897 0.495 0.17208672086720866 0.491875 0.16124661246612465 0.496875 0.16124661246612465 0.505 0.17479674796747968 0.51125
1 0.37533875338753386 0.530625 0.3943089430894309 0.534375 0.4132791327913279 0.534375 0.42140921409214094 0.53125 0.4186991869918699 0.5225 0.4051490514905149 0.51625 0.3983739837398374 0.514375 0.3780487804878049 0.514375 0.37262872628726285 0.51625 0.3699186991869919 0.52625 0.37533875338753386 0.530625
1 0.46476964769647694 0.3075 0.483739837398374 0.3075 0.5 0.3 0.497289972899729 0.294375 0.48509485094850946 0.290625 0.46476964769647694 0.290625 0.453929539295393 0.295625 0.45121951219512196 0.301875 0.46476964769647694 0.3075
1 0.37262872628726285 0.5525 0.4010840108401084 0.5525 0.4132791327913279 0.545625 0.4132791327913279 0.54 0.4078590785907859 0.53625 0.4010840108401084 0.535625 0.3780487804878049 0.535625 0.35907859078590787 0.5425 0.35636856368563685 0.5475 0.37262872628726285 0.5525
1 0.7168021680216802 0.7075 0.7262872628726287 0.71 0.7506775067750677 0.708125 0.7560975609756098 0.70375 0.7560975609756098 0.69875 0.7452574525745257 0.69125 0.7262872628726287 0.689375 0.7127371273712737 0.69375 0.7100271002710027 0.7025 0.7168021680216802 0.7075
1 0.45121951219512196 0.451875 0.46476964769647694 0.451875 0.470189701897019 0.45 0.47831978319783197 0.443125 0.47560975609756095 0.4375 0.453929539295393 0.43 0.44579945799457993 0.43 0.43766937669376693 0.43375 0.43766937669376693 0.4475 0.45121951219512196 0.451875
1 0.7425474254742548 0.509375 0.7642276422764228 0.508125 0.7777777777777778 0.50125 0.7723577235772358 0.494375 0.7574525745257452 0.49125 0.7425474254742548 0.4925 0.7317073170731707 0.49625 0.7289972899728997 0.503125 0.7425474254742548 0.509375
1 0.11788617886178862 0.495 0.12872628726287264 0.4975 0.15582655826558264 0.4975 0.16124661246612465 0.494375 0.16395663956639567 0.4875 0.15311653116531165 0.48125 0.12330623306233063 0.480625 0.11517615176151762 0.483125 0.11246612466124661 0.49125 0.11788617886178862 0.495
1 0.5785907859078591 0.3325 0.5880758807588076 0.335 0.6043360433604336 0.335 0.6124661246612466 0.33125 0.6205962059620597 0.320625 0.6178861788617886 0.31125 0.5989159891598916 0.3075 0.5880758807588076 0.31 0.5772357723577236 0.316875 0.5745257452574526 0.32875 0.5785907859078591 0.3325
1 0.14498644986449866 0.399375 0.15853658536585366 0.403125 0.17886178861788618 0.40125 0.18292682926829268 0.3975 0.1802168021680217 0.386875 0.16531165311653118 0.381875 0.14227642276422764 0.383125 0.13956639566395665 0.395625 0.14498644986449866 0.399375
1 0.32113821138211385 0.473125 0.32791327913279134 0.47875 0.34688346883468835 0.481875 0.35907859078590787 0.475625 0.35907859078590787 0.46375 0.35365853658536583 0.45875 0.34552845528455284 0.45625 0.3346883468834688 0.45625 0.3252032520325203 0.459375 0.32113821138211385 0.463125 0.32113821138211385 0.473125
1 0.6314363143631436 0.475625 0.6585365853658537 0.475625 0.6639566395663956 0.473125 0.6666666666666666 0.46625 0.6612466124661247 0.46125 0.6531165311653117 0.45875 0.6314363143631436 0.45875 0.6233062330623306 0.461875 0.6205962059620597 0.470625 0.6314363143631436 0.475625
1 0.6924119241192412 0.535 0.7059620596205962 0.533125 0.7154471544715447 0.526875 0.7154471544715447 0.519375 0.6964769647696477 0.51875 0.6747967479674797 0.525625 0.6747967479674797 0.534375 0.6924119241192412 0.535
1 0.4037940379403794 0.44625 0.42953929539295393 0.446875 0.4349593495934959 0.444375 0.4349593495934959 0.43 0.4173441734417344 0.424375 0.3970189701897019 0.4275 0.3943089430894309 0.439375 0.4037940379403794 0.44625
1 0.11517615176151762 0.355625 0.14498644986449866 0.355625 0.15311653116531165 0.35125 0.15582655826558264 0.345625 0.15040650406504066 0.34125 0.13956639566395665 0.33875 0.11788617886178862 0.33875 0.11246612466124661 0.34125 0.1043360433604336 0.349375 0.11517615176151762 0.355625
1 0.36720867208672087 0.46625 0.37533875338753386 0.470625 0.3943089430894309 0.46875 0.4051490514905149 0.46375 0.4051490514905149 0.45375 0.3943089430894309 0.449375 0.3807588075880759 0.449375 0.37262872628726285 0.4525 0.36720867208672087 0.4575 0.36720867208672087 0.46625
1 0.3807588075880759 0.319375 0.4024390243902439 0.324375 0.42140921409214094 0.321875 0.4268292682926829 0.318125 0.4241192411924119 0.3125 0.4024390243902439 0.305 0.3888888888888889 0.305 0.3780487804878049 0.31 0.3807588075880759 0.319375
1 0.42953929539295393 0.348125 0.45121951219512196 0.34625 0.45934959349593496 0.34125 0.45934959349593496 0.33625 0.44037940379403795 0.33 0.4241192411924119 0.330625 0.4132791327913279 0.335 0.4132791327913279 0.343125 0.42953929539295393 0.348125
1 0.5040650406504065 0.393125 0.5203252032520326 0.393125 0.5365853658536586 0.3875 0.5392953929539296 0.3825 0.5257452574525745 0.375 0.5013550135501355 0.375 0.491869918699187 0.378125 0.489159891598916 0.386875 0.5040650406504065 0.393125
1 0.42953929539295393 0.5425 0.44850948509485095 0.544375 0.462059620596206 0.54 0.462059620596206 0.525625 0.453929539295393 0.5225 0.4349593495934959 0.524375 0.4241192411924119 0.529375 0.42140921409214094 0.53625 0.42953929539295393 0.5425
1 0.2073170731707317 0.50125 0.2181571815718157 0.504375 0.23712737127371275 0.504375 0.25609756097560976 0.49625 0.26151761517615174 0.4875 0.2506775067750677 0.481875 0.23441734417344173 0.481875 0.2086720867208672 0.49 0.2046070460704607 0.491875 0.2073170731707317 0.50125
1 0.3509485094850949 0.413125 0.3699186991869919 0.413125 0.3780487804878049 0.410625 0.3780487804878049 0.40375 0.3699186991869919 0.400625 0.34823848238482386 0.39875 0.34010840108401086 0.40125 0.34010840108401086 0.410625 0.3509485094850949 0.413125
1 0.16395663956639567 0.654375 0.16937669376693767 0.6575 0.2018970189701897 0.65625 0.21544715447154472 0.649375 0.21544715447154472 0.641875 0.21002710027100271 0.639375 0.18292682926829268 0.63875 0.17344173441734417 0.640625 0.16395663956639567 0.64625 0.16395663956639567 0.654375
1 0.18834688346883469 0.81375 0.2046070460704607 0.81875 0.22493224932249323 0.816875 0.23712737127371275 0.8125 0.23712737127371275 0.8075 0.22628726287262874 0.8025 0.2018970189701897 0.8025 0.1937669376693767 0.805 0.18834688346883469 0.80875 0.18834688346883469 0.81375
1 0.11788617886178862 0.338125 0.13821138211382114 0.338125 0.15311653116531165 0.33125 0.15311653116531165 0.324375 0.13956639566395665 0.320625 0.11788617886178862 0.320625 0.1070460704607046 0.324375 0.1043360433604336 0.330625 0.11788617886178862 0.338125
1 0.8102981029810298 0.564375 0.8238482384823849 0.56125 0.8292682926829268 0.556875 0.8184281842818428 0.548125 0.8021680216802168 0.548125 0.7913279132791328 0.551875 0.7913279132791328 0.56375 0.8102981029810298 0.564375
1 0.6531165311653117 0.421875 0.6612466124661247 0.425 0.6720867208672087 0.425 0.6856368563685636 0.421875 0.6937669376693767 0.414375 0.6937669376693767 0.409375 0.6829268292682927 0.40375 0.6666666666666666 0.405 0.6531165311653117 0.413125 0.6531165311653117 0.421875
1 0.6531165311653117 0.63875 0.6639566395663956 0.64125 0.6856368563685636 0.639375 0.6856368563685636 0.62875 0.6788617886178862 0.624375 0.6558265582655827 0.62125 0.6476964769647696 0.625 0.6449864498644986 0.63 0.6531165311653117 0.63875
1 0.8428184281842819 0.58125 0.8482384823848238 0.583125 0.8672086720867209 0.58125 0.8699186991869918 0.56875 0.8631436314363143 0.563125 0.8482384823848238 0.560625 0.8373983739837398 0.56375 0.8346883468834688 0.57375 0.8428184281842819 0.58125
1 0.7588075880758808 0.65125 0.7669376693766937 0.654375 0.7859078590785907 0.65375 0.7913279132791328 0.65125 0.7913279132791328 0.641875 0.7859078590785907 0.63625 0.7737127371273713 0.63125 0.7533875338753387 0.63125 0.7479674796747967 0.63375 0.7452574525745257 0.64 0.7588075880758808 0.65125
1 0.7073170731707317 0.660625 0.7208672086720868 0.664375 0.7344173441734417 0.6625 0.7398373983739838 0.6575 0.7398373983739838 0.65125 0.7330623306233063 0.64625 0.7289972899728997 0.644375 0.7154471544715447 0.644375 0.7018970189701897 0.646875 0.6991869918699187 0.655625 0.7073170731707317 0.660625
1 0.5040650406504065 0.49125 0.5176151761517616 0.49125 0.5338753387533876 0.484375 0.5365853658536586 0.475625 0.5284552845528455 0.47125 0.5094850948509485 0.47125 0.497289972899729 0.475625 0.494579945799458 0.485 0.5040650406504065 0.49125
1 0.47831978319783197 0.4225 0.489159891598916 0.425 0.510840108401084 0.425 0.5257452574525745 0.418125 0.5257452574525745 0.413125 0.5176151761517616 0.40875 0.491869918699187 0.406875 0.47560975609756095 0.410625 0.47289972899729 0.418125 0.47831978319783197 0.4225
1 0.43224932249322495 0.288125 0.44308943089430897 0.293125 0.45934959349593496 0.291875 0.470189701897019 0.281875 0.46747967479674796 0.275625 0.44850948509485095 0.26875 0.4268292682926829 0.27 0.4241192411924119 0.28125 0.43224932249322495 0.288125
1 0.4078590785907859 0.606875 0.4173441734417344 0.613125 0.4349593495934959 0.6175 0.45257452574525747 0.615 0.45663956639566394 0.613125 0.45663956639566394 0.605625 0.44850948509485095 0.59875 0.43766937669376693 0.59375 0.4132791327913279 0.59375 0.4078590785907859 0.596875 0.4078590785907859 0.606875
1 0.6233062330623306 0.556875 0.6436314363143631 0.55875 0.6558265582655827 0.555625 0.6558265582655827 0.546875 0.6449864498644986 0.540625 0.6260162601626016 0.539375 0.6138211382113821 0.541875 0.6124661246612466 0.55 0.6233062330623306 0.556875
1 0.6666666666666666 0.623125 0.6829268292682927 0.623125 0.7018970189701897 0.6125 0.6978319783197832 0.60375 0.6829268292682927 0.598125 0.6720867208672087 0.598125 0.6585365853658537 0.603125 0.6585365853658537 0.62 0.6666666666666666 0.623125
1 0.7439024390243902 0.549375 0.0027100271002710027 0.00125
1 0.7127371273712737 0.545 0.7357723577235772 0.545 0.7452574525745257 0.539375 0.7452574525745257 0.52875 0.7317073170731707 0.524375 0.7235772357723578 0.524375 0.7154471544715447 0.5275 0.7100271002710027 0.53125 0.7127371273712737 0.545
1 0.26422764227642276 0.700625 0.29132791327913277 0.69875 0.3021680216802168 0.69375 0.3021680216802168 0.685625 0.2940379403794038 0.6825 0.26151761517615174 0.6825 0.2506775067750677 0.6875 0.2506775067750677 0.696875 0.26422764227642276 0.700625
1 0.7100271002710027 0.49625 0.7289972899728997 0.496875 0.7425474254742548 0.49125 0.7425474254742548 0.483125 0.7371273712737128 0.480625 0.7100271002710027 0.480625 0.6991869918699187 0.484375 0.6964769647696477 0.49 0.7100271002710027 0.49625
1 0.6856368563685636 0.50875 0.6910569105691057 0.51125 0.7154471544715447 0.51125 0.7235772357723578 0.50625 0.7235772357723578 0.50125 0.7181571815718157 0.498125 0.6991869918699187 0.49125 0.6788617886178862 0.493125 0.6747967479674797 0.4975 0.6856368563685636 0.50875
1 0.6287262872628726 0.70875 0.6422764227642277 0.713125 0.6612466124661247 0.713125 0.6666666666666666 0.709375 0.6639566395663956 0.696875 0.6476964769647696 0.6925 0.6300813008130082 0.694375 0.6260162601626016 0.6975 0.6287262872628726 0.70875
1 0.7669376693766937 0.53625 0.7831978319783198 0.540625 0.8021680216802168 0.539375 0.8075880758807588 0.535625 0.8048780487804879 0.52625 0.7913279132791328 0.52125 0.7696476964769647 0.521875 0.7642276422764228 0.525625 0.7669376693766937 0.53625
1 0.2859078590785908 0.75125 0.3048780487804878 0.758125 0.3130081300813008 0.75875 0.3238482384823848 0.75625 0.32926829268292684 0.75125 0.3238482384823848 0.74 0.31029810298102983 0.735625 0.2940379403794038 0.73625 0.28319783197831977 0.74125 0.2859078590785908 0.75125
1 0.29132791327913277 0.32875 0.3075880758807588 0.333125 0.3265582655826558 0.33 0.3346883468834688 0.3225 0.3319783197831978 0.316875 0.3252032520325203 0.314375 0.2994579945799458 0.315625 0.2886178861788618 0.320625 0.29132791327913277 0.32875
1 0.7371273712737128 0.545625 0.7506775067750677 0.555 0.7737127371273713 0.555625 0.7831978319783198 0.551875 0.7831978319783198 0.5425 0.7723577235772358 0.538125 0.7452574525745257 0.538125 0.7371273712737128 0.5425 0.7371273712737128 0.545625
1 0.7479674796747967 0.595625 0.7642276422764228 0.601875 0.7804878048780488 0.6 0.7859078590785907 0.595625 0.7859078590785907 0.586875 0.7642276422764228 0.579375 0.7533875338753387 0.58 0.7452574525745257 0.58375 0.7479674796747967 0.595625