1 0.7682724252491694 0.42625 0.7848837209302325 0.429375 0.792358803986711 0.42875 0.8014950166112956 0.4225 0.8014950166112956 0.406875 0.7857142857142857 0.39625 0.7790697674418605 0.39375 0.7624584717607974 0.39375 0.7516611295681063 0.40125 0.7524916943521595 0.413125 0.7682724252491694 0.42625
1 0.574750830564784 0.656875 0.5855481727574751 0.664375 0.5946843853820598 0.6675 0.606312292358804 0.6675 0.6146179401993356 0.665 0.6179401993355482 0.651875 0.6162790697674418 0.644375 0.6104651162790697 0.63625 0.595514950166113 0.62875 0.5730897009966778 0.629375 0.5672757475083057 0.635 0.5647840531561462 0.64375 0.574750830564784 0.656875
1 0.6196013289036545 0.6575 0.6312292358803987 0.659375 0.643687707641196 0.655625 0.6511627906976745 0.64625 0.6503322259136213 0.635 0.6461794019933554 0.62625 0.6403654485049833 0.623125 0.6320598006644518 0.623125 0.6196013289036545 0.626875 0.6146179401993356 0.631875 0.6129568106312292 0.6375 0.6196013289036545 0.6575
1 0.43023255813953487 0.540625 0.43853820598006643 0.545625 0.4543189368770764 0.544375 0.46677740863787376 0.534375 0.46677740863787376 0.516875 0.45514950166112955 0.509375 0.4368770764119601 0.51125 0.42524916943521596 0.519375 0.4260797342192691 0.535 0.43023255813953487 0.540625
1 0.3862126245847176 0.355625 0.3953488372093023 0.356875 0.4053156146179402 0.35375 0.4161129568106312 0.34375 0.41777408637873753 0.33125 0.41029900332225916 0.323125 0.3995016611295681 0.3225 0.3945182724252492 0.326875 0.3862126245847176 0.32875 0.3795681063122924 0.336875 0.3803986710963455 0.350625 0.3862126245847176 0.355625
1 0.3770764119601329 0.601875 0.38205980066445183 0.609375 0.38870431893687707 0.6125 0.4061461794019934 0.6125 0.41362126245847175 0.609375 0.42524916943521596 0.596875 0.4260797342192691 0.586875 0.4219269102990033 0.581875 0.41362126245847175 0.584375 0.3978405315614618 0.58375 0.3853820598006645 0.57875 0.3787375415282392 0.585 0.37624584717607973 0.590625 0.3770764119601329 0.601875
1 0.6146179401993356 0.51625 0.6262458471760798 0.51625 0.6428571428571429 0.50875 0.6495016611295681 0.4975 0.6478405315614618 0.4875 0.643687707641196 0.483125 0.6362126245847176 0.480625 0.6179401993355482 0.483125 0.6038205980066446 0.4925 0.6029900332225914 0.508125 0.6146179401993356 0.51625
1 0.32641196013289037 0.390625 0.329734219269103 0.395625 0.34053156146179403 0.403125 0.3504983388704319 0.40375 0.3637873754152824 0.395625 0.36627906976744184 0.39125 0.36627906976744184 0.381875 0.3521594684385382 0.3675 0.3380398671096346 0.365 0.3280730897009967 0.37 0.3239202657807309 0.37625 0.3230897009966777 0.381875 0.32641196013289037 0.390625
1 0.6611295681063123 0.473125 0.6769102990033222 0.475625 0.6901993355481728 0.469375 0.6901993355481728 0.4525 0.6760797342192691 0.443125 0.6636212624584718 0.441875 0.6470099667774086 0.449375 0.6470099667774086 0.461875 0.6611295681063123 0.473125
1 0.8056478405315615 0.358125 0.8197674418604651 0.358125 0.8230897009966778 0.35625 0.8330564784053156 0.348125 0.8380398671096345 0.3375 0.8355481727574751 0.3275 0.8313953488372093 0.323125 0.8239202657807309 0.32 0.8131229235880398 0.32 0.8056478405315615 0.3225 0.7981727574750831 0.326875 0.7931893687707641 0.334375 0.7940199335548173 0.35125 0.8056478405315615 0.358125
1 0.7250830564784053 0.36875 0.7350498338870431 0.3725 0.7441860465116279 0.371875 0.7624584717607974 0.36375 0.7691029900332226 0.355625 0.7699335548172758 0.348125 0.7641196013289037 0.34125 0.739202657807309 0.34125 0.7267441860465116 0.34875 0.7225913621262459 0.355625 0.7217607973421927 0.365 0.7250830564784053 0.36875
1 0.3754152823920266 0.321875 0.38289036544850497 0.32875 0.3903654485049834 0.32875 0.39867109634551495 0.324375 0.40448504983388706 0.316875 0.4019933554817276 0.305 0.39700996677740863 0.3 0.3903654485049834 0.3 0.38289036544850497 0.3025 0.3787375415282392 0.3075 0.37375415282392027 0.316875 0.3754152823920266 0.321875
1 0.707641196013289 0.629375 0.7142857142857143 0.63125 0.7350498338870431 0.63125 0.7466777408637874 0.62625 0.7516611295681063 0.618125 0.75 0.61 0.7342192691029901 0.6 0.7084717607973422 0.5975 0.6935215946843853 0.605625 0.6935215946843853 0.619375 0.707641196013289 0.629375
1 0.7209302325581395 0.43625 0.7308970099667774 0.439375 0.7433554817275747 0.439375 0.7541528239202658 0.431875 0.7558139534883721 0.416875 0.75 0.406875 0.7441860465116279 0.40375 0.7259136212624585 0.39875 0.7151162790697675 0.40375 0.7093023255813954 0.410625 0.7101328903654485 0.421875 0.7209302325581395 0.43625
1 0.4410299003322259 0.670625 0.446843853820598 0.681875 0.45598006644518274 0.6875 0.473421926910299 0.68875 0.48421926910299 0.681875 0.4833887043189369 0.6675 0.47840531561461797 0.660625 0.4717607973421927 0.65625 0.4584717607973422 0.651875 0.44933554817275745 0.659375 0.44435215946843853 0.660625 0.4410299003322259 0.664375 0.4410299003322259 0.670625
1 0.563953488372093 0.851875 0.5730897009966778 0.858125 0.5838870431893688 0.86 0.6004983388704319 0.858125 0.6129568106312292 0.85 0.6121262458471761 0.836875 0.6021594684385382 0.83 0.5930232558139535 0.82875 0.5913621262458472 0.826875 0.5789036544850499 0.82625 0.563953488372093 0.829375 0.5606312292358804 0.83375 0.5606312292358804 0.846875 0.563953488372093 0.851875
1 0.27325581395348836 0.475625 0.2915282392026578 0.475625 0.3064784053156146 0.470625 0.31727574750830567 0.460625 0.32059800664451826 0.451875 0.31893687707641194 0.445 0.30980066445182725 0.4375 0.29485049833887045 0.4375 0.2815614617940199 0.444375 0.2691029900332226 0.459375 0.26827242524916944 0.47 0.27325581395348836 0.475625
1 0.4435215946843854 0.473125 0.4543189368770764 0.478125 0.4792358803986711 0.478125 0.4900332225913621 0.4675 0.4900332225913621 0.4625 0.4850498338870432 0.455625 0.4700996677740864 0.449375 0.44435215946843853 0.45625 0.4410299003322259 0.46 0.44019933554817275 0.4675 0.4435215946843854 0.473125
1 0.39700996677740863 0.56 0.4161129568106312 0.561875 0.4260797342192691 0.555 0.43023255813953487 0.546875 0.42940199335548174 0.54125 0.42441860465116277 0.5325 0.41445182724252494 0.526875 0.3995016611295681 0.524375 0.3903654485049834 0.528125 0.3853820598006645 0.53375 0.3853820598006645 0.55 0.39700996677740863 0.56
1 0.4061461794019934 0.31375 0.4127906976744186 0.32125 0.42524916943521596 0.326875 0.4377076411960133 0.324375 0.44518272425249167 0.313125 0.44435215946843853 0.30375 0.4393687707641196 0.293125 0.42524916943521596 0.28625 0.41445182724252494 0.28625 0.40780730897009965 0.28875 0.4011627906976744 0.295 0.4003322259136213 0.300625 0.4061461794019934 0.31375
1 0.3446843853820598 0.449375 0.35132890365448505 0.451875 0.3637873754152824 0.4525 0.37624584717607973 0.444375 0.3770764119601329 0.435 0.36794019933554817 0.4225 0.36046511627906974 0.416875 0.3430232558139535 0.41625 0.3338870431893688 0.425 0.3330564784053156 0.435625 0.3446843853820598 0.449375
1 0.3995016611295681 0.4725 0.4053156146179402 0.475625 0.42358803986710963 0.475625 0.436046511627907 0.469375 0.4418604651162791 0.45625 0.44019933554817275 0.449375 0.4260797342192691 0.440625 0.4119601328903654 0.4425 0.40282392026578073 0.446875 0.3961794019933555 0.454375 0.3945182724252492 0.46375 0.3995016611295681 0.4725
1 0.5083056478405316 0.613125 0.5224252491694352 0.618125 0.532392026578073 0.618125 0.5431893687707641 0.613125 0.5456810631229236 0.603125 0.542358803986711 0.595 0.5373754152823921 0.59125 0.5274086378737541 0.586875 0.5224252491694352 0.586875 0.5058139534883721 0.591875 0.5041528239202658 0.61 0.5083056478405316 0.613125
1 0.5830564784053156 0.583125 0.590531561461794 0.584375 0.6021594684385382 0.581875 0.6129568106312292 0.57375 0.6154485049833887 0.55875 0.6038205980066446 0.54875 0.5888704318936877 0.54875 0.574750830564784 0.55875 0.5730897009966778 0.573125 0.5830564784053156 0.583125
1 0.5490033222591362 0.293125 0.5672757475083057 0.295625 0.5838870431893688 0.290625 0.5880398671096345 0.28625 0.5880398671096345 0.27375 0.5739202657807309 0.265 0.5564784053156147 0.265 0.5440199335548173 0.27125 0.5415282392026578 0.285 0.5490033222591362 0.293125
1 0.7549833887043189 0.319375 0.7865448504983389 0.32 0.7990033222591362 0.314375 0.8023255813953488 0.31 0.803156146179402 0.3025 0.792358803986711 0.293125 0.7682724252491694 0.29125 0.7524916943521595 0.295625 0.7458471760797342 0.306875 0.7458471760797342 0.3125 0.7549833887043189 0.319375
1 0.36710963455149503 0.379375 0.3853820598006645 0.381875 0.39700996677740863 0.376875 0.3945182724252492 0.361875 0.3803986710963455 0.351875 0.36295681063122925 0.34875 0.3546511627906977 0.350625 0.3521594684385382 0.35375 0.3521594684385382 0.36625 0.36710963455149503 0.379375
1 0.7109634551495017 0.595 0.7225913621262459 0.598125 0.7441860465116279 0.5975 0.7574750830564784 0.588125 0.760797342192691 0.58125 0.7591362126245847 0.571875 0.7533222591362126 0.5675 0.7416943521594684 0.564375 0.7225913621262459 0.566875 0.7101328903654485 0.578125 0.7084717607973422 0.588125 0.7109634551495017 0.595
1 0.5141196013289037 0.46625 0.5249169435215947 0.465625 0.5357142857142857 0.46 0.5440199335548173 0.449375 0.5440199335548173 0.445 0.53156146179402 0.43625 0.5166112956810631 0.438125 0.5041528239202658 0.446875 0.5041528239202658 0.4575 0.5141196013289037 0.46625
1 0.34219269102990035 0.685625 0.35299003322259137 0.69625 0.3687707641196013 0.69875 0.3803986710963455 0.69375 0.3812292358803987 0.678125 0.36627906976744184 0.6625 0.3538205980066445 0.660625 0.34219269102990035 0.66875 0.33970099667774084 0.674375 0.34219269102990035 0.685625
1 0.43272425249169433 0.444375 0.4418604651162791 0.45375 0.45514950166112955 0.45375 0.46677740863787376 0.44875 0.4700996677740864 0.444375 0.47093023255813954 0.434375 0.4700996677740864 0.42875 0.4642857142857143 0.4225 0.45099667774086377 0.416875 0.44435215946843853 0.416875 0.43272425249169433 0.42625 0.43106312292358806 0.439375 0.43272425249169433 0.444375
1 0.4601328903654485 0.369375 0.47259136212624586 0.37375 0.48172757475083056 0.37375 0.4883720930232558 0.37 0.4908637873754153 0.35625 0.48172757475083056 0.340625 0.4692691029900332 0.33375 0.457641196013289 0.33375 0.446843853820598 0.34125 0.446843853820598 0.355 0.4601328903654485 0.369375
1 0.4808970099667774 0.524375 0.48588039867109634 0.535 0.4958471760797342 0.540625 0.5116279069767442 0.54 0.5182724252491694 0.535 0.5224252491694352 0.525625 0.5224252491694352 0.5175 0.5174418604651163 0.51125 0.5091362126245847 0.50625 0.4983388704318937 0.504375 0.4900332225913621 0.506875 0.4833887043189369 0.511875 0.4808970099667774 0.515 0.4808970099667774 0.524375
1 0.28488372093023256 0.408125 0.2956810631229236 0.411875 0.30980066445182725 0.410625 0.32059800664451826 0.40375 0.3272425249169435 0.39375 0.32142857142857145 0.379375 0.3122923588039867 0.375 0.2956810631229236 0.378125 0.2840531561461794 0.389375 0.2815614617940199 0.40375 0.28488372093023256 0.408125
1 0.7524916943521595 0.616875 0.7657807308970099 0.628125 0.7740863787375415 0.63125 0.7840531561461794 0.63125 0.7981727574750831 0.62625 0.8023255813953488 0.62 0.8014950166112956 0.61 0.7832225913621262 0.595625 0.770764119601329 0.591875 0.7641196013289037 0.591875 0.75 0.59875 0.7483388704318937 0.603125 0.7524916943521595 0.616875
1 0.4900332225913621 0.685625 0.4950166112956811 0.68875 0.5099667774086378 0.68875 0.5166112956810631 0.685 0.5249169435215947 0.675 0.5257475083056479 0.66125 0.5224252491694352 0.654375 0.5132890365448505 0.64625 0.5041528239202658 0.645625 0.4867109634551495 0.65875 0.48588039867109634 0.678125 0.4900332225913621 0.685625
1 0.7657807308970099 0.561875 0.7790697674418605 0.565625 0.7931893687707641 0.561875 0.803156146179402 0.55375 0.8081395348837209 0.5425 0.8081395348837209 0.53125 0.803156146179402 0.525625 0.7956810631229236 0.521875 0.7840531561461794 0.52125 0.776578073089701 0.524375 0.7641196013289037 0.5375 0.760797342192691 0.5575 0.7657807308970099 0.561875
1 0.5930232558139535 0.624375 0.6046511627906976 0.624375 0.6162790697674418 0.62 0.6262458471760798 0.606875 0.627906976744186 0.600625 0.627906976744186 0.59375 0.6196013289036545 0.581875 0.6162790697674418 0.579375 0.6079734219269103 0.57875 0.6013289036544851 0.583125 0.5930232558139535 0.584375 0.5888704318936877 0.5875 0.5822259136212624 0.605625 0.5813953488372093 0.613125 0.5930232558139535 0.624375
1 0.579734219269103 0.716875 0.5880398671096345 0.721875 0.5963455149501661 0.723125 0.6104651162790697 0.72 0.6154485049833887 0.716875 0.622093023255814 0.70375 0.6212624584717608 0.69625 0.6154485049833887 0.68875 0.5963455149501661 0.685 0.590531561461794 0.6875 0.5755813953488372 0.700625 0.574750830564784 0.706875 0.579734219269103 0.716875
1 0.6088039867109635 0.75875 0.6179401993355482 0.773125 0.6320598006644518 0.780625 0.6411960132890365 0.779375 0.6461794019933554 0.775625 0.6503322259136213 0.7675 0.6445182724252492 0.745 0.6353820598006644 0.74 0.6229235880398671 0.739375 0.6129568106312292 0.745625 0.6088039867109635 0.751875 0.6088039867109635 0.75875
1 0.41029900332225916 0.365 0.4161129568106312 0.369375 0.42441860465116277 0.371875 0.43853820598006643 0.371875 0.45099667774086377 0.36375 0.44933554817275745 0.35625 0.4435215946843854 0.34875 0.436046511627907 0.34375 0.41777408637873753 0.34125 0.4061461794019934 0.35125 0.4053156146179402 0.355625 0.41029900332225916 0.365
1 0.47259136212624586 0.435 0.4850498338870432 0.441875 0.5074750830564784 0.4425 0.5149501661129569 0.439375 0.5182724252491694 0.435 0.5191029900332226 0.429375 0.5166112956810631 0.425 0.5033222591362126 0.416875 0.489202657807309 0.415625 0.47674418604651164 0.41875 0.47093023255813954 0.4225 0.4700996677740864 0.430625 0.47259136212624586 0.435
1 0.553156146179402 0.418125 0.5772425249169435 0.419375 0.584717607973422 0.41625 0.590531561461794 0.410625 0.5930232558139535 0.39875 0.5897009966777409 0.3925 0.5830564784053156 0.388125 0.5681063122923588 0.386875 0.5514950166112956 0.39375 0.5498338870431894 0.39625 0.5456810631229236 0.410625 0.553156146179402 0.418125
1 0.39368770764119604 0.58125 0.4152823920265781 0.584375 0.42441860465116277 0.58 0.4219269102990033 0.56875 0.4111295681063123 0.5625 0.3953488372093023 0.561875 0.38870431893687707 0.56375 0.3845514950166113 0.5675 0.3845514950166113 0.575625 0.39368770764119604 0.58125
1 0.7433554817275747 0.529375 0.7624584717607974 0.533125 0.7740863787375415 0.52625 0.7782392026578073 0.514375 0.7774086378737541 0.509375 0.7724252491694352 0.50125 0.7666112956810631 0.4975 0.7466777408637874 0.4975 0.7358803986710963 0.505 0.7358803986710963 0.519375 0.7433554817275747 0.529375
1 0.4883720930232558 0.58125 0.5033222591362126 0.58875 0.5149501661129569 0.58875 0.5232558139534884 0.58625 0.526578073089701 0.579375 0.526578073089701 0.569375 0.5157807308970099 0.55875 0.5041528239202658 0.55375 0.49750830564784054 0.55375 0.4900332225913621 0.556875 0.48421926910299 0.5625 0.4833887043189369 0.570625 0.4883720930232558 0.58125
1 0.5357142857142857 0.435 0.5431893687707641 0.444375 0.5481727574750831 0.446875 0.5739202657807309 0.446875 0.5855481727574751 0.439375 0.5838870431893688 0.4275 0.5730897009966778 0.419375 0.5556478405315615 0.418125 0.5490033222591362 0.419375 0.5406976744186046 0.425 0.5357142857142857 0.43 0.5357142857142857 0.435
1 0.7093023255813954 0.55 0.7209302325581395 0.558125 0.729235880398671 0.560625 0.7416943521594684 0.56 0.7516611295681063 0.556875 0.7599667774086378 0.5525 0.7632890365448505 0.545 0.7616279069767442 0.535625 0.7400332225913622 0.529375 0.7250830564784053 0.53125 0.7134551495016611 0.538125 0.707641196013289 0.5425 0.7093023255813954 0.55
1 0.37624584717607973 0.43375 0.3845514950166113 0.439375 0.39867109634551495 0.439375 0.41029900332225916 0.431875 0.41362126245847175 0.4225 0.4111295681063123 0.408125 0.39867109634551495 0.40125 0.38289036544850497 0.4025 0.37375415282392027 0.409375 0.3704318936877076 0.415 0.3712624584717608 0.42625 0.37624584717607973 0.43375
1 0.5622923588039868 0.37625 0.5739202657807309 0.381875 0.5880398671096345 0.381875 0.5963455149501661 0.375 0.5980066445182725 0.37 0.5963455149501661 0.36 0.5897009966777409 0.351875 0.5830564784053156 0.348125 0.5664451827242525 0.348125 0.5581395348837209 0.35375 0.5564784053156147 0.363125 0.5622923588039868 0.37625
1 0.43521594684385384 0.588125 0.45598006644518274 0.58875 0.4642857142857143 0.583125 0.4676079734219269 0.575625 0.46677740863787376 0.56625 0.45514950166112955 0.55375 0.44601328903654486 0.550625 0.4377076411960133 0.550625 0.43106312292358806 0.553125 0.4260797342192691 0.5625 0.4269102990033223 0.581875 0.43521594684385384 0.588125
1 0.6611295681063123 0.8 0.675249169435216 0.806875 0.6868770764119602 0.805 0.6910299003322259 0.800625 0.6918604651162791 0.79 0.6852159468438538 0.778125 0.6669435215946844 0.77625 0.6578073089700996 0.770625 0.6528239202657807 0.7725 0.6528239202657807 0.7875 0.6611295681063123 0.8
1 0.5041528239202658 0.413125 0.5099667774086378 0.414375 0.5348837209302325 0.413125 0.5448504983388704 0.4075 0.5490033222591362 0.400625 0.5448504983388704 0.390625 0.5390365448504983 0.385625 0.5290697674418605 0.381875 0.5141196013289037 0.381875 0.5058139534883721 0.384375 0.49667774086378735 0.39375 0.49750830564784054 0.408125 0.5041528239202658 0.413125
1 0.5174418604651163 0.83375 0.5290697674418605 0.845 0.5348837209302325 0.848125 0.542358803986711 0.84875 0.5573089700996677 0.84625 0.5589700996677741 0.829375 0.5573089700996677 0.82375 0.5514950166112956 0.8175 0.5448504983388704 0.81375 0.5224252491694352 0.81375 0.5149501661129569 0.819375 0.5141196013289037 0.825 0.5174418604651163 0.83375
1 0.6387043189368771 0.40125 0.659468438538206 0.40125 0.6677740863787376 0.3975 0.675249169435216 0.389375 0.675249169435216 0.3775 0.6586378737541528 0.37 0.6403654485049833 0.37 0.6337209302325582 0.3725 0.6262458471760798 0.380625 0.6262458471760798 0.390625 0.6387043189368771 0.40125
1 0.5199335548172758 0.379375 0.5332225913621262 0.3825 0.5456810631229236 0.389375 0.5573089700996677 0.384375 0.5598006644518272 0.3725 0.5556478405315615 0.3625 0.5481727574750831 0.356875 0.5398671096345515 0.354375 0.520764119601329 0.355625 0.5149501661129569 0.3625 0.5141196013289037 0.370625 0.5199335548172758 0.379375
1 0.5506644518272426 0.7 0.5581395348837209 0.7025 0.5722591362126246 0.701875 0.5921926910299004 0.685625 0.5946843853820598 0.676875 0.5921926910299004 0.6675 0.5838870431893688 0.664375 0.5730897009966778 0.665 0.5589700996677741 0.671875 0.5473421926910299 0.68375 0.5456810631229236 0.691875 0.5506644518272426 0.7
1 0.25 0.3625 0.26993355481727577 0.3625 0.27906976744186046 0.355625 0.27906976744186046 0.33625 0.26578073089701 0.326875 0.25 0.326875 0.23837209302325582 0.336875 0.23837209302325582 0.35 0.25 0.3625
1 0.7475083056478405 0.6625 0.7591362126245847 0.669375 0.7774086378737541 0.665625 0.7882059800664452 0.65125 0.7873754152823921 0.64 0.782392026578073 0.634375 0.7649501661129569 0.62875 0.7541528239202658 0.63125 0.75 0.635 0.7450166112956811 0.64625 0.7441860465116279 0.656875 0.7475083056478405 0.6625
1 0.632890365448505 0.598125 0.6470099667774086 0.6 0.6578073089700996 0.596875 0.6627906976744186 0.591875 0.6661129568106312 0.58125 0.665282392026578 0.57375 0.6578073089700996 0.566875 0.6486710963455149 0.5625 0.6353820598006644 0.564375 0.622093023255814 0.576875 0.6229235880398671 0.588125 0.632890365448505 0.598125
1 0.75 0.454375 0.7616279069767442 0.46 0.7674418604651163 0.460625 0.7732558139534884 0.46 0.7873754152823921 0.45375 0.7931893687707641 0.449375 0.7956810631229236 0.441875 0.7940199335548173 0.435 0.7848837209302325 0.43 0.7699335548172758 0.429375 0.7533222591362126 0.435 0.7466777408637874 0.4425 0.7466777408637874 0.449375 0.75 0.454375
1 0.6918604651162791 0.454375 0.6960132890365448 0.45625 0.707641196013289 0.455625 0.7167774086378738 0.444375 0.7167774086378738 0.431875 0.7134551495016611 0.425 0.7034883720930233 0.416875 0.6910299003322259 0.414375 0.6810631229235881 0.41875 0.6769102990033222 0.426875 0.6777408637873754 0.439375 0.6918604651162791 0.454375
1 0.38372093023255816 0.681875 0.4003322259136213 0.6825 0.4061461794019934 0.679375 0.4111295681063123 0.6725 0.4111295681063123 0.6575 0.40448504983388706 0.649375 0.3953488372093023 0.645625 0.38205980066445183 0.64625 0.3712624584717608 0.656875 0.3704318936877076 0.664375 0.38372093023255816 0.681875
1 0.5490033222591362 0.6025 0.5647840531561462 0.6125 0.5705980066445183 0.6125 0.5772425249169435 0.609375 0.5830564784053156 0.601875 0.584717607973422 0.59375 0.5813953488372093 0.585 0.5764119601328903 0.58 0.5672757475083057 0.5725 0.5614617940199336 0.57125 0.553156146179402 0.571875 0.5440199335548173 0.5775 0.542358803986711 0.589375 0.5490033222591362 0.6025
1 0.5033222591362126 0.344375 0.5182724252491694 0.35375 0.5440199335548173 0.353125 0.553156146179402 0.34375 0.5523255813953488 0.33375 0.5406976744186046 0.324375 0.520764119601329 0.325 0.5008305647840532 0.335625 0.5 0.33875 0.5033222591362126 0.344375
1 0.7840531561461794 0.491875 0.792358803986711 0.495 0.8039867109634552 0.495 0.8081395348837209 0.494375 0.8181063122923588 0.486875 0.8181063122923588 0.470625 0.803156146179402 0.45875 0.7898671096345515 0.455625 0.7840531561461794 0.45625 0.7732558139534884 0.46375 0.7732558139534884 0.480625 0.7840531561461794 0.491875
1 0.6918604651162791 0.713125 0.696843853820598 0.716875 0.7051495016611296 0.71875 0.7109634551495017 0.716875 0.7225913621262459 0.70625 0.7225913621262459 0.6825 0.7167774086378738 0.675625 0.7101328903654485 0.6725 0.6910299003322259 0.673125 0.6852159468438538 0.6775 0.6852159468438538 0.70125 0.6918604651162791 0.713125
1 0.6320598006644518 0.836875 0.6519933554817275 0.836875 0.6636212624584718 0.83375 0.675249169435216 0.826875 0.6777408637873754 0.8125 0.6760797342192691 0.808125 0.6644518272425249 0.8025 0.6486710963455149 0.800625 0.6337209302325582 0.803125 0.6229235880398671 0.81125 0.6196013289036545 0.818125 0.6204318936877077 0.83125 0.6320598006644518 0.836875
1 0.4161129568106312 0.628125 0.4260797342192691 0.634375 0.45182724252491696 0.636875 0.4659468438538206 0.62625 0.4642857142857143 0.618125 0.44933554817275745 0.608125 0.4260797342192691 0.608125 0.41445182724252494 0.615 0.41362126245847175 0.62375 0.4161129568106312 0.628125
1 0.5299003322259136 0.54125 0.5348837209302325 0.543125 0.5481727574750831 0.543125 0.5581395348837209 0.54 0.5622923588039868 0.535 0.5647840531561462 0.525625 0.5622923588039868 0.516875 0.5573089700996677 0.51125 0.5465116279069767 0.50875 0.532392026578073 0.509375 0.5249169435215947 0.514375 0.5232558139534884 0.52 0.5224252491694352 0.531875 0.5299003322259136 0.54125
1 0.4476744186046512 0.31125 0.4601328903654485 0.3175 0.4717607973421927 0.316875 0.48006644518272423 0.311875 0.48421926910299 0.3 0.48255813953488375 0.291875 0.4775747508305648 0.28625 0.4684385382059801 0.28125 0.4584717607973422 0.28125 0.4485049833887043 0.285 0.44435215946843853 0.289375 0.4426910299003322 0.29875 0.4476744186046512 0.31125
1 0.34053156146179403 0.3075 0.3521594684385382 0.3075 0.36710963455149503 0.295625 0.3687707641196013 0.28125 0.36627906976744184 0.27625 0.3554817275747508 0.27125 0.34717607973421927 0.27125 0.34053156146179403 0.27375 0.33222591362126247 0.27875 0.3280730897009967 0.284375 0.3289036544850498 0.296875 0.34053156146179403 0.3075
1 0.6029900332225914 0.5475 0.617109634551495 0.5575 0.6362126245847176 0.5575 0.6411960132890365 0.5525 0.643687707641196 0.540625 0.6353820598006644 0.5275 0.6254152823920266 0.519375 0.6187707641196013 0.5175 0.6079734219269103 0.51875 0.6004983388704319 0.525 0.5988372093023255 0.53875 0.6029900332225914 0.5475
1 0.6320598006644518 0.4425 0.6420265780730897 0.446875 0.6503322259136213 0.446875 0.6578073089700996 0.444375 0.6669435215946844 0.431875 0.6669435215946844 0.420625 0.6611295681063123 0.410625 0.6503322259136213 0.40375 0.6362126245847176 0.4025 0.6295681063122923 0.405 0.6212624584717608 0.411875 0.6212624584717608 0.43 0.6320598006644518 0.4425
1 0.6519933554817275 0.763125 0.659468438538206 0.771875 0.6677740863787376 0.77625 0.6877076411960132 0.775625 0.6943521594684385 0.76875 0.6935215946843853 0.75625 0.6893687707641196 0.748125 0.675249169435216 0.733125 0.6627906976744186 0.72875 0.654485049833887 0.730625 0.6478405315614618 0.736875 0.6470099667774086 0.749375 0.6519933554817275 0.763125
1 0.5897009966777409 0.32625 0.5963455149501661 0.33125 0.6129568106312292 0.338125 0.6337209302325582 0.34 0.643687707641196 0.338125 0.6495016611295681 0.33125 0.6503322259136213 0.3225 0.6470099667774086 0.316875 0.643687707641196 0.313125 0.6303986710963455 0.3075 0.6179401993355482 0.305 0.6013289036544851 0.305 0.5921926910299004 0.3075 0.5863787375415282 0.3125 0.5855481727574751 0.316875 0.5897009966777409 0.32625
1 0.675249169435216 0.665 0.6877076411960132 0.671875 0.7034883720930233 0.671875 0.7093023255813954 0.67 0.7167774086378738 0.665625 0.7200996677740864 0.660625 0.7200996677740864 0.654375 0.7167774086378738 0.649375 0.7026578073089701 0.639375 0.686046511627907 0.639375 0.6777408637873754 0.6425 0.670265780730897 0.65125 0.6694352159468439 0.6575 0.675249169435216 0.665
1 0.41445182724252494 0.731875 0.4269102990033223 0.735 0.436046511627907 0.735 0.4526578073089701 0.7275 0.4526578073089701 0.711875 0.4410299003322259 0.7025 0.4277408637873754 0.700625 0.4161129568106312 0.701875 0.4069767441860465 0.71 0.4053156146179402 0.72 0.41445182724252494 0.731875
1 0.7068106312292359 0.51875 0.717607973421927 0.52125 0.7317275747508306 0.51375 0.7350498338870431 0.50625 0.7350498338870431 0.4975 0.7317275747508306 0.4875 0.7250830564784053 0.48125 0.7192691029900332 0.479375 0.7101328903654485 0.481875 0.6976744186046512 0.495 0.6976744186046512 0.508125 0.7068106312292359 0.51875
1 0.5730897009966778 0.806875 0.579734219269103 0.816875 0.5913621262458472 0.826875 0.6021594684385382 0.829375 0.6104651162790697 0.82875 0.617109634551495 0.82375 0.6204318936877077 0.81625 0.6204318936877077 0.8075 0.6129568106312292 0.79125 0.5971760797342193 0.78125 0.5863787375415282 0.78125 0.5755813953488372 0.788125 0.5730897009966778 0.791875 0.5730897009966778 0.806875
1 0.6802325581395349 0.601875 0.6893687707641196 0.603125 0.7059800664451827 0.596875 0.707641196013289 0.58875 0.7051495016611296 0.5775 0.6993355481727574 0.5725 0.686046511627907 0.5675 0.6785714285714286 0.566875 0.6710963455149501 0.56875 0.6669435215946844 0.573125 0.6661129568106312 0.591875 0.6802325581395349 0.601875
1 0.4435215946843854 0.490625 0.45514950166112955 0.50125 0.47259136212624586 0.50625 0.48172757475083056 0.50625 0.49335548172757476 0.50125 0.49335548172757476 0.4925 0.4792358803986711 0.481875 0.4568106312292359 0.478125 0.45016611295681064 0.478125 0.44518272425249167 0.480625 0.4426910299003322 0.48375 0.4435215946843854 0.490625
1 0.46179401993355484 0.7825 0.4941860465116279 0.784375 0.5066445182724253 0.77875 0.5124584717607974 0.77375 0.5149501661129569 0.76 0.5132890365448505 0.754375 0.5074750830564784 0.75 0.49750830564784054 0.748125 0.48006644518272423 0.75 0.46511627906976744 0.754375 0.457641196013289 0.759375 0.4543189368770764 0.765 0.45514950166112955 0.776875 0.46179401993355484 0.7825
1 0.7857142857142857 0.59375 0.8098006644518272 0.5975 0.8230897009966778 0.593125 0.8280730897009967 0.58125 0.8189368770764119 0.569375 0.803156146179402 0.564375 0.7948504983388704 0.56375 0.78156146179402 0.566875 0.7757475083056479 0.5725 0.7757475083056479 0.583125 0.7857142857142857 0.59375
1 0.7151162790697675 0.466875 0.7192691029900332 0.475625 0.7259136212624585 0.481875 0.7367109634551495 0.4875 0.7541528239202658 0.48875 0.7699335548172758 0.480625 0.7691029900332226 0.46875 0.7591362126245847 0.45875 0.7350498338870431 0.449375 0.7250830564784053 0.449375 0.71843853820598 0.453125 0.7151162790697675 0.456875 0.7151162790697675 0.466875
1 0.4601328903654485 0.651875 0.4717607973421927 0.65625 0.48255813953488375 0.65625 0.4908637873754153 0.654375 0.4983388704318937 0.649375 0.5058139534883721 0.63625 0.5049833887043189 0.63 0.5008305647840532 0.62625 0.49335548172757476 0.623125 0.48255813953488375 0.623125 0.47093023255813954 0.625 0.4642857142857143 0.629375 0.45514950166112955 0.63625 0.4601328903654485 0.651875
1 0.510797342192691 0.296875 0.5166112956810631 0.3 0.5290697674418605 0.3 0.5340531561461794 0.296875 0.5406976744186046 0.28625 0.5406976744186046 0.28 0.5373754152823921 0.2725 0.5290697674418605 0.26625 0.5232558139534884 0.264375 0.5116279069767442 0.265 0.5 0.27375 0.5 0.2875 0.510797342192691 0.296875
0 0.6760797342192691 0.21625 0.6810631229235881 0.19625 0.6843853820598007 0.175 0.6710963455149501 0.155 0.6561461794019934 0.15 0.6196013289036545 0.14375 0.5980066445182725 0.14625 0.579734219269103 0.16 0.5697674418604651 0.175 0.5647840531561462 0.19875 0.5664451827242525 0.20875 0.5730897009966778 0.21625 0.5946843853820598 0.22625 0.6262458471760798 0.23375 0.6760797342192691 0.21625
1 0.4435215946843854 0.505 0.44518272425249167 0.495 0.4418604651162791 0.4825 0.41029900332225916 0.48 0.39700996677740863 0.48375 0.3953488372093023 0.495 0.4069767441860465 0.50625 0.4435215946843854 0.505
1 0.5066445182724253 0.61 0.5083056478405316 0.5925 0.4950166112956811 0.58625 0.47674418604651164 0.5925 0.46179401993355484 0.605 0.4700996677740864 0.615 0.4850498338870432 0.62 0.5066445182724253 0.61