1 0.553125 0.41777408637873753 0.558125 0.4227574750830565 0.560625 0.43438538205980065 0.56 0.44518272425249167 0.554375 0.4485049833887043 0.55 0.4485049833887043 0.543125 0.4418604651162791 0.54 0.43272425249169433 0.544375 0.41943521594684385 0.5525 0.41777408637873753
1 0.61625 0.3945182724252492 0.621875 0.4003322259136213 0.623125 0.40946843853820597 0.616875 0.4227574750830565 0.610625 0.42857142857142855 0.605 0.42857142857142855 0.6025 0.42524916943521596 0.600625 0.41029900332225916 0.606875 0.39700996677740863 0.615625 0.3945182724252492
1 0.4325 0.36794019933554817 0.44 0.3770764119601329 0.43875 0.38870431893687707 0.4325 0.3953488372093023 0.421875 0.3945182724252492 0.418125 0.38704318936877075 0.42 0.3729235880398671 0.425 0.3687707641196013 0.431875 0.36794019933554817
1 0.37625 0.41777408637873753 0.378125 0.4219269102990033 0.3775 0.43438538205980065 0.37 0.4418604651162791 0.364375 0.44019933554817275 0.359375 0.43438538205980065 0.35875 0.42524916943521596 0.365 0.4161129568106312 0.375625 0.41777408637873753
1 0.33125 0.33222591362126247 0.33875 0.34136212624584716 0.335625 0.3596345514950166 0.33125 0.3637873754152824 0.321875 0.36046511627906974 0.318125 0.3496677740863787 0.320625 0.3380398671096346 0.330625 0.33222591362126247
1 0.404375 0.223421926910299 0.410625 0.22674418604651161 0.418125 0.24086378737541528 0.41625 0.24667774086378738 0.4075 0.2574750830564784 0.4 0.25249169435215946 0.394375 0.24086378737541528 0.395625 0.22674418604651161 0.40375 0.223421926910299
1 0.580625 0.29900332225913623 0.5875 0.30564784053156147 0.589375 0.31146179401993357 0.58875 0.3222591362126246 0.583125 0.3280730897009967 0.574375 0.32558139534883723 0.568125 0.3131229235880399 0.570625 0.303156146179402 0.58 0.29900332225913623
1 0.46125 0.40365448504983387 0.465 0.40863787375415284 0.465 0.41445182724252494 0.458125 0.4260797342192691 0.449375 0.43023255813953487 0.43875 0.42857142857142855 0.43625 0.4219269102990033 0.4375 0.4169435215946844 0.45 0.40365448504983387 0.460625 0.40365448504983387
1 0.37375 0.5606312292358804 0.3775 0.5664451827242525 0.376875 0.5772425249169435 0.37125 0.584717607973422 0.365 0.5880398671096345 0.3575 0.5855481727574751 0.354375 0.5805647840531561 0.355625 0.5664451827242525 0.361875 0.5589700996677741 0.373125 0.5606312292358804
1 0.360625 0.36710963455149503 0.3675 0.37375415282392027 0.37 0.3803986710963455 0.369375 0.38870431893687707 0.364375 0.3953488372093023 0.35625 0.3945182724252492 0.35 0.3862126245847176 0.349375 0.3795681063122924 0.351875 0.3704318936877076 0.355625 0.36710963455149503 0.36 0.36710963455149503
1 0.35 0.3953488372093023 0.355625 0.4003322259136213 0.36 0.41029900332225916 0.35875 0.4169435215946844 0.3525 0.4227574750830565 0.34125 0.420265780730897 0.335625 0.41362126245847175 0.33375 0.40780730897009965 0.334375 0.4003322259136213 0.3375 0.3961794019933555 0.349375 0.3953488372093023
1 0.630625 0.4111295681063123 0.636875 0.4152823920265781 0.640625 0.4277408637873754 0.64 0.4377076411960133 0.634375 0.446843853820598 0.62625 0.4418604651162791 0.6225 0.43438538205980065 0.6225 0.420265780730897 0.62625 0.4127906976744186 0.63 0.4111295681063123
1 0.6075 0.4318936877076412 0.6125 0.4368770764119601 0.614375 0.4426910299003322 0.61375 0.4526578073089701 0.60875 0.45598006644518274 0.595625 0.45348837209302323 0.59 0.44518272425249167 0.590625 0.43853820598006643 0.594375 0.43272425249169433 0.6 0.43023255813953487 0.606875 0.4318936877076412
1 0.399375 0.3106312292358804 0.405625 0.31727574750830567 0.40625 0.32475083056478404 0.40375 0.33222591362126247 0.39375 0.3372093023255814 0.3825 0.3338870431893688 0.38 0.329734219269103 0.38 0.3230897009966777 0.385 0.313953488372093 0.390625 0.3106312292358804 0.39875 0.3106312292358804
1 0.395 0.2549833887043189 0.401875 0.2616279069767442 0.405 0.26993355481727577 0.404375 0.2840531561461794 0.396875 0.29069767441860467 0.386875 0.287375415282392 0.3825 0.27740863787375414 0.38375 0.2574750830564784 0.390625 0.2541528239202658 0.394375 0.2549833887043189
1 0.431875 0.473421926910299 0.438125 0.4808970099667774 0.43875 0.48754152823920266 0.430625 0.4941860465116279 0.425 0.4941860465116279 0.42 0.4908637873754153 0.41625 0.48421926910299 0.41625 0.48006644518272423 0.421875 0.4717607973421927 0.43125 0.473421926910299
1 0.37375 0.4568106312292359 0.3825 0.462624584717608 0.385625 0.4700996677740864 0.384375 0.4867109634551495 0.37625 0.4941860465116279 0.37 0.4908637873754153 0.365 0.48172757475083056 0.36625 0.462624584717608 0.369375 0.457641196013289 0.373125 0.4568106312292359
1 0.5225 0.37790697674418605 0.5275 0.3812292358803987 0.530625 0.39368770764119604 0.525625 0.3995016611295681 0.5225 0.40863787375415284 0.515 0.4053156146179402 0.5125 0.39700996677740863 0.51375 0.38289036544850497 0.521875 0.37790697674418605
1 0.4859375 0.4908637873754153 0.018125 0.029900332225913623
1 0.54125 0.4418604651162791 0.54875 0.4485049833887043 0.55125 0.45514950166112955 0.55125 0.4601328903654485 0.543125 0.4676079734219269 0.535625 0.46511627906976744 0.53 0.4601328903654485 0.52625 0.4526578073089701 0.52875 0.44435215946843853 0.5325 0.4418604651162791 0.540625 0.4418604651162791
1 0.47875 0.5182724252491694 0.485625 0.5240863787375415 0.4875 0.5290697674418605 0.4875 0.5398671096345515 0.481875 0.5506644518272426 0.4775 0.5523255813953488 0.4725 0.5506644518272426 0.469375 0.5465116279069767 0.46625 0.532392026578073 0.4725 0.5191029900332226 0.478125 0.5182724252491694
1 0.460625 0.5083056478405316 0.465625 0.5116279069767442 0.47 0.5191029900332226 0.466875 0.5307308970099668 0.464375 0.5332225913621262 0.455 0.5299003322259136 0.450625 0.5199335548172758 0.45125 0.5141196013289037 0.454375 0.5091362126245847 0.46 0.5083056478405316
1 0.626875 0.46096345514950166 0.6325 0.4634551495016611 0.638125 0.47259136212624586 0.636875 0.4833887043189369 0.63 0.4883720930232558 0.620625 0.48754152823920266 0.610625 0.47674418604651164 0.611875 0.4659468438538206 0.615625 0.462624584717608 0.62625 0.46096345514950166
1 0.509375 0.3770764119601329 0.513125 0.38289036544850497 0.5125 0.4011627906976744 0.505 0.40946843853820597 0.495 0.4069767441860465 0.4925 0.39285714285714285 0.4975 0.3795681063122924 0.503125 0.3754152823920266 0.50875 0.3770764119601329
1 0.53125 0.462624584717608 0.535625 0.4692691029900332 0.535625 0.4808970099667774 0.524375 0.49667774086378735 0.514375 0.4925249169435216 0.50875 0.4850498338870432 0.50875 0.4808970099667774 0.511875 0.47259136212624586 0.518125 0.46511627906976744 0.525625 0.46179401993355484 0.530625 0.462624584717608
1 0.44625 0.2026578073089701 0.45375 0.21179401993355482 0.45625 0.22009966777408638 0.45375 0.23089700996677742 0.45 0.2350498338870432 0.445625 0.2350498338870432 0.44 0.23089700996677742 0.434375 0.21760797342192692 0.435625 0.2059800664451827 0.44125 0.2009966777408638 0.445625 0.2026578073089701
1 0.5575 0.462624584717608 0.56375 0.4692691029900332 0.56625 0.47674418604651164 0.565625 0.4867109634551495 0.560625 0.49169435215946844 0.55 0.489202657807309 0.544375 0.48006644518272423 0.544375 0.46677740863787376 0.55 0.46096345514950166 0.556875 0.462624584717608
1 0.500625 0.40863787375415284 0.508125 0.41362126245847175 0.511875 0.4219269102990033 0.50875 0.4277408637873754 0.501875 0.43106312292358806 0.490625 0.42940199335548174 0.485625 0.4210963455149502 0.488125 0.4119601328903654 0.5 0.40863787375415284
1 0.581875 0.4393687707641196 0.58625 0.4426910299003322 0.5875 0.45016611295681064 0.581875 0.4601328903654485 0.575 0.46511627906976744 0.565625 0.4634551495016611 0.563125 0.4568106312292359 0.56875 0.44518272425249167 0.58125 0.4393687707641196
1 0.57125 0.41777408637873753 0.578125 0.42358803986710963 0.580625 0.43521594684385384 0.57875 0.44019933554817275 0.571875 0.44435215946843853 0.5675 0.44435215946843853 0.563125 0.44019933554817275 0.559375 0.42857142857142855 0.5625 0.420265780730897 0.570625 0.41777408637873753
1 0.545 0.4833887043189369 0.550625 0.489202657807309 0.5525 0.49916943521594687 0.55125 0.5074750830564784 0.545 0.5124584717607974 0.53625 0.5091362126245847 0.53 0.4950166112956811 0.533125 0.48421926910299 0.544375 0.4833887043189369
1 0.38 0.34219269102990035 0.385 0.3480066445182724 0.385625 0.3588039867109635 0.38375 0.3654485049833887 0.37625 0.3729235880398671 0.36875 0.3696013289036545 0.36625 0.3579734219269103 0.37 0.3446843853820598 0.375625 0.34136212624584716 0.379375 0.34219269102990035
1 0.42125 0.3978405315614618 0.425625 0.4003322259136213 0.43125 0.41029900332225916 0.43 0.42524916943521596 0.423125 0.43106312292358806 0.41375 0.42524916943521596 0.41 0.4127906976744186 0.41125 0.4019933554817276 0.415 0.3978405315614618 0.420625 0.3978405315614618
1 0.536875 0.3388704318936877 0.543125 0.34551495016611294 0.54625 0.3538205980066445 0.545 0.3646179401993355 0.540625 0.36794019933554817 0.530625 0.3637873754152824 0.525625 0.3579734219269103 0.523125 0.3504983388704319 0.525 0.34053156146179403 0.53 0.3380398671096346 0.53625 0.3388704318936877
1 0.496875 0.31561461794019935 0.500625 0.32142857142857145 0.501875 0.3313953488372093 0.49875 0.34136212624584716 0.491875 0.3488372093023256 0.486875 0.3488372093023256 0.480625 0.34136212624584716 0.479375 0.3272425249169435 0.484375 0.3164451827242525 0.488125 0.313953488372093 0.49625 0.31561461794019935
1 0.504375 0.49750830564784054 0.506875 0.5033222591362126 0.50625 0.5182724252491694 0.495625 0.5274086378737541 0.490625 0.5257475083056479 0.48875 0.521594684385382 0.488125 0.5049833887043189 0.494375 0.4958471760797342 0.50375 0.49750830564784054
1 0.555 0.5074750830564784 0.5625 0.5149501661129569 0.565 0.520764119601329 0.564375 0.5332225913621262 0.559375 0.5390365448504983 0.550625 0.5365448504983389 0.546875 0.526578073089701 0.5475 0.5116279069767442 0.554375 0.5074750830564784
1 0.330625 0.3712624584717608 0.340625 0.37375415282392027 0.34875 0.38289036544850497 0.34875 0.38787375415282394 0.34625 0.3920265780730897 0.33875 0.3953488372093023 0.334375 0.3953488372093023 0.326875 0.3903654485049834 0.319375 0.3803986710963455 0.319375 0.37624584717607973 0.323125 0.37209302325581395 0.33 0.3712624584717608
1 0.430625 0.44601328903654486 0.436875 0.4485049833887043 0.4425 0.4584717607973422 0.441875 0.46677740863787376 0.435625 0.47259136212624586 0.425625 0.4700996677740864 0.418125 0.46179401993355484 0.41875 0.45182724252491696 0.42375 0.446843853820598 0.43 0.44601328903654486
1 0.52375 0.3122923588039867 0.5325 0.31727574750830567 0.534375 0.3230897009966777 0.533125 0.3372093023255814 0.52625 0.34053156146179403 0.511875 0.3388704318936877 0.506875 0.3338870431893688 0.5075 0.32142857142857145 0.514375 0.313953488372093 0.523125 0.3122923588039867
1 0.39125 0.4983388704318937 0.3975 0.5058139534883721 0.4 0.5141196013289037 0.398125 0.5257475083056479 0.394375 0.5299003322259136 0.38875 0.5299003322259136 0.38375 0.5257475083056479 0.379375 0.5099667774086378 0.38 0.5024916943521595 0.3825 0.49916943521594687 0.390625 0.4983388704318937
1 0.44 0.5357142857142857 0.445 0.5406976744186046 0.4475 0.5498338870431894 0.44625 0.563953488372093 0.44 0.5730897009966778 0.435625 0.5730897009966778 0.429375 0.5664451827242525 0.426875 0.5548172757475083 0.428125 0.5465116279069767 0.431875 0.5390365448504983 0.439375 0.5357142857142857
1 0.484375 0.2350498338870432 0.489375 0.24086378737541528 0.489375 0.25083056478405313 0.48375 0.260797342192691 0.4775 0.2632890365448505 0.468125 0.2574750830564784 0.466875 0.24833887043189368 0.473125 0.2367109634551495 0.48375 0.2350498338870432
1 0.51625 0.4941860465116279 0.52125 0.49667774086378735 0.524375 0.5049833887043189 0.524375 0.5149501661129569 0.51875 0.5257475083056479 0.511875 0.5240863787375415 0.5075 0.5182724252491694 0.5075 0.5008305647840532 0.510625 0.4958471760797342 0.515625 0.4941860465116279
1 0.4725 0.4808970099667774 0.4775 0.4850498338870432 0.48 0.4983388704318937 0.47875 0.5033222591362126 0.47125 0.5099667774086378 0.46625 0.5091362126245847 0.4625 0.5049833887043189 0.46 0.4983388704318937 0.46 0.4883720930232558 0.465625 0.4808970099667774 0.471875 0.4808970099667774
1 0.605625 0.31893687707641194 0.611875 0.3280730897009967 0.61125 0.3347176079734219 0.6075 0.34219269102990035 0.59875 0.3496677740863787 0.591875 0.3480066445182724 0.588125 0.34219269102990035 0.588125 0.33554817275747506 0.59 0.3289036544850498 0.595625 0.32142857142857145 0.605 0.31893687707641194
1 0.45625 0.42940199335548174 0.46125 0.4318936877076412 0.46625 0.4418604651162791 0.464375 0.44933554817275745 0.45625 0.45598006644518274 0.4475 0.4543189368770764 0.443125 0.44601328903654486 0.444375 0.43521594684385384 0.44875 0.43106312292358806 0.455625 0.42940199335548174
1 0.421875 0.3347176079734219 0.4275 0.3380398671096346 0.4325 0.3480066445182724 0.43125 0.3588039867109635 0.425625 0.3637873754152824 0.4175 0.36212624584717606 0.406875 0.3488372093023256 0.4075 0.3380398671096346 0.410625 0.3347176079734219 0.42125 0.3347176079734219
1 0.40875 0.49335548172757476 0.414375 0.49667774086378735 0.420625 0.5058139534883721 0.419375 0.5149501661129569 0.4125 0.5191029900332226 0.40125 0.5157807308970099 0.395 0.5008305647840532 0.395 0.49750830564784054 0.4 0.49335548172757476 0.408125 0.49335548172757476
1 0.425625 0.24584717607973422 0.43375 0.25 0.43875 0.2599667774086379 0.435625 0.2724252491694352 0.4275 0.2782392026578073 0.418125 0.27325581395348836 0.414375 0.26827242524916944 0.4125 0.2599667774086379 0.415 0.25 0.418125 0.24667774086378738 0.425 0.24584717607973422
1 0.39375 0.4642857142857143 0.398125 0.46677740863787376 0.403125 0.47674418604651164 0.4025 0.4908637873754153 0.394375 0.4958471760797342 0.39 0.4950166112956811 0.385 0.4867109634551495 0.385625 0.4717607973421927 0.38875 0.4659468438538206 0.393125 0.4642857142857143
1 0.431875 0.21843853820598005 0.439375 0.22840531561461794 0.438125 0.23920265780730898 0.435625 0.24501661129568106 0.431875 0.24750830564784054 0.42 0.2425249169435216 0.4175 0.23421926910299004 0.418125 0.22674418604651161 0.423125 0.21926910299003322 0.43125 0.21843853820598005
1 0.60875 0.49667774086378735 0.614375 0.5008305647840532 0.61625 0.5083056478405316 0.613125 0.5199335548172758 0.606875 0.5249169435215947 0.6 0.521594684385382 0.5975 0.5149501661129569 0.5975 0.5066445182724253 0.6025 0.4983388704318937 0.608125 0.49667774086378735
1 0.408125 0.38205980066445183 0.02125 0.02823920265780731
1 0.350625 0.3372093023255814 0.35625 0.34136212624584716 0.358125 0.35631229235880396 0.35625 0.36627906976744184 0.34875 0.37375415282392027 0.340625 0.3696013289036545 0.33625 0.3588039867109635 0.34 0.34219269102990035 0.35 0.3372093023255814
1 0.54 0.3920265780730897 0.544375 0.3961794019933555 0.545625 0.40365448504983387 0.543125 0.41362126245847175 0.535625 0.4219269102990033 0.52625 0.4186046511627907 0.5225 0.40780730897009965 0.525 0.4003322259136213 0.529375 0.3953488372093023 0.539375 0.3920265780730897
1 0.534375 0.5174418604651163 0.539375 0.5249169435215947 0.54 0.5382059800664452 0.5375 0.5440199335548173 0.53375 0.5456810631229236 0.52875 0.5448504983388704 0.52375 0.5390365448504983 0.520625 0.5274086378737541 0.520625 0.5224252491694352 0.524375 0.5149501661129569 0.53375 0.5174418604651163
0 0.27142875 0.4022308970099668 0.25267875 0.4140955149501661 0.248214375 0.43426661129568106 0.248214375 0.4532508305647841 0.266964375 0.48172757475083056 0.310714375 0.46155647840531566 0.311606875 0.4413862126245847 0.3125 0.42240116279069767 0.29642875 0.4022308970099668 0.27142875 0.4022308970099668