0 0.41445182724252494 0.11375 0.3812292358803987 0.116875 0.3596345514950166 0.125 0.3388704318936877 0.141875 0.3289036544850498 0.1625 0.33056478405315615 0.185 0.34219269102990035 0.204375 0.3596345514950166 0.21875 0.3687707641196013 0.223125 0.39368770764119604 0.23 0.4260797342192691 0.23 0.45099667774086377 0.22125 0.46096345514950166 0.215625 0.4792358803986711 0.1975 0.48588039867109634 0.184375 0.48754152823920266 0.175 0.48588039867109634 0.155 0.48006644518272423 0.14375 0.4700996677740864 0.133125 0.45099667774086377 0.12125 0.4377076411960133 0.116875 0.41445182724252494 0.11375
1 0.34551495016611294 0.27875 0.35299003322259137 0.2875 0.3596345514950166 0.290625 0.37624584717607973 0.291875 0.38289036544850497 0.290625 0.3920265780730897 0.285 0.3953488372093023 0.28 0.3945182724252492 0.274375 0.3920265780730897 0.27125 0.37790697674418605 0.264375 0.3588039867109635 0.264375 0.3521594684385382 0.266875 0.34551495016611294 0.27875
1 0.31976744186046513 0.535625 0.31561461794019935 0.5425 0.31561461794019935 0.550625 0.32059800664451826 0.560625 0.3230897009966777 0.5625 0.34551495016611294 0.5625 0.3521594684385382 0.560625 0.3579734219269103 0.551875 0.35714285714285715 0.5425 0.35299003322259137 0.53625 0.3446843853820598 0.530625 0.3388704318936877 0.5275 0.33056478405315615 0.5275 0.31976744186046513 0.535625
1 0.3862126245847176 0.469375 0.38704318936877075 0.484375 0.39368770764119604 0.4875 0.4127906976744186 0.4875 0.4186046511627907 0.485 0.42940199335548174 0.475 0.42940199335548174 0.459375 0.42358803986710963 0.45375 0.41777408637873753 0.451875 0.41029900332225916 0.451875 0.4003322259136213 0.455625 0.3862126245847176 0.469375
1 0.7898671096345515 0.540625 0.7931893687707641 0.54375 0.7990033222591362 0.546875 0.8106312292358804 0.546875 0.8189368770764119 0.543125 0.8239202657807309 0.539375 0.8264119601328903 0.5325 0.8255813953488372 0.52125 0.8172757475083057 0.514375 0.8048172757475083 0.514375 0.7965116279069767 0.5175 0.7882059800664452 0.53125 0.7898671096345515 0.540625
1 0.4883720930232558 0.416875 0.4883720930232558 0.4325 0.4925249169435216 0.439375 0.5049833887043189 0.449375 0.5199335548172758 0.4525 0.5382059800664452 0.446875 0.5382059800664452 0.4325 0.5299003322259136 0.41875 0.5232558139534884 0.411875 0.5174418604651163 0.409375 0.5 0.409375 0.4883720930232558 0.416875
1 0.5232558139534884 0.406875 0.5232558139534884 0.410625 0.5257475083056479 0.415625 0.5348837209302325 0.421875 0.5556478405315615 0.42375 0.5730897009966778 0.410625 0.5730897009966778 0.404375 0.5664451827242525 0.3975 0.5589700996677741 0.39375 0.5448504983388704 0.3925 0.5290697674418605 0.399375 0.5232558139534884 0.406875
1 0.2799003322259136 0.4 0.27740863787375414 0.414375 0.2823920265780731 0.42125 0.28903654485049834 0.425 0.2973421926910299 0.4275 0.3081395348837209 0.4275 0.3181063122923588 0.425 0.32475083056478404 0.419375 0.329734219269103 0.410625 0.3289036544850498 0.405 0.3230897009966777 0.39875 0.313953488372093 0.39375 0.3073089700996678 0.39125 0.29485049833887045 0.39125 0.2799003322259136 0.4
1 0.3272425249169435 0.628125 0.31893687707641194 0.644375 0.31976744186046513 0.654375 0.32475083056478404 0.66 0.33554817275747506 0.665 0.3480066445182724 0.665 0.3538205980066445 0.6625 0.3646179401993355 0.654375 0.36794019933554817 0.64875 0.36794019933554817 0.629375 0.3646179401993355 0.625 0.3596345514950166 0.625 0.3496677740863787 0.620625 0.33970099667774084 0.62125 0.3272425249169435 0.628125
1 0.45598006644518274 0.474375 0.457641196013289 0.480625 0.46511627906976744 0.489375 0.4792358803986711 0.49125 0.4983388704318937 0.48 0.5033222591362126 0.470625 0.5049833887043189 0.45625 0.49750830564784054 0.4475 0.48172757475083056 0.446875 0.4642857142857143 0.45625 0.457641196013289 0.46375 0.45598006644518274 0.474375
1 0.3106312292358804 0.694375 0.3106312292358804 0.70625 0.31478405315614616 0.71375 0.329734219269103 0.725 0.3388704318936877 0.728125 0.35299003322259137 0.7275 0.36212624584717606 0.72 0.36212624584717606 0.701875 0.35132890365448505 0.689375 0.3330564784053156 0.685625 0.3222591362126246 0.685 0.313953488372093 0.689375 0.3106312292358804 0.694375
1 0.5705980066445183 0.555 0.5672757475083057 0.56 0.5681063122923588 0.566875 0.5714285714285714 0.57125 0.5813953488372093 0.576875 0.5888704318936877 0.57875 0.6046511627906976 0.57875 0.6154485049833887 0.575625 0.622093023255814 0.570625 0.627906976744186 0.561875 0.6270764119601329 0.5575 0.6137873754152824 0.545625 0.5996677740863787 0.5425 0.5930232558139535 0.543125 0.5789036544850499 0.548125 0.5705980066445183 0.555
1 0.3338870431893688 0.84 0.33637873754152825 0.846875 0.34219269102990035 0.853125 0.36129568106312293 0.8575 0.36627906976744184 0.856875 0.37790697674418605 0.85 0.38372093023255816 0.838125 0.38372093023255816 0.830625 0.3795681063122924 0.824375 0.3646179401993355 0.816875 0.3504983388704319 0.8175 0.33970099667774084 0.82375 0.3338870431893688 0.83375 0.3338870431893688 0.84
1 0.3131229235880399 0.6025 0.31976744186046513 0.61 0.3330564784053156 0.609375 0.34053156146179403 0.6025 0.3480066445182724 0.589375 0.34717607973421927 0.57625 0.3372093023255814 0.564375 0.32641196013289037 0.56375 0.32059800664451826 0.566875 0.3122923588039867 0.595 0.3131229235880399 0.6025
1 0.8089700996677741 0.496875 0.8147840531561462 0.508125 0.8222591362126246 0.514375 0.8372093023255814 0.515 0.8446843853820598 0.513125 0.8513289036544851 0.508125 0.8504983388704319 0.4925 0.8363787375415282 0.47875 0.8222591362126246 0.478125 0.8122923588039868 0.48375 0.8089700996677741 0.49 0.8089700996677741 0.496875
1 0.2616279069767442 0.62625 0.26578073089701 0.63375 0.2799003322259136 0.64125 0.2898671096345515 0.64375 0.30398671096345514 0.64375 0.313953488372093 0.64 0.3230897009966777 0.633125 0.32558139534883723 0.62 0.3239202657807309 0.615 0.3089700996677741 0.6 0.2815614617940199 0.6 0.2649501661129568 0.610625 0.260797342192691 0.62 0.2616279069767442 0.62625
1 0.590531561461794 0.651875 0.584717607973422 0.6625 0.5863787375415282 0.675625 0.5930232558139535 0.685625 0.6088039867109635 0.69125 0.6179401993355482 0.690625 0.6270764119601329 0.686875 0.6337209302325582 0.676875 0.632890365448505 0.661875 0.6295681063122923 0.65625 0.6179401993355482 0.64625 0.6046511627906976 0.644375 0.5980066445182725 0.64625 0.590531561461794 0.651875
1 0.4883720930232558 0.70875 0.5024916943521595 0.716875 0.5149501661129569 0.716875 0.5290697674418605 0.713125 0.5357142857142857 0.706875 0.5382059800664452 0.706875 0.5415282392026578 0.701875 0.542358803986711 0.691875 0.5398671096345515 0.6875 0.5232558139534884 0.675625 0.5 0.680625 0.4867109634551495 0.691875 0.48588039867109634 0.70375 0.4883720930232558 0.70875
1 0.5257475083056479 0.743125 0.5299003322259136 0.75875 0.5415282392026578 0.76625 0.5498338870431894 0.76875 0.5614617940199336 0.76625 0.5697674418604651 0.76125 0.5739202657807309 0.755625 0.5730897009966778 0.746875 0.5689368770764119 0.740625 0.5548172757475083 0.73 0.5456810631229236 0.7325 0.53156146179402 0.733125 0.5257475083056479 0.743125
1 0.35631229235880396 0.675625 0.3546511627906977 0.6875 0.3588039867109635 0.694375 0.3704318936877076 0.700625 0.3845514950166113 0.700625 0.3978405315614618 0.696875 0.4053156146179402 0.69125 0.40780730897009965 0.685625 0.4069767441860465 0.67875 0.3995016611295681 0.670625 0.3920265780730897 0.66625 0.3729235880398671 0.665625 0.36710963455149503 0.6675 0.35631229235880396 0.675625
1 0.7566445182724253 0.610625 0.7541528239202658 0.615625 0.7558139534883721 0.633125 0.7632890365448505 0.63875 0.770764119601329 0.64125 0.7865448504983389 0.64125 0.792358803986711 0.63875 0.8023255813953488 0.624375 0.7998338870431894 0.61 0.7956810631229236 0.60375 0.7890365448504983 0.6 0.7740863787375415 0.59875 0.7682724252491694 0.600625 0.7566445182724253 0.610625
1 0.5581395348837209 0.4225 0.553156146179402 0.435 0.5548172757475083 0.445625 0.5598006644518272 0.45375 0.5647840531561462 0.45625 0.5722591362126246 0.45625 0.5863787375415282 0.45 0.5988372093023255 0.433125 0.6013289036544851 0.42375 0.5996677740863787 0.41875 0.5921926910299004 0.413125 0.584717607973422 0.410625 0.5730897009966778 0.411875 0.5631229235880398 0.416875 0.5581395348837209 0.4225
1 0.6901993355481728 0.44 0.6893687707641196 0.451875 0.6976744186046512 0.458125 0.7151162790697675 0.458125 0.729235880398671 0.45375 0.7358803986710963 0.448125 0.7358803986710963 0.434375 0.7259136212624585 0.4275 0.7084717607973422 0.4275 0.7018272425249169 0.43 0.6935215946843853 0.435 0.6901993355481728 0.44
1 0.5921926910299004 0.61 0.5888704318936877 0.615 0.5888704318936877 0.62875 0.5980066445182725 0.633125 0.6129568106312292 0.633125 0.6270764119601329 0.629375 0.6428571428571429 0.619375 0.6470099667774086 0.6125 0.6470099667774086 0.605 0.6411960132890365 0.600625 0.6320598006644518 0.598125 0.617109634551495 0.598125 0.6071428571428571 0.600625 0.5921926910299004 0.61
1 0.3023255813953488 0.470625 0.29900332225913623 0.473125 0.2973421926910299 0.480625 0.29900332225913623 0.484375 0.3106312292358804 0.491875 0.3280730897009967 0.495 0.34136212624584716 0.495 0.35132890365448505 0.49125 0.36212624584717606 0.480625 0.36129568106312293 0.471875 0.35299003322259137 0.46625 0.34219269102990035 0.46375 0.3222591362126246 0.46375 0.30980066445182725 0.46625 0.3023255813953488 0.470625
1 0.7616279069767442 0.575625 0.7649501661129569 0.59125 0.7774086378737541 0.598125 0.7948504983388704 0.6 0.803156146179402 0.593125 0.8056478405315615 0.588125 0.8048172757475083 0.574375 0.8023255813953488 0.56875 0.7906976744186046 0.560625 0.7699335548172758 0.5625 0.7649501661129569 0.566875 0.7616279069767442 0.575625
1 0.7059800664451827 0.560625 0.7084717607973422 0.57125 0.7308970099667774 0.58125 0.75 0.58125 0.7583056478405316 0.575625 0.760797342192691 0.570625 0.7599667774086378 0.564375 0.7483388704318937 0.55375 0.7358803986710963 0.550625 0.7250830564784053 0.55 0.7142857142857143 0.5525 0.7059800664451827 0.560625
1 0.5124584717607974 0.46125 0.5083056478405316 0.46875 0.5066445182724253 0.474375 0.5099667774086378 0.481875 0.5157807308970099 0.486875 0.5232558139534884 0.48875 0.5390365448504983 0.4875 0.5481727574750831 0.48125 0.5523255813953488 0.480625 0.5622923588039868 0.470625 0.5647840531561462 0.459375 0.5622923588039868 0.45625 0.5556478405315615 0.45 0.5473421926910299 0.448125 0.5348837209302325 0.448125 0.5224252491694352 0.4525 0.5124584717607974 0.46125
1 0.5921926910299004 0.388125 0.5888704318936877 0.400625 0.5946843853820598 0.413125 0.6054817275747508 0.421875 0.6204318936877077 0.42625 0.6320598006644518 0.42625 0.6445182724252492 0.421875 0.6486710963455149 0.4175 0.6519933554817275 0.40875 0.6495016611295681 0.39625 0.6470099667774086 0.391875 0.632890365448505 0.3825 0.6179401993355482 0.379375 0.606312292358804 0.379375 0.5921926910299004 0.388125
1 0.5506644518272426 0.70625 0.5506644518272426 0.720625 0.5622923588039868 0.735 0.5764119601328903 0.738125 0.584717607973422 0.734375 0.5913621262458472 0.72125 0.5913621262458472 0.70875 0.5863787375415282 0.6975 0.5730897009966778 0.68875 0.5689368770764119 0.6875 0.5606312292358804 0.690625 0.5506644518272426 0.70625
1 0.7317275747508306 0.5 0.7400332225913622 0.509375 0.7624584717607974 0.51125 0.7757475083056479 0.50625 0.78156146179402 0.50125 0.7840531561461794 0.49625 0.782392026578073 0.488125 0.7740863787375415 0.48125 0.7524916943521595 0.47875 0.7416943521594684 0.481875 0.7350498338870431 0.4875 0.7317275747508306 0.5
1 0.7367109634551495 0.5375 0.7416943521594684 0.5475 0.7516611295681063 0.555 0.7591362126245847 0.5575 0.7740863787375415 0.5575 0.7799003322259136 0.555 0.7882059800664452 0.545 0.7882059800664452 0.535625 0.7757475083056479 0.524375 0.7649501661129569 0.52125 0.7524916943521595 0.52125 0.7400332225913622 0.5275 0.7367109634551495 0.5375
1 0.43272425249169433 0.595 0.4368770764119601 0.60125 0.45099667774086377 0.603125 0.4642857142857143 0.6 0.4717607973421927 0.595 0.4792358803986711 0.585 0.4792358803986711 0.575625 0.47093023255813954 0.56875 0.4601328903654485 0.566875 0.4426910299003322 0.5725 0.4318936877076412 0.58375 0.43272425249169433 0.595
1 0.5249169435215947 0.675 0.5348837209302325 0.6825 0.5506644518272426 0.6825 0.5598006644518272 0.67625 0.5681063122923588 0.665 0.5672757475083057 0.65125 0.5598006644518272 0.64625 0.5448504983388704 0.64625 0.5365448504983389 0.650625 0.5249169435215947 0.663125 0.5249169435215947 0.675
1 0.2807308970099668 0.596875 0.2915282392026578 0.59875 0.30481727574750833 0.598125 0.3089700996677741 0.59625 0.31478405315614616 0.58375 0.31478405315614616 0.57375 0.31146179401993357 0.57 0.2973421926910299 0.56375 0.2857142857142857 0.56375 0.276578073089701 0.56875 0.27325581395348836 0.584375 0.2807308970099668 0.596875
1 0.38704318936877075 0.605 0.38704318936877075 0.613125 0.3920265780730897 0.620625 0.3978405315614618 0.623125 0.4069767441860465 0.623125 0.42524916943521596 0.613125 0.43272425249169433 0.6025 0.43106312292358806 0.5875 0.42441860465116277 0.581875 0.4119601328903654 0.58125 0.3978405315614618 0.588125 0.38953488372093026 0.598125 0.38704318936877075 0.605
1 0.5182724252491694 0.56375 0.5166112956810631 0.571875 0.5199335548172758 0.57875 0.5240863787375415 0.58125 0.5390365448504983 0.583125 0.5498338870431894 0.58125 0.5573089700996677 0.5775 0.5672757475083057 0.570625 0.5672757475083057 0.5525 0.5647840531561462 0.548125 0.5598006644518272 0.545625 0.5440199335548173 0.545625 0.5365448504983389 0.54875 0.5182724252491694 0.56375
1 0.6744186046511628 0.413125 0.6785714285714286 0.420625 0.6943521594684385 0.43 0.7217607973421927 0.42625 0.7250830564784053 0.4225 0.7242524916943521 0.413125 0.7151162790697675 0.403125 0.7051495016611296 0.39875 0.6827242524916943 0.398125 0.6744186046511628 0.40625 0.6744186046511628 0.413125
1 0.7300664451827242 0.43 0.7358803986710963 0.435 0.7367109634551495 0.451875 0.7466777408637874 0.455625 0.760797342192691 0.45375 0.7732558139534884 0.44 0.7732558139534884 0.43 0.7649501661129569 0.42 0.7583056478405316 0.41625 0.7375415282392026 0.416875 0.729235880398671 0.425 0.7300664451827242 0.43
1 0.43272425249169433 0.421875 0.4368770764119601 0.426875 0.446843853820598 0.431875 0.4642857142857143 0.431875 0.4792358803986711 0.425 0.4833887043189369 0.42 0.48588039867109634 0.41375 0.4850498338870432 0.406875 0.4717607973421927 0.39625 0.45598006644518274 0.39625 0.446843853820598 0.39875 0.4335548172757475 0.410625 0.43272425249169433 0.421875
1 0.3696013289036545 0.886875 0.36710963455149503 0.8925 0.36794019933554817 0.90125 0.38205980066445183 0.910625 0.4011627906976744 0.910625 0.40946843853820597 0.9075 0.4161129568106312 0.900625 0.4186046511627907 0.89625 0.4169435215946844 0.886875 0.4119601328903654 0.88375 0.40448504983388706 0.88375 0.3995016611295681 0.88125 0.3803986710963455 0.88 0.3696013289036545 0.886875
1 0.34136212624584716 0.601875 0.34136212624584716 0.61125 0.34634551495016613 0.61875 0.35714285714285715 0.623125 0.36794019933554817 0.623125 0.38205980066445183 0.6125 0.38870431893687707 0.598125 0.38870431893687707 0.585625 0.3845514950166113 0.5775 0.3787375415282392 0.574375 0.36710963455149503 0.574375 0.3554817275747508 0.58 0.34136212624584716 0.601875
1 0.659468438538206 0.711875 0.6569767441860465 0.716875 0.6578073089700996 0.72875 0.6644518272425249 0.739375 0.670265780730897 0.744375 0.6877076411960132 0.75125 0.7084717607973422 0.75125 0.7159468438538206 0.7475 0.7225913621262459 0.73375 0.7217607973421927 0.72625 0.7192691029900332 0.719375 0.7117940199335548 0.71125 0.6918604651162791 0.70375 0.6686046511627907 0.705 0.659468438538206 0.711875
1 0.3347176079734219 0.444375 0.3388704318936877 0.449375 0.3496677740863787 0.45375 0.3646179401993355 0.45375 0.3812292358803987 0.443125 0.38205980066445183 0.4325 0.36794019933554817 0.4225 0.35132890365448505 0.4225 0.3388704318936877 0.4275 0.3338870431893688 0.435 0.3347176079734219 0.444375
1 0.6827242524916943 0.501875 0.6769102990033222 0.509375 0.675249169435216 0.5225 0.6777408637873754 0.52875 0.6901993355481728 0.535625 0.7068106312292359 0.535625 0.7167774086378738 0.5325 0.7259136212624585 0.52625 0.7317275747508306 0.518125 0.7325581395348837 0.51 0.7300664451827242 0.504375 0.723421926910299 0.4975 0.7151162790697675 0.495 0.6985049833887044 0.495 0.6910299003322259 0.4975 0.6827242524916943 0.501875
1 0.6179401993355482 0.8275 0.6154485049833887 0.835 0.6146179401993356 0.841875 0.6179401993355482 0.8525 0.6320598006644518 0.856875 0.6387043189368771 0.856875 0.6586378737541528 0.848125 0.665282392026578 0.83625 0.6636212624584718 0.82375 0.659468438538206 0.81875 0.6478405315614618 0.81375 0.6345514950166113 0.814375 0.6254152823920266 0.81875 0.6179401993355482 0.8275
1 0.5473421926910299 0.27625 0.5440199335548173 0.280625 0.5448504983388704 0.288125 0.5506644518272426 0.295625 0.563953488372093 0.301875 0.5855481727574751 0.3025 0.6021594684385382 0.294375 0.6054817275747508 0.2875 0.6038205980066446 0.27875 0.5996677740863787 0.27375 0.5863787375415282 0.26875 0.5697674418604651 0.26875 0.5573089700996677 0.27125 0.5473421926910299 0.27625