1 0.6314363143631436 0.69625 0.6409214092140921 0.69625 0.6490514905149052 0.6925 0.6490514905149052 0.68375 0.6436314363143631 0.68 0.6382113821138211 0.6775 0.6246612466124661 0.6775 0.6192411924119241 0.68 0.6192411924119241 0.69125 0.6314363143631436 0.69625
1 0.5298102981029811 0.473125 0.5433604336043361 0.473125 0.55420054200542 0.469375 0.559620596205962 0.46375 0.556910569105691 0.45625 0.5487804878048781 0.45375 0.532520325203252 0.45375 0.518970189701897 0.46125 0.518970189701897 0.46875 0.5298102981029811 0.473125
1 0.7249322493224932 0.52125 0.7466124661246613 0.520625 0.7547425474254743 0.51375 0.7520325203252033 0.50625 0.7439024390243902 0.50125 0.7222222222222222 0.50125 0.7140921409214093 0.50625 0.7168021680216802 0.51875 0.7249322493224932 0.52125
1 0.7439024390243902 0.42625 0.7466124661246613 0.4225 0.7493224932249323 0.413125 0.7411924119241192 0.409375 0.7289972899728997 0.40875 0.7140921409214093 0.41625 0.7140921409214093 0.42375 0.7276422764227642 0.42875 0.7439024390243902 0.42625
1 0.5433604336043361 0.62 0.5650406504065041 0.618125 0.5704607046070461 0.615 0.5704607046070461 0.608125 0.5650406504065041 0.605 0.559620596205962 0.603125 0.537940379403794 0.603125 0.5271002710027101 0.608125 0.5271002710027101 0.614375 0.5433604336043361 0.62
1 0.26558265582655827 0.55 0.2764227642276423 0.546875 0.2791327913279133 0.533125 0.2750677506775068 0.53 0.25474254742547425 0.529375 0.24390243902439024 0.5325 0.24390243902439024 0.54125 0.25745257452574527 0.55 0.26558265582655827 0.55
1 0.7886178861788617 0.4475 0.8035230352303523 0.448125 0.8170731707317073 0.443125 0.8197831978319783 0.43 0.8130081300813008 0.425625 0.7926829268292683 0.425 0.7845528455284553 0.4275 0.7791327913279132 0.43375 0.7791327913279132 0.441875 0.7886178861788617 0.4475
1 0.4986449864498645 0.340625 0.518970189701897 0.34125 0.524390243902439 0.34 0.5298102981029811 0.33375 0.5271002710027101 0.326875 0.510840108401084 0.321875 0.491869918699187 0.321875 0.48509485094850946 0.326875 0.4878048780487805 0.335625 0.4986449864498645 0.340625
1 0.7953929539295393 0.50875 0.8035230352303523 0.504375 0.8116531165311653 0.503125 0.8170731707317073 0.4975 0.8143631436314364 0.494375 0.7981029810298103 0.491875 0.7859078590785907 0.494375 0.7764227642276422 0.5 0.7764227642276422 0.508125 0.7953929539295393 0.50875
1 0.24390243902439024 0.319375 0.25203252032520324 0.319375 0.2682926829268293 0.313125 0.2682926829268293 0.30125 0.25203252032520324 0.295625 0.23577235772357724 0.299375 0.23035230352303523 0.305 0.23035230352303523 0.311875 0.24390243902439024 0.319375
1 0.2845528455284553 0.324375 0.2953929539295393 0.326875 0.3089430894308943 0.326875 0.3170731707317073 0.319375 0.3143631436314363 0.313125 0.3062330623306233 0.31 0.2845528455284553 0.31 0.2791327913279133 0.3125 0.2791327913279133 0.32 0.2845528455284553 0.324375
1 0.18699186991869918 0.484375 0.2005420054200542 0.48625 0.21680216802168023 0.481875 0.21951219512195122 0.46875 0.2140921409214092 0.46625 0.1951219512195122 0.46625 0.18699186991869918 0.46875 0.18157181571815717 0.473125 0.18157181571815717 0.480625 0.18699186991869918 0.484375
1 0.3861788617886179 0.431875 0.3983739837398374 0.43375 0.41192411924119243 0.42875 0.41192411924119243 0.413125 0.4037940379403794 0.410625 0.38482384823848237 0.410625 0.3794037940379404 0.413125 0.37669376693766937 0.425 0.3861788617886179 0.431875
1 0.25609756097560976 0.598125 0.2682926829268293 0.598125 0.28184281842818426 0.595 0.2872628726287263 0.58875 0.2845528455284553 0.58375 0.27371273712737126 0.58 0.25745257452574527 0.58 0.24390243902439024 0.586875 0.24390243902439024 0.595 0.25609756097560976 0.598125
1 0.4024390243902439 0.665 0.4146341463414634 0.665625 0.42276422764227645 0.6625 0.42276422764227645 0.6525 0.4186991869918699 0.650625 0.4092140921409214 0.64875 0.39295392953929537 0.649375 0.38482384823848237 0.65375 0.38482384823848237 0.6575 0.4024390243902439 0.665
1 0.25474254742547425 0.48625 0.26287262872628725 0.48125 0.26287262872628725 0.475625 0.25474254742547425 0.471875 0.22493224932249323 0.47125 0.21951219512195122 0.474375 0.21951219512195122 0.481875 0.23170731707317074 0.486875 0.25474254742547425 0.48625
1 0.5840108401084011 0.431875 0.592140921409214 0.426875 0.592140921409214 0.42375 0.5813008130081301 0.418125 0.5785907859078591 0.41375 0.5650406504065041 0.413125 0.559620596205962 0.41875 0.559620596205962 0.42625 0.573170731707317 0.431875 0.5840108401084011 0.431875
1 0.6273712737127372 0.376875 0.6382113821138211 0.3725 0.6382113821138211 0.36625 0.6300813008130082 0.3625 0.6138211382113821 0.359375 0.5975609756097561 0.36 0.5948509485094851 0.369375 0.6111111111111112 0.376875 0.6273712737127372 0.376875
1 0.46070460704607047 0.686875 0.47696476964769646 0.681875 0.4796747967479675 0.670625 0.47289972899729 0.666875 0.45799457994579945 0.665625 0.44173441734417346 0.6725 0.43902439024390244 0.680625 0.44715447154471544 0.686875 0.46070460704607047 0.686875
1 0.8062330623306233 0.52375 0.8143631436314364 0.52375 0.8279132791327913 0.519375 0.8279132791327913 0.50625 0.8197831978319783 0.50375 0.8048780487804879 0.504375 0.7953929539295393 0.51 0.7953929539295393 0.519375 0.8062330623306233 0.52375
1 0.7547425474254743 0.529375 0.7710027100271003 0.529375 0.7818428184281843 0.525625 0.7818428184281843 0.514375 0.7737127371273713 0.51125 0.7615176151761518 0.51125 0.7520325203252033 0.515 0.7466124661246613 0.521875 0.7547425474254743 0.529375
1 0.6436314363143631 0.31 0.6680216802168022 0.311875 0.6815718157181572 0.3075 0.6815718157181572 0.3 0.6626016260162602 0.293125 0.6476964769647696 0.293125 0.6355013550135501 0.2975 0.6355013550135501 0.305 0.6436314363143631 0.31
1 0.3062330623306233 0.583125 0.3238482384823848 0.58125 0.33062330623306235 0.575625 0.33062330623306235 0.5675 0.3252032520325203 0.56625 0.3008130081300813 0.565625 0.2899728997289973 0.56875 0.2872628726287263 0.57875 0.2926829268292683 0.581875 0.3062330623306233 0.583125
1 0.3252032520325203 0.565625 0.33604336043360433 0.566875 0.35501355013550134 0.56 0.35365853658536583 0.54625 0.3333333333333333 0.545625 0.3252032520325203 0.548125 0.31978319783197834 0.553125 0.31978319783197834 0.5625 0.3252032520325203 0.565625
1 0.5176151761517616 0.4425 0.5433604336043361 0.441875 0.5487804878048781 0.439375 0.5487804878048781 0.4325 0.537940379403794 0.4275 0.516260162601626 0.425 0.502710027100271 0.42875 0.4986449864498645 0.435 0.505420054200542 0.439375 0.5176151761517616 0.4425
1 0.8224932249322493 0.54 0.8441734417344173 0.5425 0.8495934959349594 0.54 0.8495934959349594 0.524375 0.8387533875338753 0.520625 0.8265582655826558 0.520625 0.8143631436314364 0.52375 0.8143631436314364 0.534375 0.8224932249322493 0.54
1 0.6273712737127372 0.460625 0.6355013550135501 0.45625 0.6327913279132791 0.4475 0.6056910569105691 0.445625 0.5948509485094851 0.448125 0.592140921409214 0.45875 0.6165311653116531 0.4625 0.6273712737127372 0.460625
1 0.6598915989159891 0.37 0.6815718157181572 0.37125 0.6978319783197832 0.36375 0.6978319783197832 0.355625 0.6924119241192412 0.353125 0.6788617886178862 0.35125 0.6626016260162602 0.355625 0.6544715447154471 0.36 0.6544715447154471 0.3675 0.6598915989159891 0.37
1 0.6436314363143631 0.484375 0.6571815718157181 0.480625 0.6598915989159891 0.470625 0.6544715447154471 0.46625 0.6355013550135501 0.465625 0.6219512195121951 0.469375 0.6219512195121951 0.480625 0.6273712737127372 0.483125 0.6436314363143631 0.484375
1 0.7655826558265583 0.4025 0.7723577235772358 0.400625 0.7764227642276422 0.398125 0.7764227642276422 0.39 0.7696476964769647 0.385625 0.7466124661246613 0.384375 0.7384823848238482 0.388125 0.7384823848238482 0.39875 0.7439024390243902 0.40125 0.7655826558265583 0.4025
1 0.3712737127371274 0.408125 0.38482384823848237 0.40375 0.38482384823848237 0.39 0.37669376693766937 0.3875 0.3604336043360434 0.389375 0.35501355013550134 0.39375 0.35772357723577236 0.40625 0.3712737127371274 0.408125
1 0.4146341463414634 0.59375 0.4363143631436314 0.591875 0.44715447154471544 0.586875 0.44715447154471544 0.58125 0.43902439024390244 0.5775 0.4132791327913279 0.576875 0.4010840108401084 0.57875 0.39295392953929537 0.58375 0.3983739837398374 0.59125 0.4146341463414634 0.59375
1 0.6056910569105691 0.50875 0.6219512195121951 0.50875 0.6327913279132791 0.50125 0.6300813008130082 0.496875 0.6246612466124661 0.4925 0.6016260162601627 0.49125 0.592140921409214 0.495 0.592140921409214 0.503125 0.6056910569105691 0.50875
1 0.46612466124661245 0.620625 0.4715447154471545 0.61625 0.4715447154471545 0.61 0.46612466124661245 0.608125 0.43902439024390244 0.608125 0.43089430894308944 0.613125 0.43224932249322495 0.6225 0.44715447154471544 0.624375 0.46612466124661245 0.620625
1 0.8116531165311653 0.560625 0.8197831978319783 0.556875 0.8197831978319783 0.543125 0.8062330623306233 0.539375 0.7872628726287263 0.540625 0.7845528455284553 0.55375 0.7913279132791328 0.559375 0.8116531165311653 0.560625
1 0.5894308943089431 0.4225 0.6084010840108401 0.421875 0.6192411924119241 0.416875 0.6192411924119241 0.40625 0.6138211382113821 0.40375 0.6029810298102981 0.40125 0.5894308943089431 0.40125 0.5840108401084011 0.40375 0.5785907859078591 0.41375 0.5894308943089431 0.4225
1 0.556910569105691 0.4225 0.5623306233062331 0.418125 0.5623306233062331 0.410625 0.556910569105691 0.408125 0.5433604336043361 0.406875 0.5271002710027101 0.411875 0.5271002710027101 0.423125 0.5433604336043361 0.42625 0.556910569105691 0.4225
1 0.7032520325203252 0.56625 0.7113821138211383 0.56375 0.7168021680216802 0.55875 0.7140921409214093 0.548125 0.6924119241192412 0.5475 0.6788617886178862 0.553125 0.6761517615176151 0.560625 0.6856368563685636 0.566875 0.7032520325203252 0.56625
1 0.45799457994579945 0.349375 0.47696476964769646 0.34875 0.4878048780487805 0.34375 0.48509485094850946 0.33625 0.4742547425474255 0.333125 0.45121951219512196 0.333125 0.44173441734417346 0.338125 0.44173441734417346 0.345625 0.45799457994579945 0.349375
1 0.46070460704607047 0.296875 0.4796747967479675 0.3025 0.4932249322493225 0.301875 0.502710027100271 0.2975 0.502710027100271 0.286875 0.4959349593495935 0.283125 0.4796747967479675 0.280625 0.46612466124661245 0.2825 0.45799457994579945 0.28625 0.46070460704607047 0.296875
1 0.3170731707317073 0.6 0.33604336043360433 0.6 0.34417344173441733 0.595 0.34417344173441733 0.586875 0.33604336043360433 0.58375 0.3170731707317073 0.581875 0.3075880758807588 0.58375 0.3008130081300813 0.588125 0.3035230352303523 0.596875 0.3170731707317073 0.6
1 0.5650406504065041 0.405 0.5813008130081301 0.405 0.592140921409214 0.400625 0.592140921409214 0.393125 0.5867208672086721 0.389375 0.575880758807588 0.386875 0.55420054200542 0.386875 0.5487804878048781 0.39 0.5487804878048781 0.39875 0.5650406504065041 0.405
1 0.3062330623306233 0.485 0.3170731707317073 0.48125 0.3170731707317073 0.469375 0.2926829268292683 0.46875 0.28184281842818426 0.473125 0.2791327913279133 0.480625 0.2845528455284553 0.484375 0.3062330623306233 0.485
1 0.6964769647696477 0.53625 0.7195121951219512 0.535 0.7276422764227642 0.529375 0.7249322493224932 0.52375 0.7140921409214093 0.520625 0.6897018970189702 0.52125 0.6815718157181572 0.525625 0.6815718157181572 0.533125 0.6964769647696477 0.53625
1 0.37398373983739835 0.48875 0.3956639566395664 0.4875 0.4092140921409214 0.483125 0.4146341463414634 0.478125 0.41192411924119243 0.473125 0.4037940379403794 0.470625 0.3821138211382114 0.471875 0.36585365853658536 0.47875 0.36585365853658536 0.486875 0.37398373983739835 0.48875
1 0.5867208672086721 0.69875 0.6002710027100271 0.70625 0.6138211382113821 0.70625 0.6192411924119241 0.70375 0.6192411924119241 0.690625 0.6165311653116531 0.6875 0.6084010840108401 0.685625 0.6002710027100271 0.685625 0.5867208672086721 0.689375 0.5867208672086721 0.69875
1 0.25745257452574527 0.576875 0.2845528455284553 0.57625 0.2899728997289973 0.56875 0.2872628726287263 0.5625 0.27371273712737126 0.560625 0.25745257452574527 0.5625 0.24932249322493225 0.566875 0.24932249322493225 0.57375 0.25745257452574527 0.576875
1 0.4254742547425474 0.296875 0.44173441734417346 0.295625 0.44986449864498645 0.291875 0.44850948509485095 0.28 0.43902439024390244 0.2775 0.4146341463414634 0.27875 0.4065040650406504 0.283125 0.4065040650406504 0.290625 0.4254742547425474 0.296875
1 0.6951219512195121 0.381875 0.7222222222222222 0.383125 0.7330623306233063 0.379375 0.7303523035230353 0.369375 0.7195121951219512 0.365 0.6964769647696477 0.364375 0.6842818428184282 0.36875 0.6815718157181572 0.37375 0.6951219512195121 0.381875
1 0.4932249322493225 0.58875 0.5149051490514905 0.588125 0.518970189701897 0.584375 0.516260162601626 0.576875 0.508130081300813 0.5725 0.4986449864498645 0.571875 0.4905149051490515 0.57375 0.4878048780487805 0.584375 0.4932249322493225 0.58875
1 0.4878048780487805 0.6625 0.4959349593495935 0.658125 0.4959349593495935 0.650625 0.4905149051490515 0.6475 0.4715447154471545 0.644375 0.46070460704607047 0.6475 0.46070460704607047 0.6575 0.4742547425474255 0.664375 0.4878048780487805 0.6625
1 0.7222222222222222 0.46 0.7357723577235772 0.458125 0.7439024390243902 0.45375 0.7411924119241192 0.444375 0.7303523035230353 0.440625 0.7113821138211383 0.441875 0.7059620596205962 0.445 0.7059620596205962 0.45625 0.7222222222222222 0.46
1 0.8170731707317073 0.638125 0.8306233062330624 0.63875 0.8441734417344173 0.634375 0.8414634146341463 0.625 0.8360433604336044 0.623125 0.8143631436314364 0.623125 0.8035230352303523 0.625 0.8008130081300813 0.633125 0.8170731707317073 0.638125
1 0.2953929539295393 0.384375 0.3062330623306233 0.3775 0.3062330623306233 0.3725 0.2981029810298103 0.37 0.2791327913279133 0.37 0.26558265582655827 0.373125 0.26558265582655827 0.383125 0.28184281842818426 0.385625 0.2953929539295393 0.384375
1 0.1951219512195122 0.534375 0.20596205962059622 0.53125 0.20596205962059622 0.52125 0.1978319783197832 0.51875 0.18157181571815717 0.5175 0.17073170731707318 0.52125 0.17073170731707318 0.529375 0.18157181571815717 0.534375 0.1951219512195122 0.534375
1 0.46612466124661245 0.553125 0.4796747967479675 0.55 0.4796747967479675 0.53625 0.46883468834688347 0.533125 0.46070460704607047 0.533125 0.44715447154471544 0.5375 0.44715447154471544 0.5525 0.46612466124661245 0.553125
1 0.15447154471544716 0.513125 0.16531165311653118 0.51125 0.17615176151761516 0.504375 0.17344173441734417 0.49625 0.16531165311653118 0.49375 0.14769647696476965 0.494375 0.13550135501355012 0.50125 0.13550135501355012 0.50875 0.15447154471544716 0.513125
1 0.37669376693766937 0.56875 0.3902439024390244 0.566875 0.3983739837398374 0.5625 0.3956639566395664 0.5525 0.3821138211382114 0.548125 0.36314363143631434 0.54875 0.35501355013550134 0.5525 0.35501355013550134 0.560625 0.37669376693766937 0.56875
1 0.7452574525745257 0.551875 0.7520325203252033 0.545625 0.7493224932249323 0.535625 0.7249322493224932 0.534375 0.7154471544715447 0.538125 0.7140921409214093 0.550625 0.7195121951219512 0.553125 0.7452574525745257 0.551875
1 0.5487804878048781 0.33375 0.5704607046070461 0.33375 0.5785907859078591 0.33125 0.5785907859078591 0.324375 0.5745257452574526 0.32125 0.55420054200542 0.3175 0.5433604336043361 0.318125 0.537940379403794 0.321875 0.537940379403794 0.32875 0.5487804878048781 0.33375
1 0.4092140921409214 0.356875 0.4281842818428184 0.355625 0.4363143631436314 0.351875 0.4349593495934959 0.345 0.42276422764227645 0.34125 0.4037940379403794 0.34125 0.3956639566395664 0.345625 0.3956639566395664 0.353125 0.4092140921409214 0.356875
1 0.36314363143631434 0.609375 0.37398373983739835 0.6075 0.38482384823848237 0.6 0.3821138211382114 0.591875 0.3604336043360434 0.589375 0.34552845528455284 0.593125 0.33875338753387535 0.598125 0.34146341463414637 0.6075 0.36314363143631434 0.609375
1 0.3523035230352303 0.586875 0.3712737127371274 0.58625 0.3794037940379404 0.581875 0.37669376693766937 0.5725 0.3604336043360434 0.56625 0.34959349593495936 0.56625 0.34146341463414637 0.570625 0.34146341463414637 0.581875 0.3523035230352303 0.586875
1 0.41192411924119243 0.3325 0.43902439024390244 0.33125 0.44986449864498645 0.324375 0.44715447154471544 0.31875 0.43360433604336046 0.315625 0.4146341463414634 0.315625 0.4010840108401084 0.320625 0.3983739837398374 0.326875 0.41192411924119243 0.3325
1 0.7723577235772358 0.613125 0.7899728997289973 0.614375 0.8035230352303523 0.609375 0.7994579945799458 0.600625 0.7872628726287263 0.595 0.7737127371273713 0.595 0.7628726287262872 0.6 0.7628726287262872 0.608125 0.7723577235772358 0.613125
1 0.3130081300813008 0.400625 0.33875338753387535 0.40125 0.34959349593495936 0.395 0.34688346883468835 0.39 0.3333333333333333 0.385625 0.3130081300813008 0.384375 0.3035230352303523 0.3875 0.3008130081300813 0.39375 0.3130081300813008 0.400625
1 0.3252032520325203 0.4925 0.33875338753387535 0.49375 0.35501355013550134 0.489375 0.35772357723577236 0.476875 0.3523035230352303 0.474375 0.33062330623306235 0.473125 0.3224932249322493 0.47625 0.3170731707317073 0.480625 0.3170731707317073 0.4875 0.3252032520325203 0.4925
1 0.24390243902439024 0.3975 0.26287262872628725 0.39875 0.27371273712737126 0.395 0.27100271002710025 0.384375 0.25745257452574527 0.379375 0.23848238482384823 0.378125 0.23035230352303523 0.380625 0.23035230352303523 0.39 0.24390243902439024 0.3975
1 0.4986449864498645 0.316875 0.516260162601626 0.3175 0.5271002710027101 0.314375 0.5298102981029811 0.31125 0.5257452574525745 0.30625 0.510840108401084 0.30125 0.4959349593495935 0.301875 0.4878048780487805 0.30375 0.48509485094850946 0.31 0.4986449864498645 0.316875
1 0.3170731707317073 0.561875 0.31978319783197834 0.55 0.3143631436314363 0.548125 0.2886178861788618 0.548125 0.2764227642276423 0.55375 0.2791327913279133 0.560625 0.2926829268292683 0.56375 0.3170731707317073 0.561875
1 0.47696476964769646 0.28125 0.48509485094850946 0.283125 0.516260162601626 0.285625 0.521680216802168 0.28375 0.518970189701897 0.27375 0.508130081300813 0.268125 0.48509485094850946 0.26625 0.4742547425474255 0.27125 0.4742547425474255 0.2775 0.47696476964769646 0.28125