1 0.6029900332225914 0.731875 0.6121262458471761 0.7375 0.6146179401993356 0.750625 0.6104651162790697 0.7575 0.6021594684385382 0.76125 0.5946843853820598 0.759375 0.5838870431893688 0.7475 0.5838870431893688 0.739375 0.5872093023255814 0.734375 0.6021594684385382 0.731875
1 0.6727574750830565 0.713125 0.6818936877076412 0.716875 0.6877076411960132 0.72375 0.686046511627907 0.7325 0.6735880398671097 0.736875 0.659468438538206 0.735 0.6553156146179402 0.731875 0.6528239202657807 0.725625 0.6528239202657807 0.71875 0.6561461794019934 0.71625 0.6644518272425249 0.713125 0.6719269102990033 0.713125
1 0.5406976744186046 0.6225 0.5514950166112956 0.62875 0.5564784053156147 0.6375 0.5539867109634552 0.64625 0.5465116279069767 0.64875 0.5390365448504983 0.64875 0.5299003322259136 0.645 0.5240863787375415 0.64 0.520764119601329 0.633125 0.521594684385382 0.62875 0.526578073089701 0.624375 0.5307308970099668 0.6225 0.5398671096345515 0.6225
1 0.7367109634551495 0.3975 0.75 0.403125 0.7516611295681063 0.411875 0.7450166112956811 0.41875 0.7358803986710963 0.42125 0.7192691029900332 0.418125 0.7142857142857143 0.4125 0.7151162790697675 0.408125 0.7200996677740864 0.40375 0.7259136212624585 0.4 0.7358803986710963 0.3975
1 0.4983388704318937 0.48875 0.5016611295681063 0.493125 0.5016611295681063 0.499375 0.49169435215946844 0.50625 0.4792358803986711 0.50625 0.47093023255813954 0.50375 0.4659468438538206 0.498125 0.4659468438538206 0.49375 0.4692691029900332 0.48875 0.4775747508305648 0.484375 0.4883720930232558 0.484375 0.49750830564784054 0.48875
1 0.6677740863787376 0.51625 0.6785714285714286 0.520625 0.6827242524916943 0.525625 0.6827242524916943 0.5325 0.6802325581395349 0.535625 0.6744186046511628 0.538125 0.6578073089700996 0.53875 0.6486710963455149 0.53625 0.6445182724252492 0.5325 0.6445182724252492 0.525625 0.6486710963455149 0.52125 0.654485049833887 0.518125 0.6669435215946844 0.516875
1 0.627906976744186 0.416875 0.6370431893687708 0.42125 0.6420265780730897 0.426875 0.6420265780730897 0.435625 0.6353820598006644 0.439375 0.6196013289036545 0.43875 0.6129568106312292 0.435625 0.6054817275747508 0.428125 0.6046511627906976 0.421875 0.6088039867109635 0.4175 0.6162790697674418 0.415625 0.6270764119601329 0.416875
1 0.7267441860465116 0.560625 0.7308970099667774 0.564375 0.7317275747508306 0.570625 0.7192691029900332 0.583125 0.7134551495016611 0.5825 0.7084717607973422 0.57875 0.707641196013289 0.574375 0.7117940199335548 0.565 0.7200996677740864 0.559375 0.7259136212624585 0.560625
1 0.8704318936877077 0.355 0.8762458471760798 0.35625 0.8803986710963455 0.36 0.8820598006644518 0.37 0.8770764119601329 0.3775 0.8679401993355482 0.3825 0.8579734219269103 0.381875 0.8513289036544851 0.378125 0.8480066445182725 0.3725 0.8480066445182725 0.365 0.8554817275747508 0.356875 0.8696013289036545 0.355
1 0.782392026578073 0.375625 0.7915282392026578 0.3825 0.7915282392026578 0.39 0.7857142857142857 0.39625 0.7724252491694352 0.4 0.7599667774086378 0.396875 0.7549833887043189 0.3925 0.7541528239202658 0.3875 0.7641196013289037 0.37875 0.78156146179402 0.375625
1 0.7740863787375415 0.716875 0.7857142857142857 0.72 0.7940199335548173 0.7275 0.792358803986711 0.7375 0.7832225913621262 0.7425 0.7666112956810631 0.740625 0.7583056478405316 0.735 0.7533222591362126 0.728125 0.7533222591362126 0.7225 0.7558139534883721 0.72 0.7732558139534884 0.716875
1 0.8048172757475083 0.42625 0.813953488372093 0.429375 0.8181063122923588 0.4375 0.8114617940199336 0.4475 0.8006644518272426 0.45 0.7898671096345515 0.448125 0.7848837209302325 0.443125 0.7840531561461794 0.438125 0.7865448504983389 0.433125 0.7931893687707641 0.428125 0.8039867109634552 0.42625
1 0.845514950166113 0.541875 0.8554817275747508 0.546875 0.856312292358804 0.55625 0.8504983388704319 0.5625 0.8338870431893688 0.568125 0.8239202657807309 0.568125 0.8197674418604651 0.56625 0.8131229235880398 0.55875 0.8131229235880398 0.553125 0.8181063122923588 0.548125 0.8322259136212624 0.541875 0.8446843853820598 0.541875
1 0.5755813953488372 0.610625 0.5830564784053156 0.615 0.5872093023255814 0.626875 0.5830564784053156 0.63625 0.574750830564784 0.640625 0.5647840531561462 0.64 0.5548172757475083 0.63 0.5548172757475083 0.623125 0.5589700996677741 0.61625 0.5664451827242525 0.61125 0.574750830564784 0.610625
1 0.643687707641196 0.755625 0.6511627906976745 0.76 0.6528239202657807 0.768125 0.6478405315614618 0.775 0.6378737541528239 0.779375 0.6287375415282392 0.779375 0.6196013289036545 0.775625 0.6129568106312292 0.76375 0.6295681063122923 0.75375 0.6395348837209303 0.753125 0.6428571428571429 0.755625
1 0.7200996677740864 0.48 0.7300664451827242 0.485625 0.7333887043189369 0.490625 0.7342192691029901 0.496875 0.728405315614618 0.503125 0.7117940199335548 0.5025 0.7051495016611296 0.49625 0.7034883720930233 0.484375 0.7093023255813954 0.480625 0.7192691029900332 0.48
1 0.48421926910299 0.5203125 0.029900332225913623 0.025625
1 0.6088039867109635 0.485 0.6187707641196013 0.490625 0.6196013289036545 0.4975 0.6179401993355482 0.50125 0.6088039867109635 0.508125 0.5996677740863787 0.51125 0.5921926910299004 0.510625 0.5880398671096345 0.508125 0.5863787375415282 0.49875 0.590531561461794 0.491875 0.5971760797342193 0.486875 0.6079734219269103 0.485
1 0.5406976744186046 0.33875 0.5490033222591362 0.344375 0.5548172757475083 0.35375 0.5539867109634552 0.361875 0.5481727574750831 0.36625 0.5373754152823921 0.36625 0.532392026578073 0.364375 0.5224252491694352 0.355 0.521594684385382 0.348125 0.5240863787375415 0.341875 0.5332225913621262 0.338125 0.5398671096345515 0.33875
1 0.6262458471760798 0.563125 0.6337209302325582 0.566875 0.6420265780730897 0.575 0.6403654485049833 0.585 0.6353820598006644 0.588125 0.627906976744186 0.588125 0.6146179401993356 0.58125 0.6088039867109635 0.575 0.6079734219269103 0.570625 0.6121262458471761 0.56625 0.6254152823920266 0.56375
1 0.6495016611295681 0.5475 0.659468438538206 0.554375 0.6627906976744186 0.56 0.6602990033222591 0.569375 0.6511627906976745 0.575625 0.6428571428571429 0.575 0.6270764119601329 0.559375 0.627906976744186 0.55375 0.6362126245847176 0.546875 0.6486710963455149 0.5475
1 0.7931893687707641 0.61625 0.7998338870431894 0.62375 0.7981727574750831 0.63625 0.7931893687707641 0.64125 0.776578073089701 0.64625 0.7724252491694352 0.64625 0.7691029900332226 0.635 0.7724252491694352 0.618125 0.7799003322259136 0.615 0.792358803986711 0.61625
1 0.6395348837209303 0.399375 0.6519933554817275 0.403125 0.6578073089700996 0.409375 0.6569767441860465 0.4175 0.6445182724252492 0.4225 0.632890365448505 0.41875 0.6254152823920266 0.41125 0.6254152823920266 0.406875 0.6295681063122923 0.401875 0.6387043189368771 0.399375
1 0.5448504983388704 0.394375 0.5514950166112956 0.398125 0.5556478405315615 0.40625 0.5539867109634552 0.415 0.5473421926910299 0.419375 0.532392026578073 0.4175 0.5257475083056479 0.4125 0.5232558139534884 0.4075 0.5240863787375415 0.400625 0.5290697674418605 0.396875 0.5373754152823921 0.39375 0.5440199335548173 0.394375
1 0.4775747508305648 0.54125 0.4808970099667774 0.541875 0.4833887043189369 0.545625 0.48006644518272423 0.56375 0.4676079734219269 0.57 0.45598006644518274 0.56875 0.45099667774086377 0.56375 0.45016611295681064 0.55875 0.462624584717608 0.545625 0.47674418604651164 0.54125
1 0.6661129568106312 0.4875 0.6710963455149501 0.491875 0.6719269102990033 0.5 0.6644518272425249 0.509375 0.6553156146179402 0.511875 0.6486710963455149 0.509375 0.6486710963455149 0.491875 0.6553156146179402 0.486875 0.665282392026578 0.4875
1 0.6270764119601329 0.53625 0.6337209302325582 0.540625 0.6353820598006644 0.54625 0.6262458471760798 0.555 0.6079734219269103 0.55375 0.6029900332225914 0.55 0.5996677740863787 0.543125 0.6021594684385382 0.53625 0.6262458471760798 0.53625
1 0.5606312292358804 0.64625 0.5714285714285714 0.6525 0.5730897009966778 0.658125 0.5672757475083057 0.664375 0.5548172757475083 0.666875 0.542358803986711 0.665 0.5382059800664452 0.66 0.5382059800664452 0.655 0.5456810631229236 0.649375 0.5564784053156147 0.645625 0.5598006644518272 0.64625
1 0.7799003322259136 0.41125 0.7890365448504983 0.4175 0.7906976744186046 0.42875 0.7790697674418605 0.43875 0.771594684385382 0.43875 0.7649501661129569 0.435625 0.7591362126245847 0.425625 0.760797342192691 0.41875 0.7649501661129569 0.414375 0.7790697674418605 0.41125
1 0.6561461794019934 0.62 0.665282392026578 0.62625 0.6669435215946844 0.634375 0.6619601328903655 0.640625 0.6503322259136213 0.643125 0.6428571428571429 0.6425 0.6337209302325582 0.63875 0.6295681063122923 0.634375 0.6287375415282392 0.628125 0.632890365448505 0.6225 0.6395348837209303 0.61875 0.6553156146179402 0.62
1 0.8048172757475083 0.561875 0.8172757475083057 0.56625 0.8230897009966778 0.574375 0.8214285714285714 0.58125 0.8098006644518272 0.586875 0.7973421926910299 0.583125 0.7898671096345515 0.574375 0.792358803986711 0.565625 0.7965116279069767 0.5625 0.8039867109634552 0.561875
1 0.7151162790697675 0.665625 0.723421926910299 0.6675 0.7350498338870431 0.67625 0.7350498338870431 0.684375 0.728405315614618 0.689375 0.7101328903654485 0.68875 0.6976744186046512 0.67875 0.6960132890365448 0.668125 0.7034883720930233 0.665625 0.7142857142857143 0.665625
1 0.49750830564784054 0.54875 0.5024916943521595 0.55 0.5124584717607974 0.5575 0.5166112956810631 0.565625 0.5149501661129569 0.570625 0.49667774086378735 0.5725 0.4867109634551495 0.569375 0.48006644518272423 0.564375 0.4833887043189369 0.5525 0.49667774086378735 0.549375
1 0.5772425249169435 0.4125 0.5838870431893688 0.414375 0.5880398671096345 0.418125 0.5880398671096345 0.426875 0.5813953488372093 0.43625 0.5705980066445183 0.44125 0.563953488372093 0.44125 0.5581395348837209 0.43875 0.5556478405315615 0.435625 0.5556478405315615 0.42625 0.5598006644518272 0.418125 0.5656146179401993 0.41375 0.5764119601328903 0.4125
1 0.5697674418604651 0.6925 0.5830564784053156 0.685625 0.5888704318936877 0.685625 0.5938538205980066 0.69 0.5980066445182725 0.699375 0.5946843853820598 0.709375 0.5838870431893688 0.715625 0.5755813953488372 0.71625 0.5689368770764119 0.713125 0.5656146179401993 0.706875 0.5664451827242525 0.6975 0.5697674418604651 0.693125
1 0.6910299003322259 0.478125 0.7001661129568106 0.484375 0.7051495016611296 0.49625 0.7026578073089701 0.501875 0.6935215946843853 0.50375 0.686046511627907 0.501875 0.6777408637873754 0.495625 0.6744186046511628 0.489375 0.6744186046511628 0.483125 0.6777408637873754 0.48 0.6901993355481728 0.478125
1 0.6137873754152824 0.51375 0.622093023255814 0.516875 0.6303986710963455 0.525625 0.6295681063122923 0.531875 0.6245847176079734 0.535625 0.6046511627906976 0.535 0.5980066445182725 0.529375 0.5980066445182725 0.5175 0.6046511627906976 0.513125 0.6129568106312292 0.51375
1 0.8588039867109635 0.445625 0.867109634551495 0.45 0.8712624584717608 0.45625 0.8696013289036545 0.466875 0.8621262458471761 0.470625 0.8480066445182725 0.468125 0.8430232558139535 0.464375 0.8388704318936877 0.454375 0.8388704318936877 0.449375 0.8421926910299004 0.44625 0.8579734219269103 0.445625
1 0.6636212624584718 0.418125 0.6744186046511628 0.420625 0.6794019933554817 0.425625 0.6777408637873754 0.431875 0.6644518272425249 0.44125 0.6503322259136213 0.44 0.643687707641196 0.431875 0.6470099667774086 0.423125 0.6627906976744186 0.418125
1 0.5299003322259136 0.4825 0.5390365448504983 0.49125 0.5398671096345515 0.49875 0.5365448504983389 0.505 0.526578073089701 0.51 0.5191029900332226 0.51 0.5116279069767442 0.505625 0.5074750830564784 0.49875 0.5074750830564784 0.489375 0.5191029900332226 0.481875 0.5290697674418605 0.4825
1 0.6353820598006644 0.455 0.6453488372093024 0.461875 0.6478405315614618 0.4675 0.6461794019933554 0.475625 0.6362126245847176 0.48125 0.6229235880398671 0.4775 0.6179401993355482 0.4675 0.6187707641196013 0.46 0.622093023255814 0.45625 0.6345514950166113 0.455
1 0.665282392026578 0.440625 0.6727574750830565 0.445625 0.6719269102990033 0.455 0.6644518272425249 0.464375 0.6511627906976745 0.465625 0.6411960132890365 0.45625 0.6395348837209303 0.449375 0.6503322259136213 0.44 0.6644518272425249 0.440625
1 0.7549833887043189 0.534375 0.7632890365448505 0.53625 0.7691029900332226 0.54 0.770764119601329 0.546875 0.7682724252491694 0.5525 0.7549833887043189 0.55875 0.7458471760797342 0.558125 0.7383720930232558 0.55375 0.7358803986710963 0.55 0.7375415282392026 0.541875 0.7450166112956811 0.536875 0.7541528239202658 0.535
1 0.7956810631229236 0.66625 0.8081395348837209 0.67375 0.8098006644518272 0.68 0.8048172757475083 0.691875 0.792358803986711 0.699375 0.7840531561461794 0.699375 0.7774086378737541 0.695 0.7732558139534884 0.68875 0.7732558139534884 0.683125 0.7790697674418605 0.673125 0.7882059800664452 0.6675 0.7948504983388704 0.66625
1 0.5149501661129569 0.510625 0.5224252491694352 0.513125 0.5307308970099668 0.521875 0.5307308970099668 0.529375 0.526578073089701 0.5325 0.5191029900332226 0.5325 0.510797342192691 0.529375 0.5008305647840532 0.519375 0.5008305647840532 0.514375 0.5041528239202658 0.51125 0.5141196013289037 0.510625
1 0.8546511627906976 0.469375 0.8612956810631229 0.473125 0.8629568106312292 0.485 0.8546511627906976 0.4925 0.8421926910299004 0.49625 0.834717607973422 0.495625 0.8264119601328903 0.490625 0.824750830564784 0.480625 0.840531561461794 0.469375 0.8538205980066446 0.469375
1 0.8156146179401993 0.4475 0.829734219269103 0.451875 0.8355481727574751 0.455625 0.8388704318936877 0.46125 0.8363787375415282 0.47 0.824750830564784 0.47625 0.8081395348837209 0.470625 0.7990033222591362 0.46 0.8006644518272426 0.4525 0.8081395348837209 0.448125 0.8147840531561462 0.4475
1 0.8181063122923588 0.644375 0.8280730897009967 0.649375 0.8280730897009967 0.66125 0.8205980066445183 0.666875 0.8089700996677741 0.669375 0.8039867109634552 0.669375 0.7956810631229236 0.665625 0.792358803986711 0.66125 0.792358803986711 0.65625 0.8039867109634552 0.6475 0.8172757475083057 0.644375
1 0.7026578073089701 0.580625 0.7109634551495017 0.584375 0.717607973421927 0.593125 0.717607973421927 0.59875 0.7051495016611296 0.60375 0.6885382059800664 0.601875 0.6818936877076412 0.598125 0.6769102990033222 0.591875 0.6777408637873754 0.585 0.6818936877076412 0.581875 0.7018272425249169 0.580625
1 0.6669435215946844 0.740625 0.675249169435216 0.745 0.6785714285714286 0.75 0.6785714285714286 0.7575 0.670265780730897 0.7625 0.6578073089700996 0.7625 0.643687707641196 0.755625 0.6403654485049833 0.75125 0.6403654485049833 0.74625 0.6461794019933554 0.740625 0.6511627906976745 0.73875 0.6661129568106312 0.740625
1 0.813953488372093 0.524375 0.8272425249169435 0.528125 0.8330564784053156 0.535 0.8313953488372093 0.540625 0.8172757475083057 0.546875 0.8039867109634552 0.544375 0.7956810631229236 0.536875 0.7956810631229236 0.53125 0.7998338870431894 0.526875 0.8131229235880398 0.524375
1 0.7059800664451827 0.525625 0.717607973421927 0.529375 0.7225913621262459 0.539375 0.7200996677740864 0.545 0.7101328903654485 0.550625 0.7001661129568106 0.550625 0.6918604651162791 0.546875 0.6868770764119602 0.538125 0.6868770764119602 0.533125 0.6901993355481728 0.53 0.7051495016611296 0.525625
1 0.6827242524916943 0.53875 0.6877076411960132 0.54375 0.6885382059800664 0.553125 0.6827242524916943 0.56125 0.6777408637873754 0.56375 0.6694352159468439 0.56375 0.6636212624584718 0.56125 0.6602990033222591 0.555 0.6602990033222591 0.546875 0.6644518272425249 0.540625 0.6735880398671097 0.538125 0.6818936877076412 0.53875
1 0.7200996677740864 0.720625 0.7117940199335548 0.709375 0.7117940199335548 0.70125 0.7151162790697675 0.6975 0.7225913621262459 0.695 0.7325581395348837 0.695625 0.7383720930232558 0.7 0.7441860465116279 0.713125 0.7416943521594684 0.720625 0.7358803986710963 0.724375 0.7267441860465116 0.724375 0.7209302325581395 0.720625
1 0.5332225913621262 0.55375 0.542358803986711 0.56375 0.542358803986711 0.57125 0.5357142857142857 0.57625 0.5257475083056479 0.574375 0.5191029900332226 0.564375 0.520764119601329 0.556875 0.5257475083056479 0.553125 0.532392026578073 0.55375
1 0.6403654485049833 0.48625 0.6486710963455149 0.494375 0.6486710963455149 0.505625 0.6470099667774086 0.51125 0.6370431893687708 0.51625 0.6287375415282392 0.51625 0.6237541528239202 0.51375 0.6187707641196013 0.508125 0.6179401993355482 0.501875 0.6212624584717608 0.49125 0.6262458471760798 0.4875 0.6395348837209303 0.48625
1 0.7408637873754153 0.625625 0.7491694352159468 0.631875 0.7475083056478405 0.640625 0.7408637873754153 0.645 0.723421926910299 0.649375 0.7159468438538206 0.649375 0.707641196013289 0.64375 0.7109634551495017 0.63375 0.7242524916943521 0.62625 0.7400332225913622 0.625625
1 0.5672757475083057 0.385 0.5739202657807309 0.386875 0.5789036544850499 0.39125 0.5805647840531561 0.4025 0.5780730897009967 0.4075 0.5714285714285714 0.41125 0.563953488372093 0.411875 0.5573089700996677 0.408125 0.5523255813953488 0.4 0.5514950166112956 0.396875 0.5556478405315615 0.39 0.5598006644518272 0.386875 0.5664451827242525 0.385625
1 0.6420265780730897 0.71625 0.6495016611295681 0.72 0.6528239202657807 0.7325 0.643687707641196 0.741875 0.6362126245847176 0.744375 0.6245847176079734 0.740625 0.6196013289036545 0.728125 0.6295681063122923 0.718125 0.6411960132890365 0.71625
1 0.5174418604651163 0.415625 0.5224252491694352 0.419375 0.521594684385382 0.428125 0.5157807308970099 0.433125 0.5083056478405316 0.435625 0.49667774086378735 0.435625 0.49169435215946844 0.43375 0.4883720930232558 0.43125 0.48754152823920266 0.425 0.49667774086378735 0.416875 0.5033222591362126 0.414375 0.5166112956810631 0.415625
1 0.6943521594684385 0.55375 0.7034883720930233 0.55625 0.7093023255813954 0.563125 0.7043189368770764 0.57625 0.6943521594684385 0.581875 0.6843853820598007 0.58125 0.6777408637873754 0.574375 0.6794019933554817 0.56375 0.6901993355481728 0.553125 0.6935215946843853 0.55375
1 0.6885382059800664 0.45 0.6976744186046512 0.456875 0.6993355481727574 0.466875 0.6926910299003323 0.475 0.6818936877076412 0.478125 0.6719269102990033 0.475625 0.6644518272425249 0.466875 0.675249169435216 0.45125 0.6877076411960132 0.45
1 0.6918604651162791 0.736875 0.7034883720930233 0.743125 0.707641196013289 0.75 0.7084717607973422 0.758125 0.7059800664451827 0.761875 0.7001661129568106 0.764375 0.6885382059800664 0.763125 0.6802325581395349 0.7575 0.6777408637873754 0.74125 0.6852159468438538 0.736875 0.6910299003322259 0.736875
1 0.7591362126245847 0.60875 0.770764119601329 0.61875 0.7691029900332226 0.629375 0.7624584717607974 0.633125 0.7491694352159468 0.630625 0.7375415282392026 0.61875 0.7383720930232558 0.6125 0.7433554817275747 0.608125 0.7524916943521595 0.606875 0.7583056478405316 0.60875
1 0.7757475083056479 0.5025 0.782392026578073 0.505 0.7890365448504983 0.51375 0.7882059800664452 0.5225 0.7774086378737541 0.5275 0.7649501661129569 0.525625 0.7574750830564784 0.515 0.7583056478405316 0.50875 0.7624584717607974 0.505 0.7749169435215947 0.5025
1 0.7209302325581395 0.50375 0.7325581395348837 0.5075 0.7375415282392026 0.51125 0.7408637873754153 0.51875 0.7375415282392026 0.52625 0.7250830564784053 0.53 0.7059800664451827 0.525625 0.6976744186046512 0.515625 0.6985049833887044 0.51125 0.707641196013289 0.505 0.7200996677740864 0.50375
1 0.7375415282392026 0.568125 0.7458471760797342 0.571875 0.7483388704318937 0.576875 0.7466777408637874 0.58375 0.7408637873754153 0.590625 0.7342192691029901 0.595 0.7250830564784053 0.59625 0.7200996677740864 0.594375 0.717607973421927 0.588125 0.71843853820598 0.58375 0.7317275747508306 0.57 0.7367109634551495 0.56875
1 0.5672757475083057 0.49125 0.5780730897009967 0.4975 0.5813953488372093 0.503125 0.5805647840531561 0.5125 0.5714285714285714 0.51875 0.5664451827242525 0.51875 0.5564784053156147 0.513125 0.5498338870431894 0.501875 0.5539867109634552 0.490625 0.5606312292358804 0.489375 0.5664451827242525 0.49125
1 0.5880398671096345 0.468125 0.5980066445182725 0.471875 0.6038205980066446 0.4775 0.6029900332225914 0.485 0.5897009966777409 0.49125 0.5822259136212624 0.49125 0.574750830564784 0.4875 0.5689368770764119 0.479375 0.5697674418604651 0.474375 0.5739202657807309 0.47 0.5872093023255814 0.468125
1 0.6029900332225914 0.386875 0.6129568106312292 0.3925 0.6129568106312292 0.4 0.6054817275747508 0.4075 0.5921926910299004 0.410625 0.5830564784053156 0.40625 0.5813953488372093 0.395 0.5880398671096345 0.389375 0.5946843853820598 0.386875 0.6021594684385382 0.386875
0 0.7898671096345515 0.28625 0.8073089700996677 0.29125 0.8197674418604651 0.3 0.8264119601328903 0.31125 0.8272425249169435 0.324375 0.8205980066445183 0.3375 0.8106312292358804 0.34625 0.7990033222591362 0.351875 0.7848837209302325 0.354375 0.771594684385382 0.354375 0.7483388704318937 0.345625 0.7408637873754153 0.33875 0.7342192691029901 0.324375 0.7367109634551495 0.309375 0.7441860465116279 0.29875 0.7541528239202658 0.2925 0.7691029900332226 0.286875 0.7890365448504983 0.28625