0 0.5930232558139535 0.28125 0.6079734219269103 0.293125 0.6287375415282392 0.3 0.6536544850498339 0.3 0.675249169435216 0.293125 0.6893687707641196 0.2825 0.7001661129568106 0.264375 0.6993355481727574 0.24625 0.6901993355481728 0.23125 0.6727574750830565 0.219375 0.6553156146179402 0.215 0.6295681063122923 0.215 0.6071428571428571 0.221875 0.590531561461794 0.23625 0.584717607973422 0.249375 0.584717607973422 0.265625 0.5930232558139535 0.28125
1 0.3978405315614618 0.8175 0.40448504983388706 0.82125 0.41029900332225916 0.82125 0.4210963455149502 0.81625 0.4260797342192691 0.810625 0.4260797342192691 0.798125 0.420265780730897 0.785625 0.41362126245847175 0.78125 0.3995016611295681 0.780625 0.3920265780730897 0.783125 0.38704318936877075 0.78875 0.3862126245847176 0.800625 0.3978405315614618 0.8175
1 0.6794019933554817 0.449375 0.6943521594684385 0.45375 0.7009966777408638 0.45375 0.7142857142857143 0.444375 0.7134551495016611 0.4325 0.7018272425249169 0.4225 0.6885382059800664 0.41875 0.6769102990033222 0.41875 0.6661129568106312 0.4275 0.6669435215946844 0.4375 0.6794019933554817 0.449375
1 0.6204318936877077 0.355625 0.6403654485049833 0.355625 0.6478405315614618 0.3525 0.6553156146179402 0.34375 0.6553156146179402 0.33625 0.6453488372093024 0.326875 0.6295681063122923 0.3275 0.6212624584717608 0.330625 0.6112956810631229 0.339375 0.6088039867109635 0.345625 0.6204318936877077 0.355625
1 0.5672757475083057 0.606875 0.5813953488372093 0.605 0.5963455149501661 0.591875 0.5963455149501661 0.576875 0.5880398671096345 0.571875 0.5789036544850499 0.5725 0.5622923588039868 0.59 0.5622923588039868 0.604375 0.5672757475083057 0.606875
1 0.5556478405315615 0.48875 0.5730897009966778 0.48875 0.5813953488372093 0.48125 0.5813953488372093 0.473125 0.5714285714285714 0.46125 0.5647840531561462 0.45875 0.5523255813953488 0.45875 0.5440199335548173 0.464375 0.5448504983388704 0.480625 0.5556478405315615 0.48875
1 0.23837209302325582 0.484375 0.2541528239202658 0.491875 0.26993355481727577 0.4925 0.27906976744186046 0.49 0.2823920265780731 0.486875 0.28488372093023256 0.478125 0.28322259136212624 0.47125 0.26827242524916944 0.46375 0.25 0.46375 0.24086378737541528 0.4675 0.2367109634551495 0.471875 0.23588039867109634 0.480625 0.23837209302325582 0.484375
1 0.520764119601329 0.534375 0.5249169435215947 0.540625 0.5332225913621262 0.546875 0.553156146179402 0.5475 0.5614617940199336 0.54 0.5631229235880398 0.529375 0.5564784053156147 0.52125 0.542358803986711 0.516875 0.5299003322259136 0.519375 0.5232558139534884 0.524375 0.520764119601329 0.526875 0.520764119601329 0.534375
1 0.6287375415282392 0.670625 0.6362126245847176 0.670625 0.6536544850498339 0.665 0.6611295681063123 0.6575 0.6627906976744186 0.65125 0.659468438538206 0.63625 0.6503322259136213 0.63125 0.6387043189368771 0.63125 0.632890365448505 0.634375 0.6287375415282392 0.64 0.6254152823920266 0.65 0.6287375415282392 0.670625
1 0.7367109634551495 0.335625 0.7541528239202658 0.335625 0.7641196013289037 0.3275 0.7674418604651163 0.3125 0.7591362126245847 0.3025 0.7416943521594684 0.3025 0.7267441860465116 0.313125 0.7259136212624585 0.32375 0.7367109634551495 0.335625
1 0.32475083056478404 0.376875 0.33637873754152825 0.380625 0.3496677740863787 0.379375 0.3546511627906977 0.37 0.3546511627906977 0.365 0.3488372093023256 0.3525 0.34053156146179403 0.348125 0.3330564784053156 0.346875 0.32475083056478404 0.34875 0.3164451827242525 0.35625 0.31478405315614616 0.364375 0.32475083056478404 0.376875
1 0.6403654485049833 0.7375 0.6503322259136213 0.739375 0.6578073089700996 0.7375 0.6710963455149501 0.726875 0.675249169435216 0.716875 0.675249169435216 0.709375 0.670265780730897 0.7025 0.6569767441860465 0.6975 0.6378737541528239 0.70875 0.632890365448505 0.716875 0.632890365448505 0.731875 0.6403654485049833 0.7375
1 0.32558139534883723 0.310625 0.3338870431893688 0.314375 0.3446843853820598 0.314375 0.35132890365448505 0.311875 0.3546511627906977 0.3075 0.3546511627906977 0.295625 0.3488372093023256 0.28625 0.3372093023255814 0.27875 0.3313953488372093 0.278125 0.3230897009966777 0.27875 0.31727574750830567 0.28375 0.31478405315614616 0.295625 0.32558139534883723 0.310625
1 0.6827242524916943 0.560625 0.6951827242524917 0.57125 0.7068106312292359 0.57125 0.7217607973421927 0.566875 0.7325581395348837 0.560625 0.7358803986710963 0.5525 0.7342192691029901 0.543125 0.7217607973421927 0.539375 0.7001661129568106 0.540625 0.6843853820598007 0.550625 0.6818936877076412 0.553125 0.6827242524916943 0.560625
1 0.41777408637873753 0.54875 0.4219269102990033 0.551875 0.43438538205980065 0.55375 0.44435215946843853 0.553125 0.45016611295681064 0.550625 0.4584717607973422 0.540625 0.45348837209302323 0.5325 0.44601328903654486 0.529375 0.43106312292358806 0.529375 0.4152823920265781 0.53875 0.41445182724252494 0.5425 0.41777408637873753 0.54875
1 0.3795681063122924 0.465625 0.3920265780730897 0.473125 0.4011627906976744 0.473125 0.41943521594684385 0.463125 0.4161129568106312 0.4525 0.4061461794019934 0.445 0.3903654485049834 0.443125 0.38289036544850497 0.445 0.37624584717607973 0.45125 0.3754152823920266 0.4575 0.3795681063122924 0.465625
1 0.43106312292358806 0.838125 0.44601328903654486 0.84375 0.4543189368770764 0.84375 0.4692691029900332 0.838125 0.47591362126245845 0.8275 0.4750830564784053 0.820625 0.4584717607973422 0.80875 0.4393687707641196 0.814375 0.4277408637873754 0.82375 0.4269102990033223 0.83125 0.43106312292358806 0.838125
1 0.2441860465116279 0.519375 0.2541528239202658 0.525625 0.2691029900332226 0.52375 0.27906976744186046 0.514375 0.2799003322259136 0.50125 0.27740863787375414 0.4975 0.2707641196013289 0.495 0.25249169435215946 0.495 0.24169435215946844 0.505 0.24086378737541528 0.5125 0.2441860465116279 0.519375
1 0.40282392026578073 0.4975 0.4152823920265781 0.4975 0.42358803986710963 0.494375 0.43438538205980065 0.48625 0.4368770764119601 0.473125 0.4260797342192691 0.46625 0.4161129568106312 0.46625 0.3995016611295681 0.47375 0.3953488372093023 0.48125 0.39700996677740863 0.494375 0.40282392026578073 0.4975
1 0.31727574750830567 0.669375 0.3313953488372093 0.67375 0.3380398671096346 0.67375 0.3488372093023256 0.67 0.3521594684385382 0.665625 0.3521594684385382 0.65375 0.34136212624584716 0.641875 0.32059800664451826 0.64 0.313953488372093 0.641875 0.3081395348837209 0.6475 0.3081395348837209 0.659375 0.31727574750830567 0.669375
1 0.3546511627906977 0.364375 0.3687707641196013 0.3725 0.37624584717607973 0.371875 0.38205980066445183 0.3675 0.3862126245847176 0.358125 0.3862126245847176 0.346875 0.38205980066445183 0.34125 0.3745847176079734 0.338125 0.36710963455149503 0.338125 0.3538205980066445 0.34625 0.3521594684385382 0.359375 0.3546511627906977 0.364375
1 0.35714285714285715 0.50125 0.37209302325581395 0.508125 0.38205980066445183 0.50625 0.38787375415282394 0.499375 0.38870431893687707 0.49 0.38704318936877075 0.483125 0.3812292358803987 0.476875 0.36710963455149503 0.47125 0.3579734219269103 0.47125 0.35132890365448505 0.476875 0.3504983388704319 0.489375 0.35714285714285715 0.50125
1 0.5539867109634552 0.58875 0.5606312292358804 0.589375 0.5714285714285714 0.58125 0.5772425249169435 0.5725 0.5772425249169435 0.5675 0.5705980066445183 0.560625 0.5606312292358804 0.56 0.5548172757475083 0.5625 0.5481727574750831 0.5725 0.5481727574750831 0.584375 0.5539867109634552 0.58875
1 0.43106312292358806 0.58875 0.4418604651162791 0.595 0.45514950166112955 0.596875 0.45930232558139533 0.59375 0.46179401993355484 0.584375 0.4601328903654485 0.5775 0.4543189368770764 0.570625 0.44933554817275745 0.566875 0.4426910299003322 0.565625 0.4277408637873754 0.566875 0.42441860465116277 0.57 0.4227574750830565 0.576875 0.43106312292358806 0.58875
1 0.2217607973421927 0.570625 0.23089700996677742 0.57375 0.2441860465116279 0.57375 0.2549833887043189 0.566875 0.2549833887043189 0.55875 0.2632890365448505 0.550625 0.26578073089701 0.543125 0.2616279069767442 0.5375 0.2441860465116279 0.538125 0.23089700996677742 0.5425 0.22009966777408638 0.553125 0.21843853820598005 0.56375 0.2217607973421927 0.570625
1 0.5124584717607974 0.585 0.5199335548172758 0.588125 0.5282392026578073 0.58875 0.5398671096345515 0.58625 0.5448504983388704 0.58125 0.5498338870431894 0.56375 0.5431893687707641 0.555625 0.5290697674418605 0.5525 0.5174418604651163 0.5575 0.5091362126245847 0.56875 0.5083056478405316 0.57875 0.5124584717607974 0.585
1 0.6561461794019934 0.585625 0.6661129568106312 0.59375 0.6777408637873754 0.595 0.6910299003322259 0.588125 0.6901993355481728 0.57375 0.6818936877076412 0.566875 0.675249169435216 0.564375 0.6644518272425249 0.564375 0.6586378737541528 0.566875 0.654485049833887 0.571875 0.6528239202657807 0.57875 0.6561461794019934 0.585625
1 0.4900332225913621 0.7875 0.5049833887043189 0.7875 0.5132890365448505 0.785 0.5224252491694352 0.77875 0.5182724252491694 0.76625 0.510797342192691 0.759375 0.5041528239202658 0.756875 0.48754152823920266 0.756875 0.47591362126245845 0.764375 0.47674418604651164 0.77875 0.4900332225913621 0.7875
1 0.5481727574750831 0.725 0.5581395348837209 0.7275 0.5705980066445183 0.7275 0.5813953488372093 0.721875 0.5822259136212624 0.70875 0.5705980066445183 0.699375 0.5473421926910299 0.696875 0.5340531561461794 0.701875 0.5357142857142857 0.71375 0.5481727574750831 0.725
1 0.3637873754152824 0.408125 0.37790697674418605 0.408125 0.3903654485049834 0.400625 0.39368770764119604 0.395625 0.39700996677740863 0.386875 0.3953488372093023 0.378125 0.3862126245847176 0.3725 0.3729235880398671 0.374375 0.36129568106312293 0.3825 0.35631229235880396 0.39 0.35631229235880396 0.403125 0.3637873754152824 0.408125
1 0.4435215946843854 0.45625 0.4526578073089701 0.46 0.46096345514950166 0.46 0.4676079734219269 0.4575 0.47259136212624586 0.449375 0.47259136212624586 0.4425 0.4676079734219269 0.4325 0.4601328903654485 0.4275 0.44601328903654486 0.4275 0.44019933554817275 0.4325 0.43853820598006643 0.446875 0.4435215946843854 0.45625
1 0.36794019933554817 0.75875 0.3729235880398671 0.76125 0.3853820598006645 0.76125 0.39368770764119604 0.75875 0.4019933554817276 0.75125 0.4061461794019934 0.743125 0.4053156146179402 0.73625 0.3945182724252492 0.721875 0.3862126245847176 0.721875 0.37209302325581395 0.728125 0.3646179401993355 0.74125 0.3646179401993355 0.7525 0.36794019933554817 0.75875
1 0.5166112956810631 0.483125 0.5290697674418605 0.48875 0.5406976744186046 0.4875 0.5440199335548173 0.485 0.5440199335548173 0.471875 0.5382059800664452 0.463125 0.5282392026578073 0.45625 0.5232558139534884 0.455625 0.5174418604651163 0.45625 0.5099667774086378 0.46125 0.5083056478405316 0.47125 0.5166112956810631 0.483125
1 0.457641196013289 0.575625 0.47259136212624586 0.58 0.48006644518272423 0.57875 0.4883720930232558 0.566875 0.48421926910299 0.54875 0.4700996677740864 0.543125 0.46179401993355484 0.5425 0.446843853820598 0.553125 0.4476744186046512 0.56375 0.457641196013289 0.575625
1 0.2757475083056478 0.4 0.2840531561461794 0.4025 0.29401993355481726 0.4025 0.3081395348837209 0.3975 0.313953488372093 0.389375 0.313953488372093 0.381875 0.3081395348837209 0.375625 0.28820598006644516 0.375 0.27906976744186046 0.3775 0.26993355481727577 0.38625 0.2691029900332226 0.394375 0.2757475083056478 0.4
1 0.4601328903654485 0.665625 0.48421926910299 0.665625 0.4900332225913621 0.6625 0.4950166112956811 0.65625 0.4941860465116279 0.646875 0.4808970099667774 0.63625 0.46096345514950166 0.636875 0.4526578073089701 0.64 0.44601328903654486 0.6475 0.4476744186046512 0.6575 0.4601328903654485 0.665625
1 0.6511627906976745 0.418125 0.6636212624584718 0.421875 0.6777408637873754 0.418125 0.6885382059800664 0.406875 0.6877076411960132 0.39875 0.6769102990033222 0.39125 0.6644518272425249 0.39125 0.6569767441860465 0.39375 0.6478405315614618 0.40125 0.6470099667774086 0.41375 0.6511627906976745 0.418125
1 0.6154485049833887 0.789375 0.6262458471760798 0.794375 0.6420265780730897 0.794375 0.6503322259136213 0.790625 0.6553156146179402 0.785 0.6561461794019934 0.77625 0.6461794019933554 0.764375 0.6370431893687708 0.761875 0.6254152823920266 0.761875 0.6146179401993356 0.764375 0.6071428571428571 0.77 0.6079734219269103 0.7825 0.6154485049833887 0.789375
1 0.49169435215946844 0.535 0.5116279069767442 0.53125 0.5191029900332226 0.5225 0.5182724252491694 0.516875 0.5132890365448505 0.51125 0.5008305647840532 0.506875 0.4867109634551495 0.506875 0.47093023255813954 0.519375 0.4717607973421927 0.52875 0.49169435215946844 0.535
1 0.3122923588039867 0.576875 0.32059800664451826 0.58125 0.3313953488372093 0.58125 0.3380398671096346 0.57125 0.3330564784053156 0.5575 0.32475083056478404 0.5525 0.31146179401993357 0.5525 0.3073089700996678 0.5575 0.3081395348837209 0.571875 0.3122923588039867 0.576875
1 0.5664451827242525 0.381875 0.5755813953488372 0.384375 0.5855481727574751 0.384375 0.5938538205980066 0.381875 0.6021594684385382 0.375625 0.6038205980066446 0.37 0.5996677740863787 0.35875 0.584717607973422 0.35375 0.5739202657807309 0.35625 0.5589700996677741 0.3675 0.5589700996677741 0.375625 0.5664451827242525 0.381875
1 0.29485049833887045 0.489375 0.3064784053156146 0.49625 0.3222591362126246 0.495 0.3313953488372093 0.4875 0.3313953488372093 0.46875 0.32142857142857145 0.46125 0.3131229235880399 0.45875 0.29983388704318936 0.46125 0.29401993355481726 0.46625 0.292358803986711 0.48375 0.29485049833887045 0.489375
1 0.35714285714285715 0.659375 0.36627906976744184 0.664375 0.3812292358803987 0.6625 0.3903654485049834 0.654375 0.39285714285714285 0.6475 0.3911960132890365 0.635 0.3862126245847176 0.629375 0.38205980066445183 0.62625 0.36627906976744184 0.62625 0.3579734219269103 0.629375 0.3521594684385382 0.636875 0.3521594684385382 0.65375 0.35714285714285715 0.659375
1 0.4410299003322259 0.50125 0.44933554817275745 0.504375 0.45930232558139533 0.50375 0.4700996677740864 0.495 0.47093023255813954 0.47375 0.4684385382059801 0.469375 0.4601328903654485 0.46625 0.45016611295681064 0.46625 0.4410299003322259 0.47125 0.4377076411960133 0.47625 0.43521594684385384 0.490625 0.4410299003322259 0.50125
1 0.6569767441860465 0.696875 0.6636212624584718 0.700625 0.6694352159468439 0.70125 0.675249169435216 0.70125 0.6910299003322259 0.69625 0.6993355481727574 0.685 0.6951827242524917 0.67375 0.6810631229235881 0.6675 0.6677740863787376 0.670625 0.6561461794019934 0.680625 0.6528239202657807 0.68875 0.6569767441860465 0.696875
1 0.41362126245847175 0.525625 0.4210963455149502 0.529375 0.4435215946843854 0.529375 0.45099667774086377 0.525625 0.4526578073089701 0.51875 0.44933554817275745 0.51125 0.43853820598006643 0.504375 0.4210963455149502 0.501875 0.4152823920265781 0.504375 0.4111295681063123 0.509375 0.4111295681063123 0.52125 0.41362126245847175 0.525625
1 0.4717607973421927 0.439375 0.4883720930232558 0.440625 0.49750830564784054 0.4375 0.5 0.430625 0.5083056478405316 0.420625 0.5049833887043189 0.415625 0.4958471760797342 0.409375 0.4833887043189369 0.409375 0.47259136212624586 0.41375 0.46677740863787376 0.421875 0.4659468438538206 0.428125 0.4717607973421927 0.439375
1 0.446843853820598 0.796875 0.45930232558139533 0.796875 0.4700996677740864 0.790625 0.47840531561461797 0.7825 0.4742524916943522 0.765 0.4700996677740864 0.76125 0.45514950166112955 0.76125 0.4476744186046512 0.764375 0.4410299003322259 0.769375 0.4368770764119601 0.7775 0.4377076411960133 0.790625 0.446843853820598 0.796875
1 0.2840531561461794 0.508125 0.29069767441860467 0.51875 0.3089700996677741 0.525625 0.31976744186046513 0.525625 0.3230897009966777 0.521875 0.3230897009966777 0.51125 0.31893687707641194 0.504375 0.3073089700996678 0.4975 0.28820598006644516 0.498125 0.2840531561461794 0.501875 0.2840531561461794 0.508125
1 0.2666112956810631 0.57375 0.27906976744186046 0.576875 0.29401993355481726 0.576875 0.3014950166112957 0.57375 0.3014950166112957 0.561875 0.29651162790697677 0.55375 0.2898671096345515 0.54875 0.27906976744186046 0.546875 0.2666112956810631 0.5475 0.2558139534883721 0.555625 0.2549833887043189 0.565625 0.2666112956810631 0.57375
1 0.723421926910299 0.4425 0.7367109634551495 0.446875 0.7475083056478405 0.446875 0.7533222591362126 0.441875 0.7549833887043189 0.43625 0.7541528239202658 0.429375 0.7475083056478405 0.419375 0.7367109634551495 0.415625 0.7300664451827242 0.415625 0.7200996677740864 0.418125 0.717607973421927 0.42125 0.71843853820598 0.43625 0.723421926910299 0.4425
1 0.5157807308970099 0.820625 0.5232558139534884 0.82375 0.5373754152823921 0.82375 0.5440199335548173 0.81875 0.5448504983388704 0.814375 0.5440199335548173 0.803125 0.5382059800664452 0.793125 0.532392026578073 0.788125 0.5240863787375415 0.78625 0.5141196013289037 0.788125 0.5083056478405316 0.7925 0.510797342192691 0.81375 0.5157807308970099 0.820625
1 0.6636212624584718 0.535625 0.6802325581395349 0.544375 0.6910299003322259 0.544375 0.7043189368770764 0.5375 0.7043189368770764 0.52375 0.6951827242524917 0.5175 0.6777408637873754 0.5175 0.6636212624584718 0.52375 0.6611295681063123 0.52625 0.6636212624584718 0.535625
1 0.5498338870431894 0.519375 0.5598006644518272 0.521875 0.5722591362126246 0.521875 0.5822259136212624 0.51875 0.5863787375415282 0.514375 0.5872093023255814 0.50125 0.5705980066445183 0.49 0.5473421926910299 0.49 0.5348837209302325 0.496875 0.5348837209302325 0.505625 0.5498338870431894 0.519375
1 0.4318936877076412 0.403125 0.4410299003322259 0.40625 0.45182724252491696 0.406875 0.4659468438538206 0.40375 0.4676079734219269 0.389375 0.45348837209302323 0.379375 0.44019933554817275 0.376875 0.43106312292358806 0.3775 0.4210963455149502 0.38375 0.4219269102990033 0.39375 0.4318936877076412 0.403125
1 0.7134551495016611 0.480625 0.7200996677740864 0.480625 0.7317275747508306 0.47625 0.7450166112956811 0.465 0.7441860465116279 0.455 0.7400332225913622 0.448125 0.728405315614618 0.445 0.707641196013289 0.450625 0.7018272425249169 0.454375 0.6976744186046512 0.460625 0.6976744186046512 0.470625 0.7134551495016611 0.480625
1 0.4900332225913621 0.560625 0.5 0.565625 0.5099667774086378 0.565625 0.5224252491694352 0.5525 0.5232558139534884 0.54125 0.5132890365448505 0.533125 0.5041528239202658 0.5325 0.4941860465116279 0.53625 0.48754152823920266 0.5425 0.48588039867109634 0.55125 0.4900332225913621 0.560625
1 0.5514950166112956 0.671875 0.5581395348837209 0.675 0.5714285714285714 0.675 0.5963455149501661 0.665625 0.6004983388704319 0.66 0.6013289036544851 0.65375 0.5930232558139535 0.64625 0.5730897009966778 0.64625 0.5614617940199336 0.649375 0.5498338870431894 0.660625 0.5490033222591362 0.669375 0.5514950166112956 0.671875
1 0.47674418604651164 0.49875 0.4850498338870432 0.49875 0.4925249169435216 0.495625 0.49916943521594687 0.489375 0.5016611295681063 0.48125 0.5 0.473125 0.4950166112956811 0.46875 0.4867109634551495 0.46625 0.4742524916943522 0.47125 0.47093023255813954 0.48125 0.4717607973421927 0.49625 0.47674418604651164 0.49875
1 0.3945182724252492 0.366875 0.40448504983388706 0.37 0.4219269102990033 0.364375 0.4260797342192691 0.36125 0.42940199335548174 0.351875 0.4277408637873754 0.34625 0.420265780730897 0.34125 0.4053156146179402 0.34125 0.39700996677740863 0.34375 0.38787375415282394 0.350625 0.38787375415282394 0.361875 0.3945182724252492 0.366875
1 0.4742524916943522 0.81875 0.4950166112956811 0.821875 0.5091362126245847 0.814375 0.5099667774086378 0.808125 0.5049833887043189 0.795625 0.49750830564784054 0.79125 0.4700996677740864 0.790625 0.4601328903654485 0.798125 0.46096345514950166 0.81 0.4742524916943522 0.81875
1 0.5141196013289037 0.60875 0.5257475083056479 0.614375 0.5390365448504983 0.61625 0.5506644518272426 0.615 0.5606312292358804 0.609375 0.5581395348837209 0.595625 0.5415282392026578 0.586875 0.5166112956810631 0.58875 0.510797342192691 0.595 0.510797342192691 0.603125 0.5141196013289037 0.60875
1 0.5598006644518272 0.76625 0.5705980066445183 0.7725 0.5830564784053156 0.770625 0.5888704318936877 0.764375 0.590531561461794 0.75125 0.5880398671096345 0.743125 0.5813953488372093 0.73625 0.5755813953488372 0.733125 0.5614617940199336 0.733125 0.553156146179402 0.74 0.5523255813953488 0.7525 0.5598006644518272 0.76625
1 0.5 0.451875 0.5083056478405316 0.45625 0.5240863787375415 0.455 0.53156146179402 0.449375 0.5357142857142857 0.4425 0.5357142857142857 0.4325 0.5290697674418605 0.4225 0.5257475083056479 0.420625 0.5141196013289037 0.420625 0.5008305647840532 0.43 0.49667774086378735 0.438125 0.5 0.451875
1 0.5913621262458472 0.644375 0.6004983388704319 0.65125 0.6071428571428571 0.65375 0.6162790697674418 0.65375 0.6262458471760798 0.64875 0.627906976744186 0.63625 0.6187707641196013 0.62625 0.6096345514950167 0.6225 0.5988372093023255 0.6225 0.5897009966777409 0.626875 0.5880398671096345 0.638125 0.5913621262458472 0.644375
1 0.4792358803986711 0.408125 0.5 0.408125 0.5083056478405316 0.4025 0.5141196013289037 0.39375 0.5116279069767442 0.385625 0.5 0.381875 0.47674418604651164 0.383125 0.4692691029900332 0.39 0.4692691029900332 0.400625 0.4792358803986711 0.408125
1 0.3380398671096346 0.696875 0.3654485049833887 0.695625 0.3754152823920266 0.686875 0.3754152823920266 0.680625 0.37209302325581395 0.675625 0.3579734219269103 0.670625 0.3496677740863787 0.670625 0.33970099667774084 0.67375 0.33222591362126247 0.680625 0.329734219269103 0.690625 0.3380398671096346 0.696875
1 0.6196013289036545 0.51625 0.632890365448505 0.519375 0.6453488372093024 0.515625 0.6495016611295681 0.50875 0.6495016611295681 0.50375 0.643687707641196 0.4925 0.6312292358803987 0.4875 0.6262458471760798 0.4875 0.6179401993355482 0.49 0.6129568106312292 0.4975 0.6121262458471761 0.504375 0.6196013289036545 0.51625
1 0.5938538205980066 0.5575 0.6029900332225914 0.56 0.6162790697674418 0.556875 0.622093023255814 0.5525 0.6270764119601329 0.546875 0.627906976744186 0.54 0.6212624584717608 0.53125 0.617109634551495 0.529375 0.6046511627906976 0.529375 0.590531561461794 0.538125 0.5872093023255814 0.543125 0.5888704318936877 0.55375 0.5938538205980066 0.5575
1 0.6179401993355482 0.398125 0.6312292358803987 0.40625 0.6445182724252492 0.405625 0.654485049833887 0.39125 0.654485049833887 0.384375 0.6478405315614618 0.375 0.643687707641196 0.3725 0.6303986710963455 0.3725 0.6229235880398671 0.375625 0.617109634551495 0.38125 0.6154485049833887 0.391875 0.6179401993355482 0.398125
1 0.4476744186046512 0.371875 0.45182724252491696 0.3775 0.46096345514950166 0.383125 0.4700996677740864 0.385625 0.4850498338870432 0.380625 0.4867109634551495 0.3725 0.48172757475083056 0.3625 0.47259136212624586 0.358125 0.45598006644518274 0.358125 0.45016611295681064 0.3625 0.4476744186046512 0.365 0.4476744186046512 0.371875