1 0.8401084010840109 0.5625 0.8509485094850948 0.56625 0.8617886178861789 0.565625 0.8726287262872628 0.560625 0.8699186991869918 0.545625 0.8617886178861789 0.5425 0.8482384823848238 0.5425 0.8373983739837398 0.5475 0.8346883468834688 0.55375 0.8401084010840109 0.5625
1 0.3319783197831978 0.8025 0.34823848238482386 0.806875 0.36449864498644985 0.805 0.37533875338753386 0.801875 0.3807588075880759 0.7975 0.3807588075880759 0.79125 0.36314363143631434 0.785625 0.3509485094850949 0.785625 0.3333333333333333 0.79125 0.32926829268292684 0.794375 0.3319783197831978 0.8025
1 0.35636856368563685 0.32 0.3617886178861789 0.324375 0.37533875338753386 0.326875 0.38346883468834686 0.324375 0.3888888888888889 0.319375 0.3888888888888889 0.30875 0.3780487804878049 0.3025 0.3617886178861789 0.30375 0.35636856368563685 0.3075 0.35636856368563685 0.32
1 0.537940379403794 0.78875 0.5501355013550135 0.790625 0.5663956639566395 0.79 0.5745257452574526 0.7825 0.5718157181571816 0.775625 0.5555555555555556 0.769375 0.5338753387533876 0.77125 0.5311653116531165 0.784375 0.537940379403794 0.78875
1 0.6395663956639567 0.5325 0.6612466124661247 0.534375 0.6747967479674797 0.529375 0.6747967479674797 0.51875 0.6680216802168022 0.514375 0.6504065040650406 0.513125 0.6395663956639567 0.514375 0.6341463414634146 0.5175 0.6314363143631436 0.52625 0.6395663956639567 0.5325
1 0.7208672086720868 0.553125 0.7317073170731707 0.5575 0.7506775067750677 0.556875 0.7642276422764228 0.546875 0.7615176151761518 0.54 0.7493224932249323 0.535625 0.7344173441734417 0.535625 0.7235772357723578 0.539375 0.7181571815718157 0.5425 0.7208672086720868 0.553125
1 0.31842818428184283 0.69375 0.3428184281842818 0.694375 0.35365853658536583 0.69375 0.36720867208672087 0.68875 0.3699186991869919 0.680625 0.35365853658536583 0.675625 0.33739837398373984 0.675625 0.32113821138211385 0.67875 0.3130081300813008 0.683125 0.3130081300813008 0.691875 0.31842818428184283 0.69375
1 0.5474254742547425 0.431875 0.5555555555555556 0.434375 0.5799457994579946 0.4375 0.5962059620596206 0.4325 0.5962059620596206 0.426875 0.5880758807588076 0.420625 0.5636856368563685 0.420625 0.5555555555555556 0.4225 0.5474254742547425 0.42625 0.5474254742547425 0.431875
1 0.6612466124661247 0.606875 0.6802168021680217 0.6125 0.6910569105691057 0.6125 0.7100271002710027 0.605625 0.7100271002710027 0.6 0.6964769647696477 0.59375 0.6775067750677507 0.59375 0.6666666666666666 0.598125 0.6612466124661247 0.601875 0.6612466124661247 0.606875
1 0.5420054200542005 0.379375 0.5528455284552846 0.381875 0.5663956639566395 0.381875 0.5799457994579946 0.376875 0.5799457994579946 0.369375 0.5691056910569106 0.3625 0.5474254742547425 0.36 0.5338753387533876 0.364375 0.5311653116531165 0.3725 0.5420054200542005 0.379375
1 0.12601626016260162 0.3225 0.14227642276422764 0.33125 0.15853658536585366 0.3325 0.17479674796747968 0.32875 0.17479674796747968 0.3175 0.16666666666666666 0.313125 0.14498644986449866 0.31125 0.13143631436314362 0.3125 0.12601626016260162 0.315625 0.12601626016260162 0.3225
1 0.28319783197831977 0.290625 0.2886178861788618 0.293125 0.3035230352303523 0.294375 0.31842818428184283 0.290625 0.3238482384823848 0.278125 0.3157181571815718 0.27375 0.2994579945799458 0.27375 0.2886178861788618 0.27875 0.28319783197831977 0.283125 0.28319783197831977 0.290625
1 0.6422764227642277 0.624375 0.6612466124661247 0.628125 0.6788617886178862 0.62875 0.6910569105691057 0.623125 0.6883468834688347 0.61625 0.6626016260162602 0.6075 0.6449864498644986 0.606875 0.6341463414634146 0.61 0.6341463414634146 0.619375 0.6422764227642277 0.624375
1 0.43089430894308944 0.475 0.45528455284552843 0.475625 0.470189701897019 0.47875 0.47560975609756095 0.475625 0.47560975609756095 0.46625 0.462059620596206 0.4625 0.44037940379403795 0.4625 0.42953929539295393 0.46625 0.43089430894308944 0.475
1 0.31029810298102983 0.601875 0.34146341463414637 0.603125 0.35365853658536583 0.59875 0.35636856368563685 0.591875 0.3509485094850949 0.586875 0.32926829268292684 0.584375 0.3130081300813008 0.588125 0.3075880758807588 0.591875 0.31029810298102983 0.601875
1 0.39295392953929537 0.445625 0.3997289972899729 0.4475 0.4241192411924119 0.446875 0.42953929539295393 0.443125 0.42953929539295393 0.431875 0.4241192411924119 0.428125 0.4105691056910569 0.425 0.3997289972899729 0.425 0.3861788617886179 0.43125 0.38346883468834686 0.43625 0.39295392953929537 0.445625
1 0.5609756097560976 0.63625 0.5718157181571816 0.64375 0.5826558265582655 0.64625 0.5975609756097561 0.64625 0.6084010840108401 0.64375 0.6124661246612466 0.63625 0.5934959349593496 0.625 0.5718157181571816 0.625 0.5650406504065041 0.6275 0.5609756097560976 0.629375 0.5609756097560976 0.63625
1 0.6802168021680217 0.639375 0.6937669376693767 0.6425 0.7073170731707317 0.64125 0.7127371273712737 0.638125 0.7154471544715447 0.62625 0.7073170731707317 0.623125 0.6937669376693767 0.623125 0.6829268292682927 0.626875 0.6775067750677507 0.631875 0.6802168021680217 0.639375
1 0.5365853658536586 0.59875 0.5420054200542005 0.603125 0.5528455284552846 0.605 0.5853658536585366 0.6025 0.5962059620596206 0.59375 0.5962059620596206 0.589375 0.5813008130081301 0.58375 0.5663956639566395 0.584375 0.5420054200542005 0.59 0.5365853658536586 0.59375 0.5365853658536586 0.59875
1 0.3021680216802168 0.779375 0.31842818428184283 0.7875 0.3319783197831978 0.79 0.3509485094850949 0.783125 0.35365853658536583 0.77625 0.34552845528455284 0.77125 0.3075880758807588 0.769375 0.3021680216802168 0.771875 0.3021680216802168 0.779375
1 0.4281842818428184 0.770625 0.43766937669376693 0.77375 0.45257452574525747 0.774375 0.46747967479674796 0.76875 0.46747967479674796 0.76 0.46070460704607047 0.75375 0.44308943089430897 0.751875 0.4268292682926829 0.756875 0.4241192411924119 0.76625 0.4281842818428184 0.770625
1 0.5934959349593496 0.600625 0.6097560975609756 0.606875 0.6314363143631436 0.609375 0.6422764227642277 0.605 0.6422764227642277 0.598125 0.6260162601626016 0.591875 0.5989159891598916 0.593125 0.5934959349593496 0.595625 0.5934959349593496 0.600625
1 0.7777777777777778 0.39125 0.7994579945799458 0.39125 0.8075880758807588 0.386875 0.8075880758807588 0.376875 0.8021680216802168 0.3725 0.7777777777777778 0.37 0.7669376693766937 0.37375 0.7669376693766937 0.386875 0.7777777777777778 0.39125
1 0.08807588075880758 0.316875 0.09349593495934959 0.32 0.1043360433604336 0.3225 0.12330623306233063 0.321875 0.12601626016260162 0.31625 0.13685636856368563 0.31 0.13414634146341464 0.30625 0.11517615176151762 0.3025 0.0948509485094851 0.305625 0.08807588075880758 0.31 0.08807588075880758 0.316875
1 0.2886178861788618 0.8125 0.2967479674796748 0.815625 0.3130081300813008 0.816875 0.3346883468834688 0.81 0.3319783197831978 0.801875 0.32113821138211385 0.795625 0.2953929539295393 0.799375 0.2886178861788618 0.803125 0.2886178861788618 0.8125
1 0.23983739837398374 0.405 0.25609756097560976 0.40375 0.2750677506775068 0.393125 0.2696476964769648 0.385625 0.25745257452574527 0.3825 0.23170731707317074 0.384375 0.22357723577235772 0.388125 0.22086720867208673 0.40125 0.23983739837398374 0.405
1 0.3780487804878049 0.68375 0.3915989159891599 0.690625 0.4078590785907859 0.69125 0.4241192411924119 0.685 0.4241192411924119 0.675625 0.4132791327913279 0.670625 0.3970189701897019 0.669375 0.38346883468834686 0.6725 0.3780487804878049 0.675625 0.3780487804878049 0.68375
1 0.3509485094850949 0.380625 0.3699186991869919 0.379375 0.37262872628726285 0.37 0.36449864498644985 0.36 0.34823848238482386 0.358125 0.34010840108401086 0.36125 0.34010840108401086 0.376875 0.3509485094850949 0.380625
1 0.6910569105691057 0.575625 0.7046070460704607 0.57625 0.7235772357723578 0.571875 0.7289972899728997 0.560625 0.7181571815718157 0.555625 0.6991869918699187 0.555625 0.6829268292682927 0.560625 0.6802168021680217 0.571875 0.6910569105691057 0.575625
1 0.09349593495934959 0.386875 0.11246612466124661 0.386875 0.12330623306233063 0.381875 0.12601626016260162 0.371875 0.11653116531165311 0.366875 0.1016260162601626 0.365 0.09078590785907859 0.3675 0.08265582655826559 0.3725 0.07994579945799458 0.379375 0.09349593495934959 0.386875
1 0.24796747967479674 0.42875 0.2791327913279133 0.4275 0.2886178861788618 0.4225 0.2886178861788618 0.41625 0.27371273712737126 0.41125 0.25338753387533874 0.410625 0.23983739837398374 0.413125 0.23712737127371275 0.424375 0.24796747967479674 0.42875
1 0.2127371273712737 0.381875 0.22357723577235772 0.384375 0.2506775067750677 0.381875 0.26151761517615174 0.374375 0.2588075880758808 0.3675 0.25338753387533874 0.365 0.23441734417344173 0.36375 0.21544715447154472 0.3675 0.2073170731707317 0.3775 0.2127371273712737 0.381875
1 0.5691056910569106 0.275625 0.6043360433604336 0.275625 0.6124661246612466 0.27125 0.6124661246612466 0.263125 0.6016260162601627 0.258125 0.5772357723577236 0.255625 0.5636856368563685 0.255625 0.5528455284552846 0.258125 0.5501355013550135 0.26875 0.5691056910569106 0.275625
1 0.2073170731707317 0.449375 0.22086720867208673 0.451875 0.23441734417344173 0.449375 0.23983739837398374 0.4425 0.23712737127371275 0.435 0.22628726287262874 0.43 0.2073170731707317 0.43 0.2018970189701897 0.431875 0.19647696476964768 0.441875 0.2073170731707317 0.449375
1 0.4024390243902439 0.463125 0.4241192411924119 0.4675 0.44037940379403795 0.463125 0.44308943089430897 0.45625 0.43224932249322495 0.448125 0.4051490514905149 0.4475 0.3983739837398374 0.449375 0.3970189701897019 0.458125 0.4024390243902439 0.463125
1 0.23983739837398374 0.348125 0.26151761517615174 0.346875 0.2804878048780488 0.338125 0.2777777777777778 0.326875 0.26422764227642276 0.324375 0.24525745257452575 0.325625 0.23170731707317074 0.333125 0.22899728997289973 0.34125 0.23983739837398374 0.348125
1 0.7181571815718157 0.381875 0.7317073170731707 0.389375 0.7506775067750677 0.389375 0.7642276422764228 0.383125 0.7642276422764228 0.3675 0.7371273712737128 0.3675 0.7235772357723578 0.3725 0.7181571815718157 0.376875 0.7181571815718157 0.381875
1 0.35907859078590787 0.60375 0.36314363143631434 0.606875 0.3821138211382114 0.608125 0.39295392953929537 0.605625 0.3997289972899729 0.6 0.3997289972899729 0.59 0.3956639566395664 0.5875 0.37533875338753386 0.58625 0.36449864498644985 0.58875 0.35907859078590787 0.59375 0.35907859078590787 0.60375
1 0.37533875338753386 0.553125 0.3943089430894309 0.55375 0.4105691056910569 0.55 0.4159891598915989 0.5375 0.4078590785907859 0.533125 0.3915989159891599 0.5325 0.37262872628726285 0.538125 0.3699186991869919 0.550625 0.37533875338753386 0.553125
1 0.1802168021680217 0.509375 0.19647696476964768 0.513125 0.21544715447154472 0.509375 0.2181571815718157 0.5 0.21002710027100271 0.4925 0.18834688346883469 0.491875 0.17750677506775067 0.495 0.17479674796747968 0.504375 0.1802168021680217 0.509375
1 0.35365853658536583 0.624375 0.3699186991869919 0.633125 0.38346883468834686 0.633125 0.4024390243902439 0.628125 0.4051490514905149 0.619375 0.3915989159891599 0.61125 0.37262872628726285 0.61125 0.35907859078590787 0.61625 0.35365853658536583 0.62 0.35365853658536583 0.624375
1 0.34552845528455284 0.734375 0.34959349593495936 0.7375 0.35907859078590787 0.74 0.37262872628726285 0.74 0.38346883468834686 0.7375 0.3888888888888889 0.73 0.38482384823848237 0.72625 0.3780487804878049 0.723125 0.35365853658536583 0.723125 0.34552845528455284 0.725625 0.34552845528455284 0.734375
1 0.27235772357723576 0.645625 0.2872628726287263 0.649375 0.3130081300813008 0.644375 0.31842818428184283 0.63625 0.3130081300813008 0.63 0.2940379403794038 0.628125 0.2777777777777778 0.630625 0.2696476964769648 0.635 0.27235772357723576 0.645625
1 0.6070460704607046 0.63125 0.6327913279132791 0.6275 0.6341463414634146 0.615625 0.6300813008130082 0.609375 0.6043360433604336 0.606875 0.5934959349593496 0.61125 0.5934959349593496 0.625 0.6070460704607046 0.63125
1 0.489159891598916 0.70375 0.5040650406504065 0.715625 0.5149051490514905 0.71875 0.5392953929539296 0.716875 0.5420054200542005 0.7025 0.5365853658536586 0.699375 0.5176151761517616 0.691875 0.5 0.691875 0.4932249322493225 0.694375 0.489159891598916 0.696875 0.489159891598916 0.70375
1 0.4092140921409214 0.619375 0.4159891598915989 0.62 0.42953929539295393 0.615 0.4349593495934959 0.61 0.43224932249322495 0.6 0.4281842818428184 0.5975 0.4159891598915989 0.596875 0.3997289972899729 0.601875 0.3970189701897019 0.61125 0.4092140921409214 0.619375
1 0.7859078590785907 0.575625 0.8211382113821138 0.576875 0.8319783197831978 0.57125 0.8265582655826558 0.565 0.8130081300813008 0.560625 0.7859078590785907 0.560625 0.7777777777777778 0.5625 0.7750677506775068 0.56875 0.7859078590785907 0.575625
1 0.470189701897019 0.615 0.47560975609756095 0.619375 0.497289972899729 0.619375 0.5121951219512195 0.614375 0.5203252032520326 0.605 0.5203252032520326 0.598125 0.5149051490514905 0.595625 0.48644986449864497 0.595625 0.47560975609756095 0.601875 0.470189701897019 0.606875 0.470189701897019 0.615
1 0.31029810298102983 0.544375 0.3333333333333333 0.545625 0.34552845528455284 0.54 0.34552845528455284 0.5325 0.33739837398373984 0.52625 0.3157181571815718 0.526875 0.3075880758807588 0.53125 0.3048780487804878 0.54 0.31029810298102983 0.544375
1 0.36449864498644985 0.70375 0.3712737127371274 0.708125 0.4065040650406504 0.70875 0.4105691056910569 0.6975 0.4037940379403794 0.693125 0.3902439024390244 0.690625 0.37533875338753386 0.691875 0.36449864498644985 0.696875 0.36449864498644985 0.70375
1 0.15311653116531165 0.3725 0.17479674796747968 0.3725 0.1856368563685637 0.3675 0.18834688346883469 0.355625 0.1802168021680217 0.35125 0.15853658536585366 0.350625 0.14498644986449866 0.356875 0.14227642276422764 0.3625 0.15311653116531165 0.3725
1 0.31842818428184283 0.359375 0.33739837398373984 0.361875 0.34823848238482386 0.358125 0.34823848238482386 0.346875 0.3346883468834688 0.33625 0.3157181571815718 0.335 0.3048780487804878 0.34 0.3048780487804878 0.353125 0.31842818428184283 0.359375
1 0.44308943089430897 0.606875 0.45528455284552843 0.608125 0.46747967479674796 0.605625 0.47289972899729 0.601875 0.47289972899729 0.5975 0.45934959349593496 0.58875 0.44037940379403795 0.588125 0.43224932249322495 0.59125 0.42953929539295393 0.59875 0.44308943089430897 0.606875
1 0.38346883468834686 0.508125 0.3970189701897019 0.513125 0.4078590785907859 0.513125 0.4186991869918699 0.509375 0.4241192411924119 0.504375 0.4241192411924119 0.49 0.4159891598915989 0.485 0.4078590785907859 0.484375 0.3943089430894309 0.485 0.3861788617886179 0.4875 0.3807588075880759 0.4925 0.38346883468834686 0.508125
1 0.07181571815718157 0.730625 0.1016260162601626 0.728125 0.11246612466124661 0.723125 0.11246612466124661 0.716875 0.10569105691056911 0.71375 0.08536585365853659 0.71375 0.06639566395663957 0.72 0.06368563685636856 0.7275 0.07181571815718157 0.730625
1 0.34010840108401086 0.57875 0.3617886178861789 0.583125 0.3780487804878049 0.58125 0.3915989159891599 0.5725 0.3888888888888889 0.566875 0.3807588075880759 0.56375 0.35907859078590787 0.56375 0.3428184281842818 0.56875 0.33739837398373984 0.57375 0.34010840108401086 0.57875
1 0.7262872628726287 0.608125 0.7452574525745257 0.609375 0.7560975609756098 0.60375 0.7588075880758808 0.59875 0.7520325203252033 0.590625 0.7303523035230353 0.584375 0.7154471544715447 0.588125 0.7154471544715447 0.603125 0.7262872628726287 0.608125
1 0.17750677506775067 0.330625 0.1937669376693767 0.3375 0.22086720867208673 0.338125 0.23441734417344173 0.33125 0.23712737127371275 0.325625 0.22628726287262874 0.32 0.18292682926829268 0.32 0.17750677506775067 0.3225 0.17750677506775067 0.330625
1 0.5474254742547425 0.58375 0.5528455284552846 0.58625 0.5745257452574526 0.58375 0.5826558265582655 0.576875 0.5785907859078591 0.564375 0.5691056910569106 0.560625 0.5555555555555556 0.560625 0.5447154471544715 0.565625 0.5420054200542005 0.57875 0.5474254742547425 0.58375
1 0.34552845528455284 0.345625 0.35636856368563685 0.34875 0.37669376693766937 0.34875 0.38346883468834686 0.34125 0.3807588075880759 0.33125 0.3617886178861789 0.324375 0.35365853658536583 0.324375 0.3428184281842818 0.32875 0.34010840108401086 0.340625 0.34552845528455284 0.345625
1 0.5745257452574526 0.46125 0.6002710027100271 0.46125 0.6178861788617886 0.455 0.6178861788617886 0.45 0.6043360433604336 0.445625 0.5826558265582655 0.445 0.5691056910569106 0.449375 0.5636856368563685 0.45625 0.5745257452574526 0.46125
1 0.6964769647696477 0.6725 0.7100271002710027 0.6725 0.7235772357723578 0.669375 0.7289972899728997 0.665625 0.7289972899728997 0.654375 0.7235772357723578 0.651875 0.7046070460704607 0.6525 0.6883468834688347 0.6575 0.6883468834688347 0.669375 0.6964769647696477 0.6725
1 0.7425474254742548 0.639375 0.7696476964769647 0.63875 0.7804878048780488 0.631875 0.7777777777777778 0.62625 0.7696476964769647 0.623125 0.7398373983739838 0.62125 0.7262872628726287 0.625 0.7235772357723578 0.63375 0.7425474254742548 0.639375
1 0.5989159891598916 0.4275 0.6205962059620597 0.42625 0.6287262872628726 0.4225 0.6341463414634146 0.415625 0.6314363143631436 0.409375 0.6178861788617886 0.405625 0.6016260162601627 0.40625 0.5907859078590786 0.413125 0.5880758807588076 0.420625 0.5989159891598916 0.4275
1 0.47560975609756095 0.595625 0.5 0.59375 0.5094850948509485 0.58625 0.505420054200542 0.578125 0.489159891598916 0.57375 0.470189701897019 0.576875 0.462059620596206 0.581875 0.45934959349593496 0.588125 0.47560975609756095 0.595625
1 0.22899728997289973 0.489375 0.2506775067750677 0.48875 0.2669376693766938 0.480625 0.2669376693766938 0.47375 0.2506775067750677 0.469375 0.23712737127371275 0.469375 0.22086720867208673 0.47375 0.2181571815718157 0.48625 0.22899728997289973 0.489375
1 0.42140921409214094 0.64375 0.44037940379403795 0.64375 0.45528455284552843 0.64 0.45934959349593496 0.636875 0.45663956639566394 0.628125 0.44579945799457993 0.623125 0.42140921409214094 0.6225 0.4037940379403794 0.62625 0.4024390243902439 0.63625 0.42140921409214094 0.64375
1 0.3346883468834688 0.4525 0.33739837398373984 0.455625 0.34552845528455284 0.4575 0.3699186991869919 0.45625 0.3807588075880759 0.45 0.3807588075880759 0.441875 0.37398373983739835 0.4375 0.3509485094850949 0.438125 0.34010840108401086 0.441875 0.3346883468834688 0.445625 0.3346883468834688 0.4525
1 0.16124661246612465 0.449375 0.1802168021680217 0.449375 0.1937669376693767 0.4425 0.1910569105691057 0.43625 0.17750677506775067 0.43 0.15582655826558264 0.429375 0.14363143631436315 0.433125 0.14227642276422764 0.44 0.16124661246612465 0.449375
1 0.36449864498644985 0.53125 0.3875338753387534 0.53125 0.3943089430894309 0.529375 0.3997289972899729 0.5175 0.3875338753387534 0.51125 0.36720867208672087 0.51125 0.35636856368563685 0.51625 0.35365853658536583 0.524375 0.36449864498644985 0.53125
1 0.7506775067750677 0.58625 0.7710027100271003 0.586875 0.7804878048780488 0.584375 0.7831978319783198 0.576875 0.7669376693766937 0.564375 0.7506775067750677 0.56375 0.7371273712737128 0.566875 0.7344173441734417 0.5775 0.7506775067750677 0.58625
1 0.6314363143631436 0.664375 0.6463414634146342 0.665625 0.6612466124661247 0.6625 0.6639566395663956 0.650625 0.6585365853658537 0.64625 0.6463414634146342 0.64375 0.6314363143631436 0.64375 0.6205962059620597 0.646875 0.6178861788617886 0.6575 0.6314363143631436 0.664375
1 0.6910569105691057 0.525625 0.7208672086720868 0.525625 0.7344173441734417 0.519375 0.7344173441734417 0.514375 0.7249322493224932 0.509375 0.7018970189701897 0.50875 0.6856368563685636 0.5125 0.6829268292682927 0.519375 0.6910569105691057 0.525625
1 0.24525745257452575 0.319375 0.25609756097560976 0.320625 0.27235772357723576 0.316875 0.2750677506775068 0.30875 0.2696476964769648 0.3025 0.25338753387533874 0.2975 0.23441734417344173 0.296875 0.22899728997289973 0.29875 0.22628726287262874 0.309375 0.24525745257452575 0.319375
1 0.7073170731707317 0.68875 0.7181571815718157 0.695625 0.7411924119241192 0.696875 0.7520325203252033 0.693125 0.7560975609756098 0.685 0.7452574525745257 0.6775 0.7262872628726287 0.675625 0.7140921409214093 0.67875 0.7073170731707317 0.683125 0.7073170731707317 0.68875
1 0.33739837398373984 0.67 0.34823848238482386 0.675 0.36449864498644985 0.675 0.37398373983739835 0.671875 0.3780487804878049 0.6675 0.3780487804878049 0.654375 0.36720867208672087 0.6475 0.35636856368563685 0.6475 0.3523035230352303 0.649375 0.33739837398373984 0.658125 0.33739837398373984 0.67
1 0.483739837398374 0.571875 0.5040650406504065 0.57875 0.5176151761517616 0.57875 0.5365853658536586 0.57375 0.5338753387533876 0.564375 0.518970189701897 0.5575 0.497289972899729 0.555625 0.481029810298103 0.56 0.47831978319783197 0.565625 0.483739837398374 0.571875
1 0.7859078590785907 0.56 0.8048780487804879 0.558125 0.8184281842818428 0.55 0.8184281842818428 0.545 0.8102981029810298 0.540625 0.7940379403794038 0.540625 0.7804878048780488 0.545 0.7777777777777778 0.553125 0.7859078590785907 0.56
1 0.3048780487804878 0.33625 0.3265582655826558 0.33375 0.33739837398373984 0.3275 0.33739837398373984 0.319375 0.3238482384823848 0.315625 0.3021680216802168 0.316875 0.2940379403794038 0.321875 0.29132791327913277 0.33125 0.3048780487804878 0.33625
1 0.8265582655826558 0.3925 0.8373983739837398 0.39375 0.8509485094850948 0.39125 0.8590785907859079 0.385 0.8644986449864499 0.379375 0.8644986449864499 0.3725 0.8563685636856369 0.3675 0.8401084010840109 0.366875 0.8279132791327913 0.370625 0.8184281842818428 0.3775 0.8184281842818428 0.388125 0.8265582655826558 0.3925
1 0.45121951219512196 0.369375 0.4742547425474255 0.369375 0.48644986449864497 0.36375 0.489159891598916 0.354375 0.481029810298103 0.349375 0.45663956639566394 0.348125 0.44579945799457993 0.353125 0.44308943089430897 0.36375 0.45121951219512196 0.369375
1 0.44308943089430897 0.425 0.453929539295393 0.4275 0.47289972899729 0.426875 0.47289972899729 0.410625 0.4634146341463415 0.40625 0.44308943089430897 0.40625 0.43766937669376693 0.40875 0.4349593495934959 0.418125 0.44308943089430897 0.425
1 0.43224932249322495 0.4875 0.46476964769647694 0.4875 0.470189701897019 0.485 0.470189701897019 0.478125 0.4634146341463415 0.475625 0.4349593495934959 0.474375 0.42953929539295393 0.47625 0.4268292682926829 0.484375 0.43224932249322495 0.4875
1 0.6449864498644986 0.5975 0.6612466124661247 0.6 0.6775067750677507 0.591875 0.6775067750677507 0.57875 0.6747967479674797 0.576875 0.6531165311653117 0.576875 0.6449864498644986 0.58125 0.6422764227642277 0.595 0.6449864498644986 0.5975
1 0.42140921409214094 0.723125 0.43360433604336046 0.723125 0.44308943089430897 0.72 0.45121951219512196 0.713125 0.44850948509485095 0.70125 0.4349593495934959 0.6975 0.4241192411924119 0.69875 0.4105691056910569 0.70375 0.4105691056910569 0.71875 0.42140921409214094 0.723125
1 0.6558265582655827 0.323125 0.6720867208672087 0.321875 0.6829268292682927 0.315625 0.6829268292682927 0.306875 0.6775067750677507 0.3025 0.6720867208672087 0.3 0.6558265582655827 0.3 0.6449864498644986 0.30625 0.6449864498644986 0.319375 0.6558265582655827 0.323125
1 0.3265582655826558 0.6525 0.34146341463414637 0.6525 0.35636856368563685 0.645625 0.35907859078590787 0.63375 0.3509485094850949 0.625 0.3346883468834688 0.626875 0.32113821138211385 0.631875 0.3157181571815718 0.636875 0.3130081300813008 0.644375 0.3265582655826558 0.6525
1 0.5257452574525745 0.62625 0.5420054200542005 0.62625 0.5528455284552846 0.620625 0.5555555555555556 0.6125 0.5474254742547425 0.605625 0.5284552845528455 0.605 0.5149051490514905 0.610625 0.5121951219512195 0.6175 0.5257452574525745 0.62625
1 0.47560975609756095 0.71875 0.494579945799458 0.71625 0.497289972899729 0.711875 0.48644986449864497 0.69875 0.481029810298103 0.696875 0.462059620596206 0.696875 0.453929539295393 0.69875 0.453929539295393 0.71375 0.47560975609756095 0.71875
1 0.7588075880758808 0.40625 0.7750677506775068 0.408125 0.7926829268292683 0.406875 0.8021680216802168 0.40125 0.7994579945799458 0.39625 0.7899728997289973 0.393125 0.7642276422764228 0.39125 0.7506775067750677 0.39375 0.7479674796747967 0.40125 0.7588075880758808 0.40625