0 0.690625 0.23588039867109634 0.695 0.260797342192691 0.704375 0.27740863787375414 0.719375 0.28820598006644516 0.739375 0.28903654485049834 0.7525 0.2823920265780731 0.761875 0.27408637873754155 0.77 0.2599667774086379 0.7725 0.25083056478405313 0.77375 0.2217607973421927 0.77125 0.2101328903654485 0.76375 0.19435215946843853 0.745625 0.17940199335548174 0.72625 0.1777408637873754 0.714375 0.18272425249169436 0.7025 0.19601328903654486 0.695625 0.20681063122923588 0.693125 0.21511627906976744 0.690625 0.23588039867109634
1 0.583125 0.27740863787375414 0.575 0.2691029900332226 0.565 0.27159468438538203 0.558125 0.2799003322259136 0.556875 0.2865448504983389 0.5575 0.29401993355481726 0.565 0.3023255813953488 0.57125 0.3023255813953488 0.583125 0.29069767441860467 0.583125 0.27740863787375414
1 0.778125 0.6112956810631229 0.7875 0.6071428571428571 0.790625 0.6029900332225914 0.790625 0.5913621262458472 0.786875 0.5863787375415282 0.775625 0.5789036544850499 0.769375 0.579734219269103 0.765625 0.5830564784053156 0.763125 0.5921926910299004 0.764375 0.6004983388704319 0.76875 0.6071428571428571 0.778125 0.6112956810631229
1 0.60375 0.6669435215946844 0.59625 0.659468438538206 0.586875 0.659468438538206 0.579375 0.6686046511627907 0.581875 0.6818936877076412 0.58625 0.6885382059800664 0.59375 0.6885382059800664 0.60125 0.686046511627907 0.60375 0.6827242524916943 0.60375 0.6669435215946844
1 0.475625 0.5996677740863787 0.478125 0.5888704318936877 0.475625 0.5805647840531561 0.470625 0.5739202657807309 0.463125 0.5722591362126246 0.455625 0.574750830564784 0.449375 0.584717607973422 0.449375 0.5971760797342193 0.4575 0.6079734219269103 0.46875 0.606312292358804 0.475625 0.5996677740863787
1 0.555625 0.436046511627907 0.556875 0.4227574750830565 0.553125 0.4152823920265781 0.5475 0.4119601328903654 0.536875 0.41445182724252494 0.529375 0.4260797342192691 0.529375 0.4335548172757475 0.531875 0.44019933554817275 0.538125 0.44435215946843853 0.55 0.4426910299003322 0.555625 0.436046511627907
1 0.6725 0.6885382059800664 0.673125 0.6719269102990033 0.670625 0.665282392026578 0.66625 0.6619601328903655 0.65375 0.6619601328903655 0.648125 0.6669435215946844 0.645625 0.6802325581395349 0.646875 0.6868770764119602 0.650625 0.6918604651162791 0.66375 0.6943521594684385 0.6725 0.6885382059800664
1 0.5 0.47093023255813954 0.5 0.45514950166112955 0.495 0.44435215946843853 0.485625 0.4435215946843854 0.480625 0.4485049833887043 0.47875 0.45514950166112955 0.47875 0.47093023255813954 0.485625 0.48172757475083056 0.495625 0.4792358803986711 0.5 0.47093023255813954
1 0.785 0.4958471760797342 0.785625 0.48588039867109634 0.78375 0.48172757475083056 0.77875 0.4775747508305648 0.77375 0.4775747508305648 0.765625 0.48588039867109634 0.764375 0.5033222591362126 0.7675 0.5099667774086378 0.77375 0.510797342192691 0.778125 0.5083056478405316 0.785 0.4958471760797342
1 0.645625 0.5382059800664452 0.64625 0.5240863787375415 0.644375 0.5157807308970099 0.63375 0.5066445182724253 0.6275 0.5066445182724253 0.620625 0.5182724252491694 0.620625 0.5274086378737541 0.625 0.5382059800664452 0.63375 0.5448504983388704 0.640625 0.5440199335548173 0.645625 0.5382059800664452
1 0.764375 0.48255813953488375 0.769375 0.4792358803986711 0.77125 0.4742524916943522 0.77125 0.45598006644518274 0.7675 0.4476744186046512 0.759375 0.4435215946843854 0.753125 0.44601328903654486 0.748125 0.4568106312292359 0.748125 0.46677740863787376 0.750625 0.4742524916943522 0.758125 0.48255813953488375 0.764375 0.48255813953488375
1 0.72625 0.5473421926910299 0.7275 0.5290697674418605 0.72125 0.520764119601329 0.714375 0.520764119601329 0.709375 0.5240863787375415 0.70125 0.5365448504983389 0.70125 0.553156146179402 0.70375 0.5581395348837209 0.71 0.5622923588039868 0.71875 0.5589700996677741 0.72625 0.5473421926910299
1 0.461875 0.3978405315614618 0.4625 0.37375415282392027 0.454375 0.36627906976744184 0.439375 0.3687707641196013 0.43125 0.38289036544850497 0.43125 0.3978405315614618 0.43375 0.4053156146179402 0.43875 0.41029900332225916 0.451875 0.4111295681063123 0.45625 0.40780730897009965 0.461875 0.3978405315614618
1 0.5025 0.4210963455149502 0.495625 0.4119601328903654 0.48375 0.4111295681063123 0.474375 0.4186046511627907 0.47375 0.4260797342192691 0.47625 0.43023255813953487 0.48875 0.4418604651162791 0.498125 0.4418604651162791 0.503125 0.436046511627907 0.5025 0.4210963455149502
1 0.735 0.6146179401993356 0.73125 0.6029900332225914 0.72375 0.5971760797342193 0.7175 0.5980066445182725 0.713125 0.606312292358804 0.714375 0.6287375415282392 0.723125 0.6378737541528239 0.72875 0.6362126245847176 0.73375 0.6295681063122923 0.735 0.6146179401993356
1 0.480625 0.37209302325581395 0.485 0.36627906976744184 0.485625 0.34551495016611294 0.4825 0.3380398671096346 0.474375 0.3330564784053156 0.468125 0.3330564784053156 0.460625 0.34136212624584716 0.459375 0.36129568106312293 0.460625 0.36710963455149503 0.466875 0.3770764119601329 0.4725 0.3770764119601329 0.480625 0.37209302325581395
1 0.579375 0.3380398671096346 0.568125 0.33637873754152825 0.558125 0.3496677740863787 0.558125 0.3687707641196013 0.565 0.3787375415282392 0.575 0.37624584717607973 0.58375 0.36129568106312293 0.584375 0.34551495016611294 0.579375 0.3380398671096346
1 0.790625 0.4318936877076412 0.785625 0.4269102990033223 0.776875 0.4269102990033223 0.773125 0.43023255813953487 0.76875 0.4418604651162791 0.77125 0.45598006644518274 0.78 0.4659468438538206 0.78625 0.4642857142857143 0.790625 0.4584717607973422 0.790625 0.4318936877076412
1 0.56 0.3239202657807309 0.561875 0.31146179401993357 0.555625 0.29817275747508304 0.54625 0.29401993355481726 0.53375 0.29485049833887045 0.53125 0.29817275747508304 0.53125 0.3122923588039867 0.539375 0.32475083056478404 0.546875 0.3289036544850498 0.553125 0.3289036544850498 0.56 0.3239202657807309
1 0.6225 0.6370431893687708 0.609375 0.6353820598006644 0.60375 0.6428571428571429 0.605 0.6586378737541528 0.615625 0.670265780730897 0.62625 0.670265780730897 0.633125 0.6602990033222591 0.6325 0.6478405315614618 0.6225 0.6370431893687708
1 0.63875 0.6054817275747508 0.645 0.6121262458471761 0.65125 0.6146179401993356 0.661875 0.6112956810631229 0.66875 0.6021594684385382 0.66875 0.5863787375415282 0.66625 0.5805647840531561 0.66125 0.574750830564784 0.65625 0.5730897009966778 0.644375 0.5739202657807309 0.63875 0.5780730897009967 0.635 0.5888704318936877 0.635625 0.5980066445182725 0.63875 0.6054817275747508
1 0.6375 0.5564784053156147 0.6325 0.5448504983388704 0.625 0.5431893687707641 0.61875 0.5456810631229236 0.60875 0.563953488372093 0.60875 0.5722591362126246 0.615625 0.5822259136212624 0.625 0.5830564784053156 0.635 0.5739202657807309 0.6375 0.5564784053156147
1 0.5675 0.5149501661129569 0.561875 0.5049833887043189 0.555625 0.5008305647840532 0.546875 0.5 0.54 0.5066445182724253 0.54 0.5232558139534884 0.550625 0.5382059800664452 0.561875 0.542358803986711 0.5675 0.5357142857142857 0.5675 0.5149501661129569
1 0.611875 0.32558139534883723 0.6125 0.3131229235880399 0.6025 0.29983388704318936 0.591875 0.29651162790697677 0.585625 0.30066445182724255 0.583125 0.3073089700996678 0.58375 0.3181063122923588 0.59 0.3280730897009967 0.59625 0.3330564784053156 0.604375 0.3330564784053156 0.611875 0.32558139534883723
1 0.60375 0.7159468438538206 0.606875 0.7043189368770764 0.6075 0.696843853820598 0.60375 0.6885382059800664 0.5975 0.6868770764119602 0.59 0.6893687707641196 0.581875 0.7009966777408638 0.579375 0.7084717607973422 0.579375 0.7167774086378738 0.584375 0.7250830564784053 0.593125 0.7242524916943521 0.60375 0.7159468438538206
1 0.65875 0.40282392026578073 0.654375 0.39700996677740863 0.641875 0.38953488372093026 0.633125 0.3953488372093023 0.6325 0.41029900332225916 0.64 0.4219269102990033 0.646875 0.4269102990033223 0.654375 0.4269102990033223 0.65875 0.42358803986710963 0.65875 0.40282392026578073
1 0.47875 0.4543189368770764 0.480625 0.4435215946843854 0.4725 0.42524916943521596 0.459375 0.4169435215946844 0.45125 0.420265780730897 0.448125 0.43272425249169433 0.449375 0.44019933554817275 0.455 0.4476744186046512 0.46625 0.4584717607973422 0.475625 0.4584717607973422 0.47875 0.4543189368770764
1 0.5025 0.6985049833887044 0.493125 0.7026578073089701 0.48875 0.7084717607973422 0.486875 0.7167774086378738 0.49375 0.7275747508305648 0.5025 0.7267441860465116 0.51 0.71843853820598 0.51 0.7051495016611296 0.5025 0.6985049833887044
1 0.75 0.48421926910299 0.741875 0.47591362126245845 0.7325 0.4775747508305648 0.724375 0.4850498338870432 0.7225 0.4908637873754153 0.724375 0.5024916943521595 0.73125 0.5099667774086378 0.741875 0.5099667774086378 0.75 0.5 0.75 0.48421926910299
1 0.441875 0.3131229235880399 0.4475 0.3064784053156146 0.449375 0.29069767441860467 0.446875 0.2807308970099668 0.44125 0.27408637873754155 0.434375 0.27408637873754155 0.429375 0.27740863787375414 0.42375 0.2865448504983389 0.424375 0.3081395348837209 0.429375 0.31561461794019935 0.434375 0.31727574750830567 0.441875 0.3131229235880399
1 0.525625 0.4003322259136213 0.525625 0.38953488372093026 0.519375 0.37624584717607973 0.51375 0.3729235880398671 0.505 0.3754152823920266 0.5025 0.3812292358803987 0.5025 0.3953488372093023 0.51 0.40863787375415284 0.516875 0.41029900332225916 0.52125 0.40780730897009965 0.525625 0.4003322259136213
1 0.4475 0.45182724252491696 0.4475 0.4435215946843854 0.4425 0.4368770764119601 0.43625 0.43521594684385384 0.428125 0.4418604651162791 0.424375 0.4526578073089701 0.424375 0.45930232558139533 0.428125 0.4676079734219269 0.43625 0.4700996677740864 0.44125 0.46677740863787376 0.4475 0.45182724252491696
1 0.47875 0.5340531561461794 0.4675 0.5348837209302325 0.4625 0.5440199335548173 0.4625 0.5523255813953488 0.471875 0.5647840531561462 0.4825 0.5656146179401993 0.49 0.5589700996677741 0.49 0.5473421926910299 0.47875 0.5340531561461794
1 0.52125 0.3588039867109635 0.520625 0.3446843853820598 0.518125 0.3388704318936877 0.5125 0.33554817275747506 0.503125 0.33554817275747506 0.49375 0.3438538205980066 0.49375 0.3596345514950166 0.49875 0.36794019933554817 0.515 0.36794019933554817 0.519375 0.3646179401993355 0.52125 0.3588039867109635
1 0.6325 0.7126245847176079 0.63375 0.7018272425249169 0.63 0.6918604651162791 0.6175 0.6893687707641196 0.60875 0.6951827242524917 0.60625 0.7068106312292359 0.60625 0.71843853820598 0.60875 0.7209302325581395 0.615 0.723421926910299 0.624375 0.7217607973421927 0.6325 0.7126245847176079
1 0.5075 0.3338870431893688 0.515625 0.32059800664451826 0.516875 0.31478405315614616 0.515 0.3089700996677741 0.50625 0.30066445182724255 0.495 0.30066445182724255 0.490625 0.303156146179402 0.4825 0.31478405315614616 0.4825 0.3239202657807309 0.485625 0.3330564784053156 0.4925 0.3372093023255814 0.5075 0.3338870431893688
1 0.6275 0.29651162790697677 0.618125 0.29485049833887045 0.613125 0.29900332225913623 0.613125 0.313953488372093 0.620625 0.32641196013289037 0.63 0.3289036544850498 0.635625 0.3222591362126246 0.635 0.3064784053156146 0.6275 0.29651162790697677
1 0.485625 0.4061461794019934 0.488125 0.39368770764119604 0.48875 0.3862126245847176 0.485625 0.3754152823920266 0.48125 0.3729235880398671 0.474375 0.3745847176079734 0.465625 0.3853820598006645 0.4625 0.39285714285714285 0.4625 0.40863787375415284 0.4675 0.4161129568106312 0.474375 0.4169435215946844 0.485625 0.4061461794019934
1 0.60125 0.5523255813953488 0.604375 0.5481727574750831 0.60625 0.5382059800664452 0.60375 0.5307308970099668 0.59625 0.5199335548172758 0.58875 0.5149501661129569 0.58125 0.5149501661129569 0.575 0.5199335548172758 0.57625 0.5390365448504983 0.58625 0.5506644518272426 0.59625 0.5539867109634552 0.60125 0.5523255813953488
1 0.6275 0.7541528239202658 0.6225 0.7408637873754153 0.618125 0.7367109634551495 0.60875 0.739202657807309 0.60625 0.7441860465116279 0.6075 0.7649501661129569 0.615625 0.7740863787375415 0.620625 0.7732558139534884 0.625 0.7674418604651163 0.6275 0.7541528239202658
1 0.593125 0.25830564784053156 0.59875 0.24584717607973422 0.5975 0.23588039867109634 0.593125 0.2292358803986711 0.589375 0.22674418604651161 0.58125 0.22757475083056478 0.57125 0.2367109634551495 0.57125 0.25 0.575625 0.2599667774086379 0.58625 0.2632890365448505 0.593125 0.25830564784053156
1 0.755625 0.7799003322259136 0.75625 0.7657807308970099 0.749375 0.7558139534883721 0.740625 0.7566445182724253 0.73375 0.7649501661129569 0.73125 0.771594684385382 0.7325 0.78156146179402 0.738125 0.7898671096345515 0.7425 0.7915282392026578 0.75 0.7890365448504983 0.755625 0.7799003322259136
1 0.549375 0.39867109634551495 0.5525 0.3911960132890365 0.553125 0.3770764119601329 0.548125 0.36212624584717606 0.54 0.35299003322259137 0.526875 0.3538205980066445 0.521875 0.36295681063122925 0.521875 0.3795681063122924 0.52875 0.3953488372093023 0.535625 0.4019933554817276 0.54125 0.40282392026578073 0.549375 0.39867109634551495
1 0.505 0.20681063122923588 0.4925 0.2059800664451827 0.48375 0.21677740863787376 0.48375 0.23172757475083056 0.489375 0.23837209302325582 0.496875 0.23837209302325582 0.51 0.2292358803986711 0.51 0.21262458471760798 0.505 0.20681063122923588
1 0.6275 0.2649501661129568 0.6175 0.25664451827242524 0.610625 0.2558139534883721 0.605 0.2591362126245847 0.599375 0.2691029900332226 0.60125 0.27906976744186046 0.6125 0.28820598006644516 0.62 0.28820598006644516 0.6275 0.2799003322259136 0.6275 0.2649501661129568
1 0.464375 0.4568106312292359 0.45875 0.4485049833887043 0.45125 0.4485049833887043 0.443125 0.46179401993355484 0.443125 0.4808970099667774 0.4525 0.4941860465116279 0.45875 0.4941860465116279 0.46125 0.49169435215946844 0.465 0.4808970099667774 0.464375 0.4568106312292359
1 0.630625 0.22674418604651161 0.624375 0.21760797342192692 0.613125 0.21511627906976744 0.601875 0.223421926910299 0.6 0.2350498338870432 0.60625 0.25 0.6175 0.25249169435215946 0.6275 0.24916943521594684 0.630625 0.2441860465116279 0.630625 0.22674418604651161