1 0.46747967479674796 0.481875 0.462059620596206 0.484375 0.46476964769647694 0.496875 0.47560975609756095 0.5 0.4905149051490515 0.499375 0.5013550135501355 0.494375 0.5 0.485 0.491869918699187 0.480625 0.46747967479674796 0.481875
1 0.24796747967479674 0.3975 0.24525745257452575 0.40375 0.25609756097560976 0.41 0.2777777777777778 0.410625 0.2859078590785908 0.406875 0.2859078590785908 0.400625 0.2750677506775068 0.393125 0.2588075880758808 0.3925 0.24796747967479674 0.3975
1 0.2682926829268293 0.466875 0.26151761517615174 0.470625 0.26151761517615174 0.47875 0.2696476964769648 0.483125 0.2886178861788618 0.483125 0.3048780487804878 0.478125 0.3048780487804878 0.469375 0.2940379403794038 0.46375 0.2682926829268293 0.466875
1 0.6612466124661247 0.37 0.6531165311653117 0.37375 0.6558265582655827 0.381875 0.6693766937669376 0.384375 0.6856368563685636 0.384375 0.7046070460704607 0.379375 0.7046070460704607 0.3725 0.6964769647696477 0.37 0.6612466124661247 0.37
1 0.4051490514905149 0.508125 0.42140921409214094 0.513125 0.44037940379403795 0.51125 0.45121951219512196 0.505 0.45121951219512196 0.499375 0.43766937669376693 0.495 0.4105691056910569 0.50125 0.4051490514905149 0.508125
1 0.7764227642276422 0.4825 0.7750677506775068 0.49 0.7886178861788617 0.495 0.8048780487804879 0.494375 0.8157181571815718 0.49 0.8157181571815718 0.483125 0.8075880758807588 0.47875 0.7886178861788617 0.47875 0.7764227642276422 0.4825
1 0.6070460704607046 0.435 0.6043360433604336 0.439375 0.6097560975609756 0.446875 0.6178861788617886 0.449375 0.6409214092140921 0.44875 0.6449864498644986 0.445625 0.6436314363143631 0.4375 0.6287262872628726 0.4325 0.6070460704607046 0.435
1 0.14498644986449866 0.435 0.13008130081300814 0.431875 0.11246612466124661 0.4325 0.1043360433604336 0.43625 0.1043360433604336 0.4425 0.11246612466124661 0.446875 0.12872628726287264 0.449375 0.14498644986449866 0.446875 0.15311653116531165 0.443125 0.15311653116531165 0.439375 0.14498644986449866 0.435
1 0.5040650406504065 0.435 0.494579945799458 0.435 0.483739837398374 0.438125 0.481029810298103 0.4425 0.489159891598916 0.45375 0.497289972899729 0.45625 0.5094850948509485 0.455 0.5176151761517616 0.45 0.5176151761517616 0.443125 0.5121951219512195 0.4375 0.5040650406504065 0.435
1 0.5067750677506775 0.421875 0.5040650406504065 0.434375 0.5094850948509485 0.436875 0.5338753387533876 0.43625 0.5474254742547425 0.431875 0.5474254742547425 0.425 0.5392953929539296 0.420625 0.5203252032520326 0.41875 0.5067750677506775 0.421875
1 0.7615176151761518 0.3075 0.7696476964769647 0.31 0.7859078590785907 0.309375 0.7967479674796748 0.30125 0.7940379403794038 0.293125 0.7777777777777778 0.290625 0.7615176151761518 0.295625 0.7615176151761518 0.3075
1 0.6747967479674797 0.188125 0.6720867208672087 0.2 0.6802168021680217 0.203125 0.7046070460704607 0.20125 0.7208672086720868 0.193125 0.7208672086720868 0.1875 0.7127371273712737 0.184375 0.6991869918699187 0.18375 0.6747967479674797 0.188125
1 0.2994579945799458 0.32875 0.2967479674796748 0.335 0.3048780487804878 0.34125 0.3252032520325203 0.34125 0.34010840108401086 0.33375 0.34010840108401086 0.326875 0.3333333333333333 0.3225 0.3157181571815718 0.3225 0.2994579945799458 0.32875
1 0.3048780487804878 0.45625 0.3021680216802168 0.465625 0.3075880758807588 0.470625 0.3157181571815718 0.473125 0.3346883468834688 0.473125 0.34552845528455284 0.468125 0.34552845528455284 0.463125 0.3319783197831978 0.455625 0.3048780487804878 0.45625
1 0.7818428184281843 0.459375 0.7804878048780488 0.46875 0.7967479674796748 0.475625 0.8130081300813008 0.475625 0.8238482384823849 0.47125 0.8238482384823849 0.4625 0.8184281842818428 0.45875 0.7940379403794038 0.45625 0.7818428184281843 0.459375
1 0.3888888888888889 0.465625 0.3861788617886179 0.473125 0.3997289972899729 0.478125 0.4159891598915989 0.478125 0.4268292682926829 0.473125 0.4268292682926829 0.4675 0.4186991869918699 0.463125 0.3997289972899729 0.4625 0.3888888888888889 0.465625
1 0.34552845528455284 0.3725 0.33739837398373984 0.375 0.34010840108401086 0.3875 0.35365853658536583 0.3925 0.37533875338753386 0.39125 0.3807588075880759 0.386875 0.3780487804878049 0.380625 0.35636856368563685 0.3725 0.34552845528455284 0.3725
1 0.462059620596206 0.569375 0.45934959349593496 0.57375 0.46747967479674796 0.58125 0.48644986449864497 0.58375 0.497289972899729 0.581875 0.5013550135501355 0.5725 0.491869918699187 0.566875 0.46747967479674796 0.566875 0.462059620596206 0.569375
1 0.4986449864498645 0.69375 0.47831978319783197 0.694375 0.47560975609756095 0.7025 0.4796747967479675 0.7075 0.494579945799458 0.71125 0.5040650406504065 0.71125 0.5149051490514905 0.708125 0.5176151761517616 0.701875 0.513550135501355 0.698125 0.4986449864498645 0.69375
1 0.1070460704607046 0.515 0.1043360433604336 0.524375 0.11788617886178862 0.529375 0.13956639566395665 0.529375 0.15582655826558264 0.5225 0.15582655826558264 0.516875 0.14498644986449866 0.51125 0.11788617886178862 0.51125 0.1070460704607046 0.515
1 0.34552845528455284 0.408125 0.3428184281842818 0.416875 0.3509485094850949 0.421875 0.36720867208672087 0.4225 0.3780487804878049 0.418125 0.3807588075880759 0.40875 0.37262872628726285 0.403125 0.35365853658536583 0.403125 0.34552845528455284 0.408125
1 0.13956639566395665 0.5475 0.13685636856368563 0.5575 0.15311653116531165 0.561875 0.17208672086720866 0.560625 0.18292682926829268 0.556875 0.1802168021680217 0.55 0.16395663956639567 0.545625 0.14498644986449866 0.545625 0.13956639566395665 0.5475
1 0.36449864498644985 0.28125 0.34823848238482386 0.285625 0.3428184281842818 0.288125 0.3428184281842818 0.294375 0.3509485094850949 0.3 0.37533875338753386 0.3 0.3888888888888889 0.294375 0.3888888888888889 0.284375 0.3807588075880759 0.281875 0.36449864498644985 0.28125
1 0.33739837398373984 0.409375 0.31029810298102983 0.408125 0.2994579945799458 0.410625 0.29132791327913277 0.414375 0.29132791327913277 0.421875 0.2994579945799458 0.425 0.3130081300813008 0.426875 0.3319783197831978 0.425 0.34010840108401086 0.421875 0.3428184281842818 0.413125 0.33739837398373984 0.409375
1 0.5528455284552846 0.56375 0.5501355013550135 0.566875 0.5609756097560976 0.57625 0.575880758807588 0.57625 0.5907859078590786 0.569375 0.5907859078590786 0.561875 0.5867208672086721 0.56 0.5772357723577236 0.55875 0.5528455284552846 0.56375
1 0.44715447154471544 0.470625 0.44308943089430897 0.473125 0.45934959349593496 0.481875 0.481029810298103 0.480625 0.489159891598916 0.478125 0.489159891598916 0.473125 0.4796747967479675 0.46875 0.45121951219512196 0.46875 0.44715447154471544 0.470625
1 0.7615176151761518 0.545 0.7588075880758808 0.550625 0.7669376693766937 0.556875 0.7872628726287263 0.55875 0.7994579945799458 0.555 0.7994579945799458 0.548125 0.7899728997289973 0.5425 0.7723577235772358 0.54125 0.7615176151761518 0.545
1 0.42140921409214094 0.438125 0.4105691056910569 0.4425 0.4078590785907859 0.445625 0.4159891598915989 0.455625 0.4268292682926829 0.4575 0.44308943089430897 0.4575 0.44850948509485095 0.455625 0.45121951219512196 0.446875 0.4444444444444444 0.441875 0.42140921409214094 0.438125
1 0.11788617886178862 0.57125 0.12872628726287264 0.57375 0.14227642276422764 0.57375 0.15311653116531165 0.570625 0.15311653116531165 0.5625 0.14363143631436315 0.558125 0.11788617886178862 0.558125 0.11788617886178862 0.57125
1 0.31842818428184283 0.4375 0.3157181571815718 0.446875 0.3265582655826558 0.45375 0.33739837398373984 0.455 0.35365853658536583 0.451875 0.35907859078590787 0.444375 0.34823848238482386 0.438125 0.33604336043360433 0.43625 0.31842818428184283 0.4375
1 0.31842818428184283 0.39375 0.3224932249322493 0.4075 0.34417344173441733 0.40875 0.35636856368563685 0.40125 0.34959349593495936 0.39 0.3319783197831978 0.388125 0.3224932249322493 0.39125 0.31842818428184283 0.39375
1 0.18834688346883469 0.406875 0.17886178861788618 0.409375 0.17479674796747968 0.411875 0.17479674796747968 0.418125 0.1856368563685637 0.421875 0.20596205962059622 0.4225 0.22086720867208673 0.41875 0.22086720867208673 0.413125 0.2046070460704607 0.406875 0.18834688346883469 0.406875
1 0.3617886178861789 0.446875 0.35636856368563685 0.449375 0.35365853658536583 0.46 0.36720867208672087 0.46625 0.3861788617886179 0.468125 0.3943089430894309 0.463125 0.3943089430894309 0.458125 0.3861788617886179 0.449375 0.37669376693766937 0.446875 0.3617886178861789 0.446875
1 0.497289972899729 0.59125 0.497289972899729 0.6 0.5067750677506775 0.603125 0.5311653116531165 0.603125 0.5420054200542005 0.5975 0.5420054200542005 0.591875 0.5338753387533876 0.586875 0.5094850948509485 0.586875 0.497289972899729 0.59125
1 0.5962059620596206 0.57875 0.573170731707317 0.58 0.5691056910569106 0.585 0.5745257452574526 0.591875 0.5826558265582655 0.595 0.6043360433604336 0.595 0.6097560975609756 0.591875 0.6097560975609756 0.58625 0.6016260162601627 0.58125 0.5962059620596206 0.57875
1 0.16124661246612465 0.56875 0.15311653116531165 0.5725 0.15040650406504066 0.576875 0.15582655826558264 0.581875 0.16395663956639567 0.584375 0.1910569105691057 0.58375 0.2018970189701897 0.57875 0.2018970189701897 0.571875 0.1910569105691057 0.5675 0.16124661246612465 0.56875
1 0.36720867208672087 0.315625 0.36720867208672087 0.33125 0.37533875338753386 0.33375 0.39295392953929537 0.33125 0.3997289972899729 0.325 0.3970189701897019 0.314375 0.3861788617886179 0.31 0.3807588075880759 0.31 0.36720867208672087 0.315625
1 0.3915989159891599 0.47625 0.38346883468834686 0.480625 0.3807588075880759 0.4875 0.3888888888888889 0.495 0.4051490514905149 0.4975 0.42140921409214094 0.495 0.4241192411924119 0.485 0.42005420054200543 0.48125 0.3970189701897019 0.47625 0.3915989159891599 0.47625
1 0.8265582655826558 0.35125 0.8157181571815718 0.35625 0.8130081300813008 0.36625 0.8157181571815718 0.369375 0.8238482384823849 0.37125 0.8428184281842819 0.37 0.8563685636856369 0.361875 0.8563685636856369 0.354375 0.8482384823848238 0.350625 0.8265582655826558 0.35125
1 0.3075880758807588 0.350625 0.3021680216802168 0.3525 0.2994579945799458 0.3625 0.3130081300813008 0.37 0.33739837398373984 0.37 0.3428184281842818 0.3675 0.3428184281842818 0.36 0.32926829268292684 0.3525 0.3224932249322493 0.350625 0.3075880758807588 0.350625
1 0.21002710027100271 0.508125 0.1897018970189702 0.51 0.1856368563685637 0.51375 0.1856368563685637 0.52375 0.1910569105691057 0.52875 0.21138211382113822 0.529375 0.22628726287262874 0.52125 0.22628726287262874 0.515 0.22086720867208673 0.51 0.21002710027100271 0.508125
1 0.45121951219512196 0.45625 0.44850948509485095 0.460625 0.45934959349593496 0.468125 0.4878048780487805 0.46875 0.494579945799458 0.465625 0.494579945799458 0.45875 0.48644986449864497 0.45375 0.45934959349593496 0.4525 0.45121951219512196 0.45625
1 0.7127371273712737 0.47625 0.7100271002710027 0.484375 0.7208672086720868 0.48875 0.7425474254742548 0.48875 0.7506775067750677 0.485 0.7533875338753387 0.47875 0.7439024390243902 0.47375 0.7208672086720868 0.473125 0.7127371273712737 0.47625
1 0.13414634146341464 0.53125 0.13143631436314362 0.539375 0.14227642276422764 0.545 0.15853658536585366 0.544375 0.17208672086720866 0.539375 0.17479674796747968 0.529375 0.17073170731707318 0.52625 0.14769647696476965 0.52625 0.13414634146341464 0.53125
1 0.6151761517615176 0.244375 0.6205962059620597 0.24875 0.6476964769647696 0.24625 0.6639566395663956 0.235625 0.6639566395663956 0.2325 0.6422764227642277 0.22875 0.6178861788617886 0.2325 0.6151761517615176 0.244375
1 0.6368563685636857 0.62 0.6368563685636857 0.62875 0.6544715447154471 0.63 0.6720867208672087 0.62625 0.6747967479674797 0.619375 0.6693766937669376 0.615 0.6422764227642277 0.615625 0.6368563685636857 0.62
1 0.6788617886178862 0.493125 0.6747967479674797 0.50125 0.6829268292682927 0.504375 0.7181571815718157 0.504375 0.7289972899728997 0.499375 0.7289972899728997 0.494375 0.7140921409214093 0.48875 0.6883468834688347 0.49 0.6788617886178862 0.493125
1 0.7831978319783198 0.509375 0.7601626016260162 0.51 0.7533875338753387 0.514375 0.7533875338753387 0.520625 0.7574525745257452 0.523125 0.7669376693766937 0.52625 0.7940379403794038 0.52625 0.7994579945799458 0.521875 0.7967479674796748 0.514375 0.7831978319783198 0.509375
1 0.3861788617886179 0.43 0.3807588075880759 0.431875 0.3807588075880759 0.44 0.3915989159891599 0.444375 0.4105691056910569 0.444375 0.42140921409214094 0.439375 0.42140921409214094 0.43375 0.41192411924119243 0.429375 0.3861788617886179 0.43
1 0.45934959349593496 0.4375 0.453929539295393 0.44 0.45663956639566394 0.45 0.46476964769647694 0.4525 0.47696476964769646 0.4525 0.483739837398374 0.449375 0.481029810298103 0.439375 0.470189701897019 0.436875 0.45934959349593496 0.4375
1 0.42953929539295393 0.473125 0.42140921409214094 0.476875 0.4268292682926829 0.486875 0.4349593495934959 0.489375 0.44850948509485095 0.48875 0.45663956639566394 0.485 0.45663956639566394 0.479375 0.44850948509485095 0.473125 0.42953929539295393 0.473125
1 0.25609756097560976 0.45125 0.25609756097560976 0.46 0.2696476964769648 0.465 0.29132791327913277 0.46375 0.2994579945799458 0.46 0.2994579945799458 0.4525 0.2886178861788618 0.448125 0.26422764227642276 0.448125 0.25609756097560976 0.45125
1 0.7208672086720868 0.326875 0.7127371273712737 0.33 0.7100271002710027 0.338125 0.7127371273712737 0.340625 0.7235772357723578 0.3425 0.7411924119241192 0.34125 0.7533875338753387 0.335 0.7533875338753387 0.3275 0.7425474254742548 0.325625 0.7208672086720868 0.326875
1 0.5474254742547425 0.469375 0.5474254742547425 0.484375 0.5609756097560976 0.4875 0.5772357723577236 0.485 0.5826558265582655 0.480625 0.5799457994579946 0.469375 0.5718157181571816 0.46625 0.5582655826558266 0.46625 0.5474254742547425 0.469375
1 0.5989159891598916 0.484375 0.6097560975609756 0.494375 0.6355013550135501 0.49375 0.6395663956639567 0.486875 0.6287262872628726 0.478125 0.6124661246612466 0.476875 0.6016260162601627 0.480625 0.5989159891598916 0.484375
1 0.45663956639566394 0.260625 0.44308943089430897 0.264375 0.43766937669376693 0.268125 0.43766937669376693 0.273125 0.45121951219512196 0.278125 0.4742547425474255 0.278125 0.48644986449864497 0.2725 0.483739837398374 0.265 0.470189701897019 0.260625 0.45663956639566394 0.260625
1 0.8387533875338753 0.44625 0.8346883468834688 0.449375 0.8346883468834688 0.45875 0.8428184281842819 0.4625 0.8536585365853658 0.463125 0.8672086720867209 0.45625 0.8672086720867209 0.449375 0.8577235772357723 0.444375 0.8387533875338753 0.44625
1 0.7208672086720868 0.576875 0.7127371273712737 0.58 0.7127371273712737 0.59375 0.7235772357723578 0.598125 0.7330623306233063 0.598125 0.7425474254742548 0.595 0.7452574525745257 0.59125 0.7398373983739838 0.58125 0.7303523035230353 0.576875 0.7208672086720868 0.576875
1 0.592140921409214 0.52 0.5907859078590786 0.53125 0.5989159891598916 0.535625 0.6151761517615176 0.5375 0.6287262872628726 0.5325 0.6287262872628726 0.52375 0.6178861788617886 0.51625 0.6016260162601627 0.51625 0.592140921409214 0.52
1 0.2804878048780488 0.54875 0.2750677506775068 0.546875 0.26151761517615174 0.546875 0.2506775067750677 0.55 0.24525745257452575 0.553125 0.24525745257452575 0.558125 0.2506775067750677 0.5625 0.26422764227642276 0.565625 0.2804878048780488 0.56375 0.2859078590785908 0.56 0.2859078590785908 0.551875 0.2804878048780488 0.54875
1 0.516260162601626 0.569375 0.5121951219512195 0.5725 0.5121951219512195 0.581875 0.5203252032520326 0.584375 0.5447154471544715 0.58375 0.5582655826558266 0.575625 0.5474254742547425 0.566875 0.5230352303523035 0.566875 0.516260162601626 0.569375
1 0.2953929539295393 0.306875 0.2777777777777778 0.309375 0.27235772357723576 0.3125 0.2750677506775068 0.32 0.28319783197831977 0.324375 0.3048780487804878 0.326875 0.3157181571815718 0.321875 0.3157181571815718 0.314375 0.31029810298102983 0.31 0.2953929539295393 0.306875
1 0.6788617886178862 0.595625 0.6747967479674797 0.6 0.6856368563685636 0.605 0.7018970189701897 0.605625 0.7154471544715447 0.603125 0.7181571815718157 0.598125 0.7127371273712737 0.59375 0.6937669376693767 0.593125 0.6788617886178862 0.595625
1 0.6856368563685636 0.53125 0.6693766937669376 0.533125 0.6666666666666666 0.545625 0.6707317073170732 0.55 0.6775067750677507 0.5525 0.7032520325203252 0.5525 0.7073170731707317 0.550625 0.7073170731707317 0.5425 0.6991869918699187 0.535625 0.6856368563685636 0.53125
1 0.513550135501355 0.350625 0.5 0.3525 0.497289972899729 0.3625 0.5040650406504065 0.369375 0.5149051490514905 0.37125 0.5271002710027101 0.37 0.5338753387533876 0.36625 0.5338753387533876 0.36 0.5284552845528455 0.355625 0.513550135501355 0.350625
1 0.7886178861788617 0.419375 0.7859078590785907 0.426875 0.7940379403794038 0.431875 0.8184281842818428 0.431875 0.8319783197831978 0.42625 0.8319783197831978 0.420625 0.8238482384823849 0.416875 0.8102981029810298 0.41625 0.7886178861788617 0.419375
1 0.38346883468834686 0.2975 0.3807588075880759 0.30875 0.3997289972899729 0.315625 0.4078590785907859 0.314375 0.4186991869918699 0.305 0.4132791327913279 0.2975 0.4024390243902439 0.294375 0.3915989159891599 0.294375 0.38346883468834686 0.2975
1 0.5474254742547425 0.220625 0.5447154471544715 0.2325 0.5555555555555556 0.238125 0.5636856368563685 0.238125 0.5772357723577236 0.2325 0.5772357723577236 0.22 0.5677506775067751 0.216875 0.5582655826558266 0.216875 0.5474254742547425 0.220625
1 0.2926829268292683 0.574375 0.2859078590785908 0.57875 0.2886178861788618 0.586875 0.2994579945799458 0.589375 0.31842818428184283 0.5875 0.3265582655826558 0.5775 0.3238482384823848 0.574375 0.3143631436314363 0.571875 0.2926829268292683 0.574375
1 0.7479674796747967 0.49 0.7384823848238482 0.493125 0.7344173441734417 0.4975 0.7425474254742548 0.504375 0.7506775067750677 0.50625 0.7723577235772358 0.50625 0.7859078590785907 0.50125 0.7831978319783198 0.495 0.7642276422764228 0.49 0.7479674796747967 0.49
1 0.33739837398373984 0.483125 0.3265582655826558 0.4875 0.3238482384823848 0.495 0.3346883468834688 0.50125 0.35772357723577236 0.500625 0.3617886178861789 0.4975 0.3617886178861789 0.49 0.35772357723577236 0.486875 0.34552845528455284 0.483125 0.33739837398373984 0.483125