1 0.6129568106312292 0.748125 0.6229235880398671 0.751875 0.6237541528239202 0.7625 0.6196013289036545 0.77125 0.6112956810631229 0.776875 0.6054817275747508 0.776875 0.5980066445182725 0.7725 0.595514950166113 0.76875 0.595514950166113 0.759375 0.6029900332225914 0.749375 0.6121262458471761 0.748125
1 0.5058139534883721 0.689375 0.5116279069767442 0.6925 0.5099667774086378 0.7025 0.5008305647840532 0.71125 0.49169435215946844 0.7125 0.4833887043189369 0.711875 0.47674418604651164 0.70875 0.47591362126245845 0.69875 0.4883720930232558 0.69 0.5049833887043189 0.689375
1 0.6719269102990033 0.643125 0.6785714285714286 0.648125 0.6785714285714286 0.655625 0.6694352159468439 0.665 0.6619601328903655 0.6675 0.6495016611295681 0.665 0.6461794019933554 0.66125 0.6461794019933554 0.65375 0.654485049833887 0.64375 0.6710963455149501 0.643125
1 0.40282392026578073 0.46 0.40946843853820597 0.461875 0.41777408637873753 0.47 0.4161129568106312 0.4775 0.40365448504983387 0.483125 0.3911960132890365 0.48 0.3845514950166113 0.47125 0.38704318936877075 0.463125 0.39285714285714285 0.46 0.4019933554817276 0.46
1 0.5523255813953488 0.735 0.5581395348837209 0.74125 0.5556478405315615 0.750625 0.542358803986711 0.75625 0.5274086378737541 0.7525 0.5240863787375415 0.748125 0.5249169435215947 0.743125 0.5282392026578073 0.7375 0.5357142857142857 0.73375 0.5514950166112956 0.735
1 0.4941860465116279 0.510625 0.49750830564784054 0.515 0.4958471760797342 0.525 0.4908637873754153 0.53125 0.4850498338870432 0.5325 0.47674418604651164 0.5325 0.4700996677740864 0.529375 0.4692691029900332 0.51875 0.48172757475083056 0.50875 0.4883720930232558 0.508125 0.49335548172757476 0.510625
1 0.7134551495016611 0.50875 0.7217607973421927 0.51125 0.7275747508305648 0.518125 0.7250830564784053 0.525 0.7142857142857143 0.53 0.6993355481727574 0.529375 0.6918604651162791 0.523125 0.6918604651162791 0.5175 0.6993355481727574 0.51 0.7126245847176079 0.50875
1 0.5166112956810631 0.48 0.5257475083056479 0.483125 0.5340531561461794 0.494375 0.5290697674418605 0.50375 0.5249169435215947 0.50625 0.5083056478405316 0.504375 0.5024916943521595 0.496875 0.5016611295681063 0.4925 0.5049833887043189 0.484375 0.5116279069767442 0.48 0.5157807308970099 0.48
1 0.3347176079734219 0.390625 0.34551495016611294 0.39375 0.3504983388704319 0.40125 0.3488372093023256 0.41125 0.3380398671096346 0.418125 0.3280730897009967 0.41625 0.31893687707641194 0.40625 0.32142857142857145 0.394375 0.3272425249169435 0.39125 0.3338870431893688 0.390625
1 0.6004983388704319 0.4175 0.6112956810631229 0.424375 0.6104651162790697 0.434375 0.6021594684385382 0.439375 0.5888704318936877 0.4375 0.579734219269103 0.428125 0.5805647840531561 0.421875 0.5855481727574751 0.418125 0.5996677740863787 0.4175
1 0.42857142857142855 0.641875 0.43521594684385384 0.643125 0.4393687707641196 0.648125 0.4418604651162791 0.656875 0.44019933554817275 0.671875 0.42358803986710963 0.66875 0.41445182724252494 0.659375 0.4161129568106312 0.64625 0.420265780730897 0.643125 0.4277408637873754 0.6425
1 0.5406976744186046 0.544375 0.5473421926910299 0.54625 0.5539867109634552 0.553125 0.5523255813953488 0.560625 0.5473421926910299 0.564375 0.5406976744186046 0.565625 0.5232558139534884 0.56375 0.5182724252491694 0.556875 0.5199335548172758 0.55 0.5249169435215947 0.545625 0.532392026578073 0.543125 0.5398671096345515 0.544375
1 0.5930232558139535 0.5625 0.5963455149501661 0.56625 0.595514950166113 0.574375 0.5913621262458472 0.578125 0.5830564784053156 0.58 0.5739202657807309 0.58 0.5664451827242525 0.57375 0.5672757475083057 0.56375 0.5722591362126246 0.560625 0.5921926910299004 0.5625
1 0.654485049833887 0.3675 0.6644518272425249 0.3725 0.665282392026578 0.383125 0.659468438538206 0.39125 0.6503322259136213 0.39625 0.6378737541528239 0.394375 0.6345514950166113 0.385 0.6420265780730897 0.3725 0.6470099667774086 0.36875 0.6536544850498339 0.3675
1 0.38704318936877075 0.480625 0.3978405315614618 0.4825 0.4019933554817276 0.48625 0.40282392026578073 0.491875 0.39700996677740863 0.500625 0.3911960132890365 0.505 0.3812292358803987 0.508125 0.37209302325581395 0.50625 0.36627906976744184 0.50125 0.36794019933554817 0.49 0.3754152823920266 0.48375 0.3862126245847176 0.48125
1 0.617109634551495 0.495 0.6229235880398671 0.5 0.6229235880398671 0.508125 0.6162790697674418 0.515625 0.6096345514950167 0.5175 0.595514950166113 0.513125 0.5913621262458472 0.509375 0.5913621262458472 0.504375 0.5963455149501661 0.498125 0.6021594684385382 0.495 0.6162790697674418 0.495
1 0.44019933554817275 0.534375 0.44601328903654486 0.539375 0.44601328903654486 0.5475 0.4426910299003322 0.55375 0.436046511627907 0.5575 0.42940199335548174 0.5575 0.4219269102990033 0.554375 0.4186046511627907 0.545625 0.42441860465116277 0.53625 0.4318936877076412 0.533125 0.4393687707641196 0.534375
1 0.5913621262458472 0.511875 0.606312292358804 0.5175 0.6104651162790697 0.5225 0.6096345514950167 0.5325 0.6021594684385382 0.536875 0.5888704318936877 0.53375 0.579734219269103 0.525625 0.5813953488372093 0.515 0.590531561461794 0.511875
1 0.6877076411960132 0.53375 0.6935215946843853 0.539375 0.6918604651162791 0.54625 0.6852159468438538 0.5525 0.6735880398671097 0.55625 0.6686046511627907 0.55625 0.6644518272425249 0.55375 0.6644518272425249 0.543125 0.6727574750830565 0.535 0.6868770764119602 0.53375
1 0.5863787375415282 0.59 0.5913621262458472 0.593125 0.5913621262458472 0.598125 0.5880398671096345 0.603125 0.5730897009966778 0.611875 0.563953488372093 0.609375 0.5631229235880398 0.59875 0.5739202657807309 0.58875 0.5855481727574751 0.59
1 0.6387043189368771 0.515 0.643687707641196 0.52125 0.6420265780730897 0.533125 0.6295681063122923 0.543125 0.6229235880398671 0.543125 0.6162790697674418 0.539375 0.6137873754152824 0.529375 0.622093023255814 0.5175 0.6295681063122923 0.514375 0.6378737541528239 0.515
1 0.4950166112956811 0.53375 0.5024916943521595 0.5375 0.5049833887043189 0.54375 0.5 0.551875 0.48754152823920266 0.558125 0.4700996677740864 0.55625 0.4659468438538206 0.55125 0.4659468438538206 0.545 0.4750830564784053 0.535 0.48172757475083056 0.5325 0.4941860465116279 0.53375
1 0.46179401993355484 0.633125 0.4676079734219269 0.63625 0.4700996677740864 0.644375 0.46677740863787376 0.65125 0.4568106312292359 0.658125 0.44518272425249167 0.658125 0.4418604651162791 0.65625 0.4393687707641196 0.644375 0.44933554817275745 0.635 0.46096345514950166 0.633125
1 0.40780730897009965 0.59125 0.41777408637873753 0.59625 0.41943521594684385 0.603125 0.41445182724252494 0.610625 0.4053156146179402 0.615625 0.3995016611295681 0.615625 0.3920265780730897 0.6125 0.38870431893687707 0.60875 0.38870431893687707 0.603125 0.3961794019933555 0.59375 0.4069767441860465 0.59125
1 0.7209302325581395 0.563125 0.7325581395348837 0.566875 0.7408637873754153 0.57375 0.7416943521594684 0.585 0.7333887043189369 0.590625 0.7250830564784053 0.590625 0.7159468438538206 0.58625 0.7109634551495017 0.566875 0.7142857142857143 0.563125 0.7200996677740864 0.563125
1 0.5290697674418605 0.565625 0.5373754152823921 0.566875 0.5448504983388704 0.5775 0.5415282392026578 0.585 0.532392026578073 0.59 0.5274086378737541 0.59 0.520764119601329 0.585625 0.5166112956810631 0.58125 0.5149501661129569 0.574375 0.520764119601329 0.56625 0.5282392026578073 0.565625
1 0.622093023255814 0.441875 0.6303986710963455 0.44625 0.6370431893687708 0.456875 0.6370431893687708 0.463125 0.6303986710963455 0.46875 0.6162790697674418 0.466875 0.606312292358804 0.45625 0.6054817275747508 0.449375 0.6079734219269103 0.444375 0.6129568106312292 0.44125 0.6212624584717608 0.441875
1 0.36794019933554817 0.5725 0.37624584717607973 0.573125 0.38372093023255816 0.57625 0.39368770764119604 0.584375 0.39285714285714285 0.591875 0.3845514950166113 0.59875 0.3696013289036545 0.596875 0.3554817275747508 0.59 0.35299003322259137 0.585 0.3538205980066445 0.578125 0.3588039867109635 0.57375 0.36710963455149503 0.5725
1 0.41445182724252494 0.44625 0.4186046511627907 0.444375 0.43106312292358806 0.445625 0.43521594684385384 0.448125 0.4393687707641196 0.45625 0.4393687707641196 0.46125 0.43521594684385384 0.4675 0.4277408637873754 0.470625 0.4186046511627907 0.470625 0.41029900332225916 0.46125 0.4111295681063123 0.45 0.41445182724252494 0.446875
1 0.6353820598006644 0.631875 0.6445182724252492 0.638125 0.6470099667774086 0.648125 0.6445182724252492 0.655 0.6345514950166113 0.66125 0.6237541528239202 0.65875 0.6162790697674418 0.650625 0.6162790697674418 0.64125 0.6196013289036545 0.635 0.6262458471760798 0.63125 0.6345514950166113 0.631875
1 0.47674418604651164 0.65 0.49335548172757476 0.654375 0.4983388704318937 0.65875 0.4983388704318937 0.669375 0.4908637873754153 0.67375 0.47259136212624586 0.67125 0.46096345514950166 0.664375 0.46096345514950166 0.655625 0.4700996677740864 0.65 0.47591362126245845 0.65
1 0.6453488372093024 0.664375 0.6636212624584718 0.67125 0.6636212624584718 0.678125 0.6611295681063123 0.681875 0.654485049833887 0.685 0.6378737541528239 0.68375 0.6303986710963455 0.67875 0.632890365448505 0.668125 0.6445182724252492 0.664375
1 0.5681063122923588 0.4825 0.574750830564784 0.48625 0.5772425249169435 0.495 0.5730897009966778 0.504375 0.5647840531561462 0.50875 0.5598006644518272 0.50875 0.5523255813953488 0.505 0.5490033222591362 0.495 0.5598006644518272 0.483125 0.5672757475083057 0.4825
1 0.5382059800664452 0.47 0.5465116279069767 0.470625 0.5548172757475083 0.479375 0.5548172757475083 0.485 0.5498338870431894 0.493125 0.5431893687707641 0.495 0.5340531561461794 0.49375 0.5240863787375415 0.48125 0.5257475083056479 0.47375 0.5290697674418605 0.47125 0.5373754152823921 0.47
1 0.563953488372093 0.571875 0.5722591362126246 0.578125 0.5739202657807309 0.58625 0.5656146179401993 0.595625 0.5564784053156147 0.6 0.5506644518272426 0.6 0.5456810631229236 0.596875 0.5415282392026578 0.5875 0.5440199335548173 0.58125 0.5523255813953488 0.57375 0.5631229235880398 0.571875
1 0.5390365448504983 0.44875 0.5514950166112956 0.45625 0.5514950166112956 0.463125 0.5456810631229236 0.46875 0.5406976744186046 0.47 0.526578073089701 0.46875 0.5191029900332226 0.4625 0.5166112956810631 0.456875 0.5224252491694352 0.450625 0.5382059800664452 0.44875
1 0.44933554817275745 0.739375 0.4568106312292359 0.743125 0.4601328903654485 0.75 0.4568106312292359 0.756875 0.4435215946843854 0.764375 0.42857142857142855 0.7625 0.42358803986710963 0.758125 0.4227574750830565 0.75125 0.4260797342192691 0.745 0.4318936877076412 0.740625 0.4485049833887043 0.739375
1 0.6769102990033222 0.506875 0.686046511627907 0.513125 0.6868770764119602 0.5225 0.6843853820598007 0.53 0.6719269102990033 0.534375 0.6636212624584718 0.533125 0.6586378737541528 0.529375 0.6561461794019934 0.518125 0.6611295681063123 0.509375 0.6677740863787376 0.50625 0.6760797342192691 0.506875
1 0.5141196013289037 0.50625 0.5224252491694352 0.508125 0.5249169435215947 0.51625 0.5191029900332226 0.525625 0.5083056478405316 0.531875 0.49750830564784054 0.529375 0.49667774086378735 0.5225 0.5008305647840532 0.5125 0.5074750830564784 0.506875 0.5132890365448505 0.50625
1 0.4717607973421927 0.59625 0.4808970099667774 0.601875 0.4900332225913621 0.6125 0.48754152823920266 0.62 0.48255813953488375 0.6225 0.47093023255813954 0.62 0.4601328903654485 0.609375 0.4601328903654485 0.601875 0.462624584717608 0.59875 0.47093023255813954 0.59625
1 0.5681063122923588 0.514375 0.5772425249169435 0.519375 0.579734219269103 0.52875 0.5780730897009967 0.536875 0.5681063122923588 0.543125 0.5581395348837209 0.540625 0.553156146179402 0.534375 0.5548172757475083 0.518125 0.5598006644518272 0.514375 0.5672757475083057 0.514375
1 0.5631229235880398 0.758125 0.5697674418604651 0.7625 0.5705980066445183 0.768125 0.5664451827242525 0.77375 0.5523255813953488 0.78 0.5431893687707641 0.78 0.5348837209302325 0.77625 0.5373754152823921 0.763125 0.5481727574750831 0.7575 0.5622923588039868 0.758125
1 0.4053156146179402 0.671875 0.4186046511627907 0.6775 0.4219269102990033 0.683125 0.4186046511627907 0.6925 0.40780730897009965 0.696875 0.39368770764119604 0.691875 0.38870431893687707 0.685625 0.38870431893687707 0.67875 0.39285714285714285 0.67375 0.40448504983388706 0.671875
1 0.4676079734219269 0.429375 0.4742524916943522 0.431875 0.48421926910299 0.441875 0.48006644518272423 0.449375 0.4684385382059801 0.45375 0.45598006644518274 0.451875 0.4485049833887043 0.444375 0.4485049833887043 0.438125 0.4526578073089701 0.433125 0.46677740863787376 0.429375
1 0.5888704318936877 0.538125 0.5980066445182725 0.543125 0.5988372093023255 0.553125 0.595514950166113 0.5575 0.5880398671096345 0.560625 0.5714285714285714 0.56 0.5681063122923588 0.556875 0.5681063122923588 0.550625 0.5739202657807309 0.5425 0.5880398671096345 0.538125
1 0.5656146179401993 0.6425 0.5730897009966778 0.646875 0.5764119601328903 0.654375 0.5722591362126246 0.66125 0.5622923588039868 0.664375 0.5498338870431894 0.664375 0.5440199335548173 0.661875 0.5406976744186046 0.658125 0.5406976744186046 0.6525 0.5481727574750831 0.643125 0.5647840531561462 0.6425
1 0.7018272425249169 0.57125 0.7109634551495017 0.57375 0.7151162790697675 0.585 0.7093023255813954 0.59 0.6960132890365448 0.59375 0.6835548172757475 0.5925 0.6810631229235881 0.5875 0.6885382059800664 0.574375 0.6926910299003323 0.571875 0.7009966777408638 0.57125
1 0.6561461794019934 0.420625 0.6661129568106312 0.4275 0.6661129568106312 0.43625 0.6602990033222591 0.44375 0.6511627906976745 0.446875 0.6420265780730897 0.44625 0.6353820598006644 0.4375 0.6420265780730897 0.424375 0.6478405315614618 0.42125 0.6553156146179402 0.420625
1 0.35631229235880396 0.479375 0.3637873754152824 0.484375 0.3637873754152824 0.491875 0.35631229235880396 0.50125 0.34634551495016613 0.50375 0.34053156146179403 0.503125 0.3347176079734219 0.499375 0.3347176079734219 0.4875 0.34219269102990035 0.480625 0.3554817275747508 0.479375
1 0.489202657807309 0.586875 0.4958471760797342 0.590625 0.49916943521594687 0.59875 0.4983388704318937 0.605 0.4908637873754153 0.61 0.4750830564784053 0.595625 0.48006644518272423 0.5875 0.4883720930232558 0.586875
1 0.5149501661129569 0.758125 0.5199335548172758 0.75625 0.5299003322259136 0.756875 0.5365448504983389 0.761875 0.5299003322259136 0.779375 0.5224252491694352 0.783125 0.5141196013289037 0.783125 0.5083056478405316 0.778125 0.5074750830564784 0.7725 0.5116279069767442 0.76125 0.5149501661129569 0.75875
1 0.3961794019933555 0.55625 0.4061461794019934 0.55875 0.40946843853820597 0.56625 0.4019933554817276 0.575 0.39368770764119604 0.5775 0.38205980066445183 0.575625 0.37624584717607973 0.570625 0.3754152823920266 0.564375 0.3812292358803987 0.558125 0.3953488372093023 0.55625
1 0.5033222591362126 0.55375 0.5157807308970099 0.56 0.5166112956810631 0.56625 0.5132890365448505 0.5725 0.5016611295681063 0.57875 0.4958471760797342 0.578125 0.48754152823920266 0.57375 0.4850498338870432 0.565625 0.49169435215946844 0.555625 0.5024916943521595 0.55375
1 0.5589700996677741 0.449375 0.5672757475083057 0.445625 0.5780730897009967 0.445 0.5822259136212624 0.445625 0.5880398671096345 0.4525 0.5813953488372093 0.46375 0.5755813953488372 0.466875 0.5589700996677741 0.468125 0.5523255813953488 0.46375 0.553156146179402 0.45625 0.5589700996677741 0.45
1 0.3637873754152824 0.503125 0.37624584717607973 0.51 0.3795681063122924 0.515625 0.37790697674418605 0.5225 0.36627906976744184 0.52875 0.3521594684385382 0.525 0.3430232558139535 0.516875 0.3438538205980066 0.5075 0.34634551495016613 0.505 0.3546511627906977 0.5025 0.36295681063122925 0.503125
1 0.42358803986710963 0.694375 0.43521594684385384 0.701875 0.4393687707641196 0.7125 0.436046511627907 0.72 0.42857142857142855 0.72375 0.4219269102990033 0.723125 0.4111295681063123 0.71625 0.4061461794019934 0.705625 0.4069767441860465 0.7 0.4119601328903654 0.695 0.4169435215946844 0.693125 0.4227574750830565 0.694375
1 0.6694352159468439 0.574375 0.675249169435216 0.57625 0.6777408637873754 0.585625 0.6719269102990033 0.595 0.6644518272425249 0.59875 0.6569767441860465 0.595625 0.6553156146179402 0.585625 0.6602990033222591 0.5775 0.6686046511627907 0.574375
1 0.5415282392026578 0.51375 0.5523255813953488 0.519375 0.553156146179402 0.53625 0.5490033222591362 0.53875 0.5357142857142857 0.53625 0.5299003322259136 0.52875 0.532392026578073 0.5175 0.5357142857142857 0.514375 0.5406976744186046 0.51375
1 0.627906976744186 0.414375 0.6337209302325582 0.4175 0.6403654485049833 0.425625 0.6345514950166113 0.43625 0.6262458471760798 0.440625 0.6187707641196013 0.44 0.6146179401993356 0.43625 0.6121262458471761 0.424375 0.6196013289036545 0.415 0.6270764119601329 0.414375
1 0.5116279069767442 0.6075 0.5232558139534884 0.6075 0.526578073089701 0.611875 0.526578073089701 0.616875 0.5174418604651163 0.62625 0.5091362126245847 0.62875 0.49169435215946844 0.62625 0.4883720930232558 0.61875 0.4900332225913621 0.61375 0.4950166112956811 0.61 0.5041528239202658 0.606875 0.510797342192691 0.6075
1 0.6818936877076412 0.440625 0.6926910299003323 0.4425 0.7009966777408638 0.450625 0.6993355481727574 0.458125 0.6910299003322259 0.461875 0.6769102990033222 0.460625 0.6677740863787376 0.453125 0.6677740863787376 0.446875 0.6710963455149501 0.4425 0.6810631229235881 0.440625
1 0.5149501661129569 0.58125 0.5274086378737541 0.590625 0.5290697674418605 0.595 0.5257475083056479 0.60375 0.5191029900332226 0.608125 0.5058139534883721 0.60625 0.49750830564784054 0.595625 0.49916943521594687 0.585 0.5049833887043189 0.58125 0.5141196013289037 0.58125
1 0.4941860465116279 0.7175 0.5 0.720625 0.5016611295681063 0.726875 0.4941860465116279 0.741875 0.4867109634551495 0.74625 0.47591362126245845 0.744375 0.47259136212624586 0.739375 0.4717607973421927 0.729375 0.48006644518272423 0.718125 0.49335548172757476 0.7175
1 0.6204318936877077 0.70375 0.6337209302325582 0.71 0.6395348837209303 0.719375 0.6370431893687708 0.730625 0.6295681063122923 0.733125 0.6179401993355482 0.73125 0.6096345514950167 0.723125 0.6088039867109635 0.71625 0.6112956810631229 0.71 0.6137873754152824 0.70625 0.6196013289036545 0.70375
1 0.4568106312292359 0.564375 0.46677740863787376 0.56875 0.4684385382059801 0.57625 0.4634551495016611 0.584375 0.45598006644518274 0.5875 0.44435215946843853 0.585 0.43853820598006643 0.58125 0.436046511627907 0.575625 0.4393687707641196 0.566875 0.44601328903654486 0.56375 0.45598006644518274 0.564375
1 0.43521594684385384 0.4125 0.4426910299003322 0.4175 0.44518272425249167 0.4225 0.4418604651162791 0.428125 0.4318936877076412 0.433125 0.4210963455149502 0.4325 0.41445182724252494 0.43 0.40946843853820597 0.425625 0.40863787375415284 0.4175 0.41777408637873753 0.409375 0.43438538205980065 0.4125
1 0.5780730897009967 0.769375 0.5863787375415282 0.771875 0.595514950166113 0.778125 0.5921926910299004 0.79 0.5789036544850499 0.795625 0.5656146179401993 0.793125 0.5581395348837209 0.784375 0.5589700996677741 0.778125 0.5705980066445183 0.77 0.5772425249169435 0.769375
1 0.5697674418604651 0.73375 0.5813953488372093 0.73875 0.5872093023255814 0.7475 0.584717607973422 0.7575 0.5755813953488372 0.761875 0.563953488372093 0.7575 0.5573089700996677 0.751875 0.5589700996677741 0.73875 0.563953488372093 0.734375 0.5689368770764119 0.73375
1 0.5598006644518272 0.429375 0.5647840531561462 0.431875 0.5672757475083057 0.44 0.5647840531561462 0.445 0.553156146179402 0.4525 0.5382059800664452 0.448125 0.5365448504983389 0.440625 0.5440199335548173 0.431875 0.5589700996677741 0.429375
1 0.6972383720930233 0.5428725 0.7043338870431894 0.554145 0.7161602990033222 0.552365 0.7232566445182724 0.544651875 0.7185257475083057 0.53456625 0.710641196013289 0.533379375 0.7019684385382059 0.535159375 0.6972383720930233 0.5428725
0 0.4362632890365448 0.32275687499999994 0.41418687707641194 0.32335 0.39447591362126244 0.325723125 0.3739767441860465 0.334029375 0.3700340531561462 0.34411562500000004 0.3660921926910299 0.355981875 0.3802840531561462 0.376154375 0.3960531561461794 0.387426875 0.4338978405315615 0.38802 0.452032392026578 0.37556062500000004 0.4559742524916944 0.37200125 0.4599169435215947 0.35716812500000006 0.4599169435215947 0.3470825 0.4512441860465116 0.33165625 0.4362632890365448 0.32275687499999994