1 0.6842818428184282 0.330625 0.6734417344173442 0.33 0.6571815718157181 0.335 0.6571815718157181 0.34625 0.6626016260162602 0.350625 0.6788617886178862 0.3525 0.6951219512195121 0.349375 0.6978319783197832 0.3375 0.6842818428184282 0.330625
1 0.2601626016260163 0.565625 0.26558265582655827 0.561875 0.26558265582655827 0.556875 0.25474254742547425 0.550625 0.22357723577235772 0.550625 0.21951219512195122 0.553125 0.21951219512195122 0.5625 0.22493224932249323 0.565 0.24119241192411925 0.5675 0.25474254742547425 0.5675 0.2601626016260163 0.565625
1 0.5460704607046071 0.439375 0.5365853658536586 0.431875 0.524390243902439 0.42875 0.505420054200542 0.43125 0.5 0.44 0.510840108401084 0.451875 0.5257452574525745 0.455 0.537940379403794 0.454375 0.5433604336043361 0.451875 0.5460704607046071 0.439375
1 0.4254742547425474 0.433125 0.4146341463414634 0.438125 0.4173441734417344 0.446875 0.43224932249322495 0.453125 0.45528455284552843 0.4525 0.45528455284552843 0.4375 0.4444444444444444 0.433125 0.4254742547425474 0.433125
1 0.7168021680216802 0.46 0.7032520325203252 0.4525 0.6937669376693767 0.4525 0.6815718157181572 0.460625 0.6842818428184282 0.4725 0.6978319783197832 0.478125 0.7181571815718157 0.4775 0.7222222222222222 0.46875 0.7168021680216802 0.46
1 0.7574525745257452 0.558125 0.7411924119241192 0.5575 0.7222222222222222 0.565625 0.7195121951219512 0.575 0.7303523035230353 0.58125 0.7493224932249323 0.581875 0.7655826558265583 0.575 0.7682926829268293 0.565 0.7574525745257452 0.558125
1 0.34688346883468835 0.568125 0.34959349593495936 0.579375 0.3604336043360434 0.583125 0.37398373983739835 0.583125 0.3821138211382114 0.580625 0.3821138211382114 0.563125 0.35501355013550134 0.563125 0.34688346883468835 0.568125
1 0.6029810298102981 0.41625 0.5867208672086721 0.40875 0.556910569105691 0.408125 0.5433604336043361 0.413125 0.5433604336043361 0.42 0.556910569105691 0.42625 0.5718157181571816 0.428125 0.592140921409214 0.428125 0.6002710027100271 0.42625 0.6029810298102981 0.41625
1 0.9065040650406504 0.5975 0.8902439024390244 0.591875 0.8699186991869918 0.59375 0.8631436314363143 0.599375 0.8658536585365854 0.60875 0.8807588075880759 0.613125 0.8983739837398373 0.61 0.9065040650406504 0.604375 0.9065040650406504 0.5975
1 0.4146341463414634 0.53625 0.4065040650406504 0.53125 0.4065040650406504 0.526875 0.3970189701897019 0.530625 0.38482384823848237 0.53125 0.3794037940379404 0.5475 0.39295392953929537 0.553125 0.4037940379403794 0.5525 0.41192411924119243 0.548125 0.4146341463414634 0.53625
1 0.521680216802168 0.5725 0.521680216802168 0.56375 0.516260162601626 0.560625 0.4959349593495935 0.558125 0.4742547425474255 0.568125 0.4742547425474255 0.5775 0.483739837398374 0.581875 0.505420054200542 0.580625 0.516260162601626 0.5775 0.521680216802168 0.5725
1 0.46747967479674796 0.573125 0.45799457994579945 0.570625 0.44037940379403795 0.573125 0.44173441734417346 0.588125 0.45799457994579945 0.593125 0.4715447154471545 0.593125 0.47696476964769646 0.59125 0.4796747967479675 0.581875 0.46747967479674796 0.573125
1 0.33875338753387535 0.53625 0.33875338753387535 0.526875 0.3333333333333333 0.521875 0.3252032520325203 0.519375 0.3143631436314363 0.519375 0.3035230352303523 0.52625 0.3062330623306233 0.53875 0.3143631436314363 0.54125 0.3319783197831978 0.540625 0.33875338753387535 0.53625
1 0.2926829268292683 0.568125 0.2791327913279133 0.560625 0.26558265582655827 0.560625 0.25745257452574527 0.5675 0.26422764227642276 0.57875 0.27100271002710025 0.581875 0.2886178861788618 0.580625 0.2926829268292683 0.578125 0.2926829268292683 0.568125
1 0.33062330623306235 0.408125 0.31978319783197834 0.4 0.3035230352303523 0.4 0.29132791327913277 0.4025 0.28184281842818426 0.41125 0.2845528455284553 0.416875 0.3008130081300813 0.420625 0.3170731707317073 0.41875 0.32791327913279134 0.413125 0.33062330623306235 0.408125
1 0.23306233062330622 0.41875 0.21951219512195122 0.415 0.20596205962059622 0.41625 0.1951219512195122 0.424375 0.1978319783197832 0.430625 0.2032520325203252 0.433125 0.22493224932249323 0.433125 0.23306233062330622 0.428125 0.23306233062330622 0.41875
1 0.4878048780487805 0.53375 0.4905149051490515 0.53125 0.4932249322493225 0.526875 0.4823848238482385 0.51875 0.4742547425474255 0.516875 0.45257452574525747 0.516875 0.4444444444444444 0.519375 0.44173441734417346 0.530625 0.44986449864498645 0.53375 0.46070460704607047 0.53625 0.4742547425474255 0.53625 0.4878048780487805 0.53375
1 0.7371273712737128 0.686875 0.7411924119241192 0.68 0.7384823848238482 0.675625 0.7276422764227642 0.67125 0.7086720867208672 0.6675 0.6978319783197832 0.6675 0.6869918699186992 0.67125 0.6869918699186992 0.680625 0.6978319783197832 0.68625 0.7140921409214093 0.68875 0.7371273712737128 0.686875
1 0.3252032520325203 0.541875 0.3035230352303523 0.54125 0.2899728997289973 0.54625 0.2899728997289973 0.558125 0.3008130081300813 0.56375 0.3116531165311653 0.565 0.33062330623306235 0.558125 0.3333333333333333 0.54625 0.3252032520325203 0.541875
1 0.532520325203252 0.146875 0.5271002710027101 0.1425 0.516260162601626 0.14 0.4932249322493225 0.140625 0.4796747967479675 0.1475 0.4796747967479675 0.154375 0.4932249322493225 0.16 0.516260162601626 0.158125 0.5298102981029811 0.1525 0.532520325203252 0.146875
1 0.8956639566395664 0.5325 0.8794037940379403 0.524375 0.8563685636856369 0.52625 0.8495934959349594 0.530625 0.8468834688346883 0.53875 0.8495934959349594 0.5425 0.8604336043360433 0.54625 0.8794037940379403 0.54625 0.8929539295392954 0.54 0.8956639566395664 0.5325
1 0.8116531165311653 0.453125 0.8062330623306233 0.45 0.7926829268292683 0.4475 0.7764227642276422 0.4475 0.7601626016260162 0.454375 0.7628726287262872 0.461875 0.7818428184281843 0.466875 0.7926829268292683 0.466875 0.8089430894308943 0.4625 0.8116531165311653 0.453125
1 0.8143631436314364 0.508125 0.8008130081300813 0.5025 0.7750677506775068 0.503125 0.7682926829268293 0.510625 0.7764227642276422 0.518125 0.7872628726287263 0.520625 0.8035230352303523 0.520625 0.8143631436314364 0.515625 0.8143631436314364 0.508125
1 0.2981029810298103 0.37875 0.29132791327913277 0.37125 0.2845528455284553 0.36875 0.26558265582655827 0.368125 0.25474254742547425 0.371875 0.25203252032520324 0.37875 0.26558265582655827 0.39 0.2845528455284553 0.391875 0.2953929539295393 0.3875 0.2981029810298103 0.37875
1 0.505420054200542 0.4675 0.4932249322493225 0.465 0.4715447154471545 0.4675 0.46883468834688347 0.475625 0.483739837398374 0.48375 0.505420054200542 0.485 0.516260162601626 0.4825 0.518970189701897 0.473125 0.505420054200542 0.4675
1 0.27100271002710025 0.393125 0.26287262872628725 0.39 0.23170731707317074 0.390625 0.23035230352303523 0.401875 0.24525745257452575 0.410625 0.26558265582655827 0.41125 0.2750677506775068 0.4075 0.2764227642276423 0.3975 0.27100271002710025 0.393125
1 0.535230352303523 0.60375 0.537940379403794 0.591875 0.518970189701897 0.584375 0.508130081300813 0.584375 0.4986449864498645 0.588125 0.4959349593495935 0.591875 0.4959349593495935 0.596875 0.502710027100271 0.60375 0.5176151761517616 0.606875 0.5271002710027101 0.606875 0.535230352303523 0.60375
1 0.2845528455284553 0.594375 0.2845528455284553 0.58625 0.2764227642276423 0.581875 0.25745257452574527 0.58125 0.24390243902439024 0.585625 0.23848238482384823 0.59625 0.24119241192411925 0.60125 0.26558265582655827 0.6025 0.2804878048780488 0.598125 0.2845528455284553 0.594375
1 0.36585365853658536 0.405 0.3604336043360434 0.405 0.34146341463414637 0.411875 0.33875338753387535 0.42375 0.34552845528455284 0.428125 0.35772357723577236 0.42875 0.3685636856368564 0.423125 0.37398373983739835 0.41 0.36585365853658536 0.405
1 0.4742547425474255 0.49875 0.45799457994579945 0.5025 0.45799457994579945 0.513125 0.4823848238482385 0.518125 0.4959349593495935 0.516875 0.5 0.508125 0.4932249322493225 0.5025 0.4742547425474255 0.49875
1 0.8035230352303523 0.4603125 0.005420054200542005 0.000625
1 0.8577235772357723 0.4575 0.8495934959349594 0.45 0.8279132791327913 0.448125 0.8170731707317073 0.449375 0.8116531165311653 0.4525 0.8089430894308943 0.46 0.8143631436314364 0.464375 0.8441734417344173 0.465625 0.8550135501355014 0.4625 0.8577235772357723 0.4575
1 0.6924119241192412 0.553125 0.6869918699186992 0.550625 0.6626016260162602 0.550625 0.6517615176151762 0.559375 0.6544715447154471 0.5675 0.6653116531165312 0.57125 0.6788617886178862 0.57125 0.6869918699186992 0.57 0.6924119241192412 0.565625 0.6924119241192412 0.553125
1 0.6869918699186992 0.47375 0.6707317073170732 0.46 0.6571815718157181 0.4575 0.6382113821138211 0.46 0.6327913279132791 0.46375 0.6327913279132791 0.469375 0.6382113821138211 0.47375 0.6612466124661247 0.47875 0.6842818428184282 0.4775 0.6869918699186992 0.47375
1 0.23577235772357724 0.41125 0.23577235772357724 0.405 0.2222222222222222 0.398125 0.1978319783197832 0.396875 0.1910569105691057 0.3975 0.1842818428184282 0.40125 0.18157181571815717 0.405 0.1978319783197832 0.413125 0.23035230352303523 0.413125 0.23577235772357724 0.41125
1 0.6707317073170732 0.37 0.6490514905149052 0.36875 0.6409214092140921 0.373125 0.6409214092140921 0.38 0.6517615176151762 0.38875 0.6653116531165312 0.390625 0.6761517615176151 0.386875 0.6788617886178862 0.375625 0.6707317073170732 0.37
1 0.3685636856368564 0.38 0.34010840108401086 0.379375 0.33062330623306235 0.386875 0.33062330623306235 0.396875 0.33604336043360433 0.399375 0.34688346883468835 0.4 0.36585365853658536 0.395 0.3712737127371274 0.39 0.3685636856368564 0.38
1 0.8048780487804879 0.44125 0.8089430894308943 0.435625 0.7981029810298103 0.4275 0.7845528455284553 0.424375 0.7710027100271003 0.424375 0.7574525745257452 0.429375 0.7574525745257452 0.43625 0.7655826558265583 0.441875 0.7764227642276422 0.444375 0.7926829268292683 0.444375 0.8048780487804879 0.44125
1 0.6924119241192412 0.536875 0.6788617886178862 0.53125 0.6531165311653117 0.53125 0.6463414634146342 0.534375 0.6463414634146342 0.54375 0.6598915989159891 0.549375 0.6883468834688347 0.54875 0.6924119241192412 0.54625 0.6924119241192412 0.536875
1 0.559620596205962 0.573125 0.551490514905149 0.56875 0.540650406504065 0.56625 0.524390243902439 0.56625 0.513550135501355 0.5775 0.518970189701897 0.58375 0.5298102981029811 0.58625 0.5433604336043361 0.58625 0.556910569105691 0.5825 0.559620596205962 0.573125
1 0.7195121951219512 0.35625 0.7005420054200542 0.350625 0.6869918699186992 0.353125 0.6788617886178862 0.36 0.6788617886178862 0.365625 0.6869918699186992 0.37375 0.7032520325203252 0.375625 0.7113821138211383 0.375 0.7195121951219512 0.37125 0.7195121951219512 0.35625
1 0.4932249322493225 0.550625 0.48509485094850946 0.54625 0.46612466124661245 0.54625 0.45528455284552843 0.550625 0.45257452574525747 0.559375 0.46612466124661245 0.568125 0.4823848238482385 0.565 0.4932249322493225 0.559375 0.4932249322493225 0.550625
1 0.556910569105691 0.550625 0.556910569105691 0.544375 0.540650406504065 0.5375 0.5121951219512195 0.536875 0.4986449864498645 0.541875 0.4986449864498645 0.548125 0.513550135501355 0.555625 0.537940379403794 0.556875 0.551490514905149 0.55375 0.556910569105691 0.550625
1 0.8143631436314364 0.6175 0.8224932249322493 0.613125 0.8252032520325203 0.60625 0.8211382113821138 0.603125 0.8062330623306233 0.6 0.7953929539295393 0.6 0.7737127371273713 0.605 0.7682926829268293 0.61 0.7682926829268293 0.616875 0.7818428184281843 0.620625 0.8008130081300813 0.620625 0.8143631436314364 0.6175
1 0.7628726287262872 0.53875 0.7520325203252033 0.5325 0.7276422764227642 0.53125 0.7222222222222222 0.53375 0.7195121951219512 0.54125 0.7235772357723578 0.544375 0.7384823848238482 0.549375 0.7547425474254743 0.549375 0.7601626016260162 0.5475 0.7628726287262872 0.53875
1 0.21680216802168023 0.579375 0.2005420054200542 0.581875 0.1978319783197832 0.591875 0.20596205962059622 0.59625 0.23848238482384823 0.59625 0.24119241192411925 0.58875 0.23035230352303523 0.581875 0.21680216802168023 0.579375
1 0.7276422764227642 0.54625 0.7086720867208672 0.545 0.6951219512195121 0.550625 0.6978319783197832 0.560625 0.7059620596205962 0.565 0.7249322493224932 0.565625 0.7357723577235772 0.5625 0.7384823848238482 0.553125 0.7276422764227642 0.54625
1 0.2981029810298103 0.29875 0.3062330623306233 0.295 0.3035230352303523 0.28375 0.2953929539295393 0.28 0.2872628726287263 0.279375 0.26558265582655827 0.281875 0.2601626016260163 0.28625 0.26558265582655827 0.2975 0.2777777777777778 0.30125 0.2899728997289973 0.30125 0.2981029810298103 0.29875
1 0.8279132791327913 0.4775 0.8170731707317073 0.469375 0.7899728997289973 0.469375 0.7845528455284553 0.47375 0.7845528455284553 0.4825 0.7886178861788617 0.485625 0.7994579945799458 0.48875 0.8170731707317073 0.48875 0.8252032520325203 0.485 0.8279132791327913 0.4775
1 0.4281842818428184 0.6925 0.3970189701897019 0.69 0.3821138211382114 0.69625 0.3821138211382114 0.7025 0.3956639566395664 0.708125 0.4281842818428184 0.71125 0.44173441734417346 0.706875 0.44173441734417346 0.6975 0.4281842818428184 0.6925
1 0.8116531165311653 0.53125 0.8008130081300813 0.526875 0.7872628726287263 0.526875 0.7737127371273713 0.529375 0.7682926829268293 0.5325 0.7655826558265583 0.5425 0.7710027100271003 0.54625 0.7899728997289973 0.5475 0.8089430894308943 0.541875 0.8116531165311653 0.53125
1 0.6517615176151762 0.43625 0.6327913279132791 0.43625 0.6165311653116531 0.443125 0.6165311653116531 0.45 0.6246612466124661 0.454375 0.6490514905149052 0.455625 0.6653116531165312 0.451875 0.6680216802168022 0.4425 0.6517615176151762 0.43625
1 0.3821138211382114 0.54625 0.3604336043360434 0.544375 0.3509485094850949 0.546875 0.34688346883468835 0.554375 0.3523035230352303 0.55875 0.37533875338753386 0.5625 0.39295392953929537 0.560625 0.3956639566395664 0.554375 0.3821138211382114 0.54625
1 0.3333333333333333 0.344375 0.33062330623306235 0.335625 0.31978319783197834 0.33375 0.3021680216802168 0.335 0.2953929539295393 0.3425 0.2953929539295393 0.349375 0.3062330623306233 0.3525 0.3143631436314363 0.3525 0.32926829268292684 0.348125 0.3333333333333333 0.344375
1 0.3956639566395664 0.513125 0.36585365853658536 0.5125 0.3604336043360434 0.516875 0.3604336043360434 0.52375 0.3712737127371274 0.529375 0.3902439024390244 0.530625 0.4037940379403794 0.52875 0.4065040650406504 0.519375 0.3956639566395664 0.513125
1 0.27371273712737126 0.3375 0.24390243902439024 0.3375 0.23577235772357724 0.341875 0.23577235772357724 0.34875 0.24525745257452575 0.353125 0.2845528455284553 0.35375 0.2899728997289973 0.350625 0.2899728997289973 0.3425 0.27371273712737126 0.3375
1 0.6409214092140921 0.38 0.6165311653116531 0.381875 0.6029810298102981 0.39 0.6029810298102981 0.398125 0.6111111111111112 0.401875 0.6355013550135501 0.401875 0.6463414634146342 0.395 0.6490514905149052 0.386875 0.6409214092140921 0.38
1 0.540650406504065 0.396875 0.516260162601626 0.398125 0.505420054200542 0.40625 0.505420054200542 0.41125 0.516260162601626 0.41625 0.532520325203252 0.41625 0.5474254742547425 0.410625 0.5487804878048781 0.4 0.540650406504065 0.396875
1 0.7682926829268293 0.51125 0.7466124661246613 0.51125 0.7384823848238482 0.519375 0.7411924119241192 0.529375 0.7493224932249323 0.531875 0.7655826558265583 0.531875 0.7764227642276422 0.52875 0.7764227642276422 0.516875 0.7682926829268293 0.51125
1 0.8685636856368564 0.491875 0.8495934959349594 0.491875 0.8333333333333334 0.49875 0.8333333333333334 0.50625 0.8387533875338753 0.51 0.8658536585365854 0.51 0.8794037940379403 0.505 0.8821138211382114 0.49875 0.8685636856368564 0.491875
1 0.8387533875338753 0.17125 0.8089430894308943 0.173125 0.8008130081300813 0.178125 0.8062330623306233 0.185 0.8170731707317073 0.1875 0.8333333333333334 0.1875 0.8495934959349594 0.1825 0.8523035230352304 0.17625 0.8387533875338753 0.17125
1 0.8929539295392954 0.65875 0.8875338753387534 0.655625 0.8739837398373984 0.65375 0.8550135501355014 0.65625 0.8468834688346883 0.665 0.8495934959349594 0.669375 0.8672086720867209 0.673125 0.8848238482384824 0.67125 0.8929539295392954 0.666875 0.8929539295392954 0.65875
1 0.2506775067750677 0.569375 0.22493224932249323 0.565 0.2140921409214092 0.565 0.20596205962059622 0.5675 0.20596205962059622 0.575 0.21951219512195122 0.580625 0.24661246612466126 0.580625 0.25474254742547425 0.5775 0.2506775067750677 0.569375
1 0.45528455284552843 0.465625 0.4444444444444444 0.4625 0.42276422764227645 0.4625 0.4092140921409214 0.4675 0.4092140921409214 0.47375 0.4186991869918699 0.47875 0.4444444444444444 0.478125 0.45528455284552843 0.473125 0.45528455284552843 0.465625
1 0.2899728997289973 0.423125 0.28184281842818426 0.418125 0.2601626016260163 0.418125 0.24932249322493225 0.424375 0.24661246612466126 0.430625 0.25203252032520324 0.43625 0.26287262872628725 0.439375 0.27371273712737126 0.439375 0.2899728997289973 0.433125 0.2899728997289973 0.423125
1 0.46612466124661245 0.493125 0.46070460704607047 0.490625 0.43902439024390244 0.48875 0.4254742547425474 0.49125 0.42005420054200543 0.495625 0.42005420054200543 0.503125 0.43089430894308944 0.50625 0.44986449864498645 0.50625 0.46476964769647694 0.501875 0.46612466124661245 0.493125
1 0.47696476964769646 0.515 0.4715447154471545 0.51375 0.4715447154471545 0.515625 0.47696476964769646 0.515
1 0.6219512195121951 0.63375 0.6111111111111112 0.6275 0.592140921409214 0.62625 0.5813008130081301 0.63125 0.5785907859078591 0.640625 0.5907859078590786 0.646875 0.6002710027100271 0.648125 0.6111111111111112 0.64625 0.6192411924119241 0.641875 0.6219512195121951 0.63375
1 0.4092140921409214 0.443125 0.3807588075880759 0.441875 0.3699186991869919 0.445 0.3712737127371274 0.454375 0.3888888888888889 0.459375 0.4010840108401084 0.460625 0.42005420054200543 0.4575 0.42276422764227645 0.45 0.4092140921409214 0.443125
1 0.4092140921409214 0.4725 0.4065040650406504 0.469375 0.3983739837398374 0.4675 0.3794037940379404 0.465625 0.36314363143631434 0.470625 0.36314363143631434 0.47875 0.37262872628726285 0.483125 0.3956639566395664 0.48375 0.4078590785907859 0.48 0.4092140921409214 0.4725
1 0.592140921409214 0.59875 0.5785907859078591 0.594375 0.55420054200542 0.59625 0.540650406504065 0.6025 0.540650406504065 0.6125 0.551490514905149 0.616875 0.5677506775067751 0.6175 0.5813008130081301 0.614375 0.5894308943089431 0.61 0.592140921409214 0.59875
1 0.1842818428184282 0.594375 0.1897018970189702 0.589375 0.1897018970189702 0.580625 0.17615176151761516 0.57625 0.15989159891598917 0.5775 0.14905149051490515 0.584375 0.14634146341463414 0.59625 0.15718157181571815 0.60125 0.16802168021680217 0.601875 0.17344173441734417 0.60125 0.1842818428184282 0.594375
1 0.4796747967479675 0.595 0.44986449864498645 0.594375 0.4444444444444444 0.59875 0.4444444444444444 0.60875 0.44986449864498645 0.611875 0.46883468834688347 0.614375 0.481029810298103 0.61 0.48509485094850946 0.60125 0.4796747967479675 0.595
1 0.44037940379403795 0.595 0.43089430894308944 0.591875 0.4092140921409214 0.594375 0.4010840108401084 0.6025 0.4092140921409214 0.6125 0.43089430894308944 0.614375 0.44173441734417346 0.610625 0.4444444444444444 0.5975 0.44037940379403795 0.595
1 0.4146341463414634 0.516875 0.4065040650406504 0.521875 0.4065040650406504 0.53125 0.42005420054200543 0.53625 0.43902439024390244 0.531875 0.44173441734417346 0.51875 0.43360433604336046 0.515625 0.4146341463414634 0.516875
1 0.6761517615176151 0.6375 0.6626016260162602 0.638125 0.6517615176151762 0.644375 0.6517615176151762 0.654375 0.6626016260162602 0.65875 0.6734417344173442 0.65875 0.6897018970189702 0.651875 0.6924119241192412 0.644375 0.6761517615176151 0.6375
1 0.46747967479674796 0.42875 0.46070460704607047 0.43375 0.46070460704607047 0.4425 0.46612466124661245 0.44625 0.4959349593495935 0.4475 0.5 0.44375 0.4986449864498645 0.42875 0.46747967479674796 0.42875
1 0.35501355013550134 0.650625 0.34417344173441733 0.64625 0.3346883468834688 0.64625 0.3252032520325203 0.649375 0.31978319783197834 0.654375 0.31978319783197834 0.661875 0.33604336043360433 0.66875 0.34417344173441733 0.66875 0.3523035230352303 0.665 0.35501355013550134 0.650625
1 0.4146341463414634 0.433125 0.4173441734417344 0.42125 0.41192411924119243 0.415625 0.4037940379403794 0.411875 0.3794037940379404 0.41375 0.37398373983739835 0.418125 0.37398373983739835 0.428125 0.3794037940379404 0.433125 0.3943089430894309 0.43625 0.4037940379403794 0.43625 0.4146341463414634 0.433125
1 0.44986449864498645 0.57 0.44986449864498645 0.560625 0.4363143631436314 0.553125 0.4281842818428184 0.550625 0.4105691056910569 0.549375 0.3983739837398374 0.554375 0.3983739837398374 0.563125 0.41192411924119243 0.57 0.4444444444444444 0.5725 0.44986449864498645 0.57
1 0.34959349593495936 0.370625 0.36585365853658536 0.370625 0.3712737127371274 0.36875 0.37669376693766937 0.365625 0.37669376693766937 0.35875 0.37262872628726285 0.35625 0.35772357723577236 0.349375 0.32926829268292684 0.34875 0.3224932249322493 0.35375 0.3224932249322493 0.3575 0.3319783197831978 0.364375 0.34146341463414637 0.365625 0.34959349593495936 0.370625
1 0.34146341463414637 0.38 0.34417344173441733 0.3775 0.34688346883468835 0.37 0.34417344173441733 0.366875 0.3333333333333333 0.36375 0.3089430894308943 0.36375 0.3008130081300813 0.365625 0.2953929539295393 0.370625 0.3008130081300813 0.37875 0.31029810298102983 0.380625 0.33062330623306235 0.381875 0.34146341463414637 0.38
1 0.41192411924119243 0.570625 0.4010840108401084 0.57625 0.4010840108401084 0.586875 0.41192411924119243 0.591875 0.4281842818428184 0.591875 0.4363143631436314 0.588125 0.4363143631436314 0.57375 0.41192411924119243 0.570625
1 0.37669376693766937 0.276875 0.35772357723577236 0.276875 0.34959349593495936 0.28125 0.3523035230352303 0.293125 0.36314363143631434 0.2975 0.38482384823848237 0.2975 0.3902439024390244 0.295625 0.39295392953929537 0.28375 0.37669376693766937 0.276875
1 0.7113821138211383 0.41625 0.6937669376693767 0.41625 0.6897018970189702 0.430625 0.6951219512195121 0.4325 0.7086720867208672 0.4325 0.7195121951219512 0.4275 0.7195121951219512 0.42125 0.7113821138211383 0.41625
1 0.6382113821138211 0.490625 0.6463414634146342 0.48875 0.6490514905149052 0.47875 0.6436314363143631 0.474375 0.6355013550135501 0.47375 0.6300813008130082 0.470625 0.5989159891598916 0.470625 0.592140921409214 0.474375 0.5948509485094851 0.480625 0.6111111111111112 0.48875 0.6205962059620597 0.490625 0.6382113821138211 0.490625
1 0.535230352303523 0.620625 0.524390243902439 0.620625 0.510840108401084 0.630625 0.513550135501355 0.638125 0.524390243902439 0.64375 0.535230352303523 0.64375 0.5433604336043361 0.64 0.5433604336043361 0.624375 0.535230352303523 0.620625
1 0.7493224932249323 0.241875 0.7439024390243902 0.236875 0.7222222222222222 0.2325 0.7086720867208672 0.23375 0.7005420054200542 0.240625 0.7005420054200542 0.245625 0.7113821138211383 0.254375 0.7330623306233063 0.255625 0.7466124661246613 0.251875 0.7493224932249323 0.241875
1 0.16531165311653118 0.40875 0.15176151761517614 0.40875 0.14092140921409213 0.41375 0.14363143631436315 0.42625 0.15447154471544716 0.43125 0.16531165311653118 0.43125 0.17344173441734417 0.42875 0.17615176151761516 0.415625 0.16531165311653118 0.40875
1 0.6084010840108401 0.573125 0.5867208672086721 0.57375 0.5813008130081301 0.5775 0.5840108401084011 0.588125 0.5962059620596206 0.59375 0.6111111111111112 0.59375 0.6192411924119241 0.590625 0.6192411924119241 0.5775 0.6084010840108401 0.573125
1 0.31978319783197834 0.464375 0.3170731707317073 0.453125 0.3062330623306233 0.45 0.2845528455284553 0.45 0.27100271002710025 0.454375 0.27100271002710025 0.461875 0.2750677506775068 0.464375 0.2886178861788618 0.4675 0.3062330623306233 0.4675 0.31978319783197834 0.464375
1 0.7046070460704607 0.4290625 0.0027100271002710027 0.000625
1 0.6842818428184282 0.408125 0.6761517615176151 0.40625 0.6544715447154471 0.408125 0.6490514905149052 0.41125 0.6517615176151762 0.423125 0.6693766937669376 0.43125 0.6897018970189702 0.430625 0.6924119241192412 0.415625 0.6842818428184282 0.408125