0 0.45375 0.18438538205980065 0.46875 0.20182724252491693 0.480625 0.20681063122923588 0.495 0.20764119601328904 0.508125 0.20431893687707642 0.51625 0.19933554817275748 0.525625 0.1893687707641196 0.534375 0.17524916943521596 0.540625 0.15448504983388706 0.540625 0.1287375415282392 0.535 0.1079734219269103 0.52125 0.0888704318936877 0.501875 0.07973421926910298 0.49 0.07973421926910298 0.46625 0.09219269102990033 0.4525 0.11295681063122924 0.445625 0.13538205980066445 0.445625 0.1611295681063123 0.45375 0.18438538205980065
1 0.629375 0.5373754152823921 0.63125 0.5440199335548173 0.636875 0.5514950166112956 0.649375 0.5523255813953488 0.656875 0.5490033222591362 0.666875 0.5440199335548173 0.675625 0.5340531561461794 0.675 0.5199335548172758 0.670625 0.5116279069767442 0.664375 0.5058139534883721 0.64625 0.5058139534883721 0.636875 0.510797342192691 0.6325 0.5174418604651163 0.629375 0.5232558139534884 0.629375 0.5373754152823921
1 0.733125 0.6470099667774086 0.743125 0.6511627906976745 0.75125 0.6511627906976745 0.76375 0.6403654485049833 0.763125 0.6212624584717608 0.75125 0.6071428571428571 0.740625 0.6079734219269103 0.728125 0.6196013289036545 0.73 0.643687707641196 0.733125 0.6470099667774086
1 0.485 0.7250830564784053 0.491875 0.7350498338870431 0.50125 0.7433554817275747 0.508125 0.7433554817275747 0.515 0.7308970099667774 0.514375 0.7068106312292359 0.51 0.6960132890365448 0.50125 0.686046511627907 0.49375 0.6852159468438538 0.4875 0.6868770764119602 0.481875 0.696843853820598 0.479375 0.7026578073089701 0.485 0.7250830564784053
1 0.47875 0.5199335548172758 0.485 0.5290697674418605 0.49875 0.532392026578073 0.508125 0.526578073089701 0.51375 0.5199335548172758 0.51875 0.5083056478405316 0.519375 0.49335548172757476 0.51625 0.4850498338870432 0.496875 0.48172757475083056 0.4875 0.4867109634551495 0.47875 0.5 0.476875 0.5116279069767442 0.47875 0.5199335548172758
1 0.5675 0.7350498338870431 0.58125 0.7350498338870431 0.5875 0.7325581395348837 0.5925 0.728405315614618 0.598125 0.7167774086378738 0.5975 0.7034883720930233 0.58875 0.6935215946843853 0.576875 0.6943521594684385 0.56375 0.7109634551495017 0.5625 0.7300664451827242 0.5675 0.7350498338870431
1 0.558125 0.4011627906976744 0.566875 0.40780730897009965 0.578125 0.40780730897009965 0.593125 0.3953488372093023 0.596875 0.3795681063122924 0.595 0.37209302325581395 0.59125 0.36794019933554817 0.576875 0.3654485049833887 0.5625 0.3704318936877076 0.55375 0.38289036544850497 0.553125 0.39368770764119604 0.558125 0.4011627906976744
1 0.5425 0.7757475083056479 0.55375 0.7882059800664452 0.56375 0.7882059800664452 0.57375 0.7732558139534884 0.57375 0.7641196013289037 0.570625 0.7541528239202658 0.56375 0.7475083056478405 0.55 0.7458471760797342 0.5425 0.7508305647840532 0.54125 0.7541528239202658 0.540625 0.7666112956810631 0.5425 0.7757475083056479
1 0.51125 0.6470099667774086 0.516875 0.6511627906976745 0.5375 0.6495016611295681 0.544375 0.6428571428571429 0.546875 0.6362126245847176 0.546875 0.6270764119601329 0.544375 0.6196013289036545 0.53125 0.6088039867109635 0.521875 0.6088039867109635 0.51125 0.6154485049833887 0.50625 0.622093023255814 0.50625 0.6387043189368771 0.51125 0.6470099667774086
1 0.5175 0.7317275747508306 0.521875 0.7375415282392026 0.529375 0.739202657807309 0.5325 0.7450166112956811 0.53625 0.7458471760797342 0.5425 0.7367109634551495 0.543125 0.7317275747508306 0.543125 0.7192691029900332 0.54 0.7084717607973422 0.5325 0.7009966777408638 0.5275 0.7009966777408638 0.51625 0.7084717607973422 0.515 0.7209302325581395 0.5175 0.7317275747508306
1 0.469375 0.3521594684385382 0.476875 0.3579734219269103 0.4875 0.3579734219269103 0.491875 0.34717607973421927 0.4975 0.34053156146179403 0.495 0.3289036544850498 0.488125 0.3230897009966777 0.473125 0.3230897009966777 0.46625 0.3313953488372093 0.46625 0.3446843853820598 0.469375 0.3521594684385382
1 0.589375 0.654485049833887 0.59875 0.665282392026578 0.608125 0.6661129568106312 0.613125 0.6636212624584718 0.618125 0.6528239202657807 0.618125 0.632890365448505 0.613125 0.6196013289036545 0.603125 0.6121262458471761 0.59375 0.6112956810631229 0.584375 0.622093023255814 0.58375 0.6403654485049833 0.589375 0.654485049833887
1 0.5175 0.5232558139534884 0.520625 0.5290697674418605 0.525625 0.53156146179402 0.538125 0.5290697674418605 0.546875 0.5174418604651163 0.55 0.5083056478405316 0.55 0.49667774086378735 0.546875 0.4883720930232558 0.54 0.48421926910299 0.52875 0.4867109634551495 0.519375 0.5 0.516875 0.5141196013289037 0.5175 0.5232558139534884
1 0.46125 0.6910299003322259 0.469375 0.7001661129568106 0.479375 0.7001661129568106 0.48625 0.686046511627907 0.485 0.6627906976744186 0.483125 0.6578073089700996 0.475 0.6461794019933554 0.46625 0.6461794019933554 0.46 0.6519933554817275 0.458125 0.6611295681063123 0.45875 0.686046511627907 0.46125 0.6910299003322259
1 0.5725 0.8131229235880398 0.57875 0.8181063122923588 0.58875 0.8197674418604651 0.596875 0.8172757475083057 0.606875 0.8073089700996677 0.609375 0.8014950166112956 0.609375 0.7848837209302325 0.60125 0.7749169435215947 0.581875 0.7724252491694352 0.57375 0.776578073089701 0.566875 0.7857142857142857 0.566875 0.803156146179402 0.5725 0.8131229235880398
1 0.613125 0.7084717607973422 0.615625 0.7192691029900332 0.623125 0.7259136212624585 0.63375 0.7225913621262459 0.64125 0.7134551495016611 0.645625 0.7018272425249169 0.64625 0.6877076411960132 0.64375 0.6785714285714286 0.638125 0.6719269102990033 0.628125 0.670265780730897 0.61875 0.6769102990033222 0.615625 0.6835548172757475 0.613125 0.6935215946843853 0.613125 0.7084717607973422
1 0.761875 0.617109634551495 0.77875 0.617109634551495 0.784375 0.6121262458471761 0.78625 0.6046511627906976 0.784375 0.5913621262458472 0.775625 0.5789036544850499 0.76875 0.5730897009966778 0.754375 0.5730897009966778 0.745 0.584717607973422 0.74625 0.5988372093023255 0.761875 0.617109634551495
1 0.505 0.3795681063122924 0.516875 0.38289036544850497 0.52375 0.3787375415282392 0.525625 0.37375415282392027 0.525625 0.36212624584717606 0.52125 0.3521594684385382 0.51375 0.3430232558139535 0.5 0.34053156146179403 0.4925 0.3488372093023256 0.4925 0.36295681063122925 0.505 0.3795681063122924
1 0.548125 0.8363787375415282 0.55875 0.8488372093023255 0.56375 0.8513289036544851 0.57125 0.8488372093023255 0.575625 0.840531561461794 0.575625 0.8322259136212624 0.57125 0.813953488372093 0.561875 0.7940199335548173 0.556875 0.7906976744186046 0.54875 0.7898671096345515 0.543125 0.7956810631229236 0.54125 0.803156146179402 0.5425 0.8230897009966778 0.548125 0.8363787375415282
1 0.550625 0.6337209302325582 0.555 0.6411960132890365 0.558125 0.6445182724252492 0.566875 0.6470099667774086 0.57875 0.6403654485049833 0.581875 0.6303986710963455 0.581875 0.6129568106312292 0.57625 0.6013289036544851 0.571875 0.5971760797342193 0.564375 0.5971760797342193 0.5525 0.6104651162790697 0.550625 0.6179401993355482 0.550625 0.6337209302325582
1 0.705 0.5523255813953488 0.713125 0.5564784053156147 0.726875 0.5523255813953488 0.734375 0.542358803986711 0.7375 0.5299003322259136 0.7375 0.5191029900332226 0.735 0.5149501661129569 0.723125 0.5091362126245847 0.71 0.5124584717607974 0.701875 0.5240863787375415 0.701875 0.5456810631229236 0.705 0.5523255813953488
1 0.28875 0.8488372093023255 0.293125 0.8513289036544851 0.3 0.8513289036544851 0.3075 0.8463455149501661 0.316875 0.8289036544850499 0.316875 0.813953488372093 0.311875 0.803156146179402 0.306875 0.7981727574750831 0.295625 0.7990033222591362 0.285625 0.8156146179401993 0.285625 0.8421926910299004 0.28875 0.8488372093023255
1 0.5503125 0.834717607973422 0.000625 0.0016611295681063123
1 0.565625 0.848421926910299 0.00375 0.0008305647840531562
1 0.416875 0.5672757475083057 0.426875 0.5714285714285714 0.441875 0.5672757475083057 0.450625 0.5539867109634552 0.449375 0.5398671096345515 0.446875 0.5340531561461794 0.441875 0.5290697674418605 0.435 0.5274086378737541 0.4225 0.5307308970099668 0.414375 0.5456810631229236 0.414375 0.5631229235880398 0.416875 0.5672757475083057
1 0.450625 0.5456810631229236 0.451875 0.5514950166112956 0.4575 0.5581395348837209 0.475 0.5573089700996677 0.484375 0.5398671096345515 0.484375 0.5307308970099668 0.47625 0.5199335548172758 0.469375 0.5199335548172758 0.455 0.53156146179402 0.450625 0.5390365448504983 0.450625 0.5456810631229236
1 0.481875 0.40448504983388706 0.494375 0.4053156146179402 0.504375 0.39368770764119604 0.505 0.3812292358803987 0.499375 0.3712624584717608 0.494375 0.36710963455149503 0.480625 0.36794019933554817 0.47375 0.3754152823920266 0.473125 0.3953488372093023 0.481875 0.40448504983388706
1 0.71875 0.6901993355481728 0.728125 0.7009966777408638 0.735 0.7051495016611296 0.746875 0.7051495016611296 0.751875 0.7026578073089701 0.75625 0.6926910299003323 0.75625 0.6802325581395349 0.748125 0.6644518272425249 0.733125 0.6569767441860465 0.726875 0.6569767441860465 0.716875 0.6636212624584718 0.716875 0.6843853820598007 0.71875 0.6901993355481728
1 0.59375 0.5523255813953488 0.605 0.5730897009966778 0.615625 0.5772425249169435 0.624375 0.5714285714285714 0.62625 0.5539867109634552 0.623125 0.5415282392026578 0.615625 0.5299003322259136 0.603125 0.5249169435215947 0.59375 0.532392026578073 0.591875 0.5398671096345515 0.59375 0.5523255813953488
1 0.538125 0.45598006644518274 0.5425 0.4676079734219269 0.549375 0.46677740863787376 0.560625 0.457641196013289 0.571875 0.4410299003322259 0.571875 0.4277408637873754 0.56375 0.4169435215946844 0.5525 0.420265780730897 0.5425 0.43106312292358806 0.538125 0.44435215946843853 0.538125 0.45598006644518274
1 0.49375 0.6727574750830565 0.504375 0.675249169435216 0.509375 0.6719269102990033 0.513125 0.665282392026578 0.513125 0.6495016611295681 0.504375 0.6387043189368771 0.503125 0.632890365448505 0.49875 0.6303986710963455 0.4925 0.6320598006644518 0.4825 0.6428571428571429 0.485 0.6602990033222591 0.49375 0.6727574750830565
1 0.5425 0.3654485049833887 0.5525 0.3754152823920266 0.5575 0.3754152823920266 0.571875 0.36046511627906974 0.575625 0.3488372093023256 0.575625 0.3380398671096346 0.568125 0.32475083056478404 0.560625 0.3230897009966777 0.5525 0.329734219269103 0.54125 0.3446843853820598 0.540625 0.3579734219269103 0.5425 0.3654485049833887
1 0.443125 0.5257475083056479 0.449375 0.5282392026578073 0.46 0.5274086378737541 0.470625 0.5191029900332226 0.47375 0.5116279069767442 0.47375 0.5041528239202658 0.47 0.4950166112956811 0.46375 0.49335548172757476 0.455625 0.5033222591362126 0.441875 0.5083056478405316 0.440625 0.5132890365448505 0.44 0.5174418604651163 0.443125 0.5257475083056479
1 0.610625 0.5257475083056479 0.618125 0.5282392026578073 0.62875 0.5257475083056479 0.63875 0.5083056478405316 0.638125 0.4983388704318937 0.63375 0.4908637873754153 0.62875 0.489202657807309 0.625 0.489202657807309 0.605 0.5016611295681063 0.605 0.5174418604651163 0.610625 0.5257475083056479
1 0.67375 0.5813953488372093 0.678125 0.5930232558139535 0.685625 0.6021594684385382 0.695625 0.6021594684385382 0.69875 0.5996677740863787 0.706875 0.5872093023255814 0.708125 0.5697674418604651 0.70625 0.5589700996677741 0.69625 0.5456810631229236 0.691875 0.5440199335548173 0.683125 0.5456810631229236 0.675625 0.5564784053156147 0.67375 0.5631229235880398 0.67375 0.5813953488372093
1 0.4975 0.47674418604651164 0.50125 0.48006644518272423 0.51875 0.48255813953488375 0.525625 0.47840531561461797 0.53125 0.4700996677740864 0.530625 0.4568106312292359 0.52625 0.4476744186046512 0.519375 0.4410299003322259 0.50625 0.43853820598006643 0.49875 0.4410299003322259 0.494375 0.44601328903654486 0.4925 0.4659468438538206 0.4975 0.47674418604651164
1 0.576875 0.8496677740863787 0.584375 0.8579734219269103 0.59 0.8612956810631229 0.598125 0.8612956810631229 0.605 0.8571428571428571 0.6125 0.8471760797342193 0.615 0.8313953488372093 0.6075 0.8205980066445183 0.598125 0.8181063122923588 0.58 0.824750830564784 0.576875 0.8313953488372093 0.576875 0.8496677740863787
1 0.45875 0.6353820598006644 0.4625 0.6403654485049833 0.47625 0.6411960132890365 0.484375 0.632890365448505 0.48875 0.6237541528239202 0.49 0.6146179401993356 0.48875 0.6046511627906976 0.48375 0.5930232558139535 0.4775 0.5888704318936877 0.46875 0.590531561461794 0.46375 0.5946843853820598 0.45875 0.6046511627906976 0.4575 0.6270764119601329 0.45875 0.6353820598006644
1 0.43625 0.49916943521594687 0.443125 0.5049833887043189 0.449375 0.5049833887043189 0.460625 0.49916943521594687 0.4625 0.48421926910299 0.4575 0.4717607973421927 0.45125 0.4676079734219269 0.434375 0.4659468438538206 0.4275 0.4692691029900332 0.4275 0.48421926910299 0.43625 0.49916943521594687
1 0.4225 0.6893687707641196 0.435 0.6893687707641196 0.439375 0.6868770764119602 0.444375 0.6769102990033222 0.444375 0.6677740863787376 0.439375 0.654485049833887 0.431875 0.6453488372093024 0.42625 0.6428571428571429 0.416875 0.643687707641196 0.413125 0.6461794019933554 0.408125 0.6553156146179402 0.408125 0.6710963455149501 0.4225 0.6893687707641196
1 0.560625 0.696843853820598 0.57125 0.6976744186046512 0.580625 0.6901993355481728 0.586875 0.6769102990033222 0.588125 0.659468438538206 0.58125 0.6511627906976745 0.57125 0.6511627906976745 0.5625 0.6553156146179402 0.5525 0.6669435215946844 0.553125 0.6901993355481728 0.560625 0.696843853820598
1 0.39625 0.420265780730897 0.40375 0.42524916943521596 0.41375 0.4277408637873754 0.421875 0.4260797342192691 0.425 0.4219269102990033 0.425 0.40448504983388706 0.414375 0.38870431893687707 0.40375 0.3862126245847176 0.3975 0.38787375415282394 0.39125 0.3945182724252492 0.39 0.4053156146179402 0.39625 0.420265780730897
1 0.441875 0.4219269102990033 0.450625 0.42940199335548174 0.45875 0.42940199335548174 0.463125 0.4260797342192691 0.46375 0.4011627906976744 0.458125 0.38787375415282394 0.45 0.38205980066445183 0.441875 0.38205980066445183 0.435625 0.38870431893687707 0.4325 0.4003322259136213 0.441875 0.4219269102990033
1 0.649375 0.31727574750830567 0.664375 0.3164451827242525 0.670625 0.3073089700996678 0.671875 0.292358803986711 0.665 0.2799003322259136 0.6575 0.27740863787375414 0.6475 0.2782392026578073 0.64 0.2857142857142857 0.64 0.3064784053156146 0.649375 0.31727574750830567
1 0.521875 0.3372093023255814 0.529375 0.34634551495016613 0.535625 0.34634551495016613 0.540625 0.3430232558139535 0.546875 0.3372093023255814 0.551875 0.3280730897009967 0.553125 0.29900332225913623 0.55 0.2931893687707641 0.5425 0.292358803986711 0.534375 0.29817275747508304 0.5275 0.29900332225913623 0.52125 0.3089700996677741 0.519375 0.329734219269103 0.521875 0.3372093023255814
1 0.545625 0.48588039867109634 0.550625 0.4983388704318937 0.56375 0.5058139534883721 0.575625 0.5049833887043189 0.58125 0.5016611295681063 0.588125 0.4883720930232558 0.58625 0.4792358803986711 0.58125 0.47093023255813954 0.56875 0.4642857142857143 0.5525 0.4659468438538206 0.548125 0.4684385382059801 0.543125 0.47674418604651164 0.543125 0.48421926910299 0.545625 0.48588039867109634
1 0.51125 0.5946843853820598 0.51875 0.5930232558139535 0.529375 0.5813953488372093 0.5375 0.5664451827242525 0.539375 0.5573089700996677 0.5375 0.5431893687707641 0.53 0.5373754152823921 0.5225 0.5390365448504983 0.514375 0.5473421926910299 0.50625 0.5656146179401993 0.50625 0.5880398671096345 0.51125 0.5946843853820598
1 0.4375 0.6337209302325582 0.449375 0.6320598006644518 0.45375 0.627906976744186 0.45625 0.6212624584717608 0.4575 0.6021594684385382 0.455625 0.5913621262458472 0.44625 0.5722591362126246 0.438125 0.5697674418604651 0.4325 0.574750830564784 0.4325 0.6295681063122923 0.4375 0.6337209302325582
1 0.481875 0.584717607973422 0.49625 0.5872093023255814 0.50125 0.5830564784053156 0.50625 0.5697674418604651 0.50625 0.5581395348837209 0.4975 0.5398671096345515 0.49125 0.5373754152823921 0.485 0.5398671096345515 0.47625 0.5539867109634552 0.475625 0.5697674418604651 0.481875 0.584717607973422
1 0.595 0.4950166112956811 0.6 0.49750830564784054 0.62 0.49335548172757476 0.62875 0.4792358803986711 0.62875 0.4700996677740864 0.619375 0.4601328903654485 0.613125 0.46096345514950166 0.6075 0.46511627906976744 0.598125 0.4659468438538206 0.59 0.4742524916943522 0.59 0.48754152823920266 0.595 0.4950166112956811
1 0.51125 0.8064784053156147 0.52125 0.8172757475083057 0.535 0.8164451827242525 0.540625 0.8064784053156147 0.54 0.78156146179402 0.529375 0.7641196013289037 0.51875 0.7624584717607974 0.51 0.7699335548172758 0.508125 0.7906976744186046 0.51125 0.8064784053156147
1 0.45625 0.4568106312292359 0.46125 0.4659468438538206 0.46875 0.473421926910299 0.473125 0.47591362126245845 0.484375 0.4742524916943522 0.489375 0.46677740863787376 0.49 0.45514950166112955 0.4875 0.4426910299003322 0.478125 0.4318936877076412 0.46375 0.4318936877076412 0.45625 0.4418604651162791 0.45625 0.4568106312292359
1 0.670625 0.707641196013289 0.6775 0.7209302325581395 0.6975 0.729235880398671 0.706875 0.728405315614618 0.713125 0.7225913621262459 0.716875 0.7051495016611296 0.713125 0.6943521594684385 0.70375 0.6827242524916943 0.69375 0.6769102990033222 0.6825 0.6769102990033222 0.678125 0.6794019933554817 0.67375 0.6868770764119602 0.670625 0.6951827242524917 0.670625 0.707641196013289
1 0.608125 0.29983388704318936 0.61125 0.3064784053156146 0.61625 0.30980066445182725 0.62375 0.30980066445182725 0.63625 0.29900332225913623 0.64125 0.2815614617940199 0.64125 0.2707641196013289 0.638125 0.26411960132890366 0.63375 0.2599667774086379 0.62625 0.25830564784053156 0.62 0.260797342192691 0.611875 0.2707641196013289 0.608125 0.2807308970099668 0.608125 0.29983388704318936
1 0.691875 0.6453488372093024 0.705 0.6611295681063123 0.72 0.6611295681063123 0.725 0.6578073089700996 0.7275 0.6528239202657807 0.72875 0.6387043189368771 0.726875 0.6237541528239202 0.716875 0.6071428571428571 0.709375 0.6038205980066446 0.69875 0.6071428571428571 0.6925 0.6154485049833887 0.689375 0.6254152823920266 0.68875 0.6362126245847176 0.691875 0.6453488372093024
1 0.43 0.4634551495016611 0.435 0.4659468438538206 0.449375 0.4659468438538206 0.45625 0.4584717607973422 0.455 0.4418604651162791 0.448125 0.43272425249169433 0.43875 0.42857142857142855 0.43125 0.42857142857142855 0.42125 0.43521594684385384 0.420625 0.44518272425249167 0.43 0.4634551495016611
1 0.566875 0.553156146179402 0.570625 0.5581395348837209 0.57625 0.5606312292358804 0.584375 0.5573089700996677 0.591875 0.5357142857142857 0.591875 0.5249169435215947 0.58875 0.5141196013289037 0.583125 0.5083056478405316 0.576875 0.5058139534883721 0.56875 0.5132890365448505 0.56375 0.526578073089701 0.5625 0.5398671096345515 0.566875 0.553156146179402
1 0.59375 0.4634551495016611 0.608125 0.4642857142857143 0.618125 0.45930232558139533 0.625 0.45182724252491696 0.626875 0.4426910299003322 0.62625 0.43023255813953487 0.619375 0.42358803986710963 0.605 0.42358803986710963 0.595 0.4277408637873754 0.586875 0.4410299003322259 0.585 0.45016611295681064 0.59375 0.4634551495016611
1 0.45625 0.5880398671096345 0.46625 0.5913621262458472 0.47875 0.584717607973422 0.473125 0.5589700996677741 0.455625 0.5589700996677741 0.451875 0.5622923588039868 0.450625 0.574750830564784 0.45625 0.5880398671096345
1 0.514375 0.6918604651162791 0.51875 0.6951827242524917 0.526875 0.6960132890365448 0.535 0.6918604651162791 0.540625 0.6852159468438538 0.545 0.6735880398671097 0.545625 0.6636212624584718 0.539375 0.6519933554817275 0.535625 0.6511627906976745 0.521875 0.6569767441860465 0.514375 0.6669435215946844 0.511875 0.6760797342192691 0.514375 0.6918604651162791