1 0.21138211382113822 0.39875 0.23035230352303523 0.4 0.23848238482384823 0.39625 0.24119241192411925 0.386875 0.23577235772357724 0.3825 0.22493224932249323 0.3775 0.2140921409214092 0.378125 0.2032520325203252 0.381875 0.2005420054200542 0.389375 0.21138211382113822 0.39875
1 0.4905149051490515 0.716875 0.4959349593495935 0.719375 0.510840108401084 0.72 0.524390243902439 0.715625 0.535230352303523 0.706875 0.532520325203252 0.69875 0.524390243902439 0.695625 0.5067750677506775 0.695625 0.4959349593495935 0.699375 0.4905149051490515 0.706875 0.4905149051490515 0.716875
1 0.7276422764227642 0.5525 0.7357723577235772 0.5575 0.7466124661246613 0.56 0.7655826558265583 0.560625 0.7791327913279132 0.556875 0.7818428184281843 0.55375 0.7764227642276422 0.545625 0.7655826558265583 0.5425 0.7493224932249323 0.54125 0.7357723577235772 0.5425 0.7276422764227642 0.545625 0.7276422764227642 0.5525
1 0.3224932249322493 0.355625 0.33062330623306235 0.355625 0.35501355013550134 0.34375 0.3523035230352303 0.33375 0.3333333333333333 0.3325 0.3170731707317073 0.335 0.3062330623306233 0.34125 0.3062330623306233 0.350625 0.3224932249322493 0.355625
1 0.34688346883468835 0.3975 0.3794037940379404 0.398125 0.3902439024390244 0.39125 0.3902439024390244 0.385 0.38482384823848237 0.381875 0.36314363143631434 0.379375 0.34959349593495936 0.381875 0.34146341463414637 0.3875 0.34146341463414637 0.39375 0.34688346883468835 0.3975
1 0.8102981029810298 0.350625 0.8211382113821138 0.35625 0.8468834688346883 0.355625 0.8658536585365854 0.345625 0.8604336043360433 0.338125 0.8523035230352304 0.33625 0.8306233062330624 0.33625 0.8224932249322493 0.338125 0.8089430894308943 0.344375 0.8102981029810298 0.350625
1 0.4010840108401084 0.40625 0.42005420054200543 0.405625 0.43360433604336046 0.4 0.43089430894308944 0.3875 0.42005420054200543 0.385625 0.4065040650406504 0.386875 0.3983739837398374 0.39 0.39295392953929537 0.40125 0.4010840108401084 0.40625
1 0.3780487804878049 0.38 0.39295392953929537 0.384375 0.4146341463414634 0.384375 0.43089430894308944 0.378125 0.4281842818428184 0.37 0.41192411924119243 0.365 0.3902439024390244 0.365 0.37398373983739835 0.37 0.3712737127371274 0.374375 0.3780487804878049 0.38
1 0.4173441734417344 0.251875 0.43902439024390244 0.245 0.43902439024390244 0.23125 0.4146341463414634 0.23 0.4037940379403794 0.234375 0.3983739837398374 0.240625 0.4037940379403794 0.249375 0.4173441734417344 0.251875
1 0.14634146341463414 0.386875 0.17344173441734417 0.386875 0.1897018970189702 0.379375 0.1897018970189702 0.3675 0.1842818428184282 0.365 0.17073170731707318 0.3625 0.15718157181571815 0.365 0.14498644986449866 0.370625 0.14092140921409213 0.379375 0.14634146341463414 0.386875
1 0.7520325203252033 0.348125 0.7615176151761518 0.35125 0.7818428184281843 0.350625 0.7899728997289973 0.34625 0.7872628726287263 0.335 0.7764227642276422 0.330625 0.7628726287262872 0.33 0.7547425474254743 0.331875 0.7466124661246613 0.338125 0.7520325203252033 0.348125
1 0.6788617886178862 0.62625 0.6978319783197832 0.62625 0.7086720867208672 0.619375 0.7059620596205962 0.614375 0.6897018970189702 0.605 0.6707317073170732 0.605 0.6626016260162602 0.609375 0.6626016260162602 0.615625 0.6788617886178862 0.62625
1 0.23035230352303523 0.6075 0.23577235772357724 0.61 0.25203252032520324 0.61 0.27100271002710025 0.6025 0.27100271002710025 0.59 0.26287262872628725 0.588125 0.25474254742547425 0.59 0.24661246612466126 0.595 0.22764227642276422 0.6 0.23035230352303523 0.6075
1 0.3035230352303523 0.398125 0.3252032520325203 0.395625 0.3333333333333333 0.39125 0.3319783197831978 0.38125 0.3224932249322493 0.378125 0.2981029810298103 0.379375 0.2872628726287263 0.384375 0.2872628726287263 0.3925 0.3035230352303523 0.398125
1 0.6300813008130082 0.62625 0.6449864498644986 0.634375 0.6707317073170732 0.63375 0.6707317073170732 0.62 0.6626016260162602 0.614375 0.6490514905149052 0.61125 0.6382113821138211 0.61125 0.6273712737127372 0.615 0.6300813008130082 0.62625
1 0.7303523035230353 0.338125 0.7466124661246613 0.338125 0.7628726287262872 0.32875 0.7601626016260162 0.321875 0.7493224932249323 0.319375 0.7303523035230353 0.32 0.7168021680216802 0.326875 0.7168021680216802 0.333125 0.7303523035230353 0.338125
1 0.6355013550135501 0.744375 0.6355013550135501 0.733125 0.6273712737127372 0.73 0.6056910569105691 0.730625 0.5975609756097561 0.734375 0.6016260162601627 0.744375 0.6355013550135501 0.744375
1 0.5867208672086721 0.75125 0.5975609756097561 0.745625 0.5975609756097561 0.734375 0.5894308943089431 0.730625 0.5650406504065041 0.73 0.551490514905149 0.73625 0.551490514905149 0.745 0.5650406504065041 0.753125 0.5867208672086721 0.75125
1 0.8929539295392954 0.4875 0.8983739837398373 0.49125 0.9186991869918699 0.4975 0.9308943089430894 0.4975 0.9417344173441734 0.49375 0.9390243902439024 0.484375 0.9308943089430894 0.480625 0.9119241192411924 0.476875 0.8983739837398373 0.478125 0.8929539295392954 0.480625 0.8929539295392954 0.4875
1 0.7886178861788617 0.570625 0.8143631436314364 0.5725 0.8252032520325203 0.57 0.8333333333333334 0.5625 0.8306233062330624 0.555625 0.8197831978319783 0.550625 0.8008130081300813 0.550625 0.7913279132791328 0.553125 0.7845528455284553 0.55875 0.7886178861788617 0.570625
1 0.6138211382113821 0.280625 0.6219512195121951 0.285625 0.6355013550135501 0.285625 0.6544715447154471 0.27875 0.6571815718157181 0.27 0.6517615176151762 0.265 0.6463414634146342 0.261875 0.6314363143631436 0.261875 0.6205962059620597 0.265 0.6138211382113821 0.270625 0.6138211382113821 0.280625
1 0.5691056910569106 0.67125 0.5785907859078591 0.673125 0.6056910569105691 0.671875 0.6165311653116531 0.66625 0.6165311653116531 0.660625 0.6056910569105691 0.65625 0.5867208672086721 0.654375 0.573170731707317 0.65625 0.5650406504065041 0.660625 0.5650406504065041 0.668125 0.5691056910569106 0.67125
1 0.7981029810298103 0.40875 0.8116531165311653 0.410625 0.8333333333333334 0.405 0.8360433604336044 0.393125 0.8319783197831978 0.39 0.8062330623306233 0.389375 0.7953929539295393 0.393125 0.7899728997289973 0.3975 0.7899728997289973 0.40375 0.7981029810298103 0.40875
1 0.3604336043360434 0.473125 0.36314363143631434 0.46375 0.35772357723577236 0.46125 0.33604336043360433 0.46125 0.3252032520325203 0.46625 0.3252032520325203 0.480625 0.33875338753387535 0.480625 0.3604336043360434 0.473125
1 0.3956639566395664 0.49 0.4146341463414634 0.486875 0.42005420054200543 0.485 0.4173441734417344 0.47875 0.4092140921409214 0.475625 0.3821138211382114 0.476875 0.37669376693766937 0.480625 0.37669376693766937 0.489375 0.3956639566395664 0.49
1 0.8116531165311653 0.369375 0.8224932249322493 0.364375 0.8224932249322493 0.356875 0.8143631436314364 0.351875 0.7899728997289973 0.350625 0.7764227642276422 0.355625 0.7764227642276422 0.359375 0.7886178861788617 0.37 0.8116531165311653 0.369375
1 0.27371273712737126 0.47125 0.28184281842818426 0.4675 0.2872628726287263 0.46 0.2845528455284553 0.451875 0.2682926829268293 0.451875 0.25203252032520324 0.45625 0.24661246612466126 0.46625 0.25338753387533874 0.47125 0.27371273712737126 0.47125
1 0.502710027100271 0.4575 0.521680216802168 0.455625 0.532520325203252 0.449375 0.5311653116531165 0.44125 0.524390243902439 0.439375 0.5 0.440625 0.4878048780487805 0.445625 0.4878048780487805 0.45375 0.502710027100271 0.4575
1 0.8739837398373984 0.644375 0.8861788617886179 0.64625 0.8983739837398373 0.645625 0.9119241192411924 0.63625 0.9092140921409214 0.629375 0.8956639566395664 0.623125 0.8766937669376694 0.623125 0.8658536585365854 0.629375 0.8685636856368564 0.64125 0.8739837398373984 0.644375
1 0.5813008130081301 0.470625 0.5948509485094851 0.46625 0.5975609756097561 0.4525 0.592140921409214 0.450625 0.5704607046070461 0.4525 0.559620596205962 0.45875 0.556910569105691 0.4675 0.5623306233062331 0.470625 0.5813008130081301 0.470625
1 0.6951219512195121 0.355625 0.7195121951219512 0.354375 0.7303523035230353 0.346875 0.7262872628726287 0.336875 0.7195121951219512 0.33375 0.7059620596205962 0.33375 0.6869918699186992 0.340625 0.6842818428184282 0.348125 0.6951219512195121 0.355625
1 0.8658536585365854 0.4025 0.8929539295392954 0.400625 0.9037940379403794 0.39375 0.9037940379403794 0.388125 0.8997289972899729 0.385625 0.8766937669376694 0.384375 0.8617886178861789 0.386875 0.8495934959349594 0.39375 0.8523035230352304 0.39875 0.8658536585365854 0.4025
1 0.6300813008130082 0.680625 0.6409214092140921 0.685 0.6680216802168022 0.685625 0.6734417344173442 0.683125 0.6734417344173442 0.67375 0.6680216802168022 0.67 0.6517615176151762 0.665625 0.6368563685636857 0.665625 0.6273712737127372 0.67 0.6246612466124661 0.675 0.6300813008130082 0.680625
1 0.23848238482384823 0.383125 0.24254742547425473 0.388125 0.26287262872628725 0.389375 0.27371273712737126 0.384375 0.27100271002710025 0.371875 0.25745257452574527 0.365 0.23848238482384823 0.365 0.22764227642276422 0.37 0.22493224932249323 0.376875 0.23848238482384823 0.383125
1 0.6436314363143631 0.588125 0.6761517615176151 0.588125 0.6869918699186992 0.58125 0.6842818428184282 0.571875 0.6761517615176151 0.56875 0.6598915989159891 0.56875 0.6490514905149052 0.57125 0.6436314363143631 0.575625 0.6436314363143631 0.588125
1 0.4742547425474255 0.743125 0.502710027100271 0.743125 0.513550135501355 0.738125 0.513550135501355 0.73 0.508130081300813 0.726875 0.4932249322493225 0.723125 0.46883468834688347 0.723125 0.45528455284552843 0.73 0.45528455284552843 0.734375 0.4742547425474255 0.743125
1 0.35636856368563685 0.5575 0.3685636856368564 0.560625 0.39295392953929537 0.56 0.4037940379403794 0.55375 0.3983739837398374 0.5475 0.3875338753387534 0.543125 0.3617886178861789 0.5425 0.3523035230352303 0.545625 0.3523035230352303 0.55375 0.35636856368563685 0.5575
1 0.5433604336043361 0.259375 0.559620596205962 0.261875 0.575880758807588 0.259375 0.5840108401084011 0.255 0.5840108401084011 0.24875 0.5772357723577236 0.244375 0.5650406504065041 0.240625 0.551490514905149 0.240625 0.535230352303523 0.2475 0.535230352303523 0.254375 0.5433604336043361 0.259375
1 0.7222222222222222 0.388125 0.7411924119241192 0.386875 0.7466124661246613 0.384375 0.7466124661246613 0.3725 0.7330623306233063 0.3675 0.7140921409214093 0.3675 0.7086720867208672 0.369375 0.7086720867208672 0.376875 0.7222222222222222 0.388125
1 0.537940379403794 0.46 0.556910569105691 0.460625 0.5677506775067751 0.455625 0.5677506775067751 0.441875 0.559620596205962 0.438125 0.5460704607046071 0.438125 0.532520325203252 0.4425 0.532520325203252 0.455625 0.537940379403794 0.46
1 0.6571815718157181 0.6525 0.6626016260162602 0.6575 0.6747967479674797 0.665 0.6869918699186992 0.6675 0.7005420054200542 0.6675 0.7113821138211383 0.664375 0.7113821138211383 0.654375 0.7005420054200542 0.64625 0.6869918699186992 0.641875 0.6693766937669376 0.641875 0.6571815718157181 0.64625 0.6571815718157181 0.6525
1 0.5609756097560976 0.645625 0.5813008130081301 0.64875 0.5989159891598916 0.644375 0.6056910569105691 0.63875 0.6029810298102981 0.629375 0.592140921409214 0.62625 0.5813008130081301 0.62625 0.5677506775067751 0.629375 0.556910569105691 0.638125 0.5609756097560976 0.645625
1 0.32791327913279134 0.3725 0.32791327913279134 0.359375 0.3224932249322493 0.356875 0.3089430894308943 0.358125 0.2926829268292683 0.3675 0.3008130081300813 0.376875 0.31978319783197834 0.376875 0.32791327913279134 0.3725
1 0.7357723577235772 0.6075 0.7547425474254743 0.605625 0.7682926829268293 0.598125 0.7615176151761518 0.590625 0.7411924119241192 0.588125 0.7249322493224932 0.59 0.7140921409214093 0.595 0.7168021680216802 0.603125 0.7357723577235772 0.6075
1 0.3712737127371274 0.716875 0.37669376693766937 0.71375 0.37398373983739835 0.696875 0.3523035230352303 0.694375 0.33604336043360433 0.7025 0.33875338753387535 0.71375 0.34688346883468835 0.716875 0.3712737127371274 0.716875
1 0.4173441734417344 0.46 0.4254742547425474 0.46 0.43902439024390244 0.45625 0.43902439024390244 0.441875 0.4281842818428184 0.438125 0.4092140921409214 0.439375 0.4010840108401084 0.444375 0.4037940379403794 0.455625 0.4173441734417344 0.46
1 0.23035230352303523 0.45375 0.2601626016260163 0.45375 0.2791327913279133 0.449375 0.2791327913279133 0.439375 0.2601626016260163 0.43625 0.22899728997289973 0.436875 0.21680216802168023 0.441875 0.2140921409214092 0.446875 0.23035230352303523 0.45375
1 0.2940379403794038 0.435 0.3089430894308943 0.435 0.31978319783197834 0.431875 0.3170731707317073 0.421875 0.3035230352303523 0.418125 0.2804878048780488 0.41875 0.27100271002710025 0.425 0.2804878048780488 0.4325 0.2940379403794038 0.435
1 0.3617886178861789 0.25 0.3821138211382114 0.249375 0.39295392953929537 0.241875 0.39295392953929537 0.225 0.38482384823848237 0.22125 0.36585365853658536 0.22125 0.3523035230352303 0.22875 0.34959349593495936 0.240625 0.3523035230352303 0.245625 0.3617886178861789 0.25
1 0.7493224932249323 0.376875 0.7574525745257452 0.381875 0.7710027100271003 0.381875 0.7818428184281843 0.376875 0.7818428184281843 0.36375 0.7737127371273713 0.36 0.7642276422764228 0.359375 0.7574525745257452 0.36 0.7466124661246613 0.365 0.7493224932249323 0.376875
1 0.3712737127371274 0.3425 0.38482384823848237 0.344375 0.3983739837398374 0.34125 0.4065040650406504 0.33625 0.4037940379403794 0.325 0.3915989159891599 0.3225 0.3712737127371274 0.326875 0.36585365853658536 0.33125 0.36585365853658536 0.33875 0.3712737127371274 0.3425
1 0.6978319783197832 0.574375 0.7222222222222222 0.57375 0.7249322493224932 0.5625 0.7195121951219512 0.55875 0.7086720867208672 0.555 0.6883468834688347 0.556875 0.6842818428184282 0.56 0.6869918699186992 0.570625 0.6978319783197832 0.574375
1 0.7073170731707317 0.64 0.7303523035230353 0.63875 0.7384823848238482 0.63375 0.7384823848238482 0.62625 0.7330623306233063 0.6225 0.7249322493224932 0.618125 0.7086720867208672 0.62 0.6978319783197832 0.62625 0.6978319783197832 0.634375 0.7073170731707317 0.64
1 0.35636856368563685 0.45 0.3712737127371274 0.45 0.3875338753387534 0.443125 0.3875338753387534 0.4375 0.3821138211382114 0.434375 0.37398373983739835 0.431875 0.34959349593495936 0.431875 0.33604336043360433 0.435 0.33604336043360433 0.439375 0.35636856368563685 0.45
1 0.3794037940379404 0.71 0.38482384823848237 0.713125 0.41192411924119243 0.713125 0.42005420054200543 0.706875 0.4173441734417344 0.696875 0.4065040650406504 0.691875 0.3821138211382114 0.69375 0.37669376693766937 0.696875 0.37669376693766937 0.701875 0.3794037940379404 0.71
1 0.31978319783197834 0.45375 0.3224932249322493 0.458125 0.33604336043360433 0.46125 0.35501355013550134 0.46 0.35501355013550134 0.449375 0.34959349593495936 0.445625 0.3333333333333333 0.439375 0.3157181571815718 0.439375 0.3062330623306233 0.444375 0.3062330623306233 0.446875 0.31978319783197834 0.45375
1 0.532520325203252 0.77125 0.551490514905149 0.77125 0.5677506775067751 0.764375 0.5636856368563685 0.756875 0.556910569105691 0.754375 0.5392953929539296 0.754375 0.521680216802168 0.76125 0.521680216802168 0.76625 0.532520325203252 0.77125
1 0.4959349593495935 0.685625 0.516260162601626 0.685625 0.524390243902439 0.681875 0.521680216802168 0.670625 0.510840108401084 0.66625 0.4878048780487805 0.66625 0.47696476964769646 0.671875 0.4796747967479675 0.680625 0.4959349593495935 0.685625
1 0.7384823848238482 0.57875 0.7601626016260162 0.5775 0.7710027100271003 0.5725 0.7682926829268293 0.565625 0.7547425474254743 0.561875 0.7303523035230353 0.5625 0.7249322493224932 0.566875 0.7249322493224932 0.574375 0.7384823848238482 0.57875
1 0.7845528455284553 0.593125 0.8143631436314364 0.595 0.8252032520325203 0.589375 0.8197831978319783 0.58 0.7981029810298103 0.5725 0.7845528455284553 0.571875 0.7710027100271003 0.57625 0.7710027100271003 0.58375 0.7845528455284553 0.593125
1 0.7872628726287263 0.713125 0.8062330623306233 0.71625 0.8184281842818428 0.7125 0.8252032520325203 0.706875 0.8224932249322493 0.69875 0.8062330623306233 0.68875 0.7899728997289973 0.68875 0.7818428184281843 0.69375 0.7791327913279132 0.701875 0.7872628726287263 0.713125
1 0.8143631436314364 0.32875 0.8360433604336044 0.326875 0.8441734417344173 0.323125 0.8441734417344173 0.31 0.8360433604336044 0.306875 0.8265582655826558 0.306875 0.8062330623306233 0.313125 0.8035230352303523 0.3225 0.8143631436314364 0.32875
1 0.3983739837398374 0.52125 0.4254742547425474 0.520625 0.43089430894308944 0.516875 0.43089430894308944 0.50875 0.4254742547425474 0.505 0.4092140921409214 0.50125 0.3983739837398374 0.501875 0.3821138211382114 0.508125 0.3821138211382114 0.515 0.3983739837398374 0.52125
1 0.18699186991869918 0.439375 0.2005420054200542 0.443125 0.2140921409214092 0.4425 0.22764227642276422 0.436875 0.22628726287262874 0.425625 0.21680216802168023 0.4225 0.2086720867208672 0.4225 0.1897018970189702 0.4275 0.1842818428184282 0.435 0.18699186991869918 0.439375
1 0.38482384823848237 0.503125 0.41192411924119243 0.50125 0.42005420054200543 0.49625 0.4173441734417344 0.48625 0.3943089430894309 0.49 0.3794037940379404 0.49 0.37398373983739835 0.49375 0.37398373983739835 0.49875 0.38482384823848237 0.503125
1 0.44986449864498645 0.793125 0.45528455284552843 0.7975 0.46883468834688347 0.798125 0.4878048780487805 0.794375 0.4932249322493225 0.785625 0.4905149051490515 0.780625 0.4823848238482385 0.77625 0.46747967479674796 0.77625 0.45528455284552843 0.779375 0.44986449864498645 0.7825 0.44986449864498645 0.793125
1 0.4634146341463415 0.293125 0.48509485094850946 0.293125 0.4959349593495935 0.285625 0.4932249322493225 0.27875 0.47696476964769646 0.2725 0.46476964769647694 0.2725 0.44986449864498645 0.28125 0.45257452574525747 0.288125 0.4634146341463415 0.293125
1 0.13279132791327913 0.439375 0.15447154471544716 0.449375 0.16802168021680217 0.449375 0.18157181571815717 0.443125 0.17886178861788618 0.43375 0.17344173441734417 0.43 0.16260162601626016 0.4275 0.14363143631436315 0.4275 0.13279132791327913 0.4325 0.13279132791327913 0.439375
1 0.24119241192411925 0.596875 0.2682926829268293 0.585 0.26558265582655827 0.576875 0.23035230352303523 0.5775 0.2140921409214092 0.58625 0.2140921409214092 0.595625 0.2222222222222222 0.598125 0.24119241192411925 0.596875
1 0.44715447154471544 0.706875 0.46476964769647694 0.711875 0.4796747967479675 0.71125 0.4932249322493225 0.70375 0.4932249322493225 0.695625 0.48509485094850946 0.691875 0.4634146341463415 0.691875 0.45528455284552843 0.69375 0.4444444444444444 0.7025 0.44715447154471544 0.706875
1 0.7384823848238482 0.62625 0.7547425474254743 0.628125 0.7737127371273713 0.623125 0.7710027100271003 0.613125 0.7547425474254743 0.608125 0.7384823848238482 0.608125 0.7249322493224932 0.6125 0.7249322493224932 0.618125 0.7384823848238482 0.62625
1 0.2872628726287263 0.483125 0.3089430894308943 0.483125 0.31978319783197834 0.480625 0.3170731707317073 0.470625 0.2872628726287263 0.46375 0.27371273712737126 0.470625 0.27371273712737126 0.475625 0.2791327913279133 0.480625 0.2872628726287263 0.483125
1 0.47831978319783197 0.489375 0.510840108401084 0.4875 0.524390243902439 0.480625 0.521680216802168 0.47375 0.502710027100271 0.46875 0.4796747967479675 0.470625 0.46612466124661245 0.47625 0.46612466124661245 0.485 0.47831978319783197 0.489375
1 0.6815718157181572 0.320625 0.6869918699186992 0.324375 0.7086720867208672 0.324375 0.7168021680216802 0.320625 0.7222222222222222 0.314375 0.7195121951219512 0.305 0.7113821138211383 0.3025 0.6978319783197832 0.3025 0.6883468834688347 0.305625 0.6815718157181572 0.314375 0.6815718157181572 0.320625
1 0.41192411924119243 0.535625 0.43360433604336046 0.52875 0.43089430894308944 0.521875 0.3983739837398374 0.52125 0.3794037940379404 0.52875 0.3794037940379404 0.5325 0.3861788617886179 0.535625 0.41192411924119243 0.535625
1 0.35501355013550134 0.30125 0.37398373983739835 0.3025 0.3821138211382114 0.299375 0.3821138211382114 0.28625 0.37398373983739835 0.28125 0.36585365853658536 0.28 0.34959349593495936 0.281875 0.34688346883468835 0.294375 0.35501355013550134 0.30125
1 0.3089430894308943 0.468125 0.3143631436314363 0.468125 0.3224932249322493 0.4625 0.31978319783197834 0.455625 0.3062330623306233 0.446875 0.2926829268292683 0.446875 0.2845528455284553 0.450625 0.2872628726287263 0.4625 0.3089430894308943 0.468125
1 0.4173441734417344 0.27875 0.4444444444444444 0.28 0.46070460704607047 0.27375 0.46070460704607047 0.26875 0.453929539295393 0.26375 0.44173441734417346 0.260625 0.4173441734417344 0.260625 0.4065040650406504 0.265 0.4065040650406504 0.273125 0.4173441734417344 0.27875
1 0.8143631436314364 0.68 0.8360433604336044 0.68 0.8468834688346883 0.675625 0.8441734417344173 0.664375 0.8279132791327913 0.6575 0.8062330623306233 0.658125 0.7953929539295393 0.665 0.7981029810298103 0.675 0.8143631436314364 0.68
1 0.4363143631436314 0.726875 0.45799457994579945 0.728125 0.46883468834688347 0.723125 0.46612466124661245 0.713125 0.45257452574525747 0.70875 0.43360433604336046 0.70875 0.4241192411924119 0.7125 0.42276422764227645 0.718125 0.4363143631436314 0.726875
1 0.1897018970189702 0.415625 0.23306233062330622 0.415625 0.23848238482384823 0.40625 0.23306233062330622 0.40125 0.2140921409214092 0.39875 0.19241192411924118 0.39875 0.18157181571815717 0.403125 0.17886178861788618 0.408125 0.1897018970189702 0.415625
1 0.5433604336043361 0.235625 0.5650406504065041 0.234375 0.5785907859078591 0.22875 0.5785907859078591 0.2175 0.5582655826558266 0.214375 0.537940379403794 0.219375 0.532520325203252 0.2225 0.535230352303523 0.2325 0.5433604336043361 0.235625
1 0.6639566395663956 0.78125 0.6815718157181572 0.7825 0.6937669376693767 0.77875 0.7032520325203252 0.770625 0.7005420054200542 0.76125 0.6924119241192412 0.75875 0.6720867208672087 0.75875 0.6571815718157181 0.764375 0.6544715447154471 0.771875 0.6639566395663956 0.78125
1 0.1978319783197832 0.5625 0.2222222222222222 0.560625 0.23848238482384823 0.55 0.23577235772357724 0.543125 0.22493224932249323 0.540625 0.2005420054200542 0.5425 0.18699186991869918 0.548125 0.1842818428184282 0.5575 0.1978319783197832 0.5625
1 0.6409214092140921 0.31 0.6517615176151762 0.314375 0.6626016260162602 0.314375 0.6761517615176151 0.31125 0.6869918699186992 0.3025 0.6842818428184282 0.296875 0.6761517615176151 0.293125 0.6598915989159891 0.293125 0.6490514905149052 0.295625 0.6382113821138211 0.30625 0.6409214092140921 0.31
1 0.23306233062330622 0.420625 0.23848238482384823 0.42625 0.25474254742547425 0.4275 0.2682926829268293 0.425 0.28184281842818426 0.416875 0.2777777777777778 0.406875 0.26151761517615174 0.405 0.24390243902439024 0.406875 0.23848238482384823 0.409375 0.23306233062330622 0.41375 0.23306233062330622 0.420625
1 0.2682926829268293 0.570625 0.2845528455284553 0.575625 0.3035230352303523 0.57375 0.3035230352303523 0.5625 0.2953929539295393 0.556875 0.2872628726287263 0.55375 0.27371273712737126 0.553125 0.2601626016260163 0.55875 0.2601626016260163 0.56375 0.2682926829268293 0.570625
1 0.6425582655826558 0.3331625 0.6437953929539295 0.32118250000000004 0.6363739837398374 0.31376625 0.6178224932249322 0.312054375 0.6079281842818428 0.322323125 0.6202953929539295 0.33430374999999996 0.6425582655826558 0.3331625
1 0.33459078590785907 0.65320375 0.33706368563685635 0.6395125 0.3234593495934959 0.6383712500000001 0.3073807588075881 0.633236875 0.2888279132791328 0.6429349999999999 0.2913021680216802 0.6600493749999999 0.31480081300813006 0.6577675000000001 0.32716937669376694 0.659479375 0.33459078590785907 0.65320375