1 0.5357142857142857 0.5625 0.5490033222591362 0.571875 0.5606312292358804 0.571875 0.5672757475083057 0.56875 0.5722591362126246 0.56375 0.5739202657807309 0.558125 0.5730897009966778 0.546875 0.5689368770764119 0.540625 0.5539867109634552 0.5325 0.5440199335548173 0.5325 0.5357142857142857 0.535625 0.53156146179402 0.540625 0.5307308970099668 0.5525 0.5357142857142857 0.5625
1 0.3920265780730897 0.47 0.39700996677740863 0.476875 0.40863787375415284 0.483125 0.4277408637873754 0.480625 0.43853820598006643 0.470625 0.4377076411960133 0.46125 0.4260797342192691 0.451875 0.41029900332225916 0.449375 0.3995016611295681 0.451875 0.39285714285714285 0.456875 0.3903654485049834 0.46 0.3920265780730897 0.47
1 0.41362126245847175 0.4025 0.4269102990033223 0.405 0.4393687707641196 0.4 0.4418604651162791 0.383125 0.4368770764119601 0.375625 0.42358803986710963 0.37 0.4169435215946844 0.37 0.4061461794019934 0.378125 0.40448504983388706 0.390625 0.41362126245847175 0.4025
1 0.3995016611295681 0.56 0.4069767441860465 0.56375 0.42524916943521596 0.5625 0.43521594684385384 0.555625 0.44019933554817275 0.545 0.4393687707641196 0.535625 0.41362126245847175 0.5375 0.40780730897009965 0.53125 0.3995016611295681 0.53375 0.3961794019933555 0.540625 0.39700996677740863 0.55625 0.3995016611295681 0.56
1 0.6270764119601329 0.4025 0.6445182724252492 0.40125 0.6511627906976745 0.395625 0.6519933554817275 0.381875 0.6461794019933554 0.375 0.6403654485049833 0.3725 0.622093023255814 0.37125 0.6071428571428571 0.3775 0.6079734219269103 0.389375 0.6270764119601329 0.4025
1 0.5016611295681063 0.65 0.5083056478405316 0.65625 0.5224252491694352 0.659375 0.53156146179402 0.654375 0.5398671096345515 0.644375 0.5398671096345515 0.62625 0.5257475083056479 0.615 0.5174418604651163 0.615 0.5 0.623125 0.4983388704318937 0.63625 0.5016611295681063 0.65
1 0.5913621262458472 0.420625 0.5921926910299004 0.43375 0.6038205980066446 0.4375 0.6162790697674418 0.434375 0.6295681063122923 0.418125 0.6270764119601329 0.40375 0.6162790697674418 0.395625 0.606312292358804 0.395 0.5938538205980066 0.39625 0.5880398671096345 0.405625 0.5872093023255814 0.4125 0.5913621262458472 0.420625
1 0.3637873754152824 0.36 0.38205980066445183 0.3625 0.3911960132890365 0.358125 0.3911960132890365 0.346875 0.3803986710963455 0.3375 0.3637873754152824 0.33125 0.3546511627906977 0.33125 0.3488372093023256 0.33625 0.3496677740863787 0.348125 0.3637873754152824 0.36
1 0.579734219269103 0.471875 0.590531561461794 0.478125 0.6021594684385382 0.478125 0.6129568106312292 0.46625 0.6129568106312292 0.4575 0.6021594684385382 0.439375 0.590531561461794 0.438125 0.5863787375415282 0.44 0.5789036544850499 0.445 0.574750830564784 0.4525 0.5739202657807309 0.4625 0.579734219269103 0.471875
1 0.6320598006644518 0.49625 0.6370431893687708 0.49875 0.6611295681063123 0.50125 0.6719269102990033 0.495 0.6727574750830565 0.48625 0.670265780730897 0.48125 0.6561461794019934 0.471875 0.6295681063122923 0.471875 0.622093023255814 0.475625 0.6212624584717608 0.48375 0.6320598006644518 0.49625
1 0.7732558139534884 0.324375 0.78156146179402 0.333125 0.7965116279069767 0.335 0.8073089700996677 0.33 0.813953488372093 0.319375 0.8147840531561462 0.3075 0.8056478405315615 0.2975 0.7906976744186046 0.2975 0.782392026578073 0.30125 0.7732558139534884 0.31 0.770764119601329 0.316875 0.7732558139534884 0.324375
1 0.7093023255813954 0.335 0.7200996677740864 0.340625 0.7275747508305648 0.340625 0.7333887043189369 0.338125 0.7441860465116279 0.324375 0.7450166112956811 0.31 0.7375415282392026 0.305 0.723421926910299 0.305 0.7109634551495017 0.3125 0.7084717607973422 0.31625 0.7068106312292359 0.328125 0.7093023255813954 0.335
1 0.36627906976744184 0.3075 0.3754152823920266 0.30625 0.3845514950166113 0.3 0.3853820598006645 0.284375 0.38372093023255816 0.281875 0.3754152823920266 0.27875 0.3654485049833887 0.281875 0.3579734219269103 0.290625 0.35631229235880396 0.3 0.36627906976744184 0.3075
1 0.6611295681063123 0.58125 0.6669435215946844 0.581875 0.6794019933554817 0.57875 0.6918604651162791 0.5725 0.6993355481727574 0.565625 0.7018272425249169 0.5525 0.6901993355481728 0.544375 0.6769102990033222 0.543125 0.6644518272425249 0.545625 0.6511627906976745 0.558125 0.6511627906976745 0.57125 0.6611295681063123 0.58125
1 0.7209302325581395 0.431875 0.7250830564784053 0.439375 0.7317275747508306 0.441875 0.7466777408637874 0.441875 0.7541528239202658 0.439375 0.7632890365448505 0.43125 0.7649501661129569 0.420625 0.7599667774086378 0.413125 0.7524916943521595 0.41125 0.7383720930232558 0.411875 0.7250830564784053 0.419375 0.7209302325581395 0.425625 0.7209302325581395 0.431875
1 0.45598006644518274 0.6 0.48006644518272423 0.6 0.49169435215946844 0.593125 0.4908637873754153 0.584375 0.4808970099667774 0.576875 0.4543189368770764 0.57625 0.45016611295681064 0.576875 0.44518272425249167 0.581875 0.44601328903654486 0.591875 0.45598006644518274 0.6
1 0.7342192691029901 0.595 0.7533222591362126 0.598125 0.7649501661129569 0.593125 0.7682724252491694 0.585 0.7674418604651163 0.579375 0.7583056478405316 0.56625 0.7458471760797342 0.560625 0.7358803986710963 0.55875 0.7267441860465116 0.5625 0.7209302325581395 0.5675 0.7209302325581395 0.5825 0.7342192691029901 0.595
1 0.3372093023255814 0.2925 0.34053156146179403 0.2975 0.3504983388704319 0.3 0.3546511627906977 0.29875 0.3588039867109635 0.288125 0.37209302325581395 0.27875 0.3729235880398671 0.275625 0.3654485049833887 0.26625 0.3504983388704319 0.265 0.34219269102990035 0.26875 0.33637873754152825 0.276875 0.3347176079734219 0.2875 0.3372093023255814 0.2925
1 0.6918604651162791 0.420625 0.7018272425249169 0.42375 0.7117940199335548 0.42375 0.7200996677740864 0.420625 0.7259136212624585 0.408125 0.7259136212624585 0.400625 0.7200996677740864 0.389375 0.7134551495016611 0.385625 0.6976744186046512 0.384375 0.6852159468438538 0.39375 0.6827242524916943 0.40375 0.6918604651162791 0.420625
1 0.3712624584717608 0.33375 0.38289036544850497 0.338125 0.3903654485049834 0.33625 0.39700996677740863 0.32875 0.4011627906976744 0.319375 0.3978405315614618 0.305 0.39368770764119604 0.3025 0.3845514950166113 0.301875 0.3696013289036545 0.31 0.36794019933554817 0.326875 0.3712624584717608 0.33375
1 0.532392026578073 0.69875 0.5456810631229236 0.69875 0.5548172757475083 0.69375 0.5598006644518272 0.685625 0.5581395348837209 0.670625 0.5523255813953488 0.66375 0.5448504983388704 0.660625 0.5307308970099668 0.663125 0.526578073089701 0.668125 0.520764119601329 0.685625 0.532392026578073 0.69875
1 0.34136212624584716 0.415625 0.3521594684385382 0.425 0.3588039867109635 0.4275 0.36627906976744184 0.4275 0.3770764119601329 0.421875 0.3795681063122924 0.409375 0.37375415282392027 0.39875 0.3646179401993355 0.39375 0.3538205980066445 0.39125 0.3438538205980066 0.395 0.33970099667774084 0.399375 0.3388704318936877 0.408125 0.34136212624584716 0.415625
1 0.38787375415282394 0.295 0.3920265780730897 0.3 0.40282392026578073 0.30875 0.4119601328903654 0.31 0.420265780730897 0.3075 0.42524916943521596 0.3025 0.4269102990033223 0.295625 0.42358803986710963 0.27875 0.4069767441860465 0.270625 0.3961794019933555 0.27125 0.38870431893687707 0.27625 0.3862126245847176 0.285 0.38787375415282394 0.295
1 0.45598006644518274 0.57375 0.46179401993355484 0.574375 0.4867109634551495 0.57125 0.4958471760797342 0.565625 0.49750830564784054 0.561875 0.49667774086378735 0.553125 0.48172757475083056 0.5475 0.4717607973421927 0.548125 0.4684385382059801 0.550625 0.4584717607973422 0.550625 0.45016611295681064 0.556875 0.4526578073089701 0.56875 0.45598006644518274 0.57375
1 0.3588039867109635 0.390625 0.36710963455149503 0.395 0.3812292358803987 0.39625 0.3911960132890365 0.39375 0.39700996677740863 0.39 0.4011627906976744 0.384375 0.4019933554817276 0.376875 0.39285714285714285 0.365 0.38289036544850497 0.36375 0.3654485049833887 0.3675 0.3546511627906977 0.379375 0.3538205980066445 0.384375 0.3588039867109635 0.390625
1 0.5124584717607974 0.5125 0.5149501661129569 0.514375 0.5257475083056479 0.515 0.5340531561461794 0.513125 0.5431893687707641 0.5075 0.5523255813953488 0.494375 0.5514950166112956 0.49 0.542358803986711 0.481875 0.5290697674418605 0.48125 0.520764119601329 0.483125 0.5083056478405316 0.495625 0.5074750830564784 0.5025 0.5124584717607974 0.5125
1 0.7117940199335548 0.513125 0.7159468438538206 0.52375 0.7259136212624585 0.529375 0.739202657807309 0.529375 0.7491694352159468 0.52625 0.7674418604651163 0.513125 0.7674418604651163 0.503125 0.7599667774086378 0.495 0.7400332225913622 0.495 0.7267441860465116 0.5 0.7250830564784053 0.50375 0.7117940199335548 0.513125
1 0.5049833887043189 0.315625 0.5257475083056479 0.315625 0.5406976744186046 0.319375 0.5473421926910299 0.314375 0.5473421926910299 0.31 0.5406976744186046 0.3025 0.5224252491694352 0.2975 0.5083056478405316 0.3 0.5 0.305 0.4983388704318937 0.310625 0.5049833887043189 0.315625
1 0.6918604651162791 0.23 0.6976744186046512 0.2325 0.7134551495016611 0.2325 0.7300664451827242 0.2275 0.7416943521594684 0.216875 0.7400332225913622 0.205625 0.7333887043189369 0.20125 0.7267441860465116 0.2 0.7093023255813954 0.2025 0.6910299003322259 0.213125 0.6901993355481728 0.226875 0.6918604651162791 0.23
1 0.6162790697674418 0.55 0.6403654485049833 0.56 0.654485049833887 0.55375 0.659468438538206 0.5475 0.654485049833887 0.53625 0.6453488372093024 0.529375 0.627906976744186 0.529375 0.6137873754152824 0.5375 0.6129568106312292 0.544375 0.6162790697674418 0.55
1 0.4983388704318937 0.439375 0.5008305647840532 0.4425 0.510797342192691 0.445625 0.5282392026578073 0.445625 0.5415282392026578 0.434375 0.5398671096345515 0.42875 0.5299003322259136 0.4225 0.5166112956810631 0.4225 0.5 0.4275 0.49750830564784054 0.4325 0.4983388704318937 0.439375
1 0.4476744186046512 0.40625 0.4584717607973422 0.410625 0.48255813953488375 0.410625 0.4833887043189369 0.3975 0.4700996677740864 0.386875 0.4568106312292359 0.384375 0.4476744186046512 0.385 0.4418604651162791 0.391875 0.4410299003322259 0.398125 0.4476744186046512 0.40625
1 0.5730897009966778 0.598125 0.5813953488372093 0.59875 0.5963455149501661 0.586875 0.5971760797342193 0.58 0.590531561461794 0.569375 0.5822259136212624 0.564375 0.5739202657807309 0.56375 0.5697674418604651 0.56875 0.5598006644518272 0.574375 0.5589700996677741 0.58375 0.5730897009966778 0.598125
1 0.4111295681063123 0.348125 0.42524916943521596 0.34875 0.4368770764119601 0.34375 0.4377076411960133 0.33375 0.4260797342192691 0.323125 0.4169435215946844 0.320625 0.4069767441860465 0.320625 0.4019933554817276 0.321875 0.39700996677740863 0.326875 0.39700996677740863 0.339375 0.4111295681063123 0.348125
1 0.2956810631229236 0.39375 0.3064784053156146 0.39375 0.3222591362126246 0.384375 0.32641196013289037 0.371875 0.32142857142857145 0.3625 0.31727574750830567 0.36 0.3064784053156146 0.359375 0.29651162790697677 0.3625 0.28488372093023256 0.375 0.28488372093023256 0.386875 0.2956810631229236 0.39375
1 0.5224252491694352 0.6125 0.521594684385382 0.610625 0.5157807308970099 0.61125 0.5141196013289037 0.6125 0.5224252491694352 0.6125
1 0.5033222591362126 0.57375 0.5199335548172758 0.58125 0.5282392026578073 0.58125 0.5348837209302325 0.56875 0.5340531561461794 0.560625 0.5290697674418605 0.551875 0.5224252491694352 0.548125 0.5099667774086378 0.546875 0.5 0.553125 0.49916943521594687 0.565 0.5033222591362126 0.57375
1 0.46677740863787376 0.634375 0.4900332225913621 0.62875 0.4941860465116279 0.62 0.49335548172757476 0.615625 0.4808970099667774 0.600625 0.4601328903654485 0.600625 0.45514950166112955 0.60625 0.45514950166112955 0.623125 0.46677740863787376 0.634375
1 0.45598006644518274 0.51625 0.4700996677740864 0.514375 0.48421926910299 0.49625 0.4850498338870432 0.4875 0.4750830564784053 0.481875 0.4526578073089701 0.4875 0.44933554817275745 0.49125 0.4476744186046512 0.51 0.45598006644518274 0.51625
1 0.6021594684385382 0.581875 0.6146179401993356 0.58375 0.627906976744186 0.583125 0.6403654485049833 0.571875 0.6403654485049833 0.566875 0.6362126245847176 0.56125 0.6295681063122923 0.555625 0.6229235880398671 0.55375 0.6071428571428571 0.55375 0.5930232558139535 0.56125 0.5921926910299004 0.57125 0.6021594684385382 0.581875
1 0.4900332225913621 0.49125 0.5041528239202658 0.49375 0.5141196013289037 0.4875 0.5166112956810631 0.481875 0.5141196013289037 0.469375 0.5024916943521595 0.46125 0.4850498338870432 0.46125 0.4750830564784053 0.46875 0.47591362126245845 0.480625 0.4900332225913621 0.49125
1 0.686046511627907 0.609375 0.7043189368770764 0.608125 0.7159468438538206 0.601875 0.7200996677740864 0.595 0.7192691029900332 0.584375 0.7084717607973422 0.576875 0.6960132890365448 0.576875 0.686046511627907 0.579375 0.6760797342192691 0.586875 0.6760797342192691 0.605 0.686046511627907 0.609375
1 0.4908637873754153 0.415625 0.4983388704318937 0.418125 0.520764119601329 0.418125 0.5282392026578073 0.415625 0.5340531561461794 0.410625 0.5332225913621262 0.39625 0.521594684385382 0.389375 0.5141196013289037 0.3875 0.5008305647840532 0.388125 0.4850498338870432 0.396875 0.4850498338870432 0.410625 0.4908637873754153 0.415625
1 0.6852159468438538 0.509375 0.7009966777408638 0.513125 0.7167774086378738 0.509375 0.7267441860465116 0.499375 0.7259136212624585 0.49 0.7151162790697675 0.483125 0.6926910299003323 0.485 0.6802325581395349 0.493125 0.6802325581395349 0.505625 0.6852159468438538 0.509375
1 0.3289036544850498 0.376875 0.34053156146179403 0.384375 0.3521594684385382 0.383125 0.35631229235880396 0.37375 0.3637873754152824 0.36625 0.36295681063122925 0.359375 0.3496677740863787 0.349375 0.3372093023255814 0.348125 0.3289036544850498 0.353125 0.32475083056478404 0.360625 0.3239202657807309 0.365625 0.3289036544850498 0.376875
1 0.5631229235880398 0.376875 0.5647840531561462 0.3825 0.5722591362126246 0.390625 0.5780730897009967 0.39375 0.5913621262458472 0.39375 0.5963455149501661 0.39125 0.6021594684385382 0.384375 0.6021594684385382 0.374375 0.5963455149501661 0.36625 0.584717607973422 0.36 0.5755813953488372 0.36 0.5664451827242525 0.365 0.5631229235880398 0.36875 0.5631229235880398 0.376875
1 0.4601328903654485 0.439375 0.47093023255813954 0.444375 0.4833887043189369 0.445 0.4900332225913621 0.435 0.4900332225913621 0.42625 0.48588039867109634 0.41875 0.48006644518272423 0.413125 0.4717607973421927 0.410625 0.4584717607973422 0.41125 0.45514950166112955 0.414375 0.4526578073089701 0.425625 0.4601328903654485 0.439375
1 0.4526578073089701 0.55 0.46677740863787376 0.550625 0.47840531561461797 0.545 0.4808970099667774 0.539375 0.4808970099667774 0.52625 0.47840531561461797 0.521875 0.4700996677740864 0.51625 0.45348837209302323 0.5175 0.446843853820598 0.52125 0.4426910299003322 0.526875 0.4410299003322259 0.540625 0.4526578073089701 0.55
1 0.6229235880398671 0.4425 0.6420265780730897 0.448125 0.6519933554817275 0.446875 0.6586378737541528 0.443125 0.6619601328903655 0.438125 0.6619601328903655 0.42875 0.6470099667774086 0.419375 0.6303986710963455 0.419375 0.6187707641196013 0.4325 0.6187707641196013 0.439375 0.6229235880398671 0.4425
1 0.6661129568106312 0.478125 0.6777408637873754 0.478125 0.6868770764119602 0.46875 0.6868770764119602 0.45875 0.6843853820598007 0.455 0.6727574750830565 0.444375 0.6636212624584718 0.440625 0.6528239202657807 0.449375 0.6553156146179402 0.47 0.6661129568106312 0.478125
1 0.48006644518272423 0.68 0.48754152823920266 0.68875 0.5058139534883721 0.68875 0.5191029900332226 0.681875 0.5240863787375415 0.675 0.5257475083056479 0.6675 0.5224252491694352 0.663125 0.5008305647840532 0.659375 0.48172757475083056 0.673125 0.4792358803986711 0.675625 0.48006644518272423 0.68
1 0.489202657807309 0.55 0.5 0.551875 0.5074750830564784 0.546875 0.5116279069767442 0.54 0.5116279069767442 0.526875 0.5091362126245847 0.5225 0.49750830564784054 0.516875 0.4867109634551495 0.519375 0.48255813953488375 0.524375 0.48255813953488375 0.545625 0.489202657807309 0.55
1 0.5249169435215947 0.39125 0.5340531561461794 0.398125 0.5490033222591362 0.389375 0.5490033222591362 0.378125 0.5340531561461794 0.3675 0.5141196013289037 0.3675 0.5049833887043189 0.375 0.5049833887043189 0.38375 0.5249169435215947 0.39125
1 0.5 0.6125 0.5099667774086378 0.61625 0.521594684385382 0.615 0.5290697674418605 0.61 0.532392026578073 0.603125 0.5348837209302325 0.591875 0.5332225913621262 0.58375 0.5290697674418605 0.579375 0.5116279069767442 0.57875 0.5008305647840532 0.58375 0.4958471760797342 0.59375 0.4950166112956811 0.6025 0.5 0.6125
1 0.3995016611295681 0.436875 0.4119601328903654 0.4375 0.4277408637873754 0.426875 0.42940199335548174 0.41375 0.4277408637873754 0.409375 0.420265780730897 0.40375 0.4011627906976744 0.40375 0.3920265780730897 0.41375 0.3903654485049834 0.42625 0.3995016611295681 0.436875
1 0.276578073089701 0.455 0.2931893687707641 0.45375 0.303156146179402 0.45 0.31727574750830567 0.439375 0.31976744186046513 0.431875 0.3181063122923588 0.425 0.313953488372093 0.420625 0.30481727574750833 0.416875 0.29401993355481726 0.418125 0.27906976744186046 0.4275 0.2707641196013289 0.439375 0.2707641196013289 0.449375 0.276578073089701 0.455
1 0.35132890365448505 0.65125 0.3654485049833887 0.654375 0.37790697674418605 0.64875 0.37790697674418605 0.63625 0.36129568106312293 0.62 0.3488372093023256 0.619375 0.3438538205980066 0.620625 0.3388704318936877 0.625 0.33970099667774084 0.64125 0.35132890365448505 0.65125
1 0.5548172757475083 0.529375 0.5614617940199336 0.5325 0.5689368770764119 0.533125 0.5813953488372093 0.52625 0.5855481727574751 0.519375 0.5855481727574751 0.51125 0.5822259136212624 0.504375 0.5730897009966778 0.4975 0.5614617940199336 0.4975 0.5490033222591362 0.5075 0.5481727574750831 0.519375 0.5548172757475083 0.529375
1 0.5456810631229236 0.649375 0.5598006644518272 0.6575 0.5722591362126246 0.6575 0.5772425249169435 0.655625 0.5813953488372093 0.641875 0.5714285714285714 0.625625 0.5490033222591362 0.62625 0.5431893687707641 0.629375 0.542358803986711 0.64125 0.5456810631229236 0.649375
1 0.6503322259136213 0.418125 0.6644518272425249 0.429375 0.675249169435216 0.4325 0.6835548172757475 0.4325 0.6893687707641196 0.429375 0.6918604651162791 0.4225 0.6901993355481728 0.41375 0.6852159468438538 0.406875 0.6735880398671097 0.39875 0.6586378737541528 0.39625 0.6478405315614618 0.403125 0.6470099667774086 0.410625 0.6503322259136213 0.418125
1 0.42940199335548174 0.65125 0.4410299003322259 0.6525 0.4543189368770764 0.650625 0.46511627906976744 0.636875 0.45598006644518274 0.625 0.44933554817275745 0.62125 0.43106312292358806 0.620625 0.41777408637873753 0.629375 0.41777408637873753 0.64125 0.42940199335548174 0.65125
1 0.617109634551495 0.515 0.617109634551495 0.52 0.622093023255814 0.52625 0.6320598006644518 0.529375 0.6486710963455149 0.529375 0.6569767441860465 0.525625 0.6611295681063123 0.516875 0.6611295681063123 0.51 0.6578073089700996 0.505 0.6453488372093024 0.5 0.632890365448505 0.499375 0.6262458471760798 0.501875 0.6237541528239202 0.50875 0.617109634551495 0.515
1 0.6146179401993356 0.4575 0.6237541528239202 0.45875 0.6411960132890365 0.470625 0.6470099667774086 0.470625 0.6511627906976745 0.468125 0.6511627906976745 0.45875 0.6411960132890365 0.4475 0.6262458471760798 0.4425 0.6179401993355482 0.4425 0.6129568106312292 0.445625 0.6088039867109635 0.451875 0.6146179401993356 0.4575
1 0.5730897009966778 0.55125 0.5755813953488372 0.56 0.5813953488372093 0.56375 0.5880398671096345 0.564375 0.606312292358804 0.550625 0.6104651162790697 0.545 0.6104651162790697 0.535 0.6071428571428571 0.5275 0.6004983388704319 0.52125 0.5946843853820598 0.519375 0.5880398671096345 0.519375 0.5855481727574751 0.52125 0.5730897009966778 0.5325 0.5730897009966778 0.55125
1 0.7367109634551495 0.46625 0.7491694352159468 0.473125 0.7740863787375415 0.473125 0.782392026578073 0.465625 0.78156146179402 0.451875 0.7740863787375415 0.445 0.7657807308970099 0.441875 0.7524916943521595 0.44 0.7358803986710963 0.444375 0.7333887043189369 0.44875 0.7333887043189369 0.46125 0.7367109634551495 0.46625
1 0.6212624584717608 0.70625 0.632890365448505 0.711875 0.6470099667774086 0.71125 0.6519933554817275 0.701875 0.6461794019933554 0.689375 0.6262458471760798 0.6775 0.6162790697674418 0.6775 0.6121262458471761 0.681875 0.6121262458471761 0.691875 0.6212624584717608 0.70625
1 0.41445182724252494 0.51125 0.436046511627907 0.51375 0.44518272425249167 0.50875 0.446843853820598 0.49375 0.43853820598006643 0.483125 0.42441860465116277 0.481875 0.4111295681063123 0.485 0.4061461794019934 0.49 0.4053156146179402 0.50125 0.41445182724252494 0.51125
1 0.5614617940199336 0.439375 0.5664451827242525 0.44 0.5730897009966778 0.444375 0.5780730897009967 0.444375 0.5888704318936877 0.436875 0.5921926910299004 0.4225 0.5872093023255814 0.41375 0.579734219269103 0.410625 0.5681063122923588 0.41125 0.5564784053156147 0.4225 0.5556478405315615 0.435 0.5614617940199336 0.439375
1 0.53156146179402 0.46 0.5448504983388704 0.4675 0.5622923588039868 0.46625 0.5722591362126246 0.460625 0.5722591362126246 0.445 0.5573089700996677 0.4375 0.5398671096345515 0.4375 0.5299003322259136 0.4475 0.5290697674418605 0.45625 0.53156146179402 0.46
1 0.4269102990033223 0.288125 0.4318936877076412 0.3 0.4410299003322259 0.304375 0.45348837209302323 0.30375 0.4634551495016611 0.294375 0.4659468438538206 0.28875 0.4634551495016611 0.27625 0.45016611295681064 0.26875 0.4393687707641196 0.270625 0.43023255813953487 0.27625 0.4269102990033223 0.281875 0.4269102990033223 0.288125
1 0.5456810631229236 0.6225 0.5539867109634552 0.62625 0.5697674418604651 0.625 0.5764119601328903 0.614375 0.5714285714285714 0.595 0.5539867109634552 0.585 0.5415282392026578 0.586875 0.5348837209302325 0.594375 0.5348837209302325 0.6075 0.5456810631229236 0.6225
1 0.23588039867109634 0.32875 0.24750830564784054 0.330625 0.2616279069767442 0.324375 0.2649501661129568 0.316875 0.26411960132890366 0.30625 0.2599667774086379 0.3 0.2516611295681063 0.294375 0.23754152823920266 0.294375 0.22508305647840532 0.305625 0.22591362126245848 0.319375 0.23588039867109634 0.32875
1 0.5863787375415282 0.50875 0.590531561461794 0.513125 0.5980066445182725 0.51625 0.6162790697674418 0.51625 0.6254152823920266 0.504375 0.6262458471760798 0.50125 0.6212624584717608 0.493125 0.6079734219269103 0.483125 0.5971760797342193 0.483125 0.5888704318936877 0.486875 0.579734219269103 0.495 0.579734219269103 0.5 0.5863787375415282 0.50875
1 0.579734219269103 0.3375 0.5921926910299004 0.345625 0.6054817275747508 0.350625 0.6212624584717608 0.350625 0.6295681063122923 0.346875 0.6337209302325582 0.3425 0.6345514950166113 0.335 0.6295681063122923 0.325625 0.6112956810631229 0.316875 0.5988372093023255 0.314375 0.5888704318936877 0.315 0.5755813953488372 0.323125 0.5755813953488372 0.33125 0.579734219269103 0.3375
1 0.584717607973422 0.619375 0.5897009966777409 0.623125 0.6029900332225914 0.623125 0.6154485049833887 0.6175 0.6196013289036545 0.610625 0.6287375415282392 0.603125 0.6303986710963455 0.591875 0.622093023255814 0.584375 0.6071428571428571 0.585 0.5938538205980066 0.589375 0.579734219269103 0.603125 0.579734219269103 0.6125 0.584717607973422 0.619375
1 0.6636212624584718 0.53125 0.6777408637873754 0.540625 0.7026578073089701 0.54 0.7134551495016611 0.53125 0.7134551495016611 0.524375 0.7043189368770764 0.51625 0.6935215946843853 0.511875 0.6852159468438538 0.51 0.6727574750830565 0.51125 0.6619601328903655 0.51625 0.6611295681063123 0.525625 0.6636212624584718 0.53125
1 0.3637873754152824 0.6225 0.37209302325581395 0.62875 0.3862126245847176 0.628125 0.3920265780730897 0.623125 0.3953488372093023 0.6125 0.3903654485049834 0.598125 0.38372093023255816 0.59375 0.3704318936877076 0.593125 0.3579734219269103 0.6 0.35714285714285715 0.611875 0.3637873754152824 0.6225
1 0.5373754152823921 0.408125 0.5390365448504983 0.413125 0.5448504983388704 0.418125 0.5573089700996677 0.420625 0.5664451827242525 0.411875 0.5822259136212624 0.408125 0.5813953488372093 0.398125 0.5689368770764119 0.389375 0.5556478405315615 0.388125 0.5431893687707641 0.39375 0.5373754152823921 0.39875 0.5373754152823921 0.408125
1 0.5622923588039868 0.6825 0.5739202657807309 0.6925 0.5880398671096345 0.6975 0.6013289036544851 0.696875 0.6046511627906976 0.694375 0.6088039867109635 0.68875 0.6071428571428571 0.6775 0.6021594684385382 0.668125 0.5913621262458472 0.660625 0.5764119601328903 0.6575 0.563953488372093 0.66125 0.5598006644518272 0.66625 0.5589700996677741 0.671875 0.5622923588039868 0.6825
1 0.7259136212624585 0.398125 0.7433554817275747 0.408125 0.7624584717607974 0.408125 0.7691029900332226 0.403125 0.770764119601329 0.39 0.760797342192691 0.379375 0.7475083056478405 0.375 0.7342192691029901 0.375 0.7267441860465116 0.3775 0.7209302325581395 0.383125 0.7200996677740864 0.38875 0.7259136212624585 0.398125
1 0.4119601328903654 0.535625 0.41445182724252494 0.5375 0.42441860465116277 0.5375 0.4410299003322259 0.5325 0.4426910299003322 0.521875 0.4393687707641196 0.51625 0.43521594684385384 0.514375 0.420265780730897 0.514375 0.4152823920265781 0.516875 0.40863787375415284 0.525 0.40780730897009965 0.529375 0.4119601328903654 0.535625
1 0.44019933554817275 0.46375 0.44518272425249167 0.46625 0.4684385382059801 0.4675 0.48006644518272423 0.463125 0.4850498338870432 0.45875 0.4850498338870432 0.450625 0.4792358803986711 0.445625 0.446843853820598 0.445 0.43853820598006643 0.449375 0.4368770764119601 0.45875 0.44019933554817275 0.46375
1 0.5440199335548173 0.251875 0.5564784053156147 0.251875 0.5672757475083057 0.248125 0.5730897009966778 0.244375 0.5755813953488372 0.238125 0.5730897009966778 0.22625 0.5573089700996677 0.22 0.5465116279069767 0.220625 0.5398671096345515 0.223125 0.532392026578073 0.2275 0.5299003322259136 0.231875 0.5307308970099668 0.244375 0.5440199335548173 0.251875
1 0.45514950166112955 0.6675 0.46677740863787376 0.675625 0.47840531561461797 0.675 0.48421926910299 0.671875 0.49916943521594687 0.65625 0.5 0.649375 0.49667774086378735 0.639375 0.48421926910299 0.63125 0.4700996677740864 0.634375 0.4568106312292359 0.648125 0.4543189368770764 0.6525 0.45514950166112955 0.6675
1 0.7367109634551495 0.556875 0.7616279069767442 0.5575 0.7682724252491694 0.551875 0.7682724252491694 0.540625 0.7616279069767442 0.5325 0.7524916943521595 0.5275 0.7250830564784053 0.530625 0.7209302325581395 0.53375 0.7217607973421927 0.546875 0.7367109634551495 0.556875
1 0.44601328903654486 0.355625 0.45348837209302323 0.36 0.4659468438538206 0.359375 0.47093023255813954 0.355625 0.47840531561461797 0.343125 0.47840531561461797 0.33375 0.473421926910299 0.324375 0.4676079734219269 0.32 0.45514950166112955 0.319375 0.44518272425249167 0.32375 0.4410299003322259 0.329375 0.4393687707641196 0.34125 0.44601328903654486 0.355625
1 0.6910299003322259 0.46375 0.6976744186046512 0.46625 0.7117940199335548 0.46625 0.717607973421927 0.463125 0.723421926910299 0.449375 0.723421926910299 0.440625 0.7200996677740864 0.43125 0.7159468438538206 0.4275 0.7093023255813954 0.425 0.6935215946843853 0.425 0.6810631229235881 0.4375 0.6818936877076412 0.451875 0.6910299003322259 0.46375
1 0.632890365448505 0.6175 0.6370431893687708 0.620625 0.6428571428571429 0.620625 0.6644518272425249 0.613125 0.6744186046511628 0.59875 0.6727574750830565 0.59 0.6694352159468439 0.58625 0.6602990033222591 0.58 0.6461794019933554 0.5775 0.6320598006644518 0.586875 0.6295681063122923 0.61 0.632890365448505 0.6175
1 0.4983388704318937 0.254375 0.5049833887043189 0.256875 0.5124584717607974 0.256875 0.5224252491694352 0.250625 0.5257475083056479 0.245 0.526578073089701 0.235625 0.5240863787375415 0.23 0.5132890365448505 0.2225 0.49750830564784054 0.2225 0.4900332225913621 0.22625 0.48588039867109634 0.231875 0.4867109634551495 0.244375 0.4983388704318937 0.254375
0 0.654485049833887 0.8225 0.6810631229235881 0.80125 0.6893687707641196 0.7825 0.6677740863787376 0.75875 0.6196013289036545 0.74 0.5897009966777409 0.7575 0.579734219269103 0.77875 0.5764119601328903 0.7925 0.6079734219269103 0.82375 0.654485049833887 0.8225