0 0.5 0.095625 0.5132890365448505 0.1125 0.5357142857142857 0.12375 0.5672757475083057 0.125625 0.584717607973422 0.1225 0.6004983388704319 0.11625 0.6121262458471761 0.10875 0.627906976744186 0.09 0.6320598006644518 0.0775 0.6320598006644518 0.0625 0.6287375415282392 0.051875 0.622093023255814 0.043125 0.6021594684385382 0.02875 0.5888704318936877 0.025 0.5606312292358804 0.024375 0.5456810631229236 0.026875 0.5199335548172758 0.039375 0.5058139534883721 0.0525 0.4983388704318937 0.070625 0.49750830564784054 0.085 0.5 0.095625
1 0.38205980066445183 0.83125 0.3945182724252492 0.83875 0.4169435215946844 0.838125 0.4227574750830565 0.826875 0.4227574750830565 0.81625 0.4210963455149502 0.810625 0.4152823920265781 0.805 0.4069767441860465 0.800625 0.3920265780730897 0.798125 0.38289036544850497 0.798125 0.3770764119601329 0.80375 0.3754152823920266 0.818125 0.38205980066445183 0.83125
1 0.696843853820598 0.3525 0.7109634551495017 0.3625 0.7250830564784053 0.366875 0.7367109634551495 0.366875 0.7458471760797342 0.36375 0.7524916943521595 0.358125 0.7524916943521595 0.33875 0.7441860465116279 0.330625 0.7342192691029901 0.325625 0.7093023255813954 0.324375 0.6976744186046512 0.329375 0.6918604651162791 0.33625 0.6910299003322259 0.34125 0.696843853820598 0.3525
1 0.47259136212624586 0.58375 0.4833887043189369 0.589375 0.49335548172757476 0.59 0.5033222591362126 0.588125 0.5124584717607974 0.581875 0.5240863787375415 0.560625 0.5124584717607974 0.539375 0.5083056478405316 0.53625 0.5008305647840532 0.535625 0.49335548172757476 0.54 0.48588039867109634 0.54125 0.48006644518272423 0.545625 0.47093023255813954 0.5625 0.4700996677740864 0.578125 0.47259136212624586 0.58375
1 0.5 0.77 0.5058139534883721 0.7725 0.5224252491694352 0.77 0.5290697674418605 0.76 0.5232558139534884 0.730625 0.5132890365448505 0.725625 0.5016611295681063 0.725625 0.4883720930232558 0.733125 0.48588039867109634 0.73875 0.4867109634551495 0.75625 0.5 0.77
1 0.5041528239202658 0.629375 0.5074750830564784 0.63125 0.5124584717607974 0.633125 0.5249169435215947 0.633125 0.5373754152823921 0.628125 0.5431893687707641 0.6225 0.5456810631229236 0.609375 0.5440199335548173 0.6 0.5398671096345515 0.59375 0.5174418604651163 0.59375 0.5024916943521595 0.605 0.5024916943521595 0.624375 0.5041528239202658 0.629375
1 0.3068936877076412 0.49125 0.0008305647840531562 0.0025
1 0.3081395348837209 0.485 0.31727574750830567 0.489375 0.3313953488372093 0.48875 0.3480066445182724 0.478125 0.3521594684385382 0.46625 0.3504983388704319 0.45625 0.34634551495016613 0.451875 0.3380398671096346 0.448125 0.313953488372093 0.4525 0.3089700996677741 0.456875 0.3023255813953488 0.47 0.3014950166112957 0.475 0.3081395348837209 0.485
1 0.6669435215946844 0.2925 0.6744186046511628 0.295625 0.6852159468438538 0.295625 0.7051495016611296 0.288125 0.7167774086378738 0.28 0.7217607973421927 0.26875 0.7200996677740864 0.260625 0.7084717607973422 0.255625 0.6918604651162791 0.256875 0.6810631229235881 0.260625 0.6727574750830565 0.26625 0.6636212624584718 0.27875 0.6627906976744186 0.2875 0.6669435215946844 0.2925
1 0.4526578073089701 0.69375 0.4601328903654485 0.70125 0.4700996677740864 0.70375 0.48421926910299 0.701875 0.4950166112956811 0.69625 0.5 0.68875 0.5016611295681063 0.6775 0.49916943521594687 0.6675 0.48421926910299 0.66125 0.4700996677740864 0.66125 0.45514950166112955 0.670625 0.45016611295681064 0.678125 0.44933554817275745 0.685625 0.4526578073089701 0.69375
1 0.5739202657807309 0.56375 0.5888704318936877 0.57125 0.5980066445182725 0.57125 0.6129568106312292 0.565625 0.6154485049833887 0.544375 0.6112956810631229 0.5375 0.5971760797342193 0.53125 0.5830564784053156 0.529375 0.5764119601328903 0.53125 0.5689368770764119 0.538125 0.5672757475083057 0.5525 0.5739202657807309 0.56375
1 0.6611295681063123 0.654375 0.670265780730897 0.6575 0.6802325581395349 0.6575 0.6901993355481728 0.654375 0.7034883720930233 0.64375 0.7059800664451827 0.63625 0.7051495016611296 0.6225 0.7001661129568106 0.615625 0.6868770764119602 0.610625 0.6810631229235881 0.610625 0.6611295681063123 0.62375 0.6569767441860465 0.631875 0.6553156146179402 0.644375 0.6611295681063123 0.654375
1 0.6644518272425249 0.48875 0.6744186046511628 0.4925 0.6868770764119602 0.49375 0.7001661129568106 0.486875 0.7068106312292359 0.473125 0.7051495016611296 0.45875 0.7001661129568106 0.4525 0.6877076411960132 0.446875 0.6769102990033222 0.446875 0.6636212624584718 0.451875 0.6578073089700996 0.46125 0.6569767441860465 0.473125 0.6644518272425249 0.48875
1 0.5490033222591362 0.379375 0.5548172757475083 0.381875 0.5656146179401993 0.3825 0.5714285714285714 0.381875 0.5813953488372093 0.376875 0.5880398671096345 0.3625 0.5880398671096345 0.34875 0.5830564784053156 0.340625 0.5739202657807309 0.33375 0.5614617940199336 0.330625 0.5481727574750831 0.33125 0.5348837209302325 0.344375 0.5348837209302325 0.36375 0.5490033222591362 0.379375
1 0.47591362126245845 0.299375 0.48421926910299 0.30375 0.5 0.30375 0.5116279069767442 0.296875 0.5141196013289037 0.285625 0.5124584717607974 0.27875 0.5074750830564784 0.27125 0.49750830564784054 0.265 0.48255813953488375 0.264375 0.47674418604651164 0.26625 0.47259136212624586 0.26875 0.4684385382059801 0.27625 0.4684385382059801 0.290625 0.47591362126245845 0.299375
1 0.7533222591362126 0.27125 0.7657807308970099 0.27875 0.7807308970099668 0.27875 0.792358803986711 0.2725 0.8023255813953488 0.261875 0.8056478405315615 0.254375 0.8056478405315615 0.245 0.8014950166112956 0.236875 0.792358803986711 0.23 0.7799003322259136 0.23 0.7641196013289037 0.235625 0.7508305647840532 0.250625 0.75 0.264375 0.7533222591362126 0.27125
1 0.696843853820598 0.22 0.7109634551495017 0.23125 0.7483388704318937 0.23125 0.7583056478405316 0.2275 0.7682724252491694 0.21625 0.7674418604651163 0.205625 0.7599667774086378 0.19875 0.7524916943521595 0.19625 0.7209302325581395 0.19625 0.707641196013289 0.2 0.7034883720930233 0.204375 0.696843853820598 0.215625 0.696843853820598 0.22
1 0.26744186046511625 0.234375 0.27906976744186046 0.239375 0.29069767441860467 0.235625 0.2956810631229236 0.23125 0.29900332225913623 0.223125 0.29651162790697677 0.208125 0.2915282392026578 0.205625 0.28322259136212624 0.205625 0.2707641196013289 0.213125 0.2666112956810631 0.219375 0.2649501661129568 0.230625 0.26744186046511625 0.234375
1 0.5938538205980066 0.59375 0.6079734219269103 0.605 0.6179401993355482 0.609375 0.6445182724252492 0.609375 0.654485049833887 0.605 0.6611295681063123 0.598125 0.6611295681063123 0.585 0.654485049833887 0.5775 0.6445182724252492 0.5725 0.6121262458471761 0.5675 0.5971760797342193 0.5725 0.5913621262458472 0.58 0.590531561461794 0.585625 0.5938538205980066 0.59375
1 0.5058139534883721 0.45625 0.5141196013289037 0.46375 0.5191029900332226 0.465 0.5290697674418605 0.465 0.5398671096345515 0.46125 0.5490033222591362 0.45625 0.5581395348837209 0.446875 0.5581395348837209 0.43 0.5564784053156147 0.4275 0.5490033222591362 0.425 0.526578073089701 0.4275 0.510797342192691 0.438125 0.5058139534883721 0.446875 0.5058139534883721 0.45625
1 0.3853820598006645 0.57125 0.3961794019933555 0.575625 0.4161129568106312 0.576875 0.4210963455149502 0.575625 0.4277408637873754 0.569375 0.42940199335548174 0.558125 0.4260797342192691 0.55 0.41362126245847175 0.5425 0.39867109634551495 0.5425 0.38289036544850497 0.5525 0.38205980066445183 0.566875 0.3853820598006645 0.57125
1 0.23006644518272426 0.211875 0.23754152823920266 0.215625 0.24916943521594684 0.213125 0.260797342192691 0.204375 0.26744186046511625 0.190625 0.26411960132890366 0.18 0.2558139534883721 0.174375 0.23588039867109634 0.175625 0.22591362126245848 0.1825 0.22259136212624583 0.1875 0.22259136212624583 0.20375 0.23006644518272426 0.211875
1 0.6478405315614618 0.425 0.6578073089700996 0.4325 0.6677740863787376 0.43625 0.6835548172757475 0.4375 0.7034883720930233 0.429375 0.7034883720930233 0.41125 0.6843853820598007 0.39625 0.6727574750830565 0.39125 0.659468438538206 0.39125 0.6478405315614618 0.395625 0.6428571428571429 0.40125 0.643687707641196 0.418125 0.6478405315614618 0.425
1 0.31976744186046513 0.3725 0.3239202657807309 0.378125 0.3338870431893688 0.384375 0.3480066445182724 0.381875 0.35714285714285715 0.37625 0.36046511627906974 0.37125 0.36046511627906974 0.35625 0.3480066445182724 0.344375 0.3347176079734219 0.3425 0.32641196013289037 0.344375 0.32059800664451826 0.350625 0.3181063122923588 0.358125 0.31727574750830567 0.366875 0.31976744186046513 0.3725
1 0.4260797342192691 0.848125 0.4318936877076412 0.853125 0.4410299003322259 0.856875 0.46096345514950166 0.856875 0.47259136212624586 0.853125 0.47840531561461797 0.848125 0.4792358803986711 0.83375 0.4750830564784053 0.826875 0.46511627906976744 0.82625 0.45514950166112955 0.821875 0.4526578073089701 0.81875 0.446843853820598 0.8175 0.4269102990033223 0.821875 0.4227574750830565 0.8275 0.4219269102990033 0.83625 0.4260797342192691 0.848125
1 0.6046511627906976 0.384375 0.617109634551495 0.395 0.6337209302325582 0.395625 0.6411960132890365 0.39 0.6445182724252492 0.381875 0.6453488372093024 0.369375 0.6403654485049833 0.355625 0.6303986710963455 0.348125 0.6137873754152824 0.348125 0.6071428571428571 0.351875 0.6021594684385382 0.35875 0.6013289036544851 0.374375 0.6046511627906976 0.384375
1 0.14451827242524917 0.3975 0.14950166112956811 0.403125 0.1611295681063123 0.40375 0.1744186046511628 0.40125 0.18853820598006646 0.395 0.19933554817275748 0.384375 0.20182724252491693 0.374375 0.19601328903654486 0.364375 0.18438538205980065 0.36 0.17691029900332225 0.36 0.16196013289036545 0.365 0.15199335548172757 0.373125 0.14700996677740863 0.380625 0.143687707641196 0.39 0.14451827242524917 0.3975
1 0.3230897009966777 0.400625 0.3380398671096346 0.41125 0.36295681063122925 0.413125 0.3770764119601329 0.40375 0.3770764119601329 0.389375 0.3654485049833887 0.381875 0.3579734219269103 0.38 0.34136212624584716 0.3825 0.32641196013289037 0.39 0.3230897009966777 0.39375 0.3230897009966777 0.400625
1 0.28903654485049834 0.618125 0.30980066445182725 0.62 0.32475083056478404 0.6125 0.3239202657807309 0.595625 0.31727574750830567 0.591875 0.2956810631229236 0.588125 0.28488372093023256 0.591875 0.27906976744186046 0.59625 0.27906976744186046 0.613125 0.28903654485049834 0.618125
1 0.3089700996677741 0.23125 0.32059800664451826 0.236875 0.3313953488372093 0.238125 0.3380398671096346 0.235625 0.34634551495016613 0.22625 0.3480066445182724 0.220625 0.34634551495016613 0.206875 0.3380398671096346 0.195 0.3272425249169435 0.190625 0.31146179401993357 0.19125 0.30564784053156147 0.195 0.29900332225913623 0.20375 0.29983388704318936 0.221875 0.3089700996677741 0.23125
1 0.2956810631229236 0.523125 0.29983388704318936 0.53125 0.3081395348837209 0.5375 0.31478405315614616 0.539375 0.32641196013289037 0.539375 0.3338870431893688 0.53625 0.34219269102990035 0.52375 0.34136212624584716 0.51 0.3380398671096346 0.504375 0.33222591362126247 0.5 0.32059800664451826 0.49625 0.30980066445182725 0.4975 0.29817275747508304 0.506875 0.2956810631229236 0.511875 0.2956810631229236 0.523125
1 0.4742524916943522 0.5425 0.4941860465116279 0.54 0.5016611295681063 0.535 0.5083056478405316 0.525625 0.5091362126245847 0.51 0.4983388704318937 0.50125 0.48588039867109634 0.50125 0.473421926910299 0.504375 0.46179401993355484 0.51625 0.46179401993355484 0.5325 0.4742524916943522 0.5425
1 0.6827242524916943 0.61 0.696843853820598 0.614375 0.7034883720930233 0.614375 0.7217607973421927 0.609375 0.7267441860465116 0.600625 0.7267441860465116 0.591875 0.723421926910299 0.58375 0.7134551495016611 0.57375 0.7001661129568106 0.566875 0.6810631229235881 0.56625 0.6669435215946844 0.574375 0.6661129568106312 0.59125 0.6827242524916943 0.61
1 0.2666112956810631 0.529375 0.28903654485049834 0.529375 0.29401993355481726 0.52625 0.29401993355481726 0.51125 0.29069767441860467 0.50875 0.276578073089701 0.504375 0.26578073089701 0.504375 0.2549833887043189 0.51125 0.2541528239202658 0.519375 0.2666112956810631 0.529375
1 0.5764119601328903 0.415625 0.5830564784053156 0.418125 0.6004983388704319 0.418125 0.6104651162790697 0.410625 0.6129568106312292 0.3975 0.6013289036544851 0.381875 0.5764119601328903 0.379375 0.563953488372093 0.384375 0.5614617940199336 0.39 0.5631229235880398 0.404375 0.5764119601328903 0.415625
1 0.2558139534883721 0.2975 0.26411960132890366 0.3 0.2815614617940199 0.3 0.2898671096345515 0.295625 0.29069767441860467 0.286875 0.287375415282392 0.27875 0.28322259136212624 0.273125 0.2724252491694352 0.26625 0.24833887043189368 0.264375 0.24086378737541528 0.27125 0.24086378737541528 0.283125 0.2558139534883721 0.2975
1 0.40863787375415284 0.400625 0.4186046511627907 0.400625 0.4277408637873754 0.3975 0.43853820598006643 0.389375 0.4435215946843854 0.379375 0.42857142857142855 0.365 0.420265780730897 0.365 0.41362126245847175 0.3675 0.4011627906976744 0.37875 0.3995016611295681 0.393125 0.40863787375415284 0.400625
1 0.2059800664451827 0.645 0.21428571428571427 0.65125 0.22259136212624583 0.654375 0.23089700996677742 0.654375 0.2441860465116279 0.6475 0.24584717607973422 0.63625 0.23837209302325582 0.6275 0.2350498338870432 0.618125 0.23006644518272426 0.614375 0.21511627906976744 0.613125 0.2084717607973422 0.615625 0.2026578073089701 0.623125 0.2026578073089701 0.639375 0.2059800664451827 0.645
1 0.3430232558139535 0.275625 0.3546511627906977 0.28625 0.3687707641196013 0.293125 0.3803986710963455 0.293125 0.38704318936877075 0.288125 0.3911960132890365 0.27875 0.3903654485049834 0.2675 0.37624584717607973 0.250625 0.3654485049833887 0.246875 0.35631229235880396 0.2475 0.3480066445182724 0.250625 0.33970099667774084 0.258125 0.3388704318936877 0.265625 0.3430232558139535 0.275625
1 0.43438538205980065 0.5625 0.44601328903654486 0.571875 0.4634551495016611 0.57125 0.4700996677740864 0.564375 0.4742524916943522 0.551875 0.4717607973421927 0.5425 0.45930232558139533 0.529375 0.4543189368770764 0.52625 0.44435215946843853 0.52625 0.4335548172757475 0.531875 0.42857142857142855 0.538125 0.4277408637873754 0.550625 0.43438538205980065 0.5625
1 0.16611295681063123 0.326875 0.17857142857142858 0.333125 0.1877076411960133 0.333125 0.1951827242524917 0.330625 0.20431893687707642 0.325 0.21345514950166114 0.314375 0.20681063122923588 0.295625 0.19850498338870431 0.29125 0.1877076411960133 0.29125 0.1777408637873754 0.294375 0.1669435215946844 0.305 0.16362126245847175 0.3125 0.16362126245847175 0.323125 0.16611295681063123 0.326875
1 0.36295681063122925 0.653125 0.3704318936877076 0.65625 0.3787375415282392 0.65625 0.3920265780730897 0.65125 0.39700996677740863 0.645625 0.4019933554817276 0.629375 0.4003322259136213 0.62 0.3945182724252492 0.61125 0.38787375415282394 0.608125 0.37624584717607973 0.608125 0.3646179401993355 0.615625 0.36129568106312293 0.6225 0.35714285714285715 0.625 0.35631229235880396 0.64375 0.36295681063122925 0.653125
1 0.24916943521594684 0.554375 0.2558139534883721 0.56 0.2649501661129568 0.561875 0.2815614617940199 0.560625 0.28322259136212624 0.558125 0.287375415282392 0.5575 0.2956810631229236 0.55 0.3014950166112957 0.535625 0.2956810631229236 0.5275 0.2865448504983389 0.530625 0.26993355481727577 0.53125 0.25830564784053156 0.52625 0.25 0.535 0.24750830564784054 0.541875 0.24916943521594684 0.554375
1 0.6918604651162791 0.529375 0.6993355481727574 0.5325 0.7109634551495017 0.5325 0.7225913621262459 0.529375 0.7342192691029901 0.52125 0.7400332225913622 0.50875 0.7400332225913622 0.49125 0.7333887043189369 0.48375 0.728405315614618 0.481875 0.7068106312292359 0.481875 0.6910299003322259 0.494375 0.6852159468438538 0.51125 0.6852159468438538 0.52375 0.6918604651162791 0.529375
1 0.5722591362126246 0.6475 0.5880398671096345 0.654375 0.6029900332225914 0.654375 0.6146179401993356 0.65125 0.622093023255814 0.6425 0.622093023255814 0.631875 0.617109634551495 0.623125 0.6021594684385382 0.615625 0.5880398671096345 0.615 0.5764119601328903 0.618125 0.5647840531561462 0.63 0.5647840531561462 0.63875 0.5722591362126246 0.6475
1 0.45598006644518274 0.344375 0.47093023255813954 0.348125 0.48421926910299 0.34875 0.4941860465116279 0.345625 0.49916943521594687 0.34125 0.5041528239202658 0.33125 0.5041528239202658 0.324375 0.49667774086378735 0.313125 0.47840531561461797 0.31 0.45930232558139533 0.316875 0.45182724252491696 0.328125 0.45182724252491696 0.33875 0.45598006644518274 0.344375
1 0.26578073089701 0.49875 0.2724252491694352 0.503125 0.28903654485049834 0.50625 0.3073089700996678 0.495 0.3081395348837209 0.481875 0.3014950166112957 0.47125 0.2931893687707641 0.46625 0.2749169435215947 0.46625 0.26578073089701 0.47 0.2616279069767442 0.475625 0.260797342192691 0.491875 0.26578073089701 0.49875
1 0.22591362126245848 0.324375 0.23920265780730898 0.324375 0.24750830564784054 0.320625 0.2541528239202658 0.3125 0.2549833887043189 0.299375 0.24833887043189368 0.289375 0.24003322259136212 0.283125 0.23421926910299004 0.28125 0.22093023255813954 0.281875 0.20930232558139536 0.295 0.21179401993355482 0.31125 0.22591362126245848 0.324375
1 0.26245847176079734 0.364375 0.27740863787375414 0.36625 0.2857142857142857 0.36375 0.29401993355481726 0.358125 0.29900332225913623 0.348125 0.29983388704318936 0.338125 0.2931893687707641 0.325625 0.2807308970099668 0.321875 0.26744186046511625 0.323125 0.2549833887043189 0.33875 0.2541528239202658 0.353125 0.26245847176079734 0.364375
1 0.3289036544850498 0.6125 0.34053156146179403 0.61625 0.3521594684385382 0.61625 0.36710963455149503 0.613125 0.37624584717607973 0.605 0.3803986710963455 0.595 0.3770764119601329 0.585 0.36295681063122925 0.579375 0.3488372093023256 0.579375 0.3380398671096346 0.581875 0.32641196013289037 0.59375 0.32558139534883723 0.601875 0.3289036544850498 0.6125
1 0.4476744186046512 0.379375 0.4808970099667774 0.379375 0.48754152823920266 0.374375 0.48754152823920266 0.356875 0.48255813953488375 0.350625 0.47674418604651164 0.348125 0.45598006644518274 0.345625 0.4435215946843854 0.34875 0.4318936877076412 0.358125 0.43272425249169433 0.36875 0.4476744186046512 0.379375
1 0.6262458471760798 0.473125 0.643687707641196 0.47375 0.6553156146179402 0.46625 0.659468438538206 0.45625 0.6586378737541528 0.439375 0.6486710963455149 0.4275 0.6428571428571429 0.42625 0.6320598006644518 0.43 0.622093023255814 0.438125 0.6179401993355482 0.445 0.6179401993355482 0.465 0.6262458471760798 0.473125
1 0.2857142857142857 0.40625 0.29485049833887045 0.408125 0.31727574750830567 0.405 0.3222591362126246 0.400625 0.3280730897009967 0.383125 0.31893687707641194 0.3725 0.3131229235880399 0.37 0.29485049833887045 0.3725 0.2840531561461794 0.37875 0.27906976744186046 0.38625 0.2799003322259136 0.400625 0.2857142857142857 0.40625
1 0.25830564784053156 0.37 0.2591362126245847 0.365 0.25830564784053156 0.3625 0.25830564784053156 0.37
1 0.3372093023255814 0.57125 0.3430232558139535 0.575625 0.3521594684385382 0.576875 0.36046511627906974 0.575625 0.3770764119601329 0.565625 0.3803986710963455 0.560625 0.3812292358803987 0.5475 0.3795681063122924 0.543125 0.37209302325581395 0.538125 0.3579734219269103 0.5375 0.34053156146179403 0.545 0.3347176079734219 0.554375 0.3338870431893688 0.565 0.3372093023255814 0.57125
1 0.6470099667774086 0.369375 0.6519933554817275 0.37375 0.6602990033222591 0.376875 0.6785714285714286 0.376875 0.6877076411960132 0.37375 0.6951827242524917 0.36125 0.6951827242524917 0.353125 0.6910299003322259 0.34125 0.6852159468438538 0.335625 0.6760797342192691 0.330625 0.6602990033222591 0.33 0.6511627906976745 0.333125 0.643687707641196 0.341875 0.6411960132890365 0.355625 0.6470099667774086 0.369375
1 0.5440199335548173 0.804375 0.5539867109634552 0.808125 0.5697674418604651 0.806875 0.574750830564784 0.798125 0.5705980066445183 0.776875 0.5672757475083057 0.774375 0.5448504983388704 0.774375 0.542358803986711 0.77125 0.5357142857142857 0.769375 0.5340531561461794 0.77125 0.5332225913621262 0.78875 0.5440199335548173 0.804375
1 0.632890365448505 0.519375 0.6478405315614618 0.52375 0.6578073089700996 0.524375 0.6744186046511628 0.52125 0.6802325581395349 0.518125 0.6868770764119602 0.50875 0.6877076411960132 0.4975 0.686046511627907 0.495 0.6744186046511628 0.49375 0.6569767441860465 0.4875 0.6495016611295681 0.4875 0.632890365448505 0.4925 0.6237541528239202 0.50125 0.6229235880398671 0.508125 0.632890365448505 0.519375
1 0.39700996677740863 0.338125 0.4069767441860465 0.34125 0.4260797342192691 0.34125 0.43106312292358806 0.33875 0.4368770764119601 0.33875 0.44518272425249167 0.33375 0.45182724252491696 0.324375 0.45016611295681064 0.315 0.4377076411960133 0.305 0.43023255813953487 0.3025 0.4119601328903654 0.3025 0.40863787375415284 0.305 0.40448504983388706 0.305 0.3920265780730897 0.3175 0.3920265780730897 0.331875 0.39700996677740863 0.338125
1 0.27325581395348836 0.26625 0.2840531561461794 0.2725 0.29069767441860467 0.2725 0.29817275747508304 0.27 0.30398671096345514 0.261875 0.3164451827242525 0.255625 0.3181063122923588 0.244375 0.3131229235880399 0.236875 0.30564784053156147 0.2325 0.2956810631229236 0.2325 0.2807308970099668 0.239375 0.2724252491694352 0.251875 0.2707641196013289 0.261875 0.27325581395348836 0.26625
1 0.5481727574750831 0.321875 0.5647840531561462 0.33 0.5872093023255814 0.326875 0.5980066445182725 0.32 0.6021594684385382 0.314375 0.6013289036544851 0.3 0.5880398671096345 0.293125 0.5764119601328903 0.291875 0.5631229235880398 0.29375 0.5481727574750831 0.30375 0.5456810631229236 0.3075 0.5481727574750831 0.321875
1 0.4169435215946844 0.19875 0.4277408637873754 0.205625 0.43438538205980065 0.206875 0.4410299003322259 0.206875 0.44933554817275745 0.2025 0.45514950166112955 0.1925 0.45598006644518274 0.176875 0.4476744186046512 0.1675 0.43853820598006643 0.16375 0.4277408637873754 0.165 0.4169435215946844 0.17125 0.4119601328903654 0.178125 0.4111295681063123 0.189375 0.4169435215946844 0.19875
1 0.42524916943521596 0.675625 0.44019933554817275 0.6775 0.45016611295681064 0.675 0.4700996677740864 0.66 0.47259136212624586 0.645625 0.4692691029900332 0.638125 0.4634551495016611 0.634375 0.44601328903654486 0.63625 0.42524916943521596 0.65125 0.420265780730897 0.660625 0.420265780730897 0.669375 0.42524916943521596 0.675625
1 0.2823920265780731 0.44 0.2956810631229236 0.445625 0.3089700996677741 0.445625 0.3181063122923588 0.4425 0.32641196013289037 0.4325 0.3272425249169435 0.426875 0.3222591362126246 0.41375 0.3064784053156146 0.406875 0.2815614617940199 0.410625 0.2749169435215947 0.418125 0.276578073089701 0.434375 0.2823920265780731 0.44
1 0.13205980066445183 0.275 0.15033222591362128 0.27625 0.15946843853820597 0.2725 0.16777408637873753 0.259375 0.1669435215946844 0.249375 0.1611295681063123 0.240625 0.14700996677740863 0.234375 0.1345514950166113 0.235625 0.1212624584717608 0.2475 0.12209302325581395 0.264375 0.13205980066445183 0.275
1 0.6910299003322259 0.400625 0.6985049833887044 0.40375 0.7142857142857143 0.40375 0.7342192691029901 0.395 0.7408637873754153 0.386875 0.7416943521594684 0.379375 0.7342192691029901 0.37 0.7259136212624585 0.3675 0.7159468438538206 0.3675 0.6943521594684385 0.3725 0.6852159468438538 0.381875 0.6827242524916943 0.39375 0.6910299003322259 0.400625
1 0.24750830564784054 0.636875 0.2541528239202658 0.639375 0.2649501661129568 0.639375 0.2724252491694352 0.63625 0.2782392026578073 0.62625 0.27906976744186046 0.615 0.2757475083056478 0.605 0.2707641196013289 0.600625 0.2649501661129568 0.598125 0.25 0.598125 0.24003322259136212 0.60375 0.2367109634551495 0.610625 0.2367109634551495 0.62375 0.24750830564784054 0.636875
1 0.5240863787375415 0.560625 0.5299003322259136 0.56375 0.5473421926910299 0.56375 0.5523255813953488 0.561875 0.5631229235880398 0.55 0.5631229235880398 0.534375 0.5564784053156147 0.524375 0.5506644518272426 0.521875 0.5290697674418605 0.521875 0.520764119601329 0.5275 0.5149501661129569 0.5375 0.5157807308970099 0.55 0.5240863787375415 0.560625
1 0.5033222591362126 0.503125 0.5157807308970099 0.513125 0.520764119601329 0.514375 0.5340531561461794 0.514375 0.5390365448504983 0.511875 0.5440199335548173 0.505 0.5448504983388704 0.4925 0.5382059800664452 0.47625 0.5290697674418605 0.46875 0.5199335548172758 0.46625 0.5091362126245847 0.46875 0.5 0.476875 0.5 0.498125 0.5033222591362126 0.503125
1 0.4127906976744186 0.264375 0.43023255813953487 0.2725 0.4526578073089701 0.27125 0.4634551495016611 0.261875 0.46511627906976744 0.2575 0.4634551495016611 0.245625 0.45099667774086377 0.235625 0.42441860465116277 0.236875 0.40863787375415284 0.25 0.40780730897009965 0.25625 0.4127906976744186 0.264375
1 0.728405315614618 0.446875 0.7416943521594684 0.449375 0.7541528239202658 0.446875 0.7624584717607974 0.441875 0.7666112956810631 0.431875 0.7649501661129569 0.419375 0.7591362126245847 0.41125 0.7508305647840532 0.40625 0.7267441860465116 0.40125 0.7159468438538206 0.406875 0.707641196013289 0.4175 0.7093023255813954 0.4325 0.728405315614618 0.446875
1 0.5348837209302325 0.765 0.5481727574750831 0.77375 0.5598006644518272 0.774375 0.5722591362126246 0.77125 0.5764119601328903 0.764375 0.5772425249169435 0.754375 0.5730897009966778 0.74125 0.5664451827242525 0.730625 0.5514950166112956 0.71875 0.5348837209302325 0.71875 0.5274086378737541 0.728125 0.526578073089701 0.744375 0.5348837209302325 0.765
1 0.29651162790697677 0.588125 0.3064784053156146 0.58875 0.3131229235880399 0.591875 0.3239202657807309 0.593125 0.3289036544850498 0.586875 0.3388704318936877 0.580625 0.3380398671096346 0.5725 0.3272425249169435 0.5625 0.31893687707641194 0.55875 0.3014950166112957 0.55875 0.28903654485049834 0.56375 0.28488372093023256 0.56875 0.2857142857142857 0.581875 0.29651162790697677 0.588125
1 0.41777408637873753 0.489375 0.4260797342192691 0.4925 0.4393687707641196 0.4925 0.4526578073089701 0.486875 0.45930232558139533 0.475625 0.45930232558139533 0.465 0.4526578073089701 0.45625 0.4418604651162791 0.4525 0.4318936877076412 0.4525 0.41777408637873753 0.45875 0.41362126245847175 0.463125 0.4111295681063123 0.480625 0.41777408637873753 0.489375
1 0.3521594684385382 0.221875 0.3637873754152824 0.2275 0.3795681063122924 0.22625 0.38704318936877075 0.21875 0.3911960132890365 0.208125 0.3903654485049834 0.1975 0.38289036544850497 0.188125 0.37209302325581395 0.185 0.36212624584717606 0.185625 0.3538205980066445 0.18875 0.34717607973421927 0.198125 0.3480066445182724 0.215625 0.3521594684385382 0.221875
1 0.44518272425249167 0.811875 0.4543189368770764 0.820625 0.4700996677740864 0.82625 0.4850498338870432 0.82125 0.4908637873754153 0.806875 0.4908637873754153 0.800625 0.4883720930232558 0.788125 0.48172757475083056 0.776875 0.4717607973421927 0.77125 0.45514950166112955 0.769375 0.446843853820598 0.7725 0.4410299003322259 0.78125 0.4410299003322259 0.804375 0.44518272425249167 0.811875
1 0.46096345514950166 0.633125 0.4742524916943522 0.64 0.4950166112956811 0.639375 0.5008305647840532 0.629375 0.5 0.61125 0.4950166112956811 0.60375 0.4808970099667774 0.59375 0.4717607973421927 0.591875 0.457641196013289 0.591875 0.4435215946843854 0.6 0.44518272425249167 0.614375 0.46096345514950166 0.633125
1 0.3023255813953488 0.28 0.3131229235880399 0.288125 0.33554817275747506 0.289375 0.34053156146179403 0.288125 0.3488372093023256 0.281875 0.34219269102990035 0.274375 0.3372093023255814 0.260625 0.3272425249169435 0.2575 0.3122923588039867 0.256875 0.303156146179402 0.261875 0.29983388704318936 0.2675 0.29900332225913623 0.271875 0.3023255813953488 0.28
1 0.5116279069767442 0.240625 0.5166112956810631 0.245 0.5332225913621262 0.251875 0.5440199335548173 0.254375 0.5622923588039868 0.254375 0.5714285714285714 0.251875 0.5772425249169435 0.24625 0.5780730897009967 0.23 0.5672757475083057 0.219375 0.5431893687707641 0.213125 0.526578073089701 0.213125 0.5149501661129569 0.21625 0.5074750830564784 0.223125 0.5058139534883721 0.23 0.5116279069767442 0.240625
1 0.6179401993355482 0.565 0.6411960132890365 0.57125 0.6511627906976745 0.570625 0.6644518272425249 0.565625 0.675249169435216 0.5575 0.6777408637873754 0.550625 0.6760797342192691 0.5375 0.6636212624584718 0.53125 0.6370431893687708 0.5325 0.6204318936877077 0.54125 0.617109634551495 0.545 0.6154485049833887 0.56 0.6179401993355482 0.565
1 0.26993355481727577 0.691875 0.2815614617940199 0.69875 0.3073089700996678 0.69875 0.3181063122923588 0.690625 0.31976744186046513 0.68 0.31727574750830567 0.673125 0.3023255813953488 0.6625 0.29069767441860467 0.660625 0.2799003322259136 0.6625 0.2666112956810631 0.67375 0.2666112956810631 0.6875 0.26993355481727577 0.691875
1 0.4908637873754153 0.8325 0.5041528239202658 0.83875 0.5357142857142857 0.838125 0.5490033222591362 0.831875 0.5564784053156147 0.82375 0.5564784053156147 0.8125 0.5539867109634552 0.80875 0.5448504983388704 0.805625 0.5398671096345515 0.800625 0.5299003322259136 0.79875 0.5157807308970099 0.79875 0.5008305647840532 0.8025 0.4883720930232558 0.81375 0.4867109634551495 0.826875 0.4908637873754153 0.8325
1 0.3446843853820598 0.441875 0.3637873754152824 0.445625 0.3729235880398671 0.445 0.3795681063122924 0.441875 0.38205980066445183 0.438125 0.38205980066445183 0.43 0.36295681063122925 0.41625 0.3521594684385382 0.413125 0.33637873754152825 0.413125 0.3289036544850498 0.418125 0.3289036544850498 0.429375 0.3446843853820598 0.441875
1 0.4260797342192691 0.301875 0.4393687707641196 0.305 0.45099667774086377 0.3125 0.46511627906976744 0.306875 0.4700996677740864 0.293125 0.4676079734219269 0.284375 0.45930232558139533 0.27625 0.44933554817275745 0.27125 0.4418604651162791 0.27125 0.43023255813953487 0.27375 0.42358803986710963 0.281875 0.4219269102990033 0.293125 0.4260797342192691 0.301875
1 0.46096345514950166 0.191875 0.4700996677740864 0.19875 0.47840531561461797 0.20125 0.4900332225913621 0.20125 0.5 0.19875 0.5091362126245847 0.193125 0.5141196013289037 0.185625 0.5141196013289037 0.178125 0.510797342192691 0.171875 0.49335548172757476 0.163125 0.473421926910299 0.165 0.46179401993355484 0.173125 0.4584717607973422 0.178125 0.457641196013289 0.18625 0.46096345514950166 0.191875
1 0.31727574750830567 0.75625 0.3380398671096346 0.76125 0.3521594684385382 0.76125 0.3538205980066445 0.759375 0.36295681063122925 0.758125 0.3696013289036545 0.753125 0.37624584717607973 0.745 0.37790697674418605 0.735 0.37624584717607973 0.73 0.36627906976744184 0.723125 0.34717607973421927 0.7225 0.32142857142857145 0.728125 0.30980066445182725 0.73875 0.3089700996677741 0.7475 0.31727574750830567 0.75625
1 0.7051495016611296 0.563125 0.7117940199335548 0.56875 0.7192691029900332 0.571875 0.7383720930232558 0.57375 0.7516611295681063 0.571875 0.7583056478405316 0.56875 0.7641196013289037 0.55875 0.7641196013289037 0.5525 0.7491694352159468 0.5375 0.7433554817275747 0.535625 0.7167774086378738 0.535625 0.7051495016611296 0.540625 0.7026578073089701 0.55625 0.7051495016611296 0.563125
1 0.3687707641196013 0.366875 0.38205980066445183 0.371875 0.40365448504983387 0.374375 0.4111295681063123 0.37 0.41777408637873753 0.3625 0.41777408637873753 0.355625 0.41445182724252494 0.35125 0.4003322259136213 0.34375 0.3729235880398671 0.34375 0.3637873754152824 0.35125 0.3637873754152824 0.3625 0.3687707641196013 0.366875
1 0.5780730897009967 0.69625 0.5880398671096345 0.706875 0.6013289036544851 0.709375 0.6187707641196013 0.6925 0.622093023255814 0.6725 0.617109634551495 0.66125 0.6046511627906976 0.654375 0.5863787375415282 0.65625 0.5780730897009967 0.663125 0.5755813953488372 0.66875 0.574750830564784 0.686875 0.5780730897009967 0.69625
1 0.31561461794019935 0.645 0.32475083056478404 0.650625 0.3347176079734219 0.6525 0.34634551495016613 0.650625 0.3504983388704319 0.648125 0.3546511627906977 0.64125 0.3546511627906977 0.628125 0.3488372093023256 0.618125 0.34136212624584716 0.6175 0.3313953488372093 0.613125 0.32475083056478404 0.613125 0.31146179401993357 0.62125 0.3106312292358804 0.63625 0.31561461794019935 0.645
1 0.2574750830564784 0.3725 0.26411960132890366 0.355 0.2441860465116279 0.3325 0.22093023255813954 0.35125 0.2292358803986711 0.37625 0.2574750830564784 0.3725
1 0.420265780730897 0.46 0.4119601328903654 0.45125 0.37209302325581395 0.45 0.3654485049833887 0.47625 0.38372093023255816 0.48125 0.40863787375415284 0.48 0.420265780730897 0.46
1 0.3853820598006645 0.54375 0.40863787375415284 0.54 0.41362126245847175 0.52125 0.4053156146179402 0.5075 0.3803986710963455 0.5075 0.3704318936877076 0.51875 0.3704318936877076 0.53875 0.3853820598006645 0.54375