0 0.853125 0.6843853820598007 0.856875 0.6719269102990033 0.858125 0.6445182724252492 0.855 0.6237541528239202 0.8425 0.6021594684385382 0.826875 0.5880398671096345 0.816875 0.584717607973422 0.8025 0.584717607973422 0.785625 0.590531561461794 0.77125 0.6046511627906976 0.765 0.6154485049833887 0.76 0.6320598006644518 0.76 0.6611295681063123 0.766875 0.6843853820598007 0.7775 0.7009966777408638 0.7975 0.7151162790697675 0.815625 0.717607973421927 0.82875 0.7134551495016611 0.844375 0.7001661129568106 0.853125 0.6843853820598007
1 0.4125 0.717607973421927 0.39875 0.7192691029900332 0.39125 0.7250830564784053 0.3875 0.7325581395348837 0.3875 0.7475083056478405 0.398125 0.7591362126245847 0.415625 0.7591362126245847 0.424375 0.7475083056478405 0.421875 0.7267441860465116 0.419375 0.7250830564784053 0.418125 0.7200996677740864 0.4125 0.717607973421927
1 0.636875 0.329734219269103 0.63 0.3338870431893688 0.625 0.34053156146179403 0.625 0.3546511627906977 0.629375 0.36129568106312293 0.63375 0.36295681063122925 0.65125 0.36046511627906974 0.659375 0.34634551495016613 0.65625 0.33637873754152825 0.645 0.3289036544850498 0.636875 0.329734219269103
1 0.241875 0.5764119601328903 0.234375 0.5697674418604651 0.23 0.5689368770764119 0.21875 0.5730897009966778 0.214375 0.5838870431893688 0.214375 0.5980066445182725 0.218125 0.6054817275747508 0.225625 0.6129568106312292 0.236875 0.6146179401993356 0.24375 0.6104651162790697 0.246875 0.6038205980066446 0.245 0.5838870431893688 0.241875 0.5764119601328903
1 0.775625 0.29651162790697677 0.77125 0.29900332225913623 0.7675 0.30564784053156147 0.766875 0.32059800664451826 0.77375 0.3313953488372093 0.78125 0.33554817275747506 0.7925 0.3313953488372093 0.795 0.3239202657807309 0.794375 0.30980066445182725 0.785625 0.29817275747508304 0.775625 0.29651162790697677
1 0.680625 0.5415282392026578 0.675625 0.5456810631229236 0.6725 0.553156146179402 0.6725 0.5681063122923588 0.678125 0.574750830564784 0.691875 0.5739202657807309 0.696875 0.5697674418604651 0.699375 0.5631229235880398 0.699375 0.5465116279069767 0.695625 0.5390365448504983 0.680625 0.5415282392026578
1 0.410625 0.6661129568106312 0.40625 0.6611295681063123 0.400625 0.6602990033222591 0.39125 0.6636212624584718 0.383125 0.6785714285714286 0.3825 0.6901993355481728 0.385625 0.7009966777408638 0.389375 0.7051495016611296 0.4025 0.7059800664451827 0.4075 0.7018272425249169 0.413125 0.6893687707641196 0.413125 0.6744186046511628 0.410625 0.6661129568106312
1 0.701875 0.4260797342192691 0.695625 0.4260797342192691 0.68875 0.43106312292358806 0.685625 0.43853820598006643 0.685625 0.4568106312292359 0.690625 0.46677740863787376 0.69875 0.4717607973421927 0.70625 0.4700996677740864 0.711875 0.45598006644518274 0.711875 0.4426910299003322 0.70625 0.42940199335548174 0.701875 0.4260797342192691
1 0.45125 0.7649501661129569 0.4425 0.7632890365448505 0.42875 0.7541528239202658 0.424375 0.7558139534883721 0.416875 0.7641196013289037 0.41625 0.7873754152823921 0.425625 0.8023255813953488 0.435 0.8064784053156147 0.441875 0.8064784053156147 0.449375 0.8014950166112956 0.455 0.782392026578073 0.45375 0.7691029900332226 0.45125 0.7649501661129569
1 0.2125 0.6378737541528239 0.203125 0.6428571428571429 0.194375 0.654485049833887 0.193125 0.670265780730897 0.195 0.6760797342192691 0.2025 0.6843853820598007 0.209375 0.6843853820598007 0.22125 0.6710963455149501 0.224375 0.6470099667774086 0.221875 0.6403654485049833 0.2125 0.6378737541528239
1 0.424375 0.5789036544850499 0.42125 0.574750830564784 0.415 0.5697674418604651 0.404375 0.5664451827242525 0.39875 0.5681063122923588 0.39375 0.5730897009966778 0.39125 0.5789036544850499 0.39125 0.590531561461794 0.39625 0.6004983388704319 0.406875 0.6079734219269103 0.418125 0.6071428571428571 0.42375 0.6021594684385382 0.42625 0.5872093023255814 0.424375 0.5789036544850499
1 0.481875 0.2367109634551495 0.474375 0.24750830564784054 0.475625 0.260797342192691 0.48875 0.26993355481727577 0.50125 0.2666112956810631 0.50625 0.2616279069767442 0.508125 0.2541528239202658 0.50625 0.24169435215946844 0.49875 0.2350498338870432 0.481875 0.2367109634551495
1 0.4375 0.617109634551495 0.4275 0.617109634551495 0.419375 0.6212624584717608 0.406875 0.6387043189368771 0.40625 0.6569767441860465 0.416875 0.6677740863787376 0.4275 0.6677740863787376 0.436875 0.6636212624584718 0.441875 0.6586378737541528 0.446875 0.6470099667774086 0.446875 0.6320598006644518 0.4375 0.617109634551495
1 0.7225 0.5406976744186046 0.713125 0.5357142857142857 0.706875 0.5357142857142857 0.70125 0.5398671096345515 0.699375 0.5440199335548173 0.700625 0.5581395348837209 0.70875 0.5722591362126246 0.72 0.5780730897009967 0.728125 0.5772425249169435 0.733125 0.5730897009966778 0.733125 0.5581395348837209 0.7225 0.5406976744186046
1 0.383125 0.48588039867109634 0.3725 0.48255813953488375 0.365 0.48588039867109634 0.356875 0.49750830564784054 0.355625 0.5066445182724253 0.358125 0.5149501661129569 0.3625 0.5182724252491694 0.37 0.5191029900332226 0.380625 0.5116279069767442 0.385625 0.5 0.385625 0.4941860465116279 0.383125 0.48588039867109634
1 0.514375 0.7068106312292359 0.505625 0.696843853820598 0.495 0.696843853820598 0.485 0.7059800664451827 0.483125 0.7192691029900332 0.486875 0.728405315614618 0.4925 0.7325581395348837 0.5025 0.7342192691029901 0.508125 0.7317275747508306 0.51625 0.7200996677740864 0.51625 0.7109634551495017 0.514375 0.7068106312292359
1 0.26625 0.6769102990033222 0.261875 0.6719269102990033 0.251875 0.6719269102990033 0.239375 0.6810631229235881 0.236875 0.6885382059800664 0.238125 0.7026578073089701 0.248125 0.7134551495016611 0.258125 0.7134551495016611 0.26625 0.7043189368770764 0.26875 0.6960132890365448 0.26875 0.6843853820598007 0.26625 0.6769102990033222
1 0.380625 0.7109634551495017 0.37125 0.7068106312292359 0.36 0.7109634551495017 0.349375 0.7259136212624585 0.349375 0.7475083056478405 0.354375 0.7516611295681063 0.361875 0.7524916943521595 0.374375 0.7475083056478405 0.38125 0.739202657807309 0.384375 0.7342192691029901 0.385 0.7200996677740864 0.380625 0.7109634551495017
1 0.544375 0.30980066445182725 0.540625 0.30481727574750833 0.535625 0.3014950166112957 0.529375 0.3014950166112957 0.519375 0.30980066445182725 0.51875 0.32475083056478404 0.5225 0.3388704318936877 0.529375 0.3438538205980066 0.53625 0.3438538205980066 0.544375 0.33554817275747506 0.546875 0.3280730897009967 0.546875 0.31976744186046513 0.544375 0.30980066445182725
1 0.2975 0.48754152823920266 0.29125 0.4941860465116279 0.286875 0.5041528239202658 0.288125 0.5224252491694352 0.295625 0.5332225913621262 0.3075 0.5340531561461794 0.313125 0.5299003322259136 0.316875 0.5224252491694352 0.319375 0.49916943521594687 0.3125 0.4867109634551495 0.2975 0.48754152823920266
1 0.451875 0.7250830564784053 0.439375 0.7159468438538206 0.43 0.7167774086378738 0.425 0.7225913621262459 0.425 0.7400332225913622 0.4275 0.7483388704318937 0.4325 0.7549833887043189 0.444375 0.7624584717607974 0.451875 0.7624584717607974 0.45625 0.7583056478405316 0.4575 0.7375415282392026 0.451875 0.7250830564784053
1 0.619375 0.7400332225913622 0.613125 0.7358803986710963 0.608125 0.7358803986710963 0.6 0.7441860465116279 0.596875 0.7516611295681063 0.595625 0.7591362126245847 0.598125 0.7724252491694352 0.605625 0.7807308970099668 0.614375 0.782392026578073 0.623125 0.7757475083056479 0.62625 0.7666112956810631 0.62625 0.7541528239202658 0.619375 0.7400332225913622
1 0.473125 0.6054817275747508 0.4675 0.606312292358804 0.46125 0.6129568106312292 0.458125 0.6204318936877077 0.45875 0.6370431893687708 0.46625 0.6478405315614618 0.473125 0.6503322259136213 0.48125 0.6445182724252492 0.485 0.6362126245847176 0.485 0.6179401993355482 0.480625 0.6088039867109635 0.473125 0.6054817275747508
1 0.670625 0.489202657807309 0.660625 0.5 0.65625 0.5116279069767442 0.65625 0.53156146179402 0.660625 0.5373754152823921 0.670625 0.5373754152823921 0.6825 0.526578073089701 0.685625 0.5174418604651163 0.685625 0.4983388704318937 0.679375 0.489202657807309 0.670625 0.489202657807309
1 0.629375 0.24169435215946844 0.623125 0.24086378737541528 0.615 0.24916943521594684 0.61125 0.25830564784053156 0.610625 0.2724252491694352 0.6125 0.27740863787375414 0.6175 0.2815614617940199 0.624375 0.2815614617940199 0.633125 0.27408637873754155 0.63625 0.26411960132890366 0.63625 0.25083056478405313 0.629375 0.24169435215946844
1 0.33 0.49750830564784054 0.325625 0.5033222591362126 0.323125 0.5124584717607974 0.323125 0.526578073089701 0.33 0.5373754152823921 0.34125 0.5390365448504983 0.348125 0.5290697674418605 0.34875 0.5066445182724253 0.343125 0.49750830564784054 0.338125 0.4941860465116279 0.33 0.49750830564784054
1 0.35375 0.6669435215946844 0.34375 0.6777408637873754 0.34375 0.6926910299003323 0.354375 0.7018272425249169 0.370625 0.7001661129568106 0.381875 0.6901993355481728 0.381875 0.6719269102990033 0.37375 0.6636212624584718 0.366875 0.6627906976744186 0.35375 0.6669435215946844
1 0.548125 0.47259136212624586 0.5425 0.4833887043189369 0.5425 0.5 0.551875 0.5074750830564784 0.55875 0.5074750830564784 0.57125 0.4983388704318937 0.574375 0.48754152823920266 0.57375 0.4750830564784053 0.56375 0.4676079734219269 0.548125 0.47259136212624586
1 0.608125 0.5074750830564784 0.606875 0.4983388704318937 0.601875 0.48754152823920266 0.593125 0.48255813953488375 0.586875 0.48255813953488375 0.58 0.4850498338870432 0.574375 0.4941860465116279 0.57375 0.5024916943521595 0.576875 0.5124584717607974 0.584375 0.5232558139534884 0.591875 0.5274086378737541 0.598125 0.5274086378737541 0.60375 0.5232558139534884 0.608125 0.5124584717607974 0.608125 0.5074750830564784
1 0.455625 0.44435215946843853 0.45 0.4476744186046512 0.441875 0.4601328903654485 0.441875 0.48421926910299 0.448125 0.4883720930232558 0.45625 0.48754152823920266 0.46125 0.4833887043189369 0.470625 0.4676079734219269 0.470625 0.44933554817275745 0.465625 0.4435215946843854 0.455625 0.44435215946843853
1 0.71375 0.6885382059800664 0.70625 0.6976744186046512 0.705 0.7109634551495017 0.710625 0.7225913621262459 0.716875 0.728405315614618 0.72 0.728405315614618 0.726875 0.7225913621262459 0.72875 0.7059800664451827 0.723125 0.6918604651162791 0.71375 0.6885382059800664
1 0.478125 0.6951827242524917 0.474375 0.6910299003322259 0.46625 0.6910299003322259 0.46 0.696843853820598 0.45375 0.707641196013289 0.45375 0.728405315614618 0.45875 0.7383720930232558 0.463125 0.7408637873754153 0.468125 0.7400332225913622 0.475625 0.7300664451827242 0.480625 0.7151162790697675 0.480625 0.7043189368770764 0.478125 0.6951827242524917
1 0.485625 0.729235880398671 0.480625 0.7300664451827242 0.473125 0.7350498338870431 0.46375 0.7508305647840532 0.46125 0.7574750830564784 0.4625 0.7724252491694352 0.469375 0.7790697674418605 0.478125 0.7790697674418605 0.48625 0.7724252491694352 0.495 0.7558139534883721 0.49625 0.7367109634551495 0.485625 0.729235880398671
1 0.351875 0.5656146179401993 0.34375 0.5631229235880398 0.33375 0.5714285714285714 0.3325 0.5863787375415282 0.338125 0.6013289036544851 0.345625 0.606312292358804 0.3525 0.606312292358804 0.355625 0.6038205980066446 0.359375 0.5963455149501661 0.36 0.5813953488372093 0.351875 0.5656146179401993
1 0.4875 0.782392026578073 0.480625 0.7857142857142857 0.476875 0.7906976744186046 0.47625 0.8064784053156147 0.485 0.8181063122923588 0.4975 0.8205980066445183 0.501875 0.8172757475083057 0.505 0.8073089700996677 0.50375 0.7940199335548173 0.4925 0.7882059800664452 0.4875 0.782392026578073
1 0.58125 0.5390365448504983 0.575625 0.5307308970099668 0.570625 0.5299003322259136 0.56375 0.5332225913621262 0.55375 0.5456810631229236 0.548125 0.5589700996677741 0.548125 0.5714285714285714 0.551875 0.5780730897009967 0.556875 0.5822259136212624 0.564375 0.5813953488372093 0.57125 0.5755813953488372 0.57875 0.5631229235880398 0.58125 0.5556478405315615 0.58125 0.5390365448504983
1 0.514375 0.26827242524916944 0.504375 0.2666112956810631 0.4975 0.26993355481727577 0.4925 0.276578073089701 0.49 0.2815614617940199 0.49 0.29069767441860467 0.4975 0.3014950166112957 0.509375 0.303156146179402 0.51375 0.3014950166112957 0.520625 0.2931893687707641 0.521875 0.27906976744186046 0.514375 0.26827242524916944
1 0.764375 0.5016611295681063 0.754375 0.5033222591362126 0.745 0.5174418604651163 0.745625 0.53156146179402 0.754375 0.5382059800664452 0.76375 0.5373754152823921 0.76875 0.5340531561461794 0.774375 0.5224252491694352 0.77375 0.5116279069767442 0.769375 0.5041528239202658 0.764375 0.5016611295681063
1 0.566875 0.5938538205980066 0.563125 0.590531561461794 0.5525 0.5897009966777409 0.54125 0.5980066445182725 0.535625 0.6088039867109635 0.535625 0.6303986710963455 0.5425 0.6370431893687708 0.551875 0.6370431893687708 0.560625 0.6303986710963455 0.566875 0.6187707641196013 0.56875 0.6137873754152824 0.56875 0.6004983388704319 0.566875 0.5938538205980066
1 0.345 0.6943521594684385 0.340625 0.6901993355481728 0.333125 0.6910299003322259 0.3275 0.6943521594684385 0.323125 0.7009966777408638 0.321875 0.7200996677740864 0.326875 0.7317275747508306 0.333125 0.7350498338870431 0.34 0.7350498338870431 0.346875 0.729235880398671 0.350625 0.7200996677740864 0.350625 0.7051495016611296 0.345 0.6943521594684385
1 0.58875 0.3538205980066445 0.581875 0.3438538205980066 0.57375 0.3380398671096346 0.566875 0.3380398671096346 0.56 0.3446843853820598 0.5575 0.3488372093023256 0.5575 0.3646179401993355 0.56375 0.37624584717607973 0.571875 0.38205980066445183 0.5825 0.38205980066445183 0.588125 0.3770764119601329 0.59 0.3696013289036545 0.58875 0.3538205980066445
1 0.489375 0.7649501661129569 0.49 0.7832225913621262 0.50375 0.7940199335548173 0.519375 0.7890365448504983 0.52625 0.7774086378737541 0.525625 0.7657807308970099 0.514375 0.7558139534883721 0.4975 0.7558139534883721 0.489375 0.7649501661129569
1 0.63375 0.4476744186046512 0.62875 0.4410299003322259 0.62 0.436046511627907 0.61125 0.4368770764119601 0.603125 0.44601328903654486 0.600625 0.45514950166112955 0.600625 0.46677740863787376 0.605 0.4808970099667774 0.61625 0.4900332225913621 0.62875 0.4850498338870432 0.63375 0.4750830564784053 0.63625 0.4634551495016611 0.63375 0.4476744186046512
1 0.381875 0.5199335548172758 0.3725 0.520764119601329 0.364375 0.5299003322259136 0.36 0.5390365448504983 0.358125 0.5440199335548173 0.358125 0.5548172757475083 0.36 0.5598006644518272 0.3675 0.5672757475083057 0.374375 0.5672757475083057 0.386875 0.5539867109634552 0.3875 0.532392026578073 0.381875 0.5199335548172758
1 0.530625 0.24667774086378738 0.521875 0.25332225913621265 0.52125 0.26827242524916944 0.52625 0.276578073089701 0.530625 0.27906976744186046 0.5425 0.27906976744186046 0.545 0.276578073089701 0.546875 0.2649501661129568 0.539375 0.25 0.530625 0.24667774086378738
1 0.7275 0.4983388704318937 0.7225 0.4908637873754153 0.71625 0.4883720930232558 0.71 0.4900332225913621 0.7025 0.5024916943521595 0.701875 0.5149501661129569 0.705 0.526578073089701 0.71875 0.5373754152823921 0.725 0.5373754152823921 0.73 0.5290697674418605 0.730625 0.520764119601329 0.73 0.5041528239202658 0.7275 0.4983388704318937
1 0.5725 0.7200996677740864 0.5625 0.7358803986710963 0.5625 0.7524916943521595 0.566875 0.760797342192691 0.571875 0.7632890365448505 0.580625 0.760797342192691 0.58875 0.7483388704318937 0.58875 0.729235880398671 0.5825 0.7200996677740864 0.5725 0.7200996677740864