1 0.7886178861788617 0.60125 0.7696476964769647 0.6 0.7615176151761518 0.60375 0.7588075880758808 0.613125 0.7642276422764228 0.6175 0.7750677506775068 0.6225 0.7859078590785907 0.621875 0.7967479674796748 0.618125 0.7994579945799458 0.610625 0.7886178861788617 0.60125
1 0.5094850948509485 0.283125 0.5040650406504065 0.280625 0.489159891598916 0.28 0.47560975609756095 0.284375 0.46476964769647694 0.293125 0.46747967479674796 0.30125 0.47560975609756095 0.304375 0.4932249322493225 0.304375 0.5040650406504065 0.300625 0.5094850948509485 0.293125 0.5094850948509485 0.283125
1 0.27235772357723576 0.4475 0.26422764227642276 0.4425 0.25338753387533874 0.44 0.23441734417344173 0.439375 0.22086720867208673 0.443125 0.2181571815718157 0.44625 0.22357723577235772 0.454375 0.23441734417344173 0.4575 0.2506775067750677 0.45875 0.26422764227642276 0.4575 0.27235772357723576 0.454375 0.27235772357723576 0.4475
1 0.6775067750677507 0.644375 0.6693766937669376 0.644375 0.6449864498644986 0.65625 0.6476964769647696 0.66625 0.6666666666666666 0.6675 0.6829268292682927 0.665 0.6937669376693767 0.65875 0.6937669376693767 0.649375 0.6775067750677507 0.644375
1 0.6531165311653117 0.6025 0.6205962059620597 0.601875 0.6097560975609756 0.60875 0.6097560975609756 0.615 0.6151761517615176 0.618125 0.6368563685636857 0.620625 0.6504065040650406 0.618125 0.6585365853658537 0.6125 0.6585365853658537 0.60625 0.6531165311653117 0.6025
1 0.1897018970189702 0.649375 0.17886178861788618 0.64375 0.15311653116531165 0.644375 0.13414634146341464 0.654375 0.13956639566395665 0.661875 0.14769647696476965 0.66375 0.16937669376693767 0.66375 0.17750677506775067 0.661875 0.1910569105691057 0.655625 0.1897018970189702 0.649375
1 0.5989159891598916 0.59375 0.5799457994579946 0.594375 0.5663956639566395 0.6 0.5691056910569106 0.6125 0.5799457994579946 0.614375 0.5934959349593496 0.613125 0.6016260162601627 0.61 0.6070460704607046 0.59875 0.5989159891598916 0.59375
1 0.6219512195121951 0.62 0.6070460704607046 0.615625 0.5853658536585366 0.615625 0.5691056910569106 0.621875 0.5718157181571816 0.63 0.5880758807588076 0.635 0.6097560975609756 0.635 0.6260162601626016 0.63 0.6287262872628726 0.625625 0.6219512195121951 0.62
1 0.5826558265582655 0.748125 0.5609756097560976 0.755 0.5609756097560976 0.76875 0.5853658536585366 0.77 0.5962059620596206 0.765625 0.6016260162601627 0.759375 0.5962059620596206 0.750625 0.5826558265582655 0.748125
1 0.8536585365853658 0.613125 0.8265582655826558 0.613125 0.8102981029810298 0.620625 0.8102981029810298 0.6325 0.8157181571815718 0.635 0.8292682926829268 0.6375 0.8428184281842819 0.635 0.8550135501355014 0.629375 0.8590785907859079 0.620625 0.8536585365853658 0.613125
1 0.24796747967479674 0.651875 0.23848238482384823 0.64875 0.2181571815718157 0.649375 0.21002710027100271 0.65375 0.2127371273712737 0.665 0.22357723577235772 0.669375 0.23712737127371275 0.67 0.24525745257452575 0.668125 0.25338753387533874 0.661875 0.24796747967479674 0.651875
1 0.32113821138211385 0.37375 0.3021680216802168 0.37375 0.29132791327913277 0.380625 0.2940379403794038 0.385625 0.31029810298102983 0.395 0.32926829268292684 0.395 0.33739837398373984 0.390625 0.33739837398373984 0.384375 0.32113821138211385 0.37375
1 0.7696476964769647 0.3925 0.7642276422764228 0.39 0.7479674796747967 0.39 0.7289972899728997 0.3975 0.7289972899728997 0.41 0.7371273712737128 0.411875 0.7452574525745257 0.41 0.7533875338753387 0.405 0.7723577235772358 0.4 0.7696476964769647 0.3925
1 0.6964769647696477 0.601875 0.6747967479674797 0.604375 0.6666666666666666 0.60875 0.6680216802168022 0.61875 0.6775067750677507 0.621875 0.7018970189701897 0.620625 0.7127371273712737 0.615625 0.7127371273712737 0.6075 0.6964769647696477 0.601875
1 0.3699186991869919 0.37375 0.35501355013550134 0.365625 0.32926829268292684 0.36625 0.32926829268292684 0.38 0.33739837398373984 0.385625 0.3509485094850949 0.38875 0.3617886178861789 0.38875 0.37262872628726285 0.385 0.3699186991869919 0.37375
1 0.2696476964769648 0.661875 0.25338753387533874 0.661875 0.23712737127371275 0.67125 0.23983739837398374 0.678125 0.2506775067750677 0.680625 0.2696476964769648 0.68 0.28319783197831977 0.673125 0.28319783197831977 0.666875 0.2696476964769648 0.661875
1 0.36449864498644985 0.255625 0.36449864498644985 0.266875 0.37262872628726285 0.27 0.3943089430894309 0.269375 0.4024390243902439 0.265625 0.3983739837398374 0.255625 0.36449864498644985 0.255625
1 0.4132791327913279 0.24875 0.4024390243902439 0.254375 0.4024390243902439 0.265625 0.4105691056910569 0.269375 0.4349593495934959 0.27 0.44850948509485095 0.26375 0.44850948509485095 0.255 0.4349593495934959 0.246875 0.4132791327913279 0.24875
1 0.1070460704607046 0.5125 0.1016260162601626 0.50875 0.08130081300813008 0.5025 0.06910569105691057 0.5025 0.058265582655826556 0.50625 0.06097560975609756 0.515625 0.06910569105691057 0.519375 0.08807588075880758 0.523125 0.1016260162601626 0.521875 0.1070460704607046 0.519375 0.1070460704607046 0.5125
1 0.21138211382113822 0.429375 0.1856368563685637 0.4275 0.17479674796747968 0.43 0.16666666666666666 0.4375 0.16937669376693767 0.444375 0.1802168021680217 0.449375 0.1991869918699187 0.449375 0.2086720867208672 0.446875 0.21544715447154472 0.44125 0.21138211382113822 0.429375
1 0.3861788617886179 0.719375 0.3780487804878049 0.714375 0.36449864498644985 0.714375 0.34552845528455284 0.72125 0.3428184281842818 0.73 0.34823848238482386 0.735 0.35365853658536583 0.738125 0.3685636856368564 0.738125 0.3794037940379404 0.735 0.3861788617886179 0.729375 0.3861788617886179 0.719375
1 0.43089430894308944 0.32875 0.42140921409214094 0.326875 0.3943089430894309 0.328125 0.38346883468834686 0.33375 0.38346883468834686 0.339375 0.3943089430894309 0.34375 0.4132791327913279 0.345625 0.4268292682926829 0.34375 0.4349593495934959 0.339375 0.4349593495934959 0.331875 0.43089430894308944 0.32875
1 0.2018970189701897 0.59125 0.18834688346883469 0.589375 0.16666666666666666 0.595 0.16395663956639567 0.606875 0.16802168021680217 0.61 0.1937669376693767 0.610625 0.2046070460704607 0.606875 0.21002710027100271 0.6025 0.21002710027100271 0.59625 0.2018970189701897 0.59125
1 0.6395663956639567 0.526875 0.6368563685636857 0.53625 0.6422764227642277 0.53875 0.6639566395663956 0.53875 0.6747967479674797 0.53375 0.6747967479674797 0.519375 0.6612466124661247 0.519375 0.6395663956639567 0.526875
1 0.6043360433604336 0.51 0.5853658536585366 0.513125 0.5799457994579946 0.515 0.5826558265582655 0.52125 0.5907859078590786 0.524375 0.6178861788617886 0.523125 0.6233062330623306 0.519375 0.6233062330623306 0.510625 0.6043360433604336 0.51
1 0.18834688346883469 0.630625 0.17750677506775067 0.635625 0.17750677506775067 0.643125 0.1856368563685637 0.648125 0.21002710027100271 0.649375 0.22357723577235772 0.644375 0.22357723577235772 0.640625 0.21138211382113822 0.63 0.18834688346883469 0.630625
1 0.7262872628726287 0.52875 0.7181571815718157 0.5325 0.7127371273712737 0.54 0.7154471544715447 0.548125 0.7317073170731707 0.548125 0.7479674796747967 0.54375 0.7533875338753387 0.53375 0.7466124661246613 0.52875 0.7262872628726287 0.52875
1 0.497289972899729 0.5425 0.47831978319783197 0.544375 0.46747967479674796 0.550625 0.46883468834688347 0.55875 0.47560975609756095 0.560625 0.5 0.559375 0.5121951219512195 0.554375 0.5121951219512195 0.54625 0.497289972899729 0.5425
1 0.12601626016260162 0.355625 0.11382113821138211 0.35375 0.1016260162601626 0.354375 0.08807588075880758 0.36375 0.09078590785907859 0.370625 0.1043360433604336 0.376875 0.12330623306233063 0.376875 0.13414634146341464 0.370625 0.13143631436314362 0.35875 0.12601626016260162 0.355625
1 0.4186991869918699 0.529375 0.4051490514905149 0.53375 0.4024390243902439 0.5475 0.4078590785907859 0.549375 0.42953929539295393 0.5475 0.44037940379403795 0.54125 0.44308943089430897 0.5325 0.43766937669376693 0.529375 0.4186991869918699 0.529375
1 0.3048780487804878 0.644375 0.2804878048780488 0.645625 0.2696476964769648 0.653125 0.27371273712737126 0.663125 0.2804878048780488 0.66625 0.2940379403794038 0.66625 0.3130081300813008 0.659375 0.3157181571815718 0.651875 0.3048780487804878 0.644375
1 0.13414634146341464 0.5975 0.1070460704607046 0.599375 0.09620596205962059 0.60625 0.09620596205962059 0.611875 0.1002710027100271 0.614375 0.12330623306233063 0.615625 0.13821138211382114 0.613125 0.15040650406504066 0.60625 0.14769647696476965 0.60125 0.13414634146341464 0.5975
1 0.3699186991869919 0.319375 0.35907859078590787 0.315 0.3319783197831978 0.314375 0.3265582655826558 0.316875 0.3265582655826558 0.32625 0.3319783197831978 0.33 0.34823848238482386 0.334375 0.36314363143631434 0.334375 0.37262872628726285 0.33 0.37533875338753386 0.325 0.3699186991869919 0.319375
1 0.7615176151761518 0.616875 0.7574525745257452 0.611875 0.7371273712737128 0.610625 0.7262872628726287 0.615625 0.7289972899728997 0.628125 0.7425474254742548 0.635 0.7615176151761518 0.635 0.7723577235772358 0.63 0.7750677506775068 0.623125 0.7615176151761518 0.616875
1 0.35636856368563685 0.411875 0.3238482384823848 0.411875 0.3130081300813008 0.41875 0.3157181571815718 0.428125 0.3238482384823848 0.43125 0.34010840108401086 0.43125 0.3509485094850949 0.42875 0.35636856368563685 0.424375 0.35636856368563685 0.411875
1 0.5257452574525745 0.256875 0.497289972899729 0.256875 0.48644986449864497 0.261875 0.48644986449864497 0.27 0.491869918699187 0.273125 0.5067750677506775 0.276875 0.5311653116531165 0.276875 0.5447154471544715 0.27 0.5447154471544715 0.265625 0.5257452574525745 0.256875
1 0.6436314363143631 0.4425 0.6314363143631436 0.439375 0.6070460704607046 0.44 0.5962059620596206 0.44625 0.6016260162601627 0.4525 0.6124661246612466 0.456875 0.6382113821138211 0.4575 0.6476964769647696 0.454375 0.6476964769647696 0.44625 0.6436314363143631 0.4425
1 0.45663956639566394 0.740625 0.44037940379403795 0.738125 0.4241192411924119 0.740625 0.4159891598915989 0.745 0.4159891598915989 0.75125 0.42276422764227645 0.755625 0.4349593495934959 0.759375 0.44850948509485095 0.759375 0.46476964769647694 0.7525 0.46476964769647694 0.745625 0.45663956639566394 0.740625
1 0.2777777777777778 0.611875 0.2588075880758808 0.613125 0.25338753387533874 0.615625 0.25338753387533874 0.6275 0.2669376693766938 0.6325 0.2859078590785908 0.6325 0.29132791327913277 0.630625 0.29132791327913277 0.623125 0.2777777777777778 0.611875
1 0.462059620596206 0.54 0.44308943089430897 0.539375 0.43224932249322495 0.544375 0.43224932249322495 0.558125 0.44037940379403795 0.561875 0.453929539295393 0.561875 0.46747967479674796 0.5575 0.46747967479674796 0.544375 0.462059620596206 0.54
1 0.3428184281842818 0.3475 0.33739837398373984 0.3425 0.3252032520325203 0.335 0.3130081300813008 0.3325 0.2994579945799458 0.3325 0.2886178861788618 0.335625 0.2886178861788618 0.345625 0.2994579945799458 0.35375 0.3130081300813008 0.358125 0.33062330623306235 0.358125 0.3428184281842818 0.35375 0.3428184281842818 0.3475
1 0.43902439024390244 0.354375 0.4186991869918699 0.35125 0.4010840108401084 0.355625 0.3943089430894309 0.36125 0.3970189701897019 0.370625 0.4078590785907859 0.37375 0.4186991869918699 0.37375 0.43224932249322495 0.370625 0.44308943089430897 0.361875 0.43902439024390244 0.354375
1 0.6720867208672087 0.6275 0.6720867208672087 0.640625 0.6775067750677507 0.643125 0.6910569105691057 0.641875 0.7073170731707317 0.6325 0.6991869918699187 0.623125 0.6802168021680217 0.623125 0.6720867208672087 0.6275
1 0.26422764227642276 0.3925 0.24525745257452575 0.394375 0.23170731707317074 0.401875 0.23848238482384823 0.409375 0.2588075880758808 0.411875 0.2750677506775068 0.41 0.2859078590785908 0.405 0.28319783197831977 0.396875 0.26422764227642276 0.3925
1 0.6287262872628726 0.283125 0.6233062330623306 0.28625 0.6260162601626016 0.303125 0.6476964769647696 0.305625 0.6639566395663956 0.2975 0.6612466124661247 0.28625 0.6531165311653117 0.283125 0.6287262872628726 0.283125
1 0.5826558265582655 0.54 0.5745257452574526 0.54 0.5609756097560976 0.54375 0.5609756097560976 0.558125 0.5718157181571816 0.561875 0.5907859078590786 0.560625 0.5989159891598916 0.555625 0.5962059620596206 0.544375 0.5826558265582655 0.54
1 0.7696476964769647 0.54625 0.7398373983739838 0.54625 0.7208672086720868 0.550625 0.7208672086720868 0.560625 0.7398373983739838 0.56375 0.7710027100271003 0.563125 0.7831978319783198 0.558125 0.7859078590785907 0.553125 0.7696476964769647 0.54625
1 0.7059620596205962 0.565 0.6910569105691057 0.565 0.6802168021680217 0.568125 0.6829268292682927 0.578125 0.6964769647696477 0.581875 0.7195121951219512 0.58125 0.7289972899728997 0.575 0.7195121951219512 0.5675 0.7059620596205962 0.565
1 0.6382113821138211 0.75 0.6178861788617886 0.750625 0.6070460704607046 0.758125 0.6070460704607046 0.775 0.6151761517615176 0.77875 0.6341463414634146 0.77875 0.6476964769647696 0.77125 0.6504065040650406 0.759375 0.6476964769647696 0.754375 0.6382113821138211 0.75
1 0.2506775067750677 0.623125 0.24254742547425473 0.618125 0.22899728997289973 0.618125 0.2181571815718157 0.623125 0.2181571815718157 0.63625 0.22628726287262874 0.64 0.23577235772357724 0.640625 0.24254742547425473 0.64 0.25338753387533874 0.635 0.2506775067750677 0.623125
1 0.6287262872628726 0.6575 0.6151761517615176 0.655625 0.6016260162601627 0.65875 0.5934959349593496 0.66375 0.5962059620596206 0.675 0.6084010840108401 0.6775 0.6287262872628726 0.673125 0.6341463414634146 0.66875 0.6341463414634146 0.66125 0.6287262872628726 0.6575
1 0.3021680216802168 0.425625 0.2777777777777778 0.42625 0.2750677506775068 0.4375 0.2804878048780488 0.44125 0.29132791327913277 0.445 0.3116531165311653 0.443125 0.3157181571815718 0.44 0.3130081300813008 0.429375 0.3021680216802168 0.425625
1 0.2926829268292683 0.36 0.2696476964769648 0.36125 0.26151761517615174 0.36625 0.26151761517615174 0.37375 0.2669376693766938 0.3775 0.2750677506775068 0.381875 0.29132791327913277 0.38 0.3021680216802168 0.37375 0.3021680216802168 0.365625 0.2926829268292683 0.36
1 0.6436314363143631 0.55 0.6287262872628726 0.55 0.6124661246612466 0.556875 0.6124661246612466 0.5625 0.6178861788617886 0.565625 0.6260162601626016 0.568125 0.6504065040650406 0.568125 0.6639566395663956 0.565 0.6639566395663956 0.560625 0.6436314363143631 0.55
1 0.6205962059620597 0.29 0.6151761517615176 0.286875 0.5880758807588076 0.286875 0.5799457994579946 0.293125 0.5826558265582655 0.303125 0.5934959349593496 0.308125 0.6178861788617886 0.30625 0.6233062330623306 0.303125 0.6233062330623306 0.298125 0.6205962059620597 0.29
1 0.6802168021680217 0.54625 0.6775067750677507 0.541875 0.6639566395663956 0.53875 0.6449864498644986 0.54 0.6449864498644986 0.550625 0.6504065040650406 0.554375 0.6666666666666666 0.560625 0.6842818428184282 0.560625 0.6937669376693767 0.555625 0.6937669376693767 0.553125 0.6802168021680217 0.54625
1 0.46747967479674796 0.22875 0.44850948509485095 0.22875 0.43224932249322495 0.235625 0.4363143631436314 0.243125 0.44308943089430897 0.245625 0.46070460704607047 0.245625 0.47831978319783197 0.23875 0.47831978319783197 0.23375 0.46747967479674796 0.22875
1 0.5040650406504065 0.314375 0.483739837398374 0.314375 0.47560975609756095 0.318125 0.47831978319783197 0.329375 0.489159891598916 0.33375 0.5121951219512195 0.33375 0.5230352303523035 0.328125 0.5203252032520326 0.319375 0.5040650406504065 0.314375
1 0.26151761517615174 0.42125 0.23983739837398374 0.4225 0.22899728997289973 0.4275 0.23170731707317074 0.434375 0.24525745257452575 0.438125 0.2696476964769648 0.4375 0.2750677506775068 0.433125 0.2750677506775068 0.425625 0.26151761517615174 0.42125
1 0.21544715447154472 0.406875 0.1856368563685637 0.405 0.17479674796747968 0.410625 0.1802168021680217 0.42 0.2018970189701897 0.4275 0.21544715447154472 0.428125 0.22899728997289973 0.42375 0.22899728997289973 0.41625 0.21544715447154472 0.406875
1 0.2127371273712737 0.286875 0.1937669376693767 0.28375 0.18157181571815717 0.2875 0.17479674796747968 0.293125 0.17750677506775067 0.30125 0.1937669376693767 0.31125 0.21002710027100271 0.31125 0.2181571815718157 0.30625 0.22086720867208673 0.298125 0.2127371273712737 0.286875
1 0.1856368563685637 0.67125 0.16395663956639567 0.673125 0.15582655826558264 0.676875 0.15582655826558264 0.69 0.16395663956639567 0.693125 0.17344173441734417 0.693125 0.1937669376693767 0.686875 0.19647696476964768 0.6775 0.1856368563685637 0.67125
1 0.6016260162601627 0.47875 0.5745257452574526 0.479375 0.5691056910569106 0.483125 0.5691056910569106 0.49125 0.5745257452574526 0.495 0.5907859078590786 0.49875 0.6016260162601627 0.498125 0.6178861788617886 0.491875 0.6178861788617886 0.485 0.6016260162601627 0.47875
1 0.8130081300813008 0.560625 0.7994579945799458 0.556875 0.7859078590785907 0.5575 0.7723577235772358 0.563125 0.7737127371273713 0.574375 0.7831978319783198 0.5775 0.7913279132791328 0.5775 0.8102981029810298 0.5725 0.8157181571815718 0.565 0.8130081300813008 0.560625
1 0.6151761517615176 0.496875 0.5880758807588076 0.49875 0.5799457994579946 0.50375 0.5826558265582655 0.51375 0.6056910569105691 0.51 0.6205962059620597 0.51 0.6260162601626016 0.50625 0.6260162601626016 0.50125 0.6151761517615176 0.496875
1 0.5501355013550135 0.206875 0.5447154471544715 0.2025 0.5311653116531165 0.201875 0.5121951219512195 0.205625 0.5067750677506775 0.214375 0.5094850948509485 0.219375 0.5176151761517616 0.22375 0.532520325203252 0.22375 0.5447154471544715 0.220625 0.5501355013550135 0.2175 0.5501355013550135 0.206875
1 0.5365853658536586 0.706875 0.5149051490514905 0.706875 0.5040650406504065 0.714375 0.5067750677506775 0.72125 0.5230352303523035 0.7275 0.535230352303523 0.7275 0.5501355013550135 0.71875 0.5474254742547425 0.711875 0.5365853658536586 0.706875
1 0.8672086720867209 0.560625 0.8455284552845529 0.550625 0.8319783197831978 0.550625 0.8184281842818428 0.556875 0.8211382113821138 0.56625 0.8265582655826558 0.57 0.8373983739837398 0.5725 0.8563685636856369 0.5725 0.8672086720867209 0.5675 0.8672086720867209 0.560625
1 0.7588075880758808 0.403125 0.7317073170731707 0.415 0.7344173441734417 0.423125 0.7696476964769647 0.4225 0.7859078590785907 0.41375 0.7859078590785907 0.404375 0.7777777777777778 0.401875 0.7588075880758808 0.403125
1 0.5528455284552846 0.293125 0.535230352303523 0.288125 0.5203252032520326 0.28875 0.5067750677506775 0.29625 0.5067750677506775 0.304375 0.5149051490514905 0.308125 0.5365853658536586 0.308125 0.5447154471544715 0.30625 0.5555555555555556 0.2975 0.5528455284552846 0.293125
1 0.26151761517615174 0.37375 0.24525745257452575 0.371875 0.22628726287262874 0.376875 0.22899728997289973 0.386875 0.24525745257452575 0.391875 0.26151761517615174 0.391875 0.2750677506775068 0.3875 0.2750677506775068 0.381875 0.26151761517615174 0.37375
1 0.7127371273712737 0.516875 0.6910569105691057 0.516875 0.6802168021680217 0.519375 0.6829268292682927 0.529375 0.7127371273712737 0.53625 0.7262872628726287 0.529375 0.7262872628726287 0.524375 0.7208672086720868 0.519375 0.7127371273712737 0.516875
1 0.521680216802168 0.510625 0.489159891598916 0.5125 0.47560975609756095 0.519375 0.47831978319783197 0.52625 0.497289972899729 0.53125 0.5203252032520326 0.529375 0.5338753387533876 0.52375 0.5338753387533876 0.515 0.521680216802168 0.510625
1 0.31842818428184283 0.679375 0.3130081300813008 0.675625 0.29132791327913277 0.675625 0.28319783197831977 0.679375 0.2777777777777778 0.685625 0.2804878048780488 0.695 0.2886178861788618 0.6975 0.3021680216802168 0.6975 0.3116531165311653 0.694375 0.31842818428184283 0.685625 0.31842818428184283 0.679375
1 0.5880758807588076 0.464375 0.5663956639566395 0.47125 0.5691056910569106 0.478125 0.6016260162601627 0.47875 0.6205962059620597 0.47125 0.6205962059620597 0.4675 0.6138211382113821 0.464375 0.5880758807588076 0.464375
1 0.6449864498644986 0.69875 0.6260162601626016 0.6975 0.6178861788617886 0.700625 0.6178861788617886 0.71375 0.6260162601626016 0.71875 0.6341463414634146 0.72 0.6504065040650406 0.718125 0.6531165311653117 0.705625 0.6449864498644986 0.69875
1 0.6910569105691057 0.531875 0.6856368563685636 0.531875 0.6775067750677507 0.5375 0.6802168021680217 0.544375 0.6937669376693767 0.553125 0.7073170731707317 0.553125 0.7154471544715447 0.549375 0.7127371273712737 0.5375 0.6910569105691057 0.531875
1 0.5826558265582655 0.72125 0.5555555555555556 0.72 0.5392953929539296 0.72625 0.5392953929539296 0.73125 0.5460704607046071 0.73625 0.5582655826558266 0.739375 0.5826558265582655 0.739375 0.5934959349593496 0.735 0.5934959349593496 0.726875 0.5826558265582655 0.72125
1 0.1856368563685637 0.32 0.16395663956639567 0.32 0.15311653116531165 0.324375 0.15582655826558264 0.335625 0.17208672086720866 0.3425 0.1937669376693767 0.341875 0.2046070460704607 0.335 0.2018970189701897 0.325 0.1856368563685637 0.32
1 0.5636856368563685 0.273125 0.5420054200542005 0.271875 0.5311653116531165 0.276875 0.5338753387533876 0.286875 0.5474254742547425 0.29125 0.5663956639566395 0.29125 0.575880758807588 0.2875 0.5772357723577236 0.281875 0.5636856368563685 0.273125
1 0.8102981029810298 0.584375 0.7669376693766937 0.584375 0.7615176151761518 0.59375 0.7669376693766937 0.59875 0.7859078590785907 0.60125 0.8075880758807588 0.60125 0.8184281842818428 0.596875 0.8211382113821138 0.591875 0.8102981029810298 0.584375
1 0.45663956639566394 0.764375 0.4349593495934959 0.765625 0.42140921409214094 0.77125 0.42140921409214094 0.7825 0.44173441734417346 0.785625 0.462059620596206 0.780625 0.46747967479674796 0.7775 0.46476964769647694 0.7675 0.45663956639566394 0.764375
1 0.33604336043360433 0.21875 0.31842818428184283 0.2175 0.3062330623306233 0.22125 0.2967479674796748 0.229375 0.2994579945799458 0.23875 0.3075880758807588 0.24125 0.32791327913279134 0.24125 0.3428184281842818 0.235625 0.34552845528455284 0.228125 0.33604336043360433 0.21875
1 0.8021680216802168 0.4375 0.7777777777777778 0.439375 0.7615176151761518 0.45 0.7642276422764228 0.456875 0.7750677506775068 0.459375 0.7994579945799458 0.4575 0.8130081300813008 0.451875 0.8157181571815718 0.4425 0.8021680216802168 0.4375
1 0.35907859078590787 0.69 0.34823848238482386 0.685625 0.33739837398373984 0.685625 0.3238482384823848 0.68875 0.3130081300813008 0.6975 0.3157181571815718 0.703125 0.3238482384823848 0.706875 0.34010840108401086 0.706875 0.3509485094850949 0.704375 0.3617886178861789 0.69375 0.35907859078590787 0.69
1 0.7669376693766937 0.579375 0.7615176151761518 0.57375 0.7452574525745257 0.5725 0.7317073170731707 0.575 0.7181571815718157 0.583125 0.7222222222222222 0.593125 0.7384823848238482 0.595 0.7560975609756098 0.593125 0.7615176151761518 0.590625 0.7669376693766937 0.58625 0.7669376693766937 0.579375
1 0.7317073170731707 0.429375 0.7154471544715447 0.424375 0.6964769647696477 0.42625 0.6964769647696477 0.4375 0.7046070460704607 0.443125 0.7127371273712737 0.44625 0.7262872628726287 0.446875 0.7398373983739838 0.44125 0.7398373983739838 0.43625 0.7317073170731707 0.429375
1 0.3574417344173441 0.6668375000000001 0.3562046070460705 0.6788175 0.3636260162601626 0.68623375 0.3821775067750678 0.687945625 0.3920718157181572 0.677676875 0.37970460704607045 0.66569625 0.3574417344173441 0.6668375000000001
1 0.6654092140921409 0.34679625000000003 0.6629363143631436 0.36048749999999996 0.676540650406504 0.36162875 0.6926192411924119 0.366763125 0.7111720867208673 0.35706499999999997 0.7086978319783198 0.339950625 0.68519918699187 0.3422325 0.672830623306233 0.34052062499999997 0.6654092140921409 0.34679625000000003