0 0.4111295681063123 0.025 0.3978405315614618 0.02875 0.37790697674418605 0.043125 0.3712624584717608 0.051875 0.36794019933554817 0.0625 0.36794019933554817 0.0775 0.37209302325581395 0.09 0.38787375415282394 0.10875 0.3995016611295681 0.11625 0.4152823920265781 0.1225 0.43272425249169433 0.125625 0.4642857142857143 0.12375 0.4867109634551495 0.1125 0.5 0.095625 0.5024916943521595 0.085 0.5016611295681063 0.070625 0.4941860465116279 0.0525 0.48006644518272423 0.039375 0.4543189368770764 0.026875 0.4393687707641196 0.024375 0.4111295681063123 0.025
1 0.5789036544850499 0.810625 0.5772425249169435 0.81625 0.5772425249169435 0.826875 0.5830564784053156 0.838125 0.6054817275747508 0.83875 0.6179401993355482 0.83125 0.6245847176079734 0.818125 0.6229235880398671 0.80375 0.617109634551495 0.798125 0.6079734219269103 0.798125 0.5930232558139535 0.800625 0.584717607973422 0.805 0.5789036544850499 0.810625
1 0.24750830564784054 0.33875 0.24750830564784054 0.358125 0.2541528239202658 0.36375 0.2632890365448505 0.366875 0.2749169435215947 0.366875 0.28903654485049834 0.3625 0.303156146179402 0.3525 0.3089700996677741 0.34125 0.3081395348837209 0.33625 0.3023255813953488 0.329375 0.29069767441860467 0.324375 0.26578073089701 0.325625 0.2558139534883721 0.330625 0.24750830564784054 0.33875
1 0.49169435215946844 0.53625 0.48754152823920266 0.539375 0.47591362126245845 0.560625 0.48754152823920266 0.581875 0.49667774086378735 0.588125 0.5066445182724253 0.59 0.5166112956810631 0.589375 0.5274086378737541 0.58375 0.5299003322259136 0.578125 0.5290697674418605 0.5625 0.5199335548172758 0.545625 0.5141196013289037 0.54125 0.5066445182724253 0.54 0.49916943521594687 0.535625 0.49169435215946844 0.53625
1 0.47093023255813954 0.76 0.4775747508305648 0.77 0.4941860465116279 0.7725 0.5 0.77 0.5132890365448505 0.75625 0.5141196013289037 0.73875 0.5116279069767442 0.733125 0.4983388704318937 0.725625 0.4867109634551495 0.725625 0.47674418604651164 0.730625 0.47093023255813954 0.76
1 0.4568106312292359 0.6225 0.462624584717608 0.628125 0.4750830564784053 0.633125 0.48754152823920266 0.633125 0.4925249169435216 0.63125 0.4958471760797342 0.629375 0.49750830564784054 0.624375 0.49750830564784054 0.605 0.48255813953488375 0.59375 0.4601328903654485 0.59375 0.45598006644518274 0.6 0.4543189368770764 0.609375 0.4568106312292359 0.6225
1 0.6931063122923588 0.49125 0.0008305647840531562 0.0025
1 0.6495016611295681 0.45625 0.6478405315614618 0.46625 0.6519933554817275 0.478125 0.6686046511627907 0.48875 0.6827242524916943 0.489375 0.6918604651162791 0.485 0.6985049833887044 0.475 0.6976744186046512 0.47 0.6910299003322259 0.456875 0.686046511627907 0.4525 0.6619601328903655 0.448125 0.6536544850498339 0.451875 0.6495016611295681 0.45625
1 0.2799003322259136 0.260625 0.2782392026578073 0.26875 0.28322259136212624 0.28 0.29485049833887045 0.288125 0.31478405315614616 0.295625 0.32558139534883723 0.295625 0.3330564784053156 0.2925 0.3372093023255814 0.2875 0.33637873754152825 0.27875 0.3272425249169435 0.26625 0.31893687707641194 0.260625 0.3081395348837209 0.256875 0.2915282392026578 0.255625 0.2799003322259136 0.260625
1 0.4983388704318937 0.6775 0.5 0.68875 0.5049833887043189 0.69625 0.5157807308970099 0.701875 0.5299003322259136 0.70375 0.5398671096345515 0.70125 0.5473421926910299 0.69375 0.5506644518272426 0.685625 0.5498338870431894 0.678125 0.5448504983388704 0.670625 0.5299003322259136 0.66125 0.5157807308970099 0.66125 0.5008305647840532 0.6675 0.4983388704318937 0.6775
1 0.3845514950166113 0.544375 0.38704318936877075 0.565625 0.4019933554817276 0.57125 0.4111295681063123 0.57125 0.4260797342192691 0.56375 0.43272425249169433 0.5525 0.43106312292358806 0.538125 0.42358803986710963 0.53125 0.4169435215946844 0.529375 0.40282392026578073 0.53125 0.38870431893687707 0.5375 0.3845514950166113 0.544375
1 0.29485049833887045 0.6225 0.29401993355481726 0.63625 0.29651162790697677 0.64375 0.30980066445182725 0.654375 0.31976744186046513 0.6575 0.329734219269103 0.6575 0.3388704318936877 0.654375 0.3446843853820598 0.644375 0.3430232558139535 0.631875 0.3388704318936877 0.62375 0.31893687707641194 0.610625 0.3131229235880399 0.610625 0.29983388704318936 0.615625 0.29485049833887045 0.6225
1 0.29485049833887045 0.45875 0.2931893687707641 0.473125 0.29983388704318936 0.486875 0.3131229235880399 0.49375 0.32558139534883723 0.4925 0.33554817275747506 0.48875 0.3430232558139535 0.473125 0.34219269102990035 0.46125 0.33637873754152825 0.451875 0.3230897009966777 0.446875 0.3122923588039867 0.446875 0.29983388704318936 0.4525 0.29485049833887045 0.45875
1 0.4119601328903654 0.34875 0.4119601328903654 0.3625 0.4186046511627907 0.376875 0.42857142857142855 0.381875 0.43438538205980065 0.3825 0.44518272425249167 0.381875 0.45099667774086377 0.379375 0.46511627906976744 0.36375 0.46511627906976744 0.344375 0.45182724252491696 0.33125 0.43853820598006643 0.330625 0.4260797342192691 0.33375 0.4169435215946844 0.340625 0.4119601328903654 0.34875
1 0.4925249169435216 0.27125 0.48754152823920266 0.27875 0.48588039867109634 0.285625 0.4883720930232558 0.296875 0.5 0.30375 0.5157807308970099 0.30375 0.5240863787375415 0.299375 0.53156146179402 0.290625 0.53156146179402 0.27625 0.5274086378737541 0.26875 0.5232558139534884 0.26625 0.5174418604651163 0.264375 0.5024916943521595 0.265 0.4925249169435216 0.27125
1 0.19435215946843853 0.245 0.19435215946843853 0.254375 0.19767441860465115 0.261875 0.20764119601328904 0.2725 0.21926910299003322 0.27875 0.23421926910299004 0.27875 0.24667774086378738 0.27125 0.25 0.264375 0.24916943521594684 0.250625 0.23588039867109634 0.235625 0.22009966777408638 0.23 0.20764119601328904 0.23 0.19850498338870431 0.236875 0.19435215946843853 0.245
1 0.23255813953488372 0.205625 0.23172757475083056 0.21625 0.24169435215946844 0.2275 0.2516611295681063 0.23125 0.28903654485049834 0.23125 0.303156146179402 0.22 0.303156146179402 0.215625 0.29651162790697677 0.204375 0.292358803986711 0.2 0.27906976744186046 0.19625 0.24750830564784054 0.19625 0.24003322259136212 0.19875 0.23255813953488372 0.205625
1 0.7009966777408638 0.223125 0.7043189368770764 0.23125 0.7093023255813954 0.235625 0.7209302325581395 0.239375 0.7325581395348837 0.234375 0.7350498338870431 0.230625 0.7333887043189369 0.219375 0.729235880398671 0.213125 0.7167774086378738 0.205625 0.7084717607973422 0.205625 0.7034883720930233 0.208125 0.7009966777408638 0.223125
1 0.3388704318936877 0.585 0.3388704318936877 0.598125 0.34551495016611294 0.605 0.3554817275747508 0.609375 0.38205980066445183 0.609375 0.3920265780730897 0.605 0.4061461794019934 0.59375 0.40946843853820597 0.585625 0.40863787375415284 0.58 0.40282392026578073 0.5725 0.38787375415282394 0.5675 0.3554817275747508 0.5725 0.34551495016611294 0.5775 0.3388704318936877 0.585
1 0.4418604651162791 0.446875 0.45099667774086377 0.45625 0.4601328903654485 0.46125 0.47093023255813954 0.465 0.4808970099667774 0.465 0.48588039867109634 0.46375 0.4941860465116279 0.45625 0.4941860465116279 0.446875 0.489202657807309 0.438125 0.473421926910299 0.4275 0.45099667774086377 0.425 0.4435215946843854 0.4275 0.4418604651162791 0.43 0.4418604651162791 0.446875
1 0.5722591362126246 0.569375 0.5789036544850499 0.575625 0.5838870431893688 0.576875 0.6038205980066446 0.575625 0.6146179401993356 0.57125 0.6179401993355482 0.566875 0.617109634551495 0.5525 0.6013289036544851 0.5425 0.5863787375415282 0.5425 0.5739202657807309 0.55 0.5705980066445183 0.558125 0.5722591362126246 0.569375
1 0.7325581395348837 0.190625 0.739202657807309 0.204375 0.7508305647840532 0.213125 0.7624584717607974 0.215625 0.7699335548172758 0.211875 0.7774086378737541 0.20375 0.7774086378737541 0.1875 0.7740863787375415 0.1825 0.7641196013289037 0.175625 0.7441860465116279 0.174375 0.7358803986710963 0.18 0.7325581395348837 0.190625
1 0.29651162790697677 0.41125 0.29651162790697677 0.429375 0.3164451827242525 0.4375 0.33222591362126247 0.43625 0.34219269102990035 0.4325 0.3521594684385382 0.425 0.35631229235880396 0.418125 0.35714285714285715 0.40125 0.3521594684385382 0.395625 0.34053156146179403 0.39125 0.3272425249169435 0.39125 0.31561461794019935 0.39625 0.29651162790697677 0.41125
1 0.6395348837209303 0.35625 0.6395348837209303 0.37125 0.6428571428571429 0.37625 0.6519933554817275 0.381875 0.6661129568106312 0.384375 0.6760797342192691 0.378125 0.6802325581395349 0.3725 0.6827242524916943 0.366875 0.6818936877076412 0.358125 0.6794019933554817 0.350625 0.6735880398671097 0.344375 0.665282392026578 0.3425 0.6519933554817275 0.344375 0.6395348837209303 0.35625
1 0.5348837209302325 0.82625 0.5249169435215947 0.826875 0.520764119601329 0.83375 0.521594684385382 0.848125 0.5274086378737541 0.853125 0.5390365448504983 0.856875 0.5589700996677741 0.856875 0.5681063122923588 0.853125 0.5739202657807309 0.848125 0.5780730897009967 0.83625 0.5772425249169435 0.8275 0.5730897009966778 0.821875 0.553156146179402 0.8175 0.5473421926910299 0.81875 0.5448504983388704 0.821875 0.5348837209302325 0.82625
1 0.3546511627906977 0.369375 0.3554817275747508 0.381875 0.3588039867109635 0.39 0.36627906976744184 0.395625 0.38289036544850497 0.395 0.3953488372093023 0.384375 0.39867109634551495 0.374375 0.3978405315614618 0.35875 0.39285714285714285 0.351875 0.3862126245847176 0.348125 0.3696013289036545 0.348125 0.3596345514950166 0.355625 0.3546511627906977 0.369375
1 0.8039867109634552 0.364375 0.7981727574750831 0.374375 0.8006644518272426 0.384375 0.8114617940199336 0.395 0.8255813953488372 0.40125 0.8388704318936877 0.40375 0.8504983388704319 0.403125 0.8554817275747508 0.3975 0.856312292358804 0.39 0.8529900332225914 0.380625 0.8480066445182725 0.373125 0.8380398671096345 0.365 0.8230897009966778 0.36 0.8156146179401993 0.36 0.8039867109634552 0.364375
1 0.6229235880398671 0.40375 0.6370431893687708 0.413125 0.6619601328903655 0.41125 0.6769102990033222 0.400625 0.6769102990033222 0.39375 0.6735880398671097 0.39 0.6586378737541528 0.3825 0.6420265780730897 0.38 0.6345514950166113 0.381875 0.6229235880398671 0.389375 0.6229235880398671 0.40375
1 0.675249169435216 0.6125 0.6901993355481728 0.62 0.7109634551495017 0.618125 0.7209302325581395 0.613125 0.7209302325581395 0.59625 0.7151162790697675 0.591875 0.7043189368770764 0.588125 0.6827242524916943 0.591875 0.6760797342192691 0.595625 0.675249169435216 0.6125
1 0.6536544850498339 0.206875 0.6519933554817275 0.220625 0.6536544850498339 0.22625 0.6619601328903655 0.235625 0.6686046511627907 0.238125 0.6794019933554817 0.236875 0.6910299003322259 0.23125 0.7001661129568106 0.221875 0.7009966777408638 0.20375 0.6943521594684385 0.195 0.6885382059800664 0.19125 0.6727574750830565 0.190625 0.6619601328903655 0.195 0.6536544850498339 0.206875
1 0.6586378737541528 0.51 0.6578073089700996 0.52375 0.6661129568106312 0.53625 0.6735880398671097 0.539375 0.6852159468438538 0.539375 0.6918604651162791 0.5375 0.7001661129568106 0.53125 0.7043189368770764 0.523125 0.7043189368770764 0.511875 0.7018272425249169 0.506875 0.6901993355481728 0.4975 0.6794019933554817 0.49625 0.6677740863787376 0.5 0.6619601328903655 0.504375 0.6586378737541528 0.51
1 0.49169435215946844 0.525625 0.4983388704318937 0.535 0.5058139534883721 0.54 0.5257475083056479 0.5425 0.5382059800664452 0.5325 0.5382059800664452 0.51625 0.526578073089701 0.504375 0.5141196013289037 0.50125 0.5016611295681063 0.50125 0.4908637873754153 0.51 0.49169435215946844 0.525625
1 0.27325581395348836 0.591875 0.27325581395348836 0.600625 0.2782392026578073 0.609375 0.29651162790697677 0.614375 0.303156146179402 0.614375 0.31727574750830567 0.61 0.3338870431893688 0.59125 0.3330564784053156 0.574375 0.31893687707641194 0.56625 0.29983388704318936 0.566875 0.2865448504983389 0.57375 0.276578073089701 0.58375 0.27325581395348836 0.591875
1 0.7059800664451827 0.52625 0.7109634551495017 0.529375 0.7333887043189369 0.529375 0.7458471760797342 0.519375 0.7450166112956811 0.51125 0.7342192691029901 0.504375 0.723421926910299 0.504375 0.7093023255813954 0.50875 0.7059800664451827 0.51125 0.7059800664451827 0.52625
1 0.38953488372093026 0.410625 0.3995016611295681 0.418125 0.4169435215946844 0.418125 0.42358803986710963 0.415625 0.4368770764119601 0.404375 0.43853820598006643 0.39 0.436046511627907 0.384375 0.42358803986710963 0.379375 0.39867109634551495 0.381875 0.38704318936877075 0.3975 0.38953488372093026 0.410625
1 0.7093023255813954 0.286875 0.7101328903654485 0.295625 0.71843853820598 0.3 0.7358803986710963 0.3 0.7441860465116279 0.2975 0.7591362126245847 0.283125 0.7591362126245847 0.27125 0.7516611295681063 0.264375 0.7275747508305648 0.26625 0.7167774086378738 0.273125 0.7126245847176079 0.27875 0.7093023255813954 0.286875
1 0.5614617940199336 0.389375 0.5722591362126246 0.3975 0.5813953488372093 0.400625 0.5913621262458472 0.400625 0.6004983388704319 0.393125 0.5988372093023255 0.37875 0.5863787375415282 0.3675 0.579734219269103 0.365 0.5714285714285714 0.365 0.5564784053156147 0.379375 0.5614617940199336 0.389375
1 0.7616279069767442 0.6275 0.7541528239202658 0.63625 0.7558139534883721 0.6475 0.7691029900332226 0.654375 0.7774086378737541 0.654375 0.7857142857142857 0.65125 0.7940199335548173 0.645 0.7973421926910299 0.639375 0.7973421926910299 0.623125 0.7915282392026578 0.615625 0.7848837209302325 0.613125 0.7699335548172758 0.614375 0.7649501661129569 0.618125 0.7616279069767442 0.6275
1 0.6096345514950167 0.2675 0.6088039867109635 0.27875 0.6129568106312292 0.288125 0.6196013289036545 0.293125 0.6312292358803987 0.293125 0.6453488372093024 0.28625 0.6569767441860465 0.275625 0.6611295681063123 0.265625 0.6602990033222591 0.258125 0.6519933554817275 0.250625 0.643687707641196 0.2475 0.6345514950166113 0.246875 0.6237541528239202 0.250625 0.6096345514950167 0.2675
1 0.5282392026578073 0.5425 0.5257475083056479 0.551875 0.5299003322259136 0.564375 0.5365448504983389 0.57125 0.5539867109634552 0.571875 0.5656146179401993 0.5625 0.5722591362126246 0.550625 0.5714285714285714 0.538125 0.5664451827242525 0.531875 0.5556478405315615 0.52625 0.5456810631229236 0.52625 0.5406976744186046 0.529375 0.5282392026578073 0.5425
1 0.7931893687707641 0.295625 0.7865448504983389 0.314375 0.7956810631229236 0.325 0.8048172757475083 0.330625 0.8122923588039868 0.333125 0.8214285714285714 0.333125 0.8338870431893688 0.326875 0.8363787375415282 0.323125 0.8363787375415282 0.3125 0.8330564784053156 0.305 0.8222591362126246 0.294375 0.8122923588039868 0.29125 0.8014950166112956 0.29125 0.7931893687707641 0.295625
1 0.6054817275747508 0.61125 0.5996677740863787 0.62 0.5980066445182725 0.629375 0.6029900332225914 0.645625 0.6079734219269103 0.65125 0.6212624584717608 0.65625 0.6295681063122923 0.65625 0.6370431893687708 0.653125 0.643687707641196 0.64375 0.6428571428571429 0.625 0.6387043189368771 0.6225 0.6353820598006644 0.615625 0.6237541528239202 0.608125 0.6121262458471761 0.608125 0.6054817275747508 0.61125
1 0.6985049833887044 0.535625 0.7043189368770764 0.55 0.7126245847176079 0.5575 0.7167774086378738 0.558125 0.71843853820598 0.560625 0.7350498338870431 0.561875 0.7441860465116279 0.56 0.7508305647840532 0.554375 0.7524916943521595 0.541875 0.75 0.535 0.7416943521594684 0.52625 0.7300664451827242 0.53125 0.7134551495016611 0.530625 0.7043189368770764 0.5275 0.6985049833887044 0.535625
1 0.2599667774086379 0.49125 0.2599667774086379 0.50875 0.26578073089701 0.52125 0.27740863787375414 0.529375 0.28903654485049834 0.5325 0.30066445182724255 0.5325 0.3081395348837209 0.529375 0.31478405315614616 0.52375 0.31478405315614616 0.51125 0.3089700996677741 0.494375 0.2931893687707641 0.481875 0.27159468438538203 0.481875 0.2666112956810631 0.48375 0.2599667774086379 0.49125
1 0.37790697674418605 0.631875 0.37790697674418605 0.6425 0.3853820598006645 0.65125 0.39700996677740863 0.654375 0.4119601328903654 0.654375 0.4277408637873754 0.6475 0.43521594684385384 0.63875 0.43521594684385384 0.63 0.42358803986710963 0.618125 0.4119601328903654 0.615 0.3978405315614618 0.615625 0.38289036544850497 0.623125 0.37790697674418605 0.631875
1 0.4958471760797342 0.33125 0.5008305647840532 0.34125 0.5058139534883721 0.345625 0.5157807308970099 0.34875 0.5290697674418605 0.348125 0.5440199335548173 0.344375 0.5481727574750831 0.33875 0.5481727574750831 0.328125 0.5406976744186046 0.316875 0.521594684385382 0.31 0.5033222591362126 0.313125 0.4958471760797342 0.324375 0.4958471760797342 0.33125
1 0.6918604651162791 0.481875 0.6926910299003323 0.495 0.7109634551495017 0.50625 0.7275747508305648 0.503125 0.7342192691029901 0.49875 0.739202657807309 0.491875 0.7383720930232558 0.475625 0.7342192691029901 0.47 0.7250830564784053 0.46625 0.7068106312292359 0.46625 0.6985049833887044 0.47125 0.6918604651162791 0.481875
1 0.7450166112956811 0.299375 0.7458471760797342 0.3125 0.7524916943521595 0.320625 0.760797342192691 0.324375 0.7740863787375415 0.324375 0.7882059800664452 0.31125 0.7906976744186046 0.295 0.7790697674418605 0.281875 0.7657807308970099 0.28125 0.7599667774086378 0.283125 0.7516611295681063 0.289375 0.7450166112956811 0.299375
1 0.7009966777408638 0.348125 0.7059800664451827 0.358125 0.7142857142857143 0.36375 0.7225913621262459 0.36625 0.7375415282392026 0.364375 0.7458471760797342 0.353125 0.7450166112956811 0.33875 0.7325581395348837 0.323125 0.7192691029900332 0.321875 0.7068106312292359 0.325625 0.7001661129568106 0.338125 0.7009966777408638 0.348125
1 0.6196013289036545 0.595 0.6237541528239202 0.605 0.632890365448505 0.613125 0.6478405315614618 0.61625 0.659468438538206 0.61625 0.6710963455149501 0.6125 0.6744186046511628 0.601875 0.6735880398671097 0.59375 0.6619601328903655 0.581875 0.6511627906976745 0.579375 0.6370431893687708 0.579375 0.6229235880398671 0.585 0.6196013289036545 0.595
1 0.5124584717607974 0.356875 0.5124584717607974 0.374375 0.5191029900332226 0.379375 0.5523255813953488 0.379375 0.5672757475083057 0.36875 0.5681063122923588 0.358125 0.5564784053156147 0.34875 0.5440199335548173 0.345625 0.5232558139534884 0.348125 0.5174418604651163 0.350625 0.5124584717607974 0.356875
1 0.34136212624584716 0.439375 0.34053156146179403 0.45625 0.3446843853820598 0.46625 0.35631229235880396 0.47375 0.37375415282392027 0.473125 0.38205980066445183 0.465 0.38205980066445183 0.445 0.37790697674418605 0.438125 0.36794019933554817 0.43 0.35714285714285715 0.42625 0.35132890365448505 0.4275 0.34136212624584716 0.439375
1 0.6719269102990033 0.383125 0.6777408637873754 0.400625 0.6827242524916943 0.405 0.7051495016611296 0.408125 0.7142857142857143 0.40625 0.7200996677740864 0.400625 0.7209302325581395 0.38625 0.7159468438538206 0.37875 0.7051495016611296 0.3725 0.6868770764119602 0.37 0.6810631229235881 0.3725 0.6719269102990033 0.383125
1 0.7416943521594684 0.3625 0.7408637873754153 0.365 0.7416943521594684 0.37 0.7416943521594684 0.3625
1 0.6187707641196013 0.5475 0.6196013289036545 0.560625 0.6229235880398671 0.565625 0.6395348837209303 0.575625 0.6478405315614618 0.576875 0.6569767441860465 0.575625 0.6627906976744186 0.57125 0.6661129568106312 0.565 0.665282392026578 0.554375 0.659468438538206 0.545 0.6420265780730897 0.5375 0.627906976744186 0.538125 0.6204318936877077 0.543125 0.6187707641196013 0.5475
1 0.3089700996677741 0.34125 0.30481727574750833 0.353125 0.30481727574750833 0.36125 0.3122923588039867 0.37375 0.32142857142857145 0.376875 0.33970099667774084 0.376875 0.3480066445182724 0.37375 0.35299003322259137 0.369375 0.3588039867109635 0.355625 0.35631229235880396 0.341875 0.3488372093023256 0.333125 0.33970099667774084 0.33 0.3239202657807309 0.330625 0.31478405315614616 0.335625 0.3089700996677741 0.34125
1 0.42940199335548174 0.776875 0.42524916943521596 0.798125 0.43023255813953487 0.806875 0.44601328903654486 0.808125 0.45598006644518274 0.804375 0.46677740863787376 0.78875 0.4659468438538206 0.77125 0.4642857142857143 0.769375 0.457641196013289 0.77125 0.45514950166112955 0.774375 0.43272425249169433 0.774375 0.42940199335548174 0.776875
1 0.313953488372093 0.495 0.3122923588039867 0.4975 0.3131229235880399 0.50875 0.31976744186046513 0.518125 0.32558139534883723 0.52125 0.34219269102990035 0.524375 0.3521594684385382 0.52375 0.36710963455149503 0.519375 0.3770764119601329 0.508125 0.37624584717607973 0.50125 0.36710963455149503 0.4925 0.3504983388704319 0.4875 0.3430232558139535 0.4875 0.32558139534883723 0.49375 0.313953488372093 0.495
1 0.5622923588039868 0.305 0.5498338870431894 0.315 0.5481727574750831 0.324375 0.5548172757475083 0.33375 0.5631229235880398 0.33875 0.5689368770764119 0.33875 0.5739202657807309 0.34125 0.5930232558139535 0.34125 0.6029900332225914 0.338125 0.6079734219269103 0.331875 0.6079734219269103 0.3175 0.595514950166113 0.305 0.5913621262458472 0.305 0.5880398671096345 0.3025 0.5697674418604651 0.3025 0.5622923588039868 0.305
1 0.6818936877076412 0.244375 0.6835548172757475 0.255625 0.6960132890365448 0.261875 0.7018272425249169 0.27 0.7093023255813954 0.2725 0.7159468438538206 0.2725 0.7267441860465116 0.26625 0.729235880398671 0.261875 0.7275747508305648 0.251875 0.7192691029900332 0.239375 0.7043189368770764 0.2325 0.6943521594684385 0.2325 0.6868770764119602 0.236875 0.6818936877076412 0.244375
1 0.3978405315614618 0.314375 0.4019933554817276 0.32 0.4127906976744186 0.326875 0.43521594684385384 0.33 0.45182724252491696 0.321875 0.4543189368770764 0.3075 0.45182724252491696 0.30375 0.4368770764119601 0.29375 0.42358803986710963 0.291875 0.4119601328903654 0.293125 0.39867109634551495 0.3 0.3978405315614618 0.314375
1 0.5440199335548173 0.176875 0.5448504983388704 0.1925 0.5506644518272426 0.2025 0.5589700996677741 0.206875 0.5656146179401993 0.206875 0.5722591362126246 0.205625 0.5830564784053156 0.19875 0.5888704318936877 0.189375 0.5880398671096345 0.178125 0.5830564784053156 0.17125 0.5722591362126246 0.165 0.5614617940199336 0.16375 0.5523255813953488 0.1675 0.5440199335548173 0.176875
1 0.5274086378737541 0.645625 0.5299003322259136 0.66 0.5498338870431894 0.675 0.5598006644518272 0.6775 0.574750830564784 0.675625 0.579734219269103 0.669375 0.579734219269103 0.660625 0.574750830564784 0.65125 0.5539867109634552 0.63625 0.5365448504983389 0.634375 0.5307308970099668 0.638125 0.5274086378737541 0.645625
1 0.6735880398671097 0.4325 0.6818936877076412 0.4425 0.6910299003322259 0.445625 0.7043189368770764 0.445625 0.717607973421927 0.44 0.723421926910299 0.434375 0.7250830564784053 0.418125 0.71843853820598 0.410625 0.6935215946843853 0.406875 0.6777408637873754 0.41375 0.6727574750830565 0.426875 0.6735880398671097 0.4325
1 0.8322259136212624 0.259375 0.840531561461794 0.2725 0.8496677740863787 0.27625 0.8679401993355482 0.275 0.877906976744186 0.264375 0.8787375415282392 0.2475 0.8654485049833887 0.235625 0.8529900332225914 0.234375 0.8388704318936877 0.240625 0.8330564784053156 0.249375 0.8322259136212624 0.259375
1 0.25830564784053156 0.379375 0.2591362126245847 0.386875 0.26578073089701 0.395 0.2857142857142857 0.40375 0.3014950166112957 0.40375 0.3089700996677741 0.400625 0.31727574750830567 0.39375 0.31478405315614616 0.381875 0.30564784053156147 0.3725 0.2840531561461794 0.3675 0.27408637873754155 0.3675 0.26578073089701 0.37 0.25830564784053156 0.379375
1 0.7242524916943521 0.605 0.7209302325581395 0.615 0.7217607973421927 0.62625 0.7275747508305648 0.63625 0.7350498338870431 0.639375 0.7458471760797342 0.639375 0.7524916943521595 0.636875 0.7632890365448505 0.62375 0.7632890365448505 0.610625 0.7599667774086378 0.60375 0.75 0.598125 0.7350498338870431 0.598125 0.729235880398671 0.600625 0.7242524916943521 0.605
1 0.4368770764119601 0.534375 0.4368770764119601 0.55 0.4476744186046512 0.561875 0.4526578073089701 0.56375 0.4700996677740864 0.56375 0.47591362126245845 0.560625 0.48421926910299 0.55 0.4850498338870432 0.5375 0.4792358803986711 0.5275 0.47093023255813954 0.521875 0.44933554817275745 0.521875 0.4435215946843854 0.524375 0.4368770764119601 0.534375
1 0.45514950166112955 0.4925 0.45598006644518274 0.505 0.46096345514950166 0.511875 0.4659468438538206 0.514375 0.4792358803986711 0.514375 0.48421926910299 0.513125 0.49667774086378735 0.503125 0.5 0.498125 0.5 0.476875 0.4908637873754153 0.46875 0.48006644518272423 0.46625 0.47093023255813954 0.46875 0.46179401993355484 0.47625 0.45514950166112955 0.4925
1 0.5365448504983389 0.261875 0.5473421926910299 0.27125 0.5697674418604651 0.2725 0.5872093023255814 0.264375 0.5921926910299004 0.25625 0.5913621262458472 0.25 0.5755813953488372 0.236875 0.5490033222591362 0.235625 0.5365448504983389 0.245625 0.5348837209302325 0.2575 0.5365448504983389 0.261875
1 0.2350498338870432 0.419375 0.23338870431893688 0.431875 0.23754152823920266 0.441875 0.24584717607973422 0.446875 0.25830564784053156 0.449375 0.27159468438538203 0.446875 0.29069767441860467 0.4325 0.292358803986711 0.4175 0.2840531561461794 0.406875 0.27325581395348836 0.40125 0.24916943521594684 0.40625 0.24086378737541528 0.41125 0.2350498338870432 0.419375
1 0.4227574750830565 0.754375 0.42358803986710963 0.764375 0.4277408637873754 0.77125 0.44019933554817275 0.774375 0.45182724252491696 0.77375 0.46511627906976744 0.765 0.473421926910299 0.744375 0.47259136212624586 0.728125 0.46511627906976744 0.71875 0.4485049833887043 0.71875 0.4335548172757475 0.730625 0.4269102990033223 0.74125 0.4227574750830565 0.754375
1 0.6619601328903655 0.5725 0.6611295681063123 0.580625 0.6710963455149501 0.586875 0.6760797342192691 0.593125 0.6868770764119602 0.591875 0.6935215946843853 0.58875 0.7034883720930233 0.588125 0.7142857142857143 0.581875 0.7151162790697675 0.56875 0.7109634551495017 0.56375 0.6985049833887044 0.55875 0.6810631229235881 0.55875 0.6727574750830565 0.5625 0.6619601328903655 0.5725
1 0.5406976744186046 0.465 0.5406976744186046 0.475625 0.5473421926910299 0.486875 0.5606312292358804 0.4925 0.5739202657807309 0.4925 0.5822259136212624 0.489375 0.5888704318936877 0.480625 0.5863787375415282 0.463125 0.5822259136212624 0.45875 0.5681063122923588 0.4525 0.5581395348837209 0.4525 0.5473421926910299 0.45625 0.5406976744186046 0.465
1 0.6096345514950167 0.1975 0.6088039867109635 0.208125 0.6129568106312292 0.21875 0.6204318936877077 0.22625 0.6362126245847176 0.2275 0.6478405315614618 0.221875 0.6519933554817275 0.215625 0.6528239202657807 0.198125 0.6461794019933554 0.18875 0.6378737541528239 0.185625 0.627906976744186 0.185 0.617109634551495 0.188125 0.6096345514950167 0.1975
1 0.5116279069767442 0.788125 0.5091362126245847 0.800625 0.5091362126245847 0.806875 0.5149501661129569 0.82125 0.5299003322259136 0.82625 0.5456810631229236 0.820625 0.5548172757475083 0.811875 0.5589700996677741 0.804375 0.5589700996677741 0.78125 0.553156146179402 0.7725 0.5448504983388704 0.769375 0.5282392026578073 0.77125 0.5182724252491694 0.776875 0.5116279069767442 0.788125
1 0.5 0.61125 0.49916943521594687 0.629375 0.5049833887043189 0.639375 0.5257475083056479 0.64 0.5390365448504983 0.633125 0.5548172757475083 0.614375 0.5564784053156147 0.6 0.542358803986711 0.591875 0.5282392026578073 0.591875 0.5191029900332226 0.59375 0.5049833887043189 0.60375 0.5 0.61125
1 0.6578073089700996 0.274375 0.6511627906976745 0.281875 0.659468438538206 0.288125 0.6644518272425249 0.289375 0.6868770764119602 0.288125 0.6976744186046512 0.28 0.7009966777408638 0.271875 0.7001661129568106 0.2675 0.696843853820598 0.261875 0.6877076411960132 0.256875 0.6727574750830565 0.2575 0.6627906976744186 0.260625 0.6578073089700996 0.274375
1 0.4219269102990033 0.23 0.4227574750830565 0.24625 0.42857142857142855 0.251875 0.4377076411960133 0.254375 0.45598006644518274 0.254375 0.46677740863787376 0.251875 0.4833887043189369 0.245 0.4883720930232558 0.240625 0.4941860465116279 0.23 0.4925249169435216 0.223125 0.4850498338870432 0.21625 0.473421926910299 0.213125 0.4568106312292359 0.213125 0.43272425249169433 0.219375 0.4219269102990033 0.23
1 0.3222591362126246 0.550625 0.32475083056478404 0.5575 0.33554817275747506 0.565625 0.3488372093023256 0.570625 0.3588039867109635 0.57125 0.38205980066445183 0.565 0.3845514950166113 0.56 0.38289036544850497 0.545 0.3795681063122924 0.54125 0.36295681063122925 0.5325 0.33637873754152825 0.53125 0.3239202657807309 0.5375 0.3222591362126246 0.550625
1 0.6802325581395349 0.68 0.6818936877076412 0.690625 0.6926910299003323 0.69875 0.71843853820598 0.69875 0.7300664451827242 0.691875 0.7333887043189369 0.6875 0.7333887043189369 0.67375 0.7200996677740864 0.6625 0.7093023255813954 0.660625 0.6976744186046512 0.6625 0.6827242524916943 0.673125 0.6802325581395349 0.68
1 0.45514950166112955 0.805625 0.44601328903654486 0.80875 0.4435215946843854 0.8125 0.4435215946843854 0.82375 0.45099667774086377 0.831875 0.4642857142857143 0.838125 0.4958471760797342 0.83875 0.5091362126245847 0.8325 0.5132890365448505 0.826875 0.5116279069767442 0.81375 0.49916943521594687 0.8025 0.48421926910299 0.79875 0.4700996677740864 0.79875 0.4601328903654485 0.800625 0.45514950166112955 0.805625
1 0.6179401993355482 0.438125 0.6204318936877077 0.441875 0.6270764119601329 0.445 0.6362126245847176 0.445625 0.6553156146179402 0.441875 0.6710963455149501 0.429375 0.6710963455149501 0.418125 0.6636212624584718 0.413125 0.6478405315614618 0.413125 0.6370431893687708 0.41625 0.6179401993355482 0.43 0.6179401993355482 0.438125
1 0.532392026578073 0.284375 0.5299003322259136 0.293125 0.5348837209302325 0.306875 0.5490033222591362 0.3125 0.5606312292358804 0.305 0.5739202657807309 0.301875 0.5780730897009967 0.293125 0.5764119601328903 0.281875 0.5697674418604651 0.27375 0.5581395348837209 0.27125 0.5506644518272426 0.27125 0.5406976744186046 0.27625 0.532392026578073 0.284375
1 0.48588039867109634 0.178125 0.48588039867109634 0.185625 0.4908637873754153 0.193125 0.5 0.19875 0.5099667774086378 0.20125 0.521594684385382 0.20125 0.5299003322259136 0.19875 0.5390365448504983 0.191875 0.542358803986711 0.18625 0.5415282392026578 0.178125 0.5382059800664452 0.173125 0.526578073089701 0.165 0.5066445182724253 0.163125 0.489202657807309 0.171875 0.48588039867109634 0.178125
1 0.622093023255814 0.735 0.6237541528239202 0.745 0.6303986710963455 0.753125 0.6370431893687708 0.758125 0.6461794019933554 0.759375 0.6478405315614618 0.76125 0.6619601328903655 0.76125 0.6827242524916943 0.75625 0.6910299003322259 0.7475 0.6901993355481728 0.73875 0.6785714285714286 0.728125 0.6528239202657807 0.7225 0.6337209302325582 0.723125 0.6237541528239202 0.73 0.622093023255814 0.735
1 0.23588039867109634 0.55875 0.24169435215946844 0.56875 0.24833887043189368 0.571875 0.2616279069767442 0.57375 0.2807308970099668 0.571875 0.28820598006644516 0.56875 0.29485049833887045 0.563125 0.2973421926910299 0.55625 0.29485049833887045 0.540625 0.28322259136212624 0.535625 0.25664451827242524 0.535625 0.25083056478405313 0.5375 0.23588039867109634 0.5525 0.23588039867109634 0.55875
1 0.5822259136212624 0.3625 0.5888704318936877 0.37 0.5963455149501661 0.374375 0.6179401993355482 0.371875 0.6312292358803987 0.366875 0.6362126245847176 0.3625 0.6362126245847176 0.35125 0.6270764119601329 0.34375 0.5996677740863787 0.34375 0.5855481727574751 0.35125 0.5822259136212624 0.355625 0.5822259136212624 0.3625
1 0.37790697674418605 0.6725 0.3812292358803987 0.6925 0.39867109634551495 0.709375 0.4119601328903654 0.706875 0.4219269102990033 0.69625 0.42524916943521596 0.686875 0.42441860465116277 0.66875 0.4219269102990033 0.663125 0.41362126245847175 0.65625 0.3953488372093023 0.654375 0.38289036544850497 0.66125 0.37790697674418605 0.6725
1 0.6453488372093024 0.628125 0.6453488372093024 0.64125 0.6495016611295681 0.648125 0.6536544850498339 0.650625 0.665282392026578 0.6525 0.675249169435216 0.650625 0.6843853820598007 0.645 0.6893687707641196 0.63625 0.6885382059800664 0.62125 0.675249169435216 0.613125 0.6686046511627907 0.613125 0.6586378737541528 0.6175 0.6511627906976745 0.618125 0.6453488372093024 0.628125
1 0.7790697674418605 0.35125 0.7558139534883721 0.3325 0.7358803986710963 0.355 0.7425249169435216 0.3725 0.770764119601329 0.37625 0.7790697674418605 0.35125
1 0.5913621262458472 0.48 0.6162790697674418 0.48125 0.6345514950166113 0.47625 0.627906976744186 0.45 0.5880398671096345 0.45125 0.579734219269103 0.46 0.5913621262458472 0.48
1 0.6146179401993356 0.54375 0.6295681063122923 0.53875 0.6295681063122923 0.51875 0.6196013289036545 0.5075 0.5946843853820598 0.5075 0.5863787375415282 0.52125 0.5913621262458472 0.54 0.6146179401993356 0.54375