1 0.8197831978319783 0.7375 0.8360433604336044 0.7375 0.8441734417344173 0.730625 0.8414634146341463 0.723125 0.8306233062330624 0.716875 0.8089430894308943 0.715 0.8035230352303523 0.716875 0.8062330623306233 0.733125 0.8197831978319783 0.7375
1 0.10840108401084012 0.37125 0.12195121951219512 0.371875 0.13550135501355012 0.369375 0.14363143631436315 0.365 0.14092140921409213 0.36 0.13008130081300814 0.35625 0.11246612466124661 0.35625 0.0975609756097561 0.3625 0.0975609756097561 0.36625 0.10840108401084012 0.37125
1 0.5176151761517616 0.675625 0.535230352303523 0.675 0.5433604336043361 0.670625 0.5433604336043361 0.65625 0.532520325203252 0.6525 0.518970189701897 0.6525 0.513550135501355 0.654375 0.508130081300813 0.668125 0.5176151761517616 0.675625
1 0.4715447154471545 0.68375 0.5013550135501355 0.683125 0.505420054200542 0.67875 0.502710027100271 0.673125 0.4932249322493225 0.669375 0.47560975609756095 0.669375 0.46612466124661245 0.675 0.46612466124661245 0.681875 0.4715447154471545 0.68375
1 0.7655826558265583 0.384375 0.7682926829268293 0.375 0.7628726287262872 0.3725 0.7411924119241192 0.3725 0.7357723577235772 0.375 0.7357723577235772 0.386875 0.7601626016260162 0.386875 0.7655826558265583 0.384375
1 0.2601626016260163 0.355625 0.27100271002710025 0.359375 0.2899728997289973 0.359375 0.2953929539295393 0.355625 0.2926829268292683 0.34625 0.2791327913279133 0.34125 0.26558265582655827 0.34125 0.25474254742547425 0.344375 0.25203252032520324 0.348125 0.2601626016260163 0.355625
1 0.23577235772357724 0.520625 0.24661246612466126 0.519375 0.25203252032520324 0.51625 0.25203252032520324 0.509375 0.24119241192411925 0.504375 0.21138211382113822 0.504375 0.2086720867208672 0.513125 0.2140921409214092 0.51625 0.22493224932249323 0.516875 0.23577235772357724 0.520625
1 0.48509485094850946 0.495 0.491869918699187 0.499375 0.508130081300813 0.50125 0.5176151761517616 0.49875 0.524390243902439 0.49125 0.521680216802168 0.485 0.513550135501355 0.48125 0.5 0.48125 0.4905149051490515 0.484375 0.48509485094850946 0.4875 0.48509485094850946 0.495
1 0.2032520325203252 0.5325 0.22493224932249323 0.5325 0.23306233062330622 0.530625 0.23577235772357724 0.521875 0.23035230352303523 0.519375 0.2140921409214092 0.51625 0.2005420054200542 0.5175 0.1951219512195122 0.520625 0.1951219512195122 0.52875 0.2032520325203252 0.5325
1 0.9010840108401084 0.420625 0.9105691056910569 0.418125 0.9173441734417345 0.41375 0.9146341463414634 0.40375 0.8902439024390244 0.40375 0.8794037940379403 0.40875 0.8821138211382114 0.41875 0.8875338753387534 0.420625 0.9010840108401084 0.420625
1 0.10840108401084012 0.355625 0.12466124661246612 0.355625 0.13550135501355012 0.350625 0.13279132791327913 0.343125 0.11924119241192412 0.3375 0.1070460704607046 0.3375 0.0948509485094851 0.34375 0.0975609756097561 0.350625 0.10840108401084012 0.355625
1 0.1842818428184282 0.386875 0.19241192411924118 0.386875 0.2005420054200542 0.38 0.1978319783197832 0.37125 0.19241192411924118 0.369375 0.17344173441734417 0.37 0.16531165311653118 0.375625 0.16802168021680217 0.381875 0.1842818428184282 0.386875
1 0.3008130081300813 0.598125 0.31978319783197834 0.6 0.33062330623306235 0.595625 0.32791327913279134 0.58875 0.3143631436314363 0.584375 0.3008130081300813 0.58375 0.2926829268292683 0.586875 0.2926829268292683 0.59375 0.3008130081300813 0.598125
1 0.11382113821138211 0.39125 0.12195121951219512 0.386875 0.12195121951219512 0.375 0.10569105691056911 0.3725 0.08943089430894309 0.378125 0.08943089430894309 0.384375 0.1002710027100271 0.39125 0.11382113821138211 0.39125
1 0.6490514905149052 0.56625 0.6449864498644986 0.56625 0.6409214092140921 0.571875 0.6449864498644986 0.571875 0.6463414634146342 0.574375 0.6449864498644986 0.568125 0.6490514905149052 0.56625
1 0.6707317073170732 0.56375 0.6517615176151762 0.56375 0.6653116531165312 0.571875 0.6653116531165312 0.575625 0.6734417344173442 0.571875 0.6707317073170732 0.56375
1 0.6056910569105691 0.565625 0.6165311653116531 0.56875 0.6382113821138211 0.56625 0.6463414634146342 0.561875 0.6449864498644986 0.555625 0.6382113821138211 0.5525 0.6246612466124661 0.5525 0.6111111111111112 0.555625 0.6056910569105691 0.558125 0.6056910569105691 0.565625
1 0.18292682926829268 0.618125 0.1978319783197832 0.618125 0.2086720867208672 0.613125 0.20596205962059622 0.605 0.19241192411924118 0.6 0.17479674796747968 0.6 0.16802168021680217 0.603125 0.16802168021680217 0.6125 0.18292682926829268 0.618125
1 0.7222222222222222 0.285625 0.7317073170731707 0.289375 0.7574525745257452 0.288125 0.7574525745257452 0.280625 0.7439024390243902 0.27375 0.7357723577235772 0.2725 0.7249322493224932 0.2725 0.7195121951219512 0.275625 0.7222222222222222 0.285625
1 0.2086720867208672 0.4375 0.23035230352303523 0.436875 0.23577235772357724 0.4325 0.23577235772357724 0.4275 0.23035230352303523 0.424375 0.21951219512195122 0.421875 0.1951219512195122 0.4225 0.1897018970189702 0.4275 0.19241192411924118 0.4325 0.2086720867208672 0.4375
1 0.46883468834688347 0.748125 0.48509485094850946 0.749375 0.491869918699187 0.7475 0.4959349593495935 0.744375 0.4932249322493225 0.735 0.4796747967479675 0.728125 0.46612466124661245 0.73 0.46070460704607047 0.733125 0.46070460704607047 0.743125 0.46883468834688347 0.748125
1 0.6165311653116531 0.4975 0.6327913279132791 0.496875 0.6409214092140921 0.49125 0.6382113821138211 0.48625 0.6355013550135501 0.483125 0.6111111111111112 0.481875 0.6056910569105691 0.484375 0.6029810298102981 0.4925 0.6165311653116531 0.4975
1 0.5298102981029811 0.77125 0.551490514905149 0.775625 0.5650406504065041 0.77125 0.5650406504065041 0.765 0.559620596205962 0.761875 0.540650406504065 0.7575 0.537940379403794 0.755 0.521680216802168 0.758125 0.5271002710027101 0.76 0.5298102981029811 0.77125
1 0.2845528455284553 0.420625 0.3062330623306233 0.418125 0.3170731707317073 0.410625 0.3143631436314363 0.40375 0.3089430894308943 0.40125 0.2899728997289973 0.40125 0.2777777777777778 0.406875 0.27371273712737126 0.415625 0.2845528455284553 0.420625
1 0.9200542005420054 0.45625 0.9308943089430894 0.449375 0.9281842818428184 0.440625 0.8983739837398373 0.44 0.8875338753387534 0.445 0.8875338753387534 0.451875 0.8929539295392954 0.45625 0.9200542005420054 0.45625
1 0.7032520325203252 0.43375 0.7168021680216802 0.439375 0.7330623306233063 0.441875 0.7493224932249323 0.44 0.7466124661246613 0.43125 0.7411924119241192 0.4275 0.7276422764227642 0.425 0.7113821138211383 0.424375 0.7032520325203252 0.4275 0.7032520325203252 0.43375
1 0.5704607046070461 0.63375 0.5840108401084011 0.638125 0.6029810298102981 0.639375 0.6111111111111112 0.63375 0.6084010840108401 0.62875 0.5975609756097561 0.623125 0.5785907859078591 0.62125 0.5704607046070461 0.624375 0.5677506775067751 0.629375 0.5704607046070461 0.63375
1 0.8252032520325203 0.4475 0.8387533875338753 0.44375 0.8414634146341463 0.435 0.8333333333333334 0.4325 0.8116531165311653 0.4325 0.8048780487804879 0.434375 0.7926829268292683 0.440625 0.7981029810298103 0.446875 0.8252032520325203 0.4475
1 0.44173441734417346 0.669375 0.44986449864498645 0.6725 0.4742547425474255 0.670625 0.4823848238482385 0.66625 0.48509485094850946 0.660625 0.481029810298103 0.656875 0.4715447154471545 0.654375 0.46070460704607047 0.654375 0.44986449864498645 0.6575 0.44173441734417346 0.6625 0.44173441734417346 0.669375
1 0.2926829268292683 0.561875 0.3008130081300813 0.56375 0.3116531165311653 0.5625 0.31978319783197834 0.555625 0.3170731707317073 0.5475 0.3143631436314363 0.545625 0.2967479674796748 0.544375 0.2872628726287263 0.5475 0.2872628726287263 0.5575 0.2926829268292683 0.561875
1 0.5311653116531165 0.634375 0.551490514905149 0.63375 0.559620596205962 0.62625 0.556910569105691 0.618125 0.551490514905149 0.615625 0.5365853658536586 0.615 0.5271002710027101 0.619375 0.524390243902439 0.63125 0.5311653116531165 0.634375
1 0.3794037940379404 0.480625 0.4065040650406504 0.480625 0.41192411924119243 0.476875 0.4092140921409214 0.470625 0.4037940379403794 0.46875 0.3807588075880759 0.46875 0.3712737127371274 0.473125 0.3712737127371274 0.478125 0.3794037940379404 0.480625
1 0.6111111111111112 0.3425 0.6355013550135501 0.340625 0.6463414634146342 0.335 0.6436314363143631 0.32875 0.6327913279132791 0.324375 0.6151761517615176 0.324375 0.6043360433604336 0.3275 0.5975609756097561 0.335625 0.6111111111111112 0.3425
1 0.21680216802168023 0.37375 0.23035230352303523 0.375 0.24390243902439024 0.37125 0.24390243902439024 0.358125 0.23306233062330622 0.354375 0.2222222222222222 0.354375 0.21138211382113822 0.358125 0.2086720867208672 0.364375 0.21680216802168023 0.37375
1 0.513550135501355 0.52875 0.5271002710027101 0.52875 0.537940379403794 0.524375 0.537940379403794 0.51 0.5230352303523035 0.509375 0.5121951219512195 0.511875 0.502710027100271 0.52125 0.505420054200542 0.52625 0.513550135501355 0.52875
1 0.7425474254742548 0.338125 0.7682926829268293 0.338125 0.7764227642276422 0.335 0.7710027100271003 0.325 0.7601626016260162 0.321875 0.7452574525745257 0.321875 0.7303523035230353 0.326875 0.7276422764227642 0.33125 0.7425474254742548 0.338125
1 0.23848238482384823 0.571875 0.24932249322493225 0.56875 0.25474254742547425 0.564375 0.25474254742547425 0.555625 0.24932249322493225 0.5525 0.23306233062330622 0.551875 0.22493224932249323 0.555625 0.2222222222222222 0.566875 0.23035230352303523 0.571875 0.23848238482384823 0.571875
1 0.6029810298102981 0.514375 0.6165311653116531 0.50875 0.6192411924119241 0.50125 0.6138211382113821 0.4975 0.6029810298102981 0.495 0.5894308943089431 0.49875 0.5840108401084011 0.50625 0.592140921409214 0.51375 0.6029810298102981 0.514375
1 0.6409214092140921 0.439375 0.6544715447154471 0.4325 0.6517615176151762 0.426875 0.6138211382113821 0.426875 0.6056910569105691 0.43125 0.6056910569105691 0.435 0.6138211382113821 0.439375 0.6409214092140921 0.439375
1 0.9607046070460704 0.614375 0.9715447154471545 0.61125 0.9701897018970189 0.60375 0.9579945799457995 0.598125 0.9322493224932249 0.598125 0.9254742547425474 0.605 0.9390243902439024 0.6125 0.9607046070460704 0.614375
1 0.6531165311653117 0.491875 0.6734417344173442 0.49 0.6869918699186992 0.485625 0.6856368563685636 0.47875 0.6761517615176151 0.47625 0.6598915989159891 0.475625 0.6449864498644986 0.479375 0.6409214092140921 0.48875 0.6531165311653117 0.491875
1 0.5501355013550135 0.545625 0.5623306233062331 0.544375 0.573170731707317 0.540625 0.5704607046070461 0.53125 0.5487804878048781 0.529375 0.540650406504065 0.53125 0.535230352303523 0.535625 0.535230352303523 0.540625 0.5501355013550135 0.545625
1 0.7303523035230353 0.42625 0.7411924119241192 0.42625 0.7601626016260162 0.418125 0.7574525745257452 0.409375 0.7344173441734417 0.40875 0.7222222222222222 0.410625 0.7140921409214093 0.41375 0.7140921409214093 0.4225 0.7303523035230353 0.42625
1 0.6382113821138211 0.53625 0.6409214092140921 0.526875 0.6341463414634146 0.523125 0.6300813008130082 0.52125 0.6084010840108401 0.521875 0.6056910569105691 0.53125 0.6124661246612466 0.53625 0.6382113821138211 0.53625
1 0.9173441734417345 0.439375 0.9227642276422764 0.4375 0.9254742547425474 0.43125 0.9200542005420054 0.426875 0.9092140921409214 0.4225 0.8929539295392954 0.424375 0.8902439024390244 0.431875 0.9010840108401084 0.439375 0.9173441734417345 0.439375
1 0.12466124661246612 0.444375 0.15176151761517614 0.444375 0.15447154471544716 0.438125 0.14905149051490515 0.435 0.13821138211382114 0.43125 0.11924119241192412 0.43125 0.11382113821138211 0.4325 0.11382113821138211 0.439375 0.12466124661246612 0.444375
1 0.5677506775067751 0.701875 0.575880758807588 0.70625 0.5975609756097561 0.70625 0.5989159891598916 0.6925 0.5894308943089431 0.69125 0.5840108401084011 0.6875 0.573170731707317 0.68875 0.5677506775067751 0.694375 0.5677506775067751 0.701875
1 0.2682926829268293 0.379375 0.2791327913279133 0.376875 0.2845528455284553 0.3725 0.2845528455284553 0.3675 0.2791327913279133 0.365 0.25474254742547425 0.365 0.24390243902439024 0.37125 0.24390243902439024 0.375625 0.25474254742547425 0.379375 0.2682926829268293 0.379375
1 0.21544715447154472 0.5525 0.23306233062330622 0.551875 0.24119241192411925 0.544375 0.23712737127371275 0.538125 0.22493224932249323 0.535625 0.21138211382113822 0.5375 0.20596205962059622 0.5425 0.20596205962059622 0.55 0.21544715447154472 0.5525
1 0.45663956639566394 0.71375 0.4742547425474255 0.71625 0.4878048780487805 0.711875 0.4878048780487805 0.701875 0.4715447154471545 0.694375 0.45663956639566394 0.69375 0.44715447154471544 0.69875 0.44715447154471544 0.706875 0.45663956639566394 0.71375
1 0.6626016260162602 0.52125 0.6626016260162602 0.509375 0.6544715447154471 0.506875 0.6355013550135501 0.51125 0.6409214092140921 0.52375 0.6517615176151762 0.524375 0.6626016260162602 0.52125
1 0.6355013550135501 0.546875 0.6463414634146342 0.555 0.6571815718157181 0.555625 0.6680216802168022 0.551875 0.6734417344173442 0.545 0.6707317073170732 0.53625 0.6626016260162602 0.53125 0.6436314363143631 0.53125 0.6409214092140921 0.533125 0.6355013550135501 0.538125 0.6355013550135501 0.546875
1 0.516260162601626 0.728125 0.521680216802168 0.726875 0.521680216802168 0.718125 0.508130081300813 0.711875 0.4959349593495935 0.71 0.4878048780487805 0.711875 0.48509485094850946 0.721875 0.4959349593495935 0.726875 0.516260162601626 0.728125
1 0.4254742547425474 0.7025 0.4444444444444444 0.70125 0.44986449864498645 0.696875 0.44850948509485095 0.686875 0.43902439024390244 0.68375 0.4254742547425474 0.68375 0.4146341463414634 0.690625 0.4146341463414634 0.69875 0.4254742547425474 0.7025
1 0.7005420054200542 0.386875 0.7195121951219512 0.386875 0.7303523035230353 0.384375 0.7357723577235772 0.375 0.7303523035230353 0.371875 0.7195121951219512 0.37 0.7005420054200542 0.3725 0.6897018970189702 0.376875 0.6897018970189702 0.381875 0.7005420054200542 0.386875
1 0.6626016260162602 0.598125 0.6842818428184282 0.5975 0.6924119241192412 0.591875 0.6897018970189702 0.583125 0.6815718157181572 0.58 0.6707317073170732 0.579375 0.6598915989159891 0.584375 0.6544715447154471 0.591875 0.6626016260162602 0.598125
1 0.5 0.475625 0.508130081300813 0.473125 0.508130081300813 0.465625 0.5013550135501355 0.461875 0.4878048780487805 0.46 0.46883468834688347 0.46125 0.4634146341463415 0.46875 0.4796747967479675 0.475625 0.5 0.475625
1 0.5785907859078591 0.544375 0.592140921409214 0.545625 0.6056910569105691 0.54 0.6029810298102981 0.52875 0.5975609756097561 0.52625 0.5785907859078591 0.5275 0.573170731707317 0.53125 0.573170731707317 0.54125 0.5785907859078591 0.544375
1 0.7872628726287263 0.371875 0.8224932249322493 0.37125 0.8252032520325203 0.36 0.8143631436314364 0.355625 0.8035230352303523 0.35375 0.7845528455284553 0.355625 0.7791327913279132 0.358125 0.7764227642276422 0.36625 0.7872628726287263 0.371875
1 0.5894308943089431 0.58125 0.6138211382113821 0.58375 0.6219512195121951 0.58125 0.6219512195121951 0.571875 0.6178861788617886 0.569375 0.6029810298102981 0.566875 0.5880758807588076 0.56875 0.5840108401084011 0.570625 0.5840108401084011 0.576875 0.5894308943089431 0.58125
1 0.4823848238482385 0.39625 0.5013550135501355 0.394375 0.508130081300813 0.389375 0.505420054200542 0.379375 0.4959349593495935 0.375 0.47696476964769646 0.375625 0.46883468834688347 0.379375 0.4715447154471545 0.393125 0.4823848238482385 0.39625
1 0.2926829268292683 0.8025 0.3143631436314363 0.8025 0.3252032520325203 0.7975 0.3224932249322493 0.79 0.3089430894308943 0.785625 0.29132791327913277 0.785625 0.2764227642276423 0.790625 0.2764227642276423 0.796875 0.2926829268292683 0.8025
1 0.9552845528455285 0.650625 0.9661246612466124 0.649375 0.9742547425474255 0.64375 0.9742547425474255 0.631875 0.9579945799457995 0.63 0.9444444444444444 0.63125 0.9390243902439024 0.635 0.9390243902439024 0.64375 0.9552845528455285 0.650625
1 0.537940379403794 0.50875 0.556910569105691 0.50875 0.5677506775067751 0.504375 0.5650406504065041 0.496875 0.55420054200542 0.49375 0.537940379403794 0.4925 0.524390243902439 0.4975 0.524390243902439 0.503125 0.537940379403794 0.50875
1 0.25745257452574527 0.5425 0.2682926829268293 0.539375 0.27371273712737126 0.5325 0.27100271002710025 0.526875 0.25203252032520324 0.519375 0.24119241192411925 0.520625 0.23577235772357724 0.529375 0.24525745257452575 0.540625 0.25745257452574527 0.5425
1 0.9092140921409214 0.511875 0.9254742547425474 0.513125 0.9390243902439024 0.508125 0.9390243902439024 0.50125 0.9322493224932249 0.4975 0.9254742547425474 0.495 0.9119241192411924 0.494375 0.9010840108401084 0.4975 0.9010840108401084 0.508125 0.9092140921409214 0.511875
1 0.34959349593495936 0.324375 0.35772357723577236 0.314375 0.35501355013550134 0.30875 0.34146341463414637 0.304375 0.3252032520325203 0.306875 0.3224932249322493 0.318125 0.33062330623306235 0.324375 0.34959349593495936 0.324375
1 0.7710027100271003 0.42875 0.7886178861788617 0.435 0.8089430894308943 0.435 0.8170731707317073 0.431875 0.8143631436314364 0.421875 0.8089430894308943 0.41875 0.7899728997289973 0.41625 0.7791327913279132 0.416875 0.7710027100271003 0.420625 0.7710027100271003 0.42875
1 0.3333333333333333 0.379375 0.34959349593495936 0.379375 0.35772357723577236 0.375 0.35907859078590787 0.363125 0.34959349593495936 0.36 0.34146341463414637 0.36 0.32791327913279134 0.365 0.32791327913279134 0.375 0.3333333333333333 0.379375
1 0.7086720867208672 0.545625 0.7086720867208672 0.53625 0.7032520325203252 0.535 0.6815718157181572 0.535625 0.6734417344173442 0.539375 0.6761517615176151 0.5525 0.6951219512195121 0.551875 0.7086720867208672 0.545625
1 0.44173441734417346 0.46125 0.46070460704607047 0.4625 0.4742547425474255 0.4575 0.4715447154471545 0.45 0.46070460704607047 0.4475 0.44715447154471544 0.448125 0.4363143631436314 0.4525 0.43360433604336046 0.45625 0.44173441734417346 0.46125
1 0.23306233062330622 0.420625 0.24661246612466126 0.420625 0.25745257452574527 0.418125 0.2588075880758808 0.409375 0.24932249322493225 0.406875 0.23170731707317074 0.40875 0.22493224932249323 0.411875 0.22764227642276422 0.41875 0.23306233062330622 0.420625
1 0.42276422764227645 0.753125 0.44308943089430897 0.753125 0.44715447154471544 0.748125 0.4444444444444444 0.739375 0.4363143631436314 0.735 0.4173441734417344 0.735625 0.41192411924119243 0.739375 0.41192411924119243 0.745625 0.42276422764227645 0.753125
1 0.32791327913279134 0.524375 0.33062330623306235 0.515 0.3238482384823848 0.51 0.2994579945799458 0.51 0.2953929539295393 0.516875 0.3021680216802168 0.524375 0.3170731707317073 0.52625 0.32791327913279134 0.524375
1 0.5420054200542005 0.793125 0.556910569105691 0.7925 0.5704607046070461 0.7875 0.5691056910569106 0.78 0.556910569105691 0.77625 0.537940379403794 0.776875 0.5298102981029811 0.78125 0.5298102981029811 0.789375 0.5420054200542005 0.793125
1 0.24661246612466126 0.59375 0.24932249322493225 0.591875 0.25203252032520324 0.579375 0.24661246612466126 0.575625 0.23170731707317074 0.575625 0.22493224932249323 0.5775 0.22493224932249323 0.591875 0.23035230352303523 0.59375 0.24661246612466126 0.59375
1 0.8360433604336044 0.386875 0.8495934959349594 0.379375 0.8468834688346883 0.3725 0.8387533875338753 0.37 0.8197831978319783 0.371875 0.8062330623306233 0.378125 0.8089430894308943 0.386875 0.8360433604336044 0.386875
1 0.3143631436314363 0.3775 0.3252032520325203 0.375 0.3252032520325203 0.364375 0.31978319783197834 0.3625 0.3008130081300813 0.359375 0.2899728997289973 0.3625 0.2872628726287263 0.37 0.2981029810298103 0.37625 0.3143631436314363 0.3775
1 0.6598915989159891 0.474375 0.6788617886178862 0.470625 0.6869918699186992 0.46375 0.6842818428184282 0.4575 0.6761517615176151 0.455625 0.6517615176151762 0.45625 0.6409214092140921 0.4625 0.6409214092140921 0.469375 0.6598915989159891 0.474375
1 0.6192411924119241 0.425 0.6490514905149052 0.425 0.6490514905149052 0.411875 0.6382113821138211 0.409375 0.6219512195121951 0.411875 0.6138211382113821 0.41625 0.6138211382113821 0.4225 0.6192411924119241 0.425
1 0.5623306233062331 0.700625 0.5704607046070461 0.691875 0.5663956639566395 0.68375 0.5501355013550135 0.6825 0.5447154471544715 0.684375 0.535230352303523 0.691875 0.5365853658536586 0.701875 0.5623306233062331 0.700625
1 0.510840108401084 0.4675 0.5271002710027101 0.4675 0.535230352303523 0.465 0.532520325203252 0.4575 0.524390243902439 0.4525 0.505420054200542 0.4525 0.4986449864498645 0.455625 0.4986449864498645 0.460625 0.510840108401084 0.4675
1 0.5257452574525745 0.76 0.537940379403794 0.75875 0.537940379403794 0.743125 0.524390243902439 0.739375 0.508130081300813 0.74125 0.505420054200542 0.751875 0.513550135501355 0.7575 0.5257452574525745 0.76
1 0.8739837398373984 0.551875 0.9065040650406504 0.5525 0.9119241192411924 0.54875 0.9119241192411924 0.543125 0.9051490514905149 0.53875 0.8902439024390244 0.53625 0.8739837398373984 0.53625 0.8631436314363143 0.54125 0.8631436314363143 0.545625 0.8739837398373984 0.551875
1 0.8753387533875339 0.75875 0.9010840108401084 0.76 0.9092140921409214 0.755 0.9037940379403794 0.748125 0.8902439024390244 0.743125 0.8685636856368564 0.74125 0.8577235772357723 0.745625 0.8577235772357723 0.75125 0.8753387533875339 0.75875
1 0.15447154471544716 0.39125 0.15989159891598917 0.385625 0.15718157181571815 0.379375 0.14092140921409213 0.375625 0.12466124661246612 0.376875 0.12195121951219512 0.386875 0.12601626016260162 0.390625 0.15447154471544716 0.39125
1 0.35501355013550134 0.5525 0.37398373983739835 0.555 0.3821138211382114 0.5525 0.3821138211382114 0.5425 0.3712737127371274 0.538125 0.35636856368563685 0.535625 0.34688346883468835 0.54 0.34688346883468835 0.5475 0.35501355013550134 0.5525
1 0.15582655826558264 0.44 0.17073170731707318 0.440625 0.18157181571815717 0.4375 0.18157181571815717 0.424375 0.17344173441734417 0.420625 0.16260162601626016 0.420625 0.15176151761517614 0.424375 0.14634146341463414 0.431875 0.15582655826558264 0.44
1 0.3224932249322493 0.429375 0.34146341463414637 0.42875 0.34688346883468835 0.425 0.34417344173441733 0.415625 0.3333333333333333 0.410625 0.32113821138211385 0.41125 0.3089430894308943 0.416875 0.3116531165311653 0.425 0.3224932249322493 0.429375
1 0.34417344173441733 0.539375 0.35772357723577236 0.534375 0.35636856368563685 0.525625 0.3333333333333333 0.524375 0.3224932249322493 0.52875 0.31978319783197834 0.535 0.33062330623306235 0.539375 0.34417344173441733 0.539375
1 0.6273712737127372 0.410625 0.6422764227642277 0.406875 0.6490514905149052 0.403125 0.6463414634146342 0.39625 0.6273712737127372 0.39375 0.6111111111111112 0.39625 0.6029810298102981 0.40125 0.6070460704607046 0.41 0.6273712737127372 0.410625
1 0.2872628726287263 0.63625 0.3089430894308943 0.63625 0.3143631436314363 0.633125 0.3116531165311653 0.62625 0.2981029810298103 0.6225 0.2791327913279133 0.6225 0.27371273712737126 0.625 0.27371273712737126 0.629375 0.2872628726287263 0.63625
1 0.8170731707317073 0.534375 0.8279132791327913 0.535 0.8414634146341463 0.530625 0.8441734417344173 0.52125 0.8401084010840109 0.5175 0.8360433604336044 0.515 0.8143631436314364 0.51625 0.8089430894308943 0.520625 0.8089430894308943 0.530625 0.8170731707317073 0.534375
1 0.6029810298102981 0.483125 0.6165311653116531 0.48125 0.6138211382113821 0.468125 0.6002710027100271 0.4625 0.5894308943089431 0.463125 0.5813008130081301 0.46625 0.5840108401084011 0.476875 0.6029810298102981 0.483125
1 0.1842818428184282 0.406875 0.1897018970189702 0.40375 0.18699186991869918 0.39375 0.17073170731707318 0.39 0.15989159891598917 0.39375 0.15989159891598917 0.40375 0.16395663956639567 0.406875 0.1842818428184282 0.406875
1 0.34959349593495936 0.64625 0.35772357723577236 0.653125 0.37262872628726285 0.65625 0.3821138211382114 0.65625 0.3902439024390244 0.65375 0.3902439024390244 0.645625 0.3821138211382114 0.639375 0.3685636856368564 0.63625 0.3617886178861789 0.63625 0.34959349593495936 0.64125 0.34959349593495936 0.64625
1 0.46070460704607047 0.51625 0.4905149051490515 0.51625 0.502710027100271 0.51125 0.5013550135501355 0.50375 0.4905149051490515 0.50125 0.46883468834688347 0.501875 0.45528455284552843 0.50625 0.45528455284552843 0.513125 0.46070460704607047 0.51625
1 0.5176151761517616 0.715 0.535230352303523 0.711875 0.535230352303523 0.701875 0.5298102981029811 0.696875 0.521680216802168 0.69375 0.505420054200542 0.69375 0.5 0.69875 0.502710027100271 0.70875 0.5176151761517616 0.715
1 0.8008130081300813 0.33125 0.8224932249322493 0.33 0.8414634146341463 0.32 0.8360433604336044 0.313125 0.8130081300813008 0.3125 0.8008130081300813 0.315625 0.7926829268292683 0.323125 0.7953929539295393 0.32875 0.8008130081300813 0.33125
1 0.5271002710027101 0.69375 0.535230352303523 0.690625 0.540650406504065 0.685625 0.537940379403794 0.675625 0.513550135501355 0.675625 0.508130081300813 0.6775 0.505420054200542 0.6875 0.5094850948509485 0.691875 0.5271002710027101 0.69375
1 0.2994579945799458 0.398125 0.31978319783197834 0.400625 0.33875338753387535 0.39625 0.33604336043360433 0.386875 0.3143631436314363 0.380625 0.3035230352303523 0.380625 0.2940379403794038 0.383125 0.2899728997289973 0.39 0.2994579945799458 0.398125
1 0.4959349593495935 0.794375 0.510840108401084 0.793125 0.516260162601626 0.790625 0.516260162601626 0.784375 0.510840108401084 0.780625 0.4959349593495935 0.7775 0.4796747967479675 0.779375 0.4742547425474255 0.785 0.47696476964769646 0.79 0.4959349593495935 0.794375
1 0.39295392953929537 0.40875 0.41192411924119243 0.408125 0.42276422764227645 0.40125 0.42005420054200543 0.39625 0.4146341463414634 0.39375 0.3956639566395664 0.393125 0.37669376693766937 0.40125 0.3794037940379404 0.405 0.39295392953929537 0.40875
1 0.2669376693766938 0.5625 0.28184281842818426 0.5625 0.2845528455284553 0.560625 0.2845528455284553 0.545625 0.2791327913279133 0.5425 0.27371273712737126 0.540625 0.26558265582655827 0.54125 0.25474254742547425 0.54875 0.25745257452574527 0.5575 0.2669376693766938 0.5625
1 0.34688346883468835 0.400625 0.37398373983739835 0.400625 0.38482384823848237 0.39625 0.38482384823848237 0.393125 0.37669376693766937 0.389375 0.36314363143631434 0.386875 0.34688346883468835 0.388125 0.34146341463414637 0.39125 0.34146341463414637 0.398125 0.34688346883468835 0.400625
1 0.7831978319783198 0.608125 0.8089430894308943 0.609375 0.8224932249322493 0.605 0.8197831978319783 0.596875 0.8089430894308943 0.59375 0.7899728997289973 0.59375 0.7764227642276422 0.598125 0.7737127371273713 0.6025 0.7831978319783198 0.608125
1 0.2086720867208672 0.4 0.2222222222222222 0.39875 0.23577235772357724 0.3925 0.23441734417344173 0.38625 0.22493224932249323 0.384375 0.2032520325203252 0.385625 0.19241192411924118 0.39125 0.19241192411924118 0.395625 0.2086720867208672 0.4
1 0.2926829268292683 0.543125 0.3089430894308943 0.540625 0.3170731707317073 0.5325 0.3143631436314363 0.529375 0.3035230352303523 0.52625 0.2845528455284553 0.5275 0.27371273712737126 0.53125 0.27371273712737126 0.540625 0.2926829268292683 0.543125
1 0.8848238482384824 0.475625 0.9065040650406504 0.475625 0.9119241192411924 0.473125 0.9105691056910569 0.464375 0.8983739837398373 0.46125 0.8794037940379403 0.46125 0.8712737127371274 0.46375 0.8712737127371274 0.470625 0.8848238482384824 0.475625
1 0.12195121951219512 0.40625 0.15176151761517614 0.40625 0.15718157181571815 0.405 0.15718157181571815 0.39625 0.15176151761517614 0.39375 0.14092140921409213 0.39125 0.12466124661246612 0.39125 0.1111111111111111 0.39625 0.1111111111111111 0.40125 0.12195121951219512 0.40625
1 0.7046070460704607 0.3725 0.7113821138211383 0.369375 0.7086720867208672 0.359375 0.6869918699186992 0.358125 0.6734417344173442 0.364375 0.6734417344173442 0.37125 0.6829268292682927 0.375 0.7046070460704607 0.3725
1 0.3902439024390244 0.355625 0.4037940379403794 0.353125 0.4092140921409214 0.34875 0.4065040650406504 0.343125 0.3983739837398374 0.340625 0.37669376693766937 0.34125 0.3685636856368564 0.344375 0.3712737127371274 0.353125 0.3902439024390244 0.355625
1 0.5650406504065041 0.8075 0.5840108401084011 0.806875 0.5948509485094851 0.800625 0.592140921409214 0.795625 0.5840108401084011 0.7925 0.5677506775067751 0.7925 0.55420054200542 0.79875 0.55420054200542 0.805 0.5650406504065041 0.8075
1 0.0921409214092141 0.4775 0.0975609756097561 0.475625 0.0975609756097561 0.469375 0.09349593495934959 0.466875 0.06775067750677506 0.46625 0.056910569105691054 0.470625 0.056910569105691054 0.475625 0.07046070460704607 0.480625 0.0921409214092141 0.4775
1 0.7371273712737128 0.371875 0.7628726287262872 0.37125 0.7737127371273713 0.36625 0.7710027100271003 0.359375 0.7601626016260162 0.355625 0.7411924119241192 0.355625 0.7276422764227642 0.36125 0.7276422764227642 0.366875 0.7371273712737128 0.371875
1 0.2886178861788618 0.58 0.3062330623306233 0.57875 0.3062330623306233 0.570625 0.2899728997289973 0.56375 0.2750677506775068 0.56375 0.2682926829268293 0.56875 0.2764227642276423 0.5775 0.2886178861788618 0.58
1 0.6246612466124661 0.6625 0.6300813008130082 0.6575 0.6273712737127372 0.6525 0.6138211382113821 0.649375 0.5894308943089431 0.6525 0.5894308943089431 0.665 0.6084010840108401 0.66625 0.6246612466124661 0.6625
1 0.6544715447154471 0.326875 0.6734417344173442 0.326875 0.6856368563685636 0.32375 0.6924119241192412 0.318125 0.6924119241192412 0.31125 0.6842818428184282 0.3075 0.6680216802168022 0.3075 0.6598915989159891 0.31 0.6490514905149052 0.315625 0.6476964769647696 0.325 0.6544715447154471 0.326875
1 0.9197344173441735 0.456441875 0.9428238482384823 0.45441375 0.9571178861788617 0.44274875 0.9439241192411923 0.438184375 0.9241327913279133 0.44072 0.928531165311653 0.44629874999999997 0.9197344173441735 0.456441875
1 0.9043414634146342 0.52845875 0.9263319783197832 0.530994375 0.931829268292683 0.5259225 0.9307289972899729 0.52034375 0.9186355013550135 0.514258125 0.9054403794037941 0.518315625 0.9043414634146342 0.52845875
1 0.76580081300813 0.39152562500000004 0.7866910569105691 0.3894975 0.7965867208672086 0.3813825 0.7866910569105691 0.37580375 0.7745962059620597 0.37884687499999997 0.76580081300813 0.38391875 0.76580081300813 0.39152562500000004
1 0.6206626016260163 0.466078125 0.6371558265582656 0.45948500000000003 0.6283590785907859 0.45238500000000004 0.6074674796747968 0.4518775 0.5854769647696477 0.45745624999999995 0.5975718157181572 0.4635425 0.6206626016260163 0.466078125
1 0.5645867208672087 0.49701500000000004 0.577780487804878 0.49955062499999997 0.5953726287262873 0.493464375 0.6019701897018971 0.486364375 0.5953726287262873 0.47977125 0.5711829268292683 0.48027875000000003 0.5601883468834689 0.49042187499999995 0.5645867208672087 0.49701500000000004
1 0.6382547425474254 0.5086793749999999 0.6525487804878048 0.504621875 0.6569471544715447 0.49498624999999996 0.648150406504065 0.49042187499999995 0.6349566395663957 0.496000625 0.6217615176151762 0.5000575 0.6382547425474254 0.5086793749999999
1 0.5975718157181572 0.549759375 0.6162642276422764 0.555338125 0.6316571815718157 0.549759375 0.6316571815718157 0.53961625 0.6184634146341463 0.538094375 0.6085677506775068 0.538601875 0.5986720867208672 0.5411375 0.5975718157181572 0.549759375
1 0.5436951219512195 0.521358125 0.5469945799457995 0.52643 0.5524918699186991 0.53150125 0.5711829268292683 0.5269368750000001 0.577780487804878 0.52440125 0.5766815718157182 0.51730125 0.5656856368563685 0.512229375 0.5502926829268292 0.514258125 0.5436951219512195 0.521358125
1 0.6173631436314363 0.6780700000000001 0.6349566395663957 0.6780700000000001 0.6382547425474254 0.67299875 0.6217615176151762 0.666405625 0.6063685636856369 0.667926875 0.603070460704607 0.674013125 0.6173631436314363 0.6780700000000001
1 0.5766815718157182 0.6851706249999999 0.5876761517615176 0.688720625 0.6118658536585366 0.6942993749999999 0.6217615176151762 0.688720625 0.6195623306233062 0.679591875 0.5942737127371274 0.6750268749999999 0.5766815718157182 0.6790843750000001 0.5766815718157182 0.6851706249999999
1 0.4656287262872629 0.686184375 0.47222628726287263 0.6948062500000001 0.48981842818428184 0.697849375 0.4942168021680217 0.6927774999999999 0.5008130081300813 0.6882131250000001 0.4975149051490515 0.68415625 0.4810216802168022 0.68364875 0.4656287262872629 0.686184375