1 0.39700996677740863 0.55 0.4011627906976744 0.54125 0.4019933554817276 0.5325 0.3978405315614618 0.524375 0.38205980066445183 0.52875 0.3596345514950166 0.523125 0.3488372093023256 0.539375 0.3480066445182724 0.550625 0.3579734219269103 0.559375 0.3745847176079734 0.560625 0.3911960132890365 0.555 0.39700996677740863 0.55
1 0.5274086378737541 0.299375 0.5473421926910299 0.310625 0.5548172757475083 0.308125 0.5614617940199336 0.30125 0.5622923588039868 0.2925 0.5589700996677741 0.281875 0.553156146179402 0.276875 0.5431893687707641 0.271875 0.526578073089701 0.2725 0.5166112956810631 0.276875 0.5132890365448505 0.283125 0.5132890365448505 0.29125 0.5166112956810631 0.298125 0.5274086378737541 0.299375
1 0.7782392026578073 0.503125 0.7857142857142857 0.49875 0.7915282392026578 0.490625 0.792358803986711 0.48 0.7882059800664452 0.47625 0.7599667774086378 0.470625 0.7450166112956811 0.47375 0.7275747508305648 0.48875 0.7275747508305648 0.491875 0.7333887043189369 0.49875 0.7383720930232558 0.5025 0.75 0.505625 0.7782392026578073 0.503125
1 0.43272425249169433 0.60875 0.43521594684385384 0.60375 0.43023255813953487 0.594375 0.4152823920265781 0.586875 0.4003322259136213 0.585625 0.38372093023255816 0.594375 0.38289036544850497 0.610625 0.3945182724252492 0.616875 0.41362126245847175 0.6175 0.4210963455149502 0.615625 0.43272425249169433 0.60875
1 0.4418604651162791 0.4825 0.45099667774086377 0.473125 0.45182724252491696 0.455 0.4393687707641196 0.44625 0.4277408637873754 0.44625 0.4161129568106312 0.45 0.40863787375415284 0.4575 0.40365448504983387 0.466875 0.40780730897009965 0.478125 0.4161129568106312 0.485625 0.43521594684385384 0.485 0.4418604651162791 0.4825
1 0.4792358803986711 0.565 0.48588039867109634 0.559375 0.4883720930232558 0.553125 0.4883720930232558 0.53875 0.48255813953488375 0.5325 0.4717607973421927 0.53125 0.4568106312292359 0.53375 0.4426910299003322 0.545 0.4418604651162791 0.5625 0.4485049833887043 0.5675 0.46677740863787376 0.57 0.4792358803986711 0.565
1 0.3388704318936877 0.65625 0.3480066445182724 0.65 0.3480066445182724 0.636875 0.33637873754152825 0.62 0.3272425249169435 0.615625 0.313953488372093 0.615625 0.30481727574750833 0.623125 0.30066445182724255 0.630625 0.30481727574750833 0.64375 0.31146179401993357 0.651875 0.3222591362126246 0.65625 0.3388704318936877 0.65625
1 0.4642857142857143 0.63875 0.4642857142857143 0.628125 0.45514950166112955 0.613125 0.43272425249169433 0.6075 0.4186046511627907 0.618125 0.4186046511627907 0.635 0.4269102990033223 0.645625 0.4393687707641196 0.649375 0.45099667774086377 0.64875 0.46096345514950166 0.643125 0.4642857142857143 0.63875
1 0.7001661129568106 0.78625 0.7009966777408638 0.773125 0.6910299003322259 0.758125 0.6735880398671097 0.756875 0.659468438538206 0.749375 0.6553156146179402 0.755625 0.6553156146179402 0.7675 0.6644518272425249 0.784375 0.6794019933554817 0.793125 0.6918604651162791 0.793125 0.7001661129568106 0.78625
1 0.4900332225913621 0.535 0.5049833887043189 0.535 0.510797342192691 0.53375 0.5149501661129569 0.52875 0.5149501661129569 0.51125 0.5091362126245847 0.505 0.49750830564784054 0.49875 0.4925249169435216 0.498125 0.4808970099667774 0.49875 0.4717607973421927 0.505 0.4684385382059801 0.5125 0.4684385382059801 0.521875 0.4750830564784053 0.529375 0.4900332225913621 0.535
1 0.33222591362126247 0.220625 0.3521594684385382 0.20625 0.35299003322259137 0.189375 0.34551495016611294 0.183125 0.34053156146179403 0.18125 0.3289036544850498 0.18125 0.313953488372093 0.189375 0.30980066445182725 0.198125 0.30980066445182725 0.2075 0.3164451827242525 0.218125 0.3222591362126246 0.220625 0.33222591362126247 0.220625
1 0.40946843853820597 0.49 0.41029900332225916 0.485625 0.4061461794019934 0.47625 0.3945182724252492 0.465625 0.3853820598006645 0.46375 0.37375415282392027 0.464375 0.3596345514950166 0.47625 0.3596345514950166 0.488125 0.3696013289036545 0.5 0.39368770764119604 0.5025 0.40946843853820597 0.49
1 0.34551495016611294 0.37875 0.35299003322259137 0.373125 0.3546511627906977 0.361875 0.3488372093023256 0.349375 0.3430232558139535 0.344375 0.32475083056478404 0.34 0.31146179401993357 0.34625 0.3073089700996678 0.360625 0.31478405315614616 0.37375 0.32558139534883723 0.379375 0.3372093023255814 0.380625 0.34551495016611294 0.37875
1 0.6794019933554817 0.3225 0.6877076411960132 0.31875 0.6935215946843853 0.31125 0.6926910299003323 0.29625 0.6910299003322259 0.29375 0.6802325581395349 0.290625 0.6536544850498339 0.29125 0.6478405315614618 0.29375 0.6378737541528239 0.30625 0.6387043189368771 0.314375 0.6486710963455149 0.3225 0.6553156146179402 0.324375 0.6794019933554817 0.3225
1 0.8156146179401993 0.5125 0.8313953488372093 0.50625 0.8413621262458472 0.495 0.8471760797342193 0.4825 0.8471760797342193 0.47375 0.8330564784053156 0.4625 0.8197674418604651 0.461875 0.8106312292358804 0.46375 0.7956810631229236 0.47625 0.7882059800664452 0.5 0.7973421926910299 0.51 0.8056478405315615 0.5125 0.8156146179401993 0.5125
1 0.6428571428571429 0.5025 0.6478405315614618 0.49875 0.6503322259136213 0.490625 0.6511627906976745 0.481875 0.6478405315614618 0.471875 0.6337209302325582 0.459375 0.6179401993355482 0.456875 0.6054817275747508 0.464375 0.6029900332225914 0.46875 0.6029900332225914 0.485625 0.6187707641196013 0.500625 0.6287375415282392 0.503125 0.6428571428571429 0.5025
1 0.771594684385382 0.47125 0.7848837209302325 0.475625 0.7915282392026578 0.475625 0.8056478405315615 0.4675 0.8089700996677741 0.4625 0.8089700996677741 0.444375 0.7990033222591362 0.434375 0.7915282392026578 0.43125 0.7799003322259136 0.43125 0.7649501661129569 0.438125 0.7616279069767442 0.4425 0.760797342192691 0.455 0.7649501661129569 0.465 0.771594684385382 0.47125
1 0.6204318936877077 0.82375 0.6312292358803987 0.828125 0.6511627906976745 0.828125 0.6627906976744186 0.825625 0.6719269102990033 0.821875 0.6818936877076412 0.811875 0.6827242524916943 0.8 0.6777408637873754 0.7925 0.6727574750830565 0.789375 0.6569767441860465 0.78625 0.6378737541528239 0.786875 0.6229235880398671 0.793125 0.6179401993355482 0.796875 0.6129568106312292 0.810625 0.6146179401993356 0.8175 0.6204318936877077 0.82375
1 0.3372093023255814 0.3225 0.3438538205980066 0.315625 0.34551495016611294 0.303125 0.33637873754152825 0.29 0.329734219269103 0.28625 0.3106312292358804 0.286875 0.29983388704318936 0.300625 0.30066445182724255 0.308125 0.30980066445182725 0.321875 0.3181063122923588 0.32625 0.32475083056478404 0.326875 0.3372093023255814 0.3225
1 0.38289036544850497 0.23875 0.38870431893687707 0.231875 0.38870431893687707 0.2175 0.38704318936877075 0.2125 0.38289036544850497 0.21 0.3745847176079734 0.210625 0.36710963455149503 0.215625 0.3596345514950166 0.223125 0.35714285714285715 0.230625 0.3596345514950166 0.238125 0.36627906976744184 0.24125 0.38289036544850497 0.23875
1 0.4119601328903654 0.7 0.4210963455149502 0.69625 0.4269102990033223 0.69125 0.4269102990033223 0.675625 0.4210963455149502 0.66875 0.41029900332225916 0.66375 0.3945182724252492 0.661875 0.38372093023255816 0.664375 0.3729235880398671 0.676875 0.3745847176079734 0.69 0.3845514950166113 0.6975 0.39285714285714285 0.7 0.4119601328903654 0.7
1 0.4277408637873754 0.379375 0.43853820598006643 0.38 0.45182724252491696 0.376875 0.45598006644518274 0.374375 0.457641196013289 0.368125 0.4584717607973422 0.356875 0.45514950166112955 0.349375 0.45016611295681064 0.345625 0.4426910299003322 0.3425 0.42940199335548174 0.341875 0.41777408637873753 0.34875 0.41445182724252494 0.3575 0.4152823920265781 0.368125 0.4186046511627907 0.373125 0.4277408637873754 0.379375
1 0.5299003322259136 0.5675 0.5357142857142857 0.56125 0.5382059800664452 0.550625 0.5290697674418605 0.539375 0.5149501661129569 0.535 0.5066445182724253 0.535 0.49667774086378735 0.5375 0.49169435215946844 0.54125 0.489202657807309 0.558125 0.5008305647840532 0.5675 0.5240863787375415 0.56875 0.5299003322259136 0.5675
1 0.3803986710963455 0.36375 0.39285714285714285 0.3525 0.3953488372093023 0.346875 0.3953488372093023 0.333125 0.3920265780730897 0.328125 0.3812292358803987 0.323125 0.3704318936877076 0.3225 0.3554817275747508 0.33 0.3488372093023256 0.34875 0.3538205980066445 0.360625 0.3579734219269103 0.36375 0.3803986710963455 0.36375
1 0.5772425249169435 0.56625 0.5897009966777409 0.5775 0.6029900332225914 0.579375 0.6112956810631229 0.5775 0.6204318936877077 0.57125 0.6270764119601329 0.564375 0.6320598006644518 0.554375 0.632890365448505 0.543125 0.6262458471760798 0.531875 0.6162790697674418 0.52625 0.6088039867109635 0.525625 0.5988372093023255 0.530625 0.5888704318936877 0.5325 0.5838870431893688 0.54125 0.5822259136212624 0.551875 0.5764119601328903 0.56 0.5772425249169435 0.56625
1 0.8430232558139535 0.2725 0.8529900332225914 0.275 0.8679401993355482 0.271875 0.882890365448505 0.258125 0.882890365448505 0.23875 0.8745847176079734 0.23125 0.8679401993355482 0.229375 0.8554817275747508 0.230625 0.8446843853820598 0.235 0.8388704318936877 0.24 0.8330564784053156 0.25 0.8330564784053156 0.26 0.8363787375415282 0.266875 0.8430232558139535 0.2725
1 0.659468438538206 0.549375 0.670265780730897 0.54375 0.6760797342192691 0.53625 0.6769102990033222 0.52 0.6619601328903655 0.50875 0.6495016611295681 0.50625 0.6395348837209303 0.50875 0.6337209302325582 0.513125 0.627906976744186 0.523125 0.6262458471760798 0.53375 0.6370431893687708 0.5475 0.6478405315614618 0.550625 0.659468438538206 0.549375
1 0.3853820598006645 0.274375 0.40365448504983387 0.26 0.4061461794019934 0.255 0.4061461794019934 0.24375 0.3978405315614618 0.23875 0.38704318936877075 0.238125 0.3745847176079734 0.241875 0.3696013289036545 0.245625 0.3646179401993355 0.256875 0.3637873754152824 0.27 0.3687707641196013 0.274375 0.37624584717607973 0.27625 0.3853820598006645 0.274375
1 0.5415282392026578 0.3725 0.5290697674418605 0.361875 0.5157807308970099 0.361875 0.5008305647840532 0.371875 0.49667774086378735 0.38 0.4983388704318937 0.38875 0.5058139534883721 0.39625 0.521594684385382 0.395 0.5382059800664452 0.384375 0.5415282392026578 0.3725
1 0.7358803986710963 0.611875 0.71843853820598 0.599375 0.7018272425249169 0.59875 0.6918604651162791 0.60125 0.6785714285714286 0.615625 0.6818936877076412 0.625 0.6985049833887044 0.635 0.7217607973421927 0.635 0.7358803986710963 0.626875 0.7358803986710963 0.611875
1 0.617109634551495 0.51625 0.6179401993355482 0.500625 0.6071428571428571 0.49125 0.5888704318936877 0.49125 0.5739202657807309 0.5 0.5705980066445183 0.516875 0.5739202657807309 0.52625 0.5789036544850499 0.530625 0.6004983388704319 0.530625 0.6129568106312292 0.523125 0.617109634551495 0.51625
1 0.7865448504983389 0.583125 0.7956810631229236 0.588125 0.8056478405315615 0.59125 0.8197674418604651 0.590625 0.8322259136212624 0.585625 0.8372093023255814 0.58 0.8380398671096345 0.570625 0.8338870431893688 0.56375 0.8222591362126246 0.553125 0.8064784053156147 0.54625 0.7998338870431894 0.544375 0.7865448504983389 0.54625 0.776578073089701 0.555625 0.7757475083056479 0.565 0.7799003322259136 0.57625 0.7865448504983389 0.583125
1 0.22425249169435216 0.28125 0.24003322259136212 0.28 0.25 0.274375 0.25332225913621265 0.266875 0.2541528239202658 0.260625 0.25083056478405313 0.25125 0.23837209302325582 0.241875 0.22093023255813954 0.240625 0.2084717607973422 0.24875 0.2059800664451827 0.255 0.20681063122923588 0.265 0.2101328903654485 0.271875 0.21843853820598005 0.279375 0.22425249169435216 0.28125
1 0.5141196013289037 0.36375 0.5149501661129569 0.354375 0.5116279069767442 0.34875 0.5 0.34375 0.48588039867109634 0.341875 0.47093023255813954 0.3425 0.45930232558139533 0.34875 0.46096345514950166 0.360625 0.4775747508305648 0.36875 0.5016611295681063 0.370625 0.5141196013289037 0.36375
1 0.7117940199335548 0.69 0.7217607973421927 0.69 0.739202657807309 0.675 0.7416943521594684 0.66875 0.7416943521594684 0.651875 0.7317275747508306 0.64 0.7242524916943521 0.63625 0.7043189368770764 0.6375 0.7001661129568106 0.64 0.6935215946843853 0.651875 0.6926910299003323 0.66625 0.6951827242524917 0.673125 0.7059800664451827 0.686875 0.7117940199335548 0.69
1 0.44518272425249167 0.576875 0.44518272425249167 0.570625 0.4410299003322259 0.565 0.4260797342192691 0.558125 0.3995016611295681 0.558125 0.38787375415282394 0.5675 0.38870431893687707 0.5775 0.3953488372093023 0.583125 0.42524916943521596 0.58875 0.43106312292358806 0.588125 0.44518272425249167 0.576875
1 0.6985049833887044 0.408125 0.7093023255813954 0.399375 0.7101328903654485 0.3875 0.6985049833887044 0.374375 0.6885382059800664 0.37125 0.6769102990033222 0.370625 0.6619601328903655 0.376875 0.6586378737541528 0.384375 0.6619601328903655 0.39625 0.6769102990033222 0.40625 0.6818936877076412 0.408125 0.6985049833887044 0.408125
1 0.6378737541528239 0.366875 0.6503322259136213 0.375 0.6619601328903655 0.375625 0.6710963455149501 0.373125 0.6777408637873754 0.368125 0.6835548172757475 0.358125 0.6852159468438538 0.34875 0.6802325581395349 0.338125 0.6727574750830565 0.330625 0.6586378737541528 0.325 0.6511627906976745 0.324375 0.6395348837209303 0.328125 0.6345514950166113 0.3325 0.6303986710963455 0.345625 0.632890365448505 0.360625 0.6378737541528239 0.366875
1 0.5564784053156147 0.2525 0.5539867109634552 0.246875 0.5406976744186046 0.236875 0.5149501661129569 0.23875 0.49667774086378735 0.251875 0.5008305647840532 0.26375 0.5157807308970099 0.271875 0.5448504983388704 0.27125 0.5556478405315615 0.261875 0.5564784053156147 0.2525
1 0.4634551495016611 0.291875 0.4792358803986711 0.290625 0.48421926910299 0.283125 0.4850498338870432 0.271875 0.48255813953488375 0.265625 0.4700996677740864 0.253125 0.4584717607973422 0.24875 0.44435215946843853 0.250625 0.43521594684385384 0.260625 0.43521594684385384 0.2675 0.4418604651162791 0.28125 0.45598006644518274 0.290625 0.4634551495016611 0.291875
1 0.8089700996677741 0.35375 0.8338870431893688 0.35375 0.8430232558139535 0.345625 0.8438538205980066 0.338125 0.8397009966777409 0.328125 0.8222591362126246 0.3175 0.8006644518272426 0.315 0.7890365448504983 0.32 0.7832225913621262 0.325 0.782392026578073 0.331875 0.7848837209302325 0.3375 0.7990033222591362 0.350625 0.8089700996677741 0.35375
1 0.6312292358803987 0.760625 0.6453488372093024 0.75625 0.6503322259136213 0.749375 0.6528239202657807 0.738125 0.6470099667774086 0.72 0.6345514950166113 0.71375 0.6196013289036545 0.71375 0.6079734219269103 0.7225 0.6046511627906976 0.72875 0.6046511627906976 0.738125 0.6096345514950167 0.7475 0.6204318936877077 0.75625 0.6312292358803987 0.760625
1 0.7799003322259136 0.365 0.7882059800664452 0.355625 0.7890365448504983 0.345 0.7790697674418605 0.328125 0.7632890365448505 0.3225 0.7491694352159468 0.3225 0.7375415282392026 0.330625 0.7342192691029901 0.344375 0.7408637873754153 0.360625 0.7466777408637874 0.365 0.770764119601329 0.368125 0.7799003322259136 0.365
1 0.7333887043189369 0.589375 0.7541528239202658 0.589375 0.7641196013289037 0.586875 0.7699335548172758 0.583125 0.7757475083056479 0.575 0.7749169435215947 0.563125 0.7616279069767442 0.553125 0.7533222591362126 0.550625 0.7242524916943521 0.55 0.7142857142857143 0.553125 0.7068106312292359 0.558125 0.7059800664451827 0.57125 0.7084717607973422 0.575 0.7225913621262459 0.58625 0.7333887043189369 0.589375
1 0.5689368770764119 0.66375 0.5830564784053156 0.65375 0.5888704318936877 0.64625 0.5880398671096345 0.62875 0.5830564784053156 0.625 0.5689368770764119 0.623125 0.5481727574750831 0.63375 0.5357142857142857 0.644375 0.5357142857142857 0.661875 0.5406976744186046 0.66625 0.5606312292358804 0.66625 0.563953488372093 0.66375 0.5689368770764119 0.66375
1 0.574750830564784 0.375 0.5830564784053156 0.373125 0.5872093023255814 0.37 0.5888704318936877 0.355 0.579734219269103 0.345625 0.5656146179401993 0.3425 0.5506644518272426 0.3425 0.5357142857142857 0.34875 0.532392026578073 0.35625 0.5332225913621262 0.36375 0.5448504983388704 0.373125 0.5523255813953488 0.375 0.574750830564784 0.375
1 0.7358803986710963 0.548125 0.7599667774086378 0.550625 0.7757475083056479 0.54625 0.7865448504983389 0.533125 0.7882059800664452 0.524375 0.7848837209302325 0.519375 0.7740863787375415 0.5125 0.7641196013289037 0.51125 0.75 0.5125 0.7408637873754153 0.515625 0.7275747508305648 0.528125 0.7259136212624585 0.536875 0.7275747508305648 0.5425 0.7358803986710963 0.548125
1 0.7649501661129569 0.423125 0.7848837209302325 0.423125 0.8023255813953488 0.415 0.803156146179402 0.401875 0.7915282392026578 0.390625 0.7757475083056479 0.3825 0.7657807308970099 0.38 0.7516611295681063 0.38 0.7400332225913622 0.3875 0.7383720930232558 0.401875 0.7466777408637874 0.413125 0.7566445182724253 0.42 0.7649501661129569 0.423125
1 0.5473421926910299 0.558125 0.5539867109634552 0.561875 0.5730897009966778 0.561875 0.5822259136212624 0.550625 0.5830564784053156 0.54125 0.5789036544850499 0.53375 0.5722591362126246 0.525625 0.5614617940199336 0.519375 0.5523255813953488 0.516875 0.5456810631229236 0.519375 0.5365448504983389 0.526875 0.5332225913621262 0.5325 0.5365448504983389 0.54625 0.5473421926910299 0.558125
1 0.40365448504983387 0.444375 0.4119601328903654 0.4425 0.4210963455149502 0.436875 0.42524916943521596 0.430625 0.42358803986710963 0.41625 0.4069767441860465 0.406875 0.39368770764119604 0.40625 0.38289036544850497 0.408125 0.3745847176079734 0.413125 0.3712624584717608 0.41875 0.37209302325581395 0.430625 0.37790697674418605 0.4375 0.38704318936877075 0.443125 0.40365448504983387 0.444375
1 0.7890365448504983 0.38875 0.8039867109634552 0.390625 0.8239202657807309 0.385 0.8338870431893688 0.375 0.8330564784053156 0.36375 0.8255813953488372 0.358125 0.8189368770764119 0.355625 0.8056478405315615 0.355625 0.7865448504983389 0.361875 0.7807308970099668 0.36625 0.776578073089701 0.373125 0.776578073089701 0.37875 0.7807308970099668 0.384375 0.7890365448504983 0.38875
1 0.45514950166112955 0.758125 0.46677740863787376 0.758125 0.4792358803986711 0.755 0.4883720930232558 0.749375 0.4941860465116279 0.741875 0.4941860465116279 0.7275 0.48255813953488375 0.71875 0.4717607973421927 0.716875 0.44601328903654486 0.72125 0.43272425249169433 0.726875 0.42441860465116277 0.738125 0.42441860465116277 0.745625 0.42857142857142855 0.7525 0.43438538205980065 0.755625 0.45514950166112955 0.758125
1 0.48006644518272423 0.651875 0.489202657807309 0.651875 0.49750830564784054 0.64875 0.5099667774086378 0.6375 0.5124584717607974 0.63 0.5099667774086378 0.613125 0.49916943521594687 0.6025 0.48421926910299 0.601875 0.4792358803986711 0.606875 0.4700996677740864 0.61125 0.4659468438538206 0.6175 0.46677740863787376 0.63625 0.47259136212624586 0.64875 0.48006644518272423 0.651875
1 0.7250830564784053 0.545625 0.7250830564784053 0.53125 0.7151162790697675 0.519375 0.6901993355481728 0.515 0.6777408637873754 0.520625 0.6760797342192691 0.54125 0.6901993355481728 0.551875 0.6976744186046512 0.555 0.7051495016611296 0.555 0.7200996677740864 0.55 0.7250830564784053 0.545625
1 0.7250830564784053 0.386875 0.7342192691029901 0.38375 0.739202657807309 0.375 0.7400332225913622 0.360625 0.7333887043189369 0.345625 0.7200996677740864 0.339375 0.7068106312292359 0.340625 0.6976744186046512 0.34875 0.6951827242524917 0.355625 0.6960132890365448 0.36625 0.7051495016611296 0.379375 0.7117940199335548 0.385 0.7250830564784053 0.386875
1 0.47093023255813954 0.40625 0.47591362126245845 0.401875 0.4792358803986711 0.396875 0.4792358803986711 0.39 0.4684385382059801 0.38 0.4526578073089701 0.376875 0.43023255813953487 0.3825 0.4269102990033223 0.385 0.42358803986710963 0.396875 0.4368770764119601 0.408125 0.4584717607973422 0.41 0.47093023255813954 0.40625
1 0.5647840531561462 0.610625 0.5822259136212624 0.624375 0.5872093023255814 0.625 0.5888704318936877 0.6275 0.6071428571428571 0.6275 0.6146179401993356 0.624375 0.6179401993355482 0.62 0.6179401993355482 0.60375 0.6112956810631229 0.591875 0.5996677740863787 0.584375 0.5863787375415282 0.580625 0.5681063122923588 0.581875 0.5606312292358804 0.585625 0.5581395348837209 0.590625 0.5598006644518272 0.60375 0.5647840531561462 0.610625
1 0.5830564784053156 0.204375 0.5946843853820598 0.19875 0.5996677740863787 0.1925 0.6004983388704319 0.18625 0.5971760797342193 0.178125 0.584717607973422 0.17125 0.5631229235880398 0.17125 0.5490033222591362 0.178125 0.5448504983388704 0.184375 0.5448504983388704 0.194375 0.5481727574750831 0.199375 0.563953488372093 0.205625 0.5830564784053156 0.204375
1 0.675249169435216 0.75625 0.6901993355481728 0.756875 0.7034883720930233 0.749375 0.7026578073089701 0.73125 0.6877076411960132 0.7125 0.6727574750830565 0.70125 0.6644518272425249 0.7 0.654485049833887 0.70375 0.6478405315614618 0.71625 0.6478405315614618 0.72625 0.6536544850498339 0.740625 0.6619601328903655 0.75 0.675249169435216 0.75625
1 0.6204318936877077 0.673125 0.6212624584717608 0.664375 0.6187707641196013 0.656875 0.6038205980066446 0.649375 0.5872093023255814 0.649375 0.5681063122923588 0.665 0.5689368770764119 0.68 0.5813953488372093 0.690625 0.6029900332225914 0.69 0.6154485049833887 0.6825 0.6204318936877077 0.673125
1 0.5764119601328903 0.344375 0.5888704318936877 0.341875 0.5996677740863787 0.33 0.6004983388704319 0.321875 0.5971760797342193 0.315 0.5822259136212624 0.308125 0.5714285714285714 0.308125 0.5606312292358804 0.3125 0.5506644518272426 0.318125 0.5448504983388704 0.3275 0.5456810631229236 0.334375 0.5506644518272426 0.34 0.5764119601328903 0.344375
1 0.75 0.458125 0.7591362126245847 0.446875 0.7599667774086378 0.42875 0.7524916943521595 0.418125 0.7416943521594684 0.41375 0.7308970099667774 0.42 0.7209302325581395 0.43125 0.717607973421927 0.4375 0.7209302325581395 0.4525 0.729235880398671 0.459375 0.7416943521594684 0.460625 0.75 0.458125
1 0.8239202657807309 0.430625 0.829734219269103 0.4325 0.8496677740863787 0.430625 0.856312292358804 0.42625 0.8621262458471761 0.4175 0.8612956810631229 0.40625 0.8513289036544851 0.395 0.8421926910299004 0.390625 0.8305647840531561 0.389375 0.8264119601328903 0.386875 0.8114617940199336 0.3925 0.8048172757475083 0.405 0.8048172757475083 0.411875 0.8089700996677741 0.42 0.8239202657807309 0.430625
1 0.7906976744186046 0.230625 0.8172757475083057 0.2325 0.8363787375415282 0.22875 0.8446843853820598 0.21875 0.8446843853820598 0.21 0.8372093023255814 0.2025 0.8255813953488372 0.199375 0.803156146179402 0.199375 0.7931893687707641 0.2025 0.7857142857142857 0.2075 0.7799003322259136 0.215 0.7790697674418605 0.22125 0.782392026578073 0.226875 0.7906976744186046 0.230625
1 0.7832225913621262 0.635 0.7948504983388704 0.635 0.8089700996677741 0.62875 0.8189368770764119 0.6175 0.8197674418604651 0.604375 0.8172757475083057 0.59875 0.8089700996677741 0.591875 0.7931893687707641 0.58875 0.7832225913621262 0.591875 0.776578073089701 0.5975 0.770764119601329 0.606875 0.7682724252491694 0.623125 0.7774086378737541 0.6325 0.7832225913621262 0.635
1 0.3554817275747508 0.64 0.3704318936877076 0.64 0.37624584717607973 0.6375 0.38205980066445183 0.626875 0.38205980066445183 0.613125 0.3795681063122924 0.60625 0.37375415282392027 0.601875 0.36794019933554817 0.599375 0.35631229235880396 0.59875 0.34136212624584716 0.606875 0.3388704318936877 0.611875 0.3388704318936877 0.623125 0.3496677740863787 0.6375 0.3554817275747508 0.64
1 0.49916943521594687 0.48125 0.5049833887043189 0.47875 0.5132890365448505 0.470625 0.5141196013289037 0.453125 0.5 0.4425 0.47840531561461797 0.441875 0.47093023255813954 0.4475 0.46677740863787376 0.4575 0.4684385382059801 0.466875 0.473421926910299 0.475625 0.48172757475083056 0.480625 0.4883720930232558 0.4825 0.49916943521594687 0.48125
1 0.4601328903654485 0.2325 0.4684385382059801 0.230625 0.4792358803986711 0.216875 0.4792358803986711 0.204375 0.4700996677740864 0.193125 0.4601328903654485 0.19125 0.446843853820598 0.1925 0.44019933554817275 0.1975 0.436046511627907 0.206875 0.436046511627907 0.2175 0.4393687707641196 0.225625 0.4435215946843854 0.22875 0.4601328903654485 0.2325
1 0.3995016611295681 0.51375 0.3920265780730897 0.505 0.3687707641196013 0.50125 0.35631229235880396 0.508125 0.35631229235880396 0.516875 0.3637873754152824 0.523125 0.37790697674418605 0.526875 0.38953488372093026 0.526875 0.3978405315614618 0.524375 0.3995016611295681 0.51375
1 0.4692691029900332 0.441875 0.48172757475083056 0.435625 0.48255813953488375 0.428125 0.48006644518272423 0.42375 0.45930232558139533 0.411875 0.45016611295681064 0.41 0.43438538205980065 0.410625 0.4269102990033223 0.415625 0.4277408637873754 0.4275 0.4485049833887043 0.439375 0.4568106312292359 0.441875 0.4692691029900332 0.441875
1 0.5191029900332226 0.211875 0.5299003322259136 0.211875 0.5382059800664452 0.206875 0.542358803986711 0.20125 0.5440199335548173 0.184375 0.5415282392026578 0.179375 0.5332225913621262 0.17375 0.5124584717607974 0.173125 0.5 0.180625 0.49750830564784054 0.18625 0.49916943521594687 0.1975 0.5008305647840532 0.20125 0.510797342192691 0.20875 0.5191029900332226 0.211875
1 0.5888704318936877 0.81625 0.5980066445182725 0.816875 0.6121262458471761 0.81 0.6154485049833887 0.8025 0.6146179401993356 0.785 0.5996677740863787 0.765625 0.590531561461794 0.761875 0.5780730897009967 0.760625 0.563953488372093 0.76875 0.5606312292358804 0.775625 0.5606312292358804 0.785625 0.5647840531561462 0.796875 0.5772425249169435 0.81125 0.5888704318936877 0.81625
1 0.25 0.40625 0.2691029900332226 0.401875 0.2823920265780731 0.394375 0.2915282392026578 0.38375 0.29069767441860467 0.371875 0.2807308970099668 0.36375 0.26993355481727577 0.363125 0.25664451827242524 0.365625 0.24169435215946844 0.376875 0.23837209302325582 0.381875 0.23421926910299004 0.390625 0.23588039867109634 0.4025 0.24086378737541528 0.40625 0.25 0.40625
1 0.3654485049833887 0.3025 0.3745847176079734 0.30125 0.3803986710963455 0.2975 0.3812292358803987 0.286875 0.37790697674418605 0.28 0.36710963455149503 0.271875 0.3596345514950166 0.268125 0.34219269102990035 0.2675 0.3338870431893688 0.2725 0.33056478405315615 0.283125 0.34551495016611294 0.298125 0.3521594684385382 0.30125 0.3654485049833887 0.3025
1 0.5431893687707641 0.485625 0.5523255813953488 0.4825 0.5581395348837209 0.478125 0.5614617940199336 0.471875 0.5614617940199336 0.4575 0.5548172757475083 0.449375 0.5406976744186046 0.44625 0.5307308970099668 0.446875 0.5232558139534884 0.449375 0.5157807308970099 0.455 0.5141196013289037 0.47375 0.5191029900332226 0.480625 0.5274086378737541 0.485 0.5431893687707641 0.485625
1 0.5888704318936877 0.303125 0.5971760797342193 0.30125 0.6021594684385382 0.298125 0.6046511627906976 0.29125 0.6029900332225914 0.27625 0.5980066445182725 0.27 0.5897009966777409 0.265625 0.5739202657807309 0.265 0.5647840531561462 0.268125 0.5606312292358804 0.271875 0.5598006644518272 0.28375 0.563953488372093 0.295 0.5764119601328903 0.3025 0.5888704318936877 0.303125
1 0.5 0.3375 0.5274086378737541 0.3375 0.5465116279069767 0.3275 0.5498338870431894 0.3225 0.5473421926910299 0.313125 0.5398671096345515 0.30625 0.5240863787375415 0.299375 0.5149501661129569 0.299375 0.5 0.30375 0.4908637873754153 0.31125 0.4867109634551495 0.32 0.49169435215946844 0.33375 0.5 0.3375
1 0.4692691029900332 0.610625 0.48006644518272423 0.60625 0.4883720930232558 0.593125 0.4900332225913621 0.585 0.4850498338870432 0.5775 0.4792358803986711 0.575 0.4601328903654485 0.573125 0.44601328903654486 0.576875 0.4368770764119601 0.586875 0.4335548172757475 0.596875 0.436046511627907 0.60375 0.4485049833887043 0.61 0.4692691029900332 0.610625
1 0.4260797342192691 0.240625 0.43521594684385384 0.229375 0.43521594684385384 0.211875 0.4277408637873754 0.20125 0.4152823920265781 0.196875 0.3995016611295681 0.198125 0.3920265780730897 0.204375 0.38870431893687707 0.210625 0.3911960132890365 0.22375 0.3995016611295681 0.235625 0.4111295681063123 0.240625 0.4260797342192691 0.240625
1 0.7948504983388704 0.28125 0.8064784053156147 0.27125 0.8073089700996677 0.261875 0.8048172757475083 0.2575 0.7998338870431894 0.255 0.7724252491694352 0.255 0.7541528239202658 0.2675 0.75 0.276875 0.75 0.28375 0.760797342192691 0.290625 0.7732558139534884 0.290625 0.7948504983388704 0.28125
1 0.4377076411960133 0.53375 0.4418604651162791 0.53125 0.4476744186046512 0.521875 0.4485049833887043 0.511875 0.4418604651162791 0.49875 0.4269102990033223 0.49125 0.41445182724252494 0.491875 0.40365448504983387 0.5025 0.4003322259136213 0.5125 0.40282392026578073 0.52375 0.40946843853820597 0.530625 0.41362126245847175 0.53375 0.4377076411960133 0.53375
1 0.6611295681063123 0.435625 0.6619601328903655 0.42625 0.6553156146179402 0.416875 0.632890365448505 0.41625 0.6204318936877077 0.42125 0.6088039867109635 0.43375 0.6088039867109635 0.4475 0.6179401993355482 0.454375 0.6320598006644518 0.454375 0.6553156146179402 0.444375 0.6611295681063123 0.435625
1 0.5606312292358804 0.849375 0.5722591362126246 0.851875 0.5838870431893688 0.85125 0.6004983388704319 0.845625 0.6046511627906976 0.84125 0.6054817275747508 0.830625 0.6029900332225914 0.824375 0.5930232558139535 0.816875 0.5764119601328903 0.8125 0.5664451827242525 0.8125 0.5589700996677741 0.81375 0.5456810631229236 0.82 0.5456810631229236 0.8375 0.5490033222591362 0.8425 0.5606312292358804 0.849375
1 0.5199335548172758 0.836875 0.5382059800664452 0.83625 0.5440199335548173 0.828125 0.5448504983388704 0.818125 0.5415282392026578 0.808125 0.5299003322259136 0.7975 0.5199335548172758 0.795625 0.5024916943521595 0.795625 0.4983388704318937 0.7975 0.4925249169435216 0.80875 0.5008305647840532 0.825625 0.5099667774086378 0.8325 0.5199335548172758 0.836875
1 0.6187707641196013 0.251875 0.632890365448505 0.255 0.6519933554817275 0.254375 0.659468438538206 0.251875 0.6669435215946844 0.244375 0.6661129568106312 0.23125 0.659468438538206 0.22375 0.6461794019933554 0.21875 0.6287375415282392 0.215625 0.6146179401993356 0.215625 0.6038205980066446 0.2175 0.5946843853820598 0.22375 0.5946843853820598 0.235625 0.5988372093023255 0.240625 0.6187707641196013 0.251875
1 0.260797342192691 0.33375 0.2691029900332226 0.335625 0.28322259136212624 0.33375 0.292358803986711 0.329375 0.29817275747508304 0.3225 0.3023255813953488 0.316875 0.3023255813953488 0.31125 0.2956810631229236 0.299375 0.2865448504983389 0.295625 0.27325581395348836 0.29625 0.2666112956810631 0.299375 0.2558139534883721 0.309375 0.2516611295681063 0.32 0.2541528239202658 0.329375 0.260797342192691 0.33375
1 0.6287375415282392 0.620625 0.6428571428571429 0.618125 0.6561461794019934 0.61 0.6586378737541528 0.605625 0.659468438538206 0.59375 0.6553156146179402 0.585625 0.6478405315614618 0.579375 0.6353820598006644 0.579375 0.6262458471760798 0.581875 0.6179401993355482 0.58625 0.6137873754152824 0.591875 0.6187707641196013 0.604375 0.6204318936877077 0.618125 0.6287375415282392 0.620625
1 0.40863787375415284 0.405 0.4210963455149502 0.398125 0.42524916943521596 0.38875 0.4260797342192691 0.38 0.42358803986710963 0.376875 0.4119601328903654 0.36875 0.40365448504983387 0.36875 0.3920265780730897 0.371875 0.3845514950166113 0.37625 0.37375415282392027 0.3875 0.37375415282392027 0.395 0.38372093023255816 0.40625 0.40863787375415284 0.405
1 0.42857142857142855 0.29125 0.4377076411960133 0.28625 0.44019933554817275 0.27875 0.4318936877076412 0.265 0.4277408637873754 0.2625 0.4061461794019934 0.26 0.3995016611295681 0.2625 0.39368770764119604 0.268125 0.3920265780730897 0.276875 0.3953488372093023 0.283125 0.4061461794019934 0.290625 0.42857142857142855 0.29125
0 0.6943521594684385 0.12125 0.7009966777408638 0.1025 0.7026578073089701 0.0825 0.6910299003322259 0.05125 0.6511627906976745 0.04375 0.627906976744186 0.04375 0.5813953488372093 0.06375 0.5714285714285714 0.095 0.5880398671096345 0.11375 0.6046511627906976 0.13 0.6495016611295681 0.13375 0.6943521594684385 0.12125
1 0.8289036544850499 0.5475 0.8571428571428571 0.55125 0.8770764119601329 0.54375 0.8621262458471761 0.52875 0.8422679119601328 0.515051886875 0.8056478405315615 0.51625 0.8006644518272426 0.53 0.8056478405315615 0.54375 0.8289036544850499 0.5475