1 0.532392026578073 0.555 0.5390365448504983 0.5575 0.5465116279069767 0.5575 0.5573089700996677 0.555 0.5606312292358804 0.551875 0.5614617940199336 0.5475 0.5573089700996677 0.535625 0.5398671096345515 0.535625 0.5307308970099668 0.53125 0.5282392026578073 0.53125 0.5249169435215947 0.535625 0.5240863787375415 0.54375 0.532392026578073 0.555
1 0.7117940199335548 0.465625 0.723421926910299 0.4675 0.7466777408637874 0.46375 0.7583056478405316 0.451875 0.7558139534883721 0.441875 0.7450166112956811 0.436875 0.7209302325581395 0.438125 0.7109634551495017 0.4425 0.7043189368770764 0.448125 0.7051495016611296 0.460625 0.7117940199335548 0.465625
1 0.5705980066445183 0.654375 0.5880398671096345 0.665 0.5996677740863787 0.665 0.6071428571428571 0.654375 0.606312292358804 0.641875 0.6013289036544851 0.631875 0.590531561461794 0.625 0.5730897009966778 0.625 0.5647840531561462 0.631875 0.5622923588039868 0.64125 0.5705980066445183 0.654375
1 0.6710963455149501 0.52125 0.6760797342192691 0.529375 0.6827242524916943 0.534375 0.6926910299003323 0.535625 0.7018272425249169 0.530625 0.7059800664451827 0.525625 0.7093023255813954 0.51625 0.7084717607973422 0.509375 0.7034883720930233 0.50125 0.6935215946843853 0.49625 0.6818936877076412 0.499375 0.6769102990033222 0.503125 0.6710963455149501 0.51125 0.6710963455149501 0.52125
1 0.6569767441860465 0.49 0.665282392026578 0.494375 0.6769102990033222 0.496875 0.6877076411960132 0.49625 0.7001661129568106 0.49125 0.7034883720930233 0.4875 0.7034883720930233 0.475625 0.686046511627907 0.46625 0.6644518272425249 0.465 0.6478405315614618 0.469375 0.6478405315614618 0.480625 0.6569767441860465 0.49
1 0.782392026578073 0.355625 0.7915282392026578 0.359375 0.803156146179402 0.36 0.8098006644518272 0.358125 0.8205980066445183 0.348125 0.8181063122923588 0.336875 0.8023255813953488 0.32875 0.7906976744186046 0.32875 0.7774086378737541 0.336875 0.7782392026578073 0.350625 0.782392026578073 0.355625
1 0.7367109634551495 0.348125 0.7475083056478405 0.353125 0.7533222591362126 0.353125 0.7616279069767442 0.350625 0.7724252491694352 0.343125 0.7774086378737541 0.335 0.7790697674418605 0.324375 0.7740863787375415 0.316875 0.7591362126245847 0.313125 0.75 0.315625 0.7400332225913622 0.323125 0.7350498338870431 0.333125 0.7342192691029901 0.341875 0.7367109634551495 0.348125
1 0.7051495016611296 0.6025 0.7151162790697675 0.61 0.7267441860465116 0.6125 0.7358803986710963 0.609375 0.7416943521594684 0.6025 0.7433554817275747 0.591875 0.7342192691029901 0.576875 0.7225913621262459 0.571875 0.7093023255813954 0.571875 0.7018272425249169 0.576875 0.6976744186046512 0.583125 0.6976744186046512 0.591875 0.7051495016611296 0.6025
1 0.6021594684385382 0.56 0.6079734219269103 0.560625 0.6179401993355482 0.5575 0.6320598006644518 0.546875 0.6403654485049833 0.535 0.6403654485049833 0.52625 0.6320598006644518 0.519375 0.6204318936877077 0.5175 0.6079734219269103 0.52375 0.5988372093023255 0.533125 0.5946843853820598 0.550625 0.6021594684385382 0.56
1 0.6486710963455149 0.69375 0.6578073089700996 0.696875 0.670265780730897 0.69625 0.6810631229235881 0.686875 0.6810631229235881 0.678125 0.6710963455149501 0.668125 0.6636212624584718 0.665625 0.6486710963455149 0.665 0.6378737541528239 0.670625 0.6378737541528239 0.681875 0.6486710963455149 0.69375
1 0.5647840531561462 0.550625 0.5739202657807309 0.55375 0.584717607973422 0.55375 0.5921926910299004 0.55 0.5980066445182725 0.5325 0.5880398671096345 0.52125 0.584717607973422 0.519375 0.5697674418604651 0.52125 0.5589700996677741 0.53125 0.5589700996677741 0.540625 0.5647840531561462 0.550625
1 0.6038205980066446 0.710625 0.6079734219269103 0.71375 0.6162790697674418 0.716875 0.6303986710963455 0.716875 0.6362126245847176 0.713125 0.6403654485049833 0.699375 0.6370431893687708 0.691875 0.6254152823920266 0.680625 0.6196013289036545 0.6775 0.6071428571428571 0.6775 0.5971760797342193 0.685625 0.5971760797342193 0.69875 0.6038205980066446 0.710625
1 0.5049833887043189 0.58625 0.510797342192691 0.588125 0.521594684385382 0.586875 0.5299003322259136 0.5825 0.5332225913621262 0.5775 0.532392026578073 0.5575 0.526578073089701 0.54875 0.5149501661129569 0.540625 0.5074750830564784 0.540625 0.5016611295681063 0.543125 0.5 0.5525 0.5 0.58125 0.5049833887043189 0.58625
1 0.8131229235880398 0.64875 0.8222591362126246 0.65375 0.8538205980066446 0.65625 0.8637873754152824 0.650625 0.8662790697674418 0.64625 0.8654485049833887 0.63625 0.8463455149501661 0.62125 0.8222591362126246 0.62 0.8122923588039868 0.624375 0.8098006644518272 0.6275 0.8089700996677741 0.64375 0.8131229235880398 0.64875
1 0.622093023255814 0.371875 0.6303986710963455 0.376875 0.6411960132890365 0.376875 0.654485049833887 0.370625 0.6611295681063123 0.364375 0.6636212624584718 0.351875 0.6619601328903655 0.34125 0.6519933554817275 0.33625 0.6303986710963455 0.34125 0.622093023255814 0.346875 0.6179401993355482 0.354375 0.617109634551495 0.363125 0.622093023255814 0.371875
1 0.659468438538206 0.59125 0.6669435215946844 0.596875 0.6827242524916943 0.596875 0.6918604651162791 0.593125 0.6951827242524917 0.57375 0.6877076411960132 0.564375 0.6777408637873754 0.560625 0.670265780730897 0.5625 0.6619601328903655 0.5675 0.6569767441860465 0.574375 0.6561461794019934 0.585625 0.659468438538206 0.59125
1 0.739202657807309 0.650625 0.7475083056478405 0.654375 0.7583056478405316 0.65375 0.7724252491694352 0.644375 0.7774086378737541 0.634375 0.7774086378737541 0.62625 0.7740863787375415 0.620625 0.7674418604651163 0.61625 0.7491694352159468 0.615 0.7400332225913622 0.62125 0.7367109634551495 0.626875 0.7350498338870431 0.64375 0.739202657807309 0.650625
1 0.31146179401993357 0.7375 0.31893687707641194 0.740625 0.3347176079734219 0.74 0.34634551495016613 0.731875 0.3496677740863787 0.726875 0.3496677740863787 0.716875 0.34634551495016613 0.71 0.3338870431893688 0.70375 0.31976744186046513 0.705 0.3131229235880399 0.709375 0.3089700996677741 0.716875 0.3089700996677741 0.733125 0.31146179401993357 0.7375
1 0.4867109634551495 0.45375 0.5008305647840532 0.46375 0.5232558139534884 0.465 0.5299003322259136 0.460625 0.5307308970099668 0.450625 0.5232558139534884 0.440625 0.5141196013289037 0.4375 0.5 0.436875 0.489202657807309 0.4375 0.48421926910299 0.441875 0.4833887043189369 0.446875 0.4867109634551495 0.45375
1 0.8762458471760798 0.634375 0.8903654485049833 0.639375 0.904485049833887 0.639375 0.9111295681063123 0.636875 0.915282392026578 0.63 0.915282392026578 0.623125 0.9061461794019934 0.610625 0.8928571428571429 0.605625 0.8853820598006644 0.605 0.872093023255814 0.61 0.8679401993355482 0.614375 0.8679401993355482 0.6275 0.8762458471760798 0.634375
1 0.840531561461794 0.6025 0.8529900332225914 0.609375 0.872093023255814 0.61 0.8812292358803987 0.605 0.8845514950166113 0.595625 0.8820598006644518 0.58375 0.877906976744186 0.5775 0.8654485049833887 0.569375 0.856312292358804 0.56875 0.8413621262458472 0.5725 0.8330564784053156 0.58375 0.8338870431893688 0.594375 0.840531561461794 0.6025
1 0.5465116279069767 0.59375 0.5598006644518272 0.593125 0.5672757475083057 0.589375 0.5739202657807309 0.583125 0.5764119601328903 0.576875 0.5730897009966778 0.5625 0.5697674418604651 0.55875 0.563953488372093 0.556875 0.5548172757475083 0.556875 0.5440199335548173 0.56 0.5373754152823921 0.564375 0.5340531561461794 0.5725 0.5348837209302325 0.58625 0.5465116279069767 0.59375
1 0.6644518272425249 0.633125 0.6843853820598007 0.63375 0.6993355481727574 0.6225 0.7026578073089701 0.615625 0.7034883720930233 0.605 0.6935215946843853 0.601875 0.6744186046511628 0.603125 0.6669435215946844 0.605 0.6569767441860465 0.61625 0.6561461794019934 0.623125 0.6644518272425249 0.633125
1 0.4750830564784053 0.619375 0.48588039867109634 0.62625 0.5008305647840532 0.628125 0.5132890365448505 0.62375 0.5166112956810631 0.619375 0.5166112956810631 0.6125 0.5116279069767442 0.603125 0.5008305647840532 0.595 0.4808970099667774 0.59375 0.47259136212624586 0.598125 0.4700996677740864 0.601875 0.4700996677740864 0.613125 0.4750830564784053 0.619375
1 0.5253322259136213 0.445 0.0008305647840531562 0.00125
1 0.5332225913621262 0.460625 0.5465116279069767 0.470625 0.553156146179402 0.473125 0.5681063122923588 0.473125 0.5730897009966778 0.470625 0.5755813953488372 0.4675 0.5764119601328903 0.45625 0.5705980066445183 0.445 0.5589700996677741 0.439375 0.5490033222591362 0.438125 0.5357142857142857 0.443125 0.532392026578073 0.448125 0.5307308970099668 0.453125 0.5332225913621262 0.460625
1 0.5880398671096345 0.395625 0.6004983388704319 0.4025 0.617109634551495 0.40375 0.622093023255814 0.40125 0.6262458471760798 0.389375 0.6129568106312292 0.375625 0.6021594684385382 0.3725 0.5872093023255814 0.3725 0.5789036544850499 0.378125 0.5789036544850499 0.386875 0.5880398671096345 0.395625
1 0.49169435215946844 0.47375 0.49916943521594687 0.484375 0.5091362126245847 0.491875 0.5157807308970099 0.494375 0.5257475083056479 0.494375 0.5398671096345515 0.4875 0.5382059800664452 0.474375 0.526578073089701 0.46625 0.4958471760797342 0.46625 0.49169435215946844 0.469375 0.49169435215946844 0.47375
1 0.6943521594684385 0.745 0.7034883720930233 0.7475 0.7117940199335548 0.7475 0.723421926910299 0.744375 0.7308970099667774 0.739375 0.7350498338870431 0.733125 0.7333887043189369 0.723125 0.7275747508305648 0.719375 0.7209302325581395 0.718125 0.6951827242524917 0.72 0.6868770764119602 0.728125 0.6852159468438538 0.7375 0.6943521594684385 0.745
1 0.590531561461794 0.475625 0.6162790697674418 0.478125 0.6320598006644518 0.469375 0.6320598006644518 0.46125 0.6295681063122923 0.4575 0.6212624584717608 0.45 0.6121262458471761 0.445625 0.6021594684385382 0.445 0.5913621262458472 0.4475 0.5822259136212624 0.45625 0.5838870431893688 0.470625 0.590531561461794 0.475625
1 0.7649501661129569 0.52875 0.770764119601329 0.530625 0.7832225913621262 0.530625 0.8073089700996677 0.525625 0.8189368770764119 0.51875 0.8205980066445183 0.515 0.8147840531561462 0.504375 0.8014950166112956 0.4975 0.7724252491694352 0.5 0.7583056478405316 0.51125 0.7616279069767442 0.524375 0.7649501661129569 0.52875
1 0.729235880398671 0.503125 0.7317275747508306 0.509375 0.739202657807309 0.513125 0.7549833887043189 0.51125 0.760797342192691 0.50875 0.770764119601329 0.4975 0.7699335548172758 0.49 0.7591362126245847 0.484375 0.7333887043189369 0.49 0.7259136212624585 0.49625 0.7259136212624585 0.50125 0.729235880398671 0.503125
1 0.5149501661129569 0.50875 0.5224252491694352 0.51125 0.5440199335548173 0.509375 0.5564784053156147 0.50125 0.5539867109634552 0.49 0.5465116279069767 0.486875 0.542358803986711 0.486875 0.526578073089701 0.494375 0.5141196013289037 0.495625 0.5116279069767442 0.503125 0.5149501661129569 0.50875
1 0.6387043189368771 0.45875 0.643687707641196 0.46625 0.6470099667774086 0.4675 0.670265780730897 0.46125 0.6843853820598007 0.449375 0.686046511627907 0.441875 0.6785714285714286 0.4325 0.670265780730897 0.43125 0.654485049833887 0.435 0.6470099667774086 0.439375 0.6420265780730897 0.44625 0.6387043189368771 0.451875 0.6387043189368771 0.45875
1 0.7134551495016611 0.4875 0.723421926910299 0.49125 0.7342192691029901 0.49125 0.7441860465116279 0.48875 0.7541528239202658 0.484375 0.7583056478405316 0.479375 0.7583056478405316 0.470625 0.75 0.465 0.7275747508305648 0.46875 0.7084717607973422 0.469375 0.7084717607973422 0.483125 0.7134551495016611 0.4875
1 0.6486710963455149 0.393125 0.6586378737541528 0.39875 0.6644518272425249 0.39875 0.675249169435216 0.395 0.6868770764119602 0.386875 0.6901993355481728 0.375625 0.6877076411960132 0.3675 0.6810631229235881 0.3625 0.6719269102990033 0.36 0.6619601328903655 0.364375 0.6453488372093024 0.378125 0.6445182724252492 0.384375 0.6486710963455149 0.393125
1 0.5631229235880398 0.418125 0.5730897009966778 0.420625 0.5813953488372093 0.420625 0.5880398671096345 0.418125 0.5971760797342193 0.410625 0.5963455149501661 0.400625 0.5830564784053156 0.3925 0.5647840531561462 0.39375 0.5556478405315615 0.40125 0.5564784053156147 0.4125 0.5631229235880398 0.418125
1 0.6137873754152824 0.659375 0.617109634551495 0.66125 0.6254152823920266 0.66125 0.632890365448505 0.66625 0.6403654485049833 0.665625 0.6461794019933554 0.654375 0.6453488372093024 0.6475 0.6403654485049833 0.64 0.6270764119601329 0.634375 0.6154485049833887 0.634375 0.6079734219269103 0.636875 0.6079734219269103 0.649375 0.6137873754152824 0.659375
1 0.5664451827242525 0.599375 0.5780730897009967 0.613125 0.5880398671096345 0.61625 0.6029900332225914 0.61375 0.6071428571428571 0.606875 0.606312292358804 0.598125 0.5921926910299004 0.586875 0.5838870431893688 0.585 0.5689368770764119 0.591875 0.5664451827242525 0.59375 0.5664451827242525 0.599375
1 0.9127906976744186 0.57125 0.9177740863787376 0.571875 0.9277408637873754 0.57875 0.9485049833887044 0.576875 0.9551495016611296 0.57125 0.9534883720930233 0.560625 0.9385382059800664 0.54875 0.9210963455149501 0.545625 0.9069767441860465 0.5525 0.9028239202657807 0.560625 0.9127906976744186 0.57125
1 0.48588039867109634 0.540625 0.5099667774086378 0.54 0.5240863787375415 0.529375 0.5224252491694352 0.51625 0.5099667774086378 0.51 0.489202657807309 0.51125 0.47591362126245845 0.5225 0.47591362126245845 0.535625 0.48588039867109634 0.540625
1 0.8255813953488372 0.565625 0.8421926910299004 0.566875 0.8521594684385382 0.560625 0.8579734219269103 0.550625 0.8579734219269103 0.540625 0.8554817275747508 0.535625 0.8471760797342193 0.52875 0.8363787375415282 0.524375 0.8289036544850499 0.524375 0.8197674418604651 0.529375 0.8131229235880398 0.538125 0.8131229235880398 0.551875 0.8255813953488372 0.565625
1 0.5481727574750831 0.37875 0.5581395348837209 0.384375 0.5722591362126246 0.384375 0.5872093023255814 0.3725 0.5880398671096345 0.3675 0.5730897009966778 0.358125 0.5589700996677741 0.356875 0.5440199335548173 0.3625 0.5440199335548173 0.37375 0.5481727574750831 0.37875
1 0.6744186046511628 0.70625 0.6794019933554817 0.7125 0.6918604651162791 0.718125 0.7151162790697675 0.716875 0.728405315614618 0.706875 0.729235880398671 0.69625 0.7209302325581395 0.68875 0.7117940199335548 0.685625 0.6827242524916943 0.6875 0.6760797342192691 0.6925 0.6735880398671097 0.696875 0.6744186046511628 0.70625
1 0.6187707641196013 0.513125 0.6295681063122923 0.515 0.6403654485049833 0.513125 0.6470099667774086 0.51 0.6569767441860465 0.49875 0.6586378737541528 0.494375 0.654485049833887 0.485 0.6495016611295681 0.48125 0.6411960132890365 0.479375 0.6237541528239202 0.483125 0.6179401993355482 0.486875 0.6137873754152824 0.50125 0.6137873754152824 0.5075 0.6187707641196013 0.513125
1 0.5622923588039868 0.50625 0.574750830564784 0.515 0.5888704318936877 0.515 0.6112956810631229 0.504375 0.6162790697674418 0.49625 0.617109634551495 0.486875 0.6112956810631229 0.479375 0.5880398671096345 0.47625 0.5730897009966778 0.48125 0.5598006644518272 0.490625 0.5589700996677741 0.49875 0.5622923588039868 0.50625
1 0.5149501661129569 0.43375 0.5249169435215947 0.4375 0.5390365448504983 0.43625 0.5415282392026578 0.4325 0.5415282392026578 0.418125 0.5382059800664452 0.410625 0.5332225913621262 0.40625 0.5240863787375415 0.40125 0.5141196013289037 0.400625 0.5008305647840532 0.40875 0.5 0.418125 0.5149501661129569 0.43375
1 0.6071428571428571 0.62875 0.617109634551495 0.63375 0.6303986710963455 0.63125 0.643687707641196 0.6225 0.6470099667774086 0.6175 0.6470099667774086 0.608125 0.6362126245847176 0.600625 0.6146179401993356 0.603125 0.606312292358804 0.61125 0.6046511627906976 0.62375 0.6071428571428571 0.62875
1 0.6071428571428571 0.6 0.6187707641196013 0.601875 0.6387043189368771 0.6 0.643687707641196 0.598125 0.6495016611295681 0.591875 0.6495016611295681 0.58125 0.6403654485049833 0.5725 0.6121262458471761 0.5725 0.6071428571428571 0.57375 0.5980066445182725 0.581875 0.5971760797342193 0.588125 0.6071428571428571 0.6
1 0.44601328903654486 0.425 0.4568106312292359 0.431875 0.4676079734219269 0.435 0.4850498338870432 0.435 0.4883720930232558 0.4325 0.4900332225913621 0.420625 0.4850498338870432 0.413125 0.47674418604651164 0.406875 0.4684385382059801 0.40375 0.457641196013289 0.40375 0.45099667774086377 0.40625 0.44435215946843853 0.41375 0.4435215946843854 0.42 0.44601328903654486 0.425
1 0.6710963455149501 0.420625 0.6877076411960132 0.424375 0.7051495016611296 0.420625 0.7151162790697675 0.413125 0.717607973421927 0.408125 0.7167774086378738 0.4 0.7084717607973422 0.39375 0.7026578073089701 0.3925 0.6827242524916943 0.39375 0.6744186046511628 0.39625 0.6627906976744186 0.404375 0.6627906976744186 0.415 0.6710963455149501 0.420625
1 0.6794019933554817 0.660625 0.6910299003322259 0.660625 0.7026578073089701 0.6575 0.7134551495016611 0.650625 0.7151162790697675 0.639375 0.7051495016611296 0.63125 0.6910299003322259 0.63125 0.6810631229235881 0.635 0.6677740863787376 0.64625 0.6686046511627907 0.655 0.6794019933554817 0.660625
1 0.5332225913621262 0.62 0.5398671096345515 0.629375 0.5465116279069767 0.634375 0.5622923588039868 0.634375 0.5705980066445183 0.625 0.5705980066445183 0.615 0.5614617940199336 0.6 0.5514950166112956 0.595625 0.5406976744186046 0.6 0.5348837209302325 0.60625 0.532392026578073 0.61125 0.5332225913621262 0.62
1 0.7259136212624585 0.544375 0.7367109634551495 0.54875 0.7475083056478405 0.5475 0.7541528239202658 0.540625 0.7541528239202658 0.53125 0.7475083056478405 0.51875 0.7325581395348837 0.51 0.7225913621262459 0.51 0.7109634551495017 0.516875 0.7117940199335548 0.52875 0.7259136212624585 0.544375
1 0.6486710963455149 0.72875 0.6669435215946844 0.739375 0.6760797342192691 0.74 0.6802325581395349 0.738125 0.6843853820598007 0.734375 0.6843853820598007 0.723125 0.6694352159468439 0.7025 0.6569767441860465 0.6975 0.6503322259136213 0.69875 0.6428571428571429 0.70625 0.6428571428571429 0.72 0.6486710963455149 0.72875
1 0.8538205980066446 0.530625 0.8687707641196013 0.534375 0.8803986710963455 0.5325 0.8920265780730897 0.525625 0.8970099667774086 0.51625 0.8970099667774086 0.508125 0.8870431893687708 0.50125 0.8704318936877077 0.5 0.8571428571428571 0.504375 0.8488372093023255 0.515 0.8488372093023255 0.523125 0.8538205980066446 0.530625
1 0.5373754152823921 0.534375 0.5556478405315615 0.534375 0.5689368770764119 0.520625 0.5672757475083057 0.51125 0.5581395348837209 0.505 0.5481727574750831 0.50625 0.5440199335548173 0.509375 0.5307308970099668 0.511875 0.526578073089701 0.515 0.5249169435215947 0.525 0.5373754152823921 0.534375
1 0.8986710963455149 0.601875 0.9144518272425249 0.601875 0.9269102990033222 0.59375 0.9260797342192691 0.57875 0.9169435215946844 0.5725 0.8986710963455149 0.5725 0.8837209302325582 0.58 0.8862126245847176 0.5975 0.8986710963455149 0.601875
0 0.6428571428571429 0.23625 0.6395348837209303 0.2125 0.632890365448505 0.18625 0.5980066445182725 0.17 0.553156146179402 0.1725 0.5299003322259136 0.18625 0.5199335548172758 0.21 0.5232558139534884 0.245 0.553156146179402 0.2675 0.5697674418604651 0.27 0.6229235880398671 0.2625 0.6428571428571429 0.23625