0 0.315625 0.49335548172757476 0.328125 0.49916943521594687 0.335 0.5083056478405316 0.34125 0.5249169435215947 0.341875 0.5415282392026578 0.3375 0.5564784053156147 0.33125 0.5672757475083057 0.314375 0.5764119601328903 0.3 0.574750830564784 0.289375 0.5664451827242525 0.281875 0.553156146179402 0.279375 0.5299003322259136 0.2825 0.5157807308970099 0.29 0.5033222591362126 0.303125 0.4941860465116279 0.315 0.49335548172757476
1 0.3775 0.6046511627906976 0.384375 0.6112956810631229 0.386875 0.6204318936877077 0.385625 0.632890365448505 0.379375 0.6403654485049833 0.37375 0.6395348837209303 0.368125 0.6337209302325582 0.365 0.6204318936877077 0.3675 0.6096345514950167 0.376875 0.6046511627906976
1 0.58125 0.532392026578073 0.58375 0.532392026578073 0.589375 0.5398671096345515 0.59 0.5465116279069767 0.586875 0.5614617940199336 0.58125 0.5672757475083057 0.576875 0.5681063122923588 0.571875 0.563953488372093 0.56875 0.5564784053156147 0.570625 0.5440199335548173 0.58125 0.5332225913621262
1 0.50875 0.43023255813953487 0.51375 0.43521594684385384 0.516875 0.44518272425249167 0.51625 0.45598006644518274 0.50875 0.4642857142857143 0.501875 0.4634551495016611 0.496875 0.45016611295681064 0.498125 0.4377076411960133 0.5025 0.4318936877076412 0.508125 0.43023255813953487
1 0.45375 0.6162790697674418 0.46 0.6229235880398671 0.46 0.6337209302325582 0.455625 0.6411960132890365 0.449375 0.6453488372093024 0.438125 0.643687707641196 0.435 0.6403654485049833 0.43375 0.6345514950166113 0.435 0.627906976744186 0.4425 0.6196013289036545 0.453125 0.6162790697674418
1 0.636875 0.5573089700996677 0.64375 0.5614617940199336 0.650625 0.5739202657807309 0.649375 0.5880398671096345 0.644375 0.5921926910299004 0.639375 0.5921926910299004 0.63 0.5805647840531561 0.63 0.5631229235880398 0.633125 0.5581395348837209 0.63625 0.5581395348837209
1 0.4625 0.5863787375415282 0.4675 0.595514950166113 0.468125 0.6029900332225914 0.465 0.6088039867109635 0.458125 0.6129568106312292 0.44875 0.6088039867109635 0.445625 0.595514950166113 0.449375 0.5863787375415282 0.454375 0.5838870431893688 0.461875 0.5863787375415282
1 0.356875 0.6129568106312292 0.364375 0.617109634551495 0.366875 0.6312292358803987 0.366875 0.6370431893687708 0.36 0.6453488372093024 0.350625 0.6403654485049833 0.346875 0.6303986710963455 0.34875 0.6179401993355482 0.35625 0.6129568106312292
1 0.398125 0.5365448504983389 0.40375 0.5398671096345515 0.4075 0.5465116279069767 0.4075 0.5573089700996677 0.404375 0.5622923588039868 0.393125 0.5622923588039868 0.3875 0.5514950166112956 0.38875 0.5440199335548173 0.3975 0.5365448504983389
1 0.6075 0.6578073089700996 0.615625 0.6644518272425249 0.61625 0.6719269102990033 0.6125 0.6818936877076412 0.60625 0.686046511627907 0.59875 0.6827242524916943 0.595 0.6719269102990033 0.600625 0.6602990033222591 0.606875 0.6578073089700996
1 0.38 0.5556478405315615 0.385 0.5589700996677741 0.3875 0.5689368770764119 0.38625 0.5739202657807309 0.3775 0.5830564784053156 0.365625 0.5813953488372093 0.363125 0.5780730897009967 0.3625 0.5689368770764119 0.36875 0.5589700996677741 0.379375 0.5556478405315615
1 0.664375 0.5406976744186046 0.669375 0.5498338870431894 0.669375 0.5614617940199336 0.66625 0.5705980066445183 0.659375 0.5755813953488372 0.6525 0.5714285714285714 0.650625 0.5564784053156147 0.658125 0.542358803986711 0.66375 0.5406976744186046
1 0.575625 0.5199335548172758 0.58 0.5240863787375415 0.579375 0.532392026578073 0.5775 0.5365448504983389 0.5675 0.5440199335548173 0.5575 0.5398671096345515 0.555 0.5357142857142857 0.555625 0.5290697674418605 0.556875 0.5257475083056479 0.566875 0.5182724252491694 0.571875 0.5174418604651163 0.575 0.5199335548172758
1 0.636875 0.5299003322259136 0.641875 0.5332225913621262 0.64375 0.5406976744186046 0.640625 0.5506644518272426 0.6325 0.5556478405315615 0.6225 0.553156146179402 0.61875 0.5465116279069767 0.61875 0.5398671096345515 0.625625 0.53156146179402 0.63625 0.5299003322259136
1 0.55625 0.489202657807309 0.564375 0.5041528239202658 0.564375 0.5149501661129569 0.558125 0.5224252491694352 0.54625 0.5182724252491694 0.539375 0.5083056478405316 0.5375 0.5016611295681063 0.538125 0.49750830564784054 0.543125 0.4908637873754153 0.549375 0.4867109634551495 0.55375 0.4867109634551495 0.555625 0.489202657807309
1 0.484375 0.5257475083056479 0.490625 0.5299003322259136 0.494375 0.5365448504983389 0.4925 0.5456810631229236 0.485625 0.5514950166112956 0.47625 0.5498338870431894 0.47125 0.5415282392026578 0.4725 0.5332225913621262 0.475625 0.5282392026578073 0.48375 0.5257475083056479
1 0.428125 0.6445182724252492 0.4325 0.6495016611295681 0.433125 0.659468438538206 0.430625 0.665282392026578 0.425625 0.6686046511627907 0.42 0.6686046511627907 0.4125 0.6644518272425249 0.4075 0.6553156146179402 0.4075 0.6495016611295681 0.41 0.6453488372093024 0.4175 0.6420265780730897 0.4275 0.6445182724252492
1 0.42375 0.6885382059800664 0.430625 0.6951827242524917 0.431875 0.7068106312292359 0.4275 0.71843853820598 0.421875 0.723421926910299 0.410625 0.7200996677740864 0.40875 0.707641196013289 0.410625 0.6960132890365448 0.414375 0.6910299003322259 0.423125 0.6885382059800664
1 0.623125 0.6362126245847176 0.630625 0.6395348837209303 0.63625 0.6470099667774086 0.63875 0.6553156146179402 0.636875 0.6636212624584718 0.633125 0.6669435215946844 0.62625 0.6669435215946844 0.61875 0.6602990033222591 0.615625 0.6528239202657807 0.615625 0.643687707641196 0.619375 0.6378737541528239 0.6225 0.6370431893687708
1 0.41 0.4867109634551495 0.41375 0.4925249169435216 0.41625 0.5083056478405316 0.410625 0.5182724252491694 0.405 0.5224252491694352 0.3975 0.5199335548172758 0.39375 0.5008305647840532 0.3975 0.4900332225913621 0.404375 0.48588039867109634 0.409375 0.4867109634551495
1 0.511875 0.5074750830564784 0.50625 0.5024916943521595 0.509375 0.4808970099667774 0.51625 0.47674418604651164 0.523125 0.48754152823920266 0.5225 0.4958471760797342 0.519375 0.5033222591362126 0.5125 0.5066445182724253
1 0.638125 0.46179401993355484 0.64375 0.4676079734219269 0.645625 0.473421926910299 0.645625 0.48255813953488375 0.640625 0.489202657807309 0.6325 0.48754152823920266 0.6275 0.47840531561461797 0.62875 0.46677740863787376 0.633125 0.46179401993355484 0.6375 0.46179401993355484
1 0.423125 0.45016611295681064 0.42875 0.45514950166112955 0.43 0.46677740863787376 0.425 0.47840531561461797 0.419375 0.48255813953488375 0.4125 0.4808970099667774 0.41 0.47674418604651164 0.409375 0.4692691029900332 0.414375 0.45348837209302323 0.418125 0.45016611295681064 0.4225 0.45016611295681064
1 0.55 0.574750830564784 0.55875 0.5913621262458472 0.55625 0.6013289036544851 0.5525 0.6054817275747508 0.54625 0.6054817275747508 0.541875 0.6013289036544851 0.541875 0.5813953488372093 0.549375 0.5755813953488372
1 0.549375 0.45930232558139533 0.55375 0.4700996677740864 0.55375 0.47840531561461797 0.55 0.4867109634551495 0.545 0.489202657807309 0.54 0.4883720930232558 0.536875 0.4833887043189369 0.536875 0.4659468438538206 0.5425 0.4584717607973422 0.54875 0.45930232558139533
1 0.460625 0.48754152823920266 0.466875 0.49169435215946844 0.4675 0.49916943521594687 0.46375 0.5066445182724253 0.45875 0.5091362126245847 0.448125 0.5066445182724253 0.445625 0.5016611295681063 0.445625 0.4958471760797342 0.451875 0.48754152823920266 0.46 0.48754152823920266
1 0.6625 0.5 0.666875 0.5033222591362126 0.668125 0.5132890365448505 0.6625 0.5232558139534884 0.658125 0.5257475083056479 0.64375 0.5232558139534884 0.64 0.5182724252491694 0.64 0.510797342192691 0.64375 0.5041528239202658 0.65 0.5 0.661875 0.5
1 0.57125 0.6179401993355482 0.57375 0.6245847176079734 0.571875 0.6362126245847176 0.565625 0.643687707641196 0.56 0.6461794019933554 0.551875 0.6428571428571429 0.550625 0.6312292358803987 0.559375 0.6187707641196013 0.565 0.6162790697674418 0.570625 0.6179401993355482
1 0.53375 0.5739202657807309 0.54125 0.5838870431893688 0.54125 0.6004983388704319 0.538125 0.6054817275747508 0.5325 0.6079734219269103 0.525625 0.6038205980066446 0.5225 0.5988372093023255 0.52 0.584717607973422 0.5225 0.5755813953488372 0.533125 0.5739202657807309
1 0.5325 0.553156146179402 0.538125 0.5581395348837209 0.53875 0.563953488372093 0.534375 0.5714285714285714 0.526875 0.5739202657807309 0.51625 0.5714285714285714 0.51375 0.5622923588039868 0.519375 0.553156146179402 0.531875 0.553156146179402
1 0.588125 0.49335548172757476 0.595 0.4983388704318937 0.595 0.5116279069767442 0.58875 0.5199335548172758 0.58125 0.5240863787375415 0.57375 0.5174418604651163 0.573125 0.5049833887043189 0.580625 0.4950166112956811 0.5875 0.49335548172757476
1 0.396875 0.3911960132890365 0.40125 0.39368770764119604 0.408125 0.4053156146179402 0.4075 0.41445182724252494 0.399375 0.4210963455149502 0.39 0.4186046511627907 0.385 0.4053156146179402 0.385625 0.39867109634551495 0.38875 0.39285714285714285 0.39625 0.3911960132890365
1 0.394375 0.584717607973422 0.3975 0.590531561461794 0.3975 0.5988372093023255 0.39125 0.6096345514950167 0.3875 0.6112956810631229 0.38 0.6071428571428571 0.3775 0.5930232558139535 0.383125 0.5838870431893688 0.39375 0.584717607973422
1 0.6025 0.5199335548172758 0.611875 0.5257475083056479 0.615625 0.5332225913621262 0.61625 0.5406976744186046 0.6125 0.5465116279069767 0.59875 0.5406976744186046 0.595 0.5365448504983389 0.591875 0.5257475083056479 0.595 0.521594684385382 0.601875 0.5199335548172758
1 0.6 0.5406976744186046 0.6075 0.5448504983388704 0.61 0.5506644518272426 0.605625 0.563953488372093 0.59875 0.5681063122923588 0.590625 0.5647840531561462 0.588125 0.5598006644518272 0.588125 0.5539867109634552 0.59125 0.5456810631229236 0.599375 0.5406976744186046
1 0.575 0.4717607973421927 0.581875 0.47840531561461797 0.5825 0.4883720930232558 0.579375 0.49667774086378735 0.573125 0.5024916943521595 0.56375 0.5016611295681063 0.559375 0.4908637873754153 0.560625 0.4833887043189369 0.565 0.47591362126245845 0.574375 0.4717607973421927
1 0.405625 0.6071428571428571 0.411875 0.6146179401993356 0.41375 0.622093023255814 0.41375 0.6295681063122923 0.40875 0.6370431893687708 0.400625 0.6362126245847176 0.395 0.6254152823920266 0.39625 0.6096345514950167 0.405 0.6071428571428571
1 0.454375 0.5498338870431894 0.46 0.5573089700996677 0.46 0.5664451827242525 0.453125 0.5805647840531561 0.44625 0.5838870431893688 0.439375 0.5780730897009967 0.43875 0.5647840531561462 0.445625 0.5514950166112956 0.45375 0.5498338870431894
1 0.43625 0.7217607973421927 0.44375 0.7375415282392026 0.43875 0.7491694352159468 0.43 0.7549833887043189 0.4225 0.7516611295681063 0.420625 0.7441860465116279 0.42125 0.7358803986710963 0.428125 0.7242524916943521 0.435625 0.7217607973421927
1 0.516875 0.6337209302325582 0.521875 0.6370431893687708 0.5275 0.6470099667774086 0.526875 0.6611295681063123 0.520625 0.6686046511627907 0.515 0.6686046511627907 0.510625 0.665282392026578 0.50625 0.6553156146179402 0.508125 0.6403654485049833 0.51625 0.6337209302325582
1 0.526875 0.45598006644518274 0.53625 0.4676079734219269 0.53625 0.4792358803986711 0.53 0.48754152823920266 0.523125 0.4867109634551495 0.518125 0.47840531561461797 0.51875 0.45930232558139533 0.52125 0.45598006644518274 0.52625 0.45598006644518274
1 0.58875 0.44518272425249167 0.594375 0.45016611295681064 0.595 0.4634551495016611 0.591875 0.4700996677740864 0.584375 0.47674418604651164 0.576875 0.47259136212624586 0.575625 0.4634551495016611 0.579375 0.45016611295681064 0.588125 0.44518272425249167
1 0.37 0.5830564784053156 0.37625 0.5880398671096345 0.37625 0.5980066445182725 0.369375 0.6038205980066446 0.36 0.606312292358804 0.35 0.6029900332225914 0.34875 0.5946843853820598 0.36125 0.5830564784053156 0.369375 0.5830564784053156
1 0.46375 0.5083056478405316 0.466875 0.5099667774086378 0.471875 0.5191029900332226 0.47 0.5274086378737541 0.46125 0.5340531561461794 0.45 0.532392026578073 0.4475 0.5282392026578073 0.446875 0.5199335548172758 0.453125 0.5116279069767442 0.463125 0.5083056478405316
1 0.55 0.6420265780730897 0.56 0.6461794019933554 0.561875 0.6561461794019934 0.560625 0.6644518272425249 0.5575 0.6686046511627907 0.546875 0.6710963455149501 0.535625 0.6636212624584718 0.533125 0.654485049833887 0.534375 0.6478405315614618 0.539375 0.643687707641196 0.549375 0.6428571428571429
1 0.4725 0.40946843853820597 0.476875 0.420265780730897 0.4775 0.43023255813953487 0.475625 0.4393687707641196 0.470625 0.44601328903654486 0.465625 0.44601328903654486 0.46 0.4393687707641196 0.4575 0.4227574750830565 0.4625 0.41029900332225916 0.46625 0.40780730897009965 0.471875 0.40946843853820597
1 0.47375 0.5506644518272426 0.48625 0.5556478405315615 0.4925 0.5664451827242525 0.4925 0.5739202657807309 0.488125 0.5789036544850499 0.480625 0.5789036544850499 0.470625 0.5714285714285714 0.46625 0.5656146179401993 0.465 0.5564784053156147 0.466875 0.553156146179402 0.473125 0.5514950166112956
1 0.508125 0.7200996677740864 0.511875 0.723421926910299 0.515625 0.7342192691029901 0.515 0.7408637873754153 0.51125 0.7458471760797342 0.49875 0.7441860465116279 0.493125 0.7333887043189369 0.493125 0.7267441860465116 0.496875 0.7200996677740864 0.5075 0.7200996677740864
1 0.494375 0.4485049833887043 0.498125 0.4543189368770764 0.498125 0.4642857142857143 0.49375 0.4717607973421927 0.489375 0.4742524916943522 0.48125 0.4700996677740864 0.480625 0.45930232558139533 0.488125 0.44933554817275745 0.49375 0.4485049833887043
1 0.5025 0.473421926910299 0.506875 0.4775747508305648 0.50875 0.4833887043189369 0.508125 0.4941860465116279 0.5025 0.5016611295681063 0.491875 0.49916943521594687 0.48875 0.4908637873754153 0.4925 0.47591362126245845 0.496875 0.47259136212624586 0.501875 0.473421926910299
1 0.446875 0.4642857142857143 0.449375 0.4684385382059801 0.449375 0.47591362126245845 0.438125 0.48754152823920266 0.43125 0.48754152823920266 0.424375 0.48006644518272423 0.43125 0.46511627906976744 0.436875 0.462624584717608 0.44625 0.4642857142857143
1 0.455625 0.7009966777408638 0.4625 0.7068106312292359 0.464375 0.7209302325581395 0.45875 0.7308970099667774 0.45 0.7342192691029901 0.441875 0.729235880398671 0.439375 0.7192691029900332 0.441875 0.7093023255813954 0.445 0.7051495016611296 0.455 0.7009966777408638
1 0.426875 0.48588039867109634 0.431875 0.4925249169435216 0.43125 0.5058139534883721 0.42875 0.5116279069767442 0.421875 0.5157807308970099 0.41625 0.510797342192691 0.415 0.4958471760797342 0.41875 0.48588039867109634 0.42625 0.48588039867109634
1 0.435625 0.5838870431893688 0.4425 0.5872093023255814 0.445 0.5913621262458472 0.445 0.6088039867109635 0.439375 0.6121262458471761 0.4325 0.6112956810631229 0.425625 0.6021594684385382 0.425 0.5963455149501661 0.428125 0.5880398671096345 0.435 0.584717607973422
1 0.560625 0.5622923588039868 0.568125 0.5664451827242525 0.57125 0.5714285714285714 0.57375 0.5813953488372093 0.5725 0.5880398671096345 0.568125 0.5921926910299004 0.5625 0.5921926910299004 0.553125 0.5838870431893688 0.550625 0.5739202657807309 0.554375 0.5656146179401993 0.56 0.5631229235880398
1 0.458125 0.7333887043189369 0.46375 0.7416943521594684 0.464375 0.7508305647840532 0.461875 0.7566445182724253 0.45625 0.7616279069767442 0.449375 0.7599667774086378 0.445625 0.7549833887043189 0.444375 0.7433554817275747 0.446875 0.7358803986710963 0.4575 0.7333887043189369
1 0.56375 0.4377076411960133 0.5675 0.4393687707641196 0.57 0.44601328903654486 0.5675 0.46179401993355484 0.563125 0.4676079734219269 0.55625 0.4700996677740864 0.5525 0.4676079734219269 0.55 0.4601328903654485 0.55375 0.44435215946843853 0.556875 0.44019933554817275 0.563125 0.43853820598006643
1 0.47625 0.7458471760797342 0.480625 0.7516611295681063 0.480625 0.7624584717607974 0.47375 0.7749169435215947 0.4675 0.7782392026578073 0.46125 0.7732558139534884 0.46 0.7616279069767442 0.46625 0.7475083056478405 0.475625 0.7458471760797342