1 0.586875 0.3862126245847176 0.59 0.3911960132890365 0.58875 0.40365448504983387 0.57875 0.4169435215946844 0.570625 0.4111295681063123 0.568125 0.40448504983388706 0.56875 0.39700996677740863 0.57125 0.3911960132890365 0.578125 0.3845514950166113 0.58625 0.3862126245847176
1 0.5525 0.33056478405315615 0.555 0.3372093023255814 0.55375 0.3521594684385382 0.549375 0.3596345514950166 0.540625 0.36710963455149503 0.530625 0.36212624584717606 0.530625 0.35132890365448505 0.539375 0.33222591362126247 0.545625 0.3280730897009967 0.55 0.3280730897009967 0.551875 0.33056478405315615
1 0.558125 0.35714285714285715 0.563125 0.3637873754152824 0.564375 0.37375415282392027 0.560625 0.3862126245847176 0.55125 0.3945182724252492 0.545625 0.39368770764119604 0.543125 0.38870431893687707 0.54375 0.3729235880398671 0.5525 0.3579734219269103 0.5575 0.35714285714285715
1 0.654375 0.4393687707641196 0.66125 0.44601328903654486 0.664375 0.45598006644518274 0.6625 0.4659468438538206 0.654375 0.47259136212624586 0.64625 0.4676079734219269 0.643125 0.4568106312292359 0.645625 0.4435215946843854 0.65375 0.4393687707641196
1 0.57125 0.303156146179402 0.580625 0.3064784053156146 0.58625 0.313953488372093 0.588125 0.32475083056478404 0.585 0.3347176079734219 0.58125 0.3388704318936877 0.574375 0.33970099667774084 0.564375 0.3380398671096346 0.56 0.3330564784053156 0.558125 0.32641196013289037 0.56 0.3122923588039867 0.56375 0.3064784053156146 0.570625 0.30398671096345514
1 0.464375 0.5664451827242525 0.473125 0.5780730897009967 0.47375 0.5946843853820598 0.468125 0.6054817275747508 0.46 0.6104651162790697 0.455 0.6104651162790697 0.44875 0.6038205980066446 0.445625 0.5888704318936877 0.449375 0.5780730897009967 0.45625 0.5672757475083057 0.46375 0.5664451827242525
1 0.509375 0.5431893687707641 0.515625 0.5498338870431894 0.515625 0.5614617940199336 0.511875 0.5689368770764119 0.5025 0.5755813953488372 0.49375 0.5739202657807309 0.49125 0.5672757475083057 0.491875 0.5581395348837209 0.49875 0.5465116279069767 0.503125 0.5431893687707641 0.50875 0.5431893687707641
1 0.506875 0.643687707641196 0.51375 0.6503322259136213 0.51625 0.665282392026578 0.511875 0.6735880398671097 0.50625 0.6769102990033222 0.49625 0.675249169435216 0.490625 0.6694352159468439 0.48875 0.6627906976744186 0.489375 0.6528239202657807 0.491875 0.6470099667774086 0.4975 0.6428571428571429 0.50625 0.643687707641196
1 0.34125 0.7142857142857143 0.34875 0.717607973421927 0.351875 0.7217607973421927 0.35375 0.728405315614618 0.3525 0.7400332225913622 0.346875 0.7450166112956811 0.340625 0.7458471760797342 0.336875 0.7441860465116279 0.3325 0.7375415282392026 0.330625 0.7308970099667774 0.33125 0.7225913621262459 0.335625 0.7159468438538206 0.340625 0.7151162790697675
1 0.49875 0.4867109634551495 0.505 0.4941860465116279 0.505 0.5058139534883721 0.5 0.5182724252491694 0.489375 0.5282392026578073 0.4825 0.5249169435215947 0.481875 0.5058139534883721 0.488125 0.49335548172757476 0.498125 0.4867109634551495
1 0.5825 0.71843853820598 0.5875 0.7259136212624585 0.5875 0.7333887043189369 0.584375 0.739202657807309 0.574375 0.7450166112956811 0.56375 0.7441860465116279 0.56 0.7350498338870431 0.56125 0.7275747508305648 0.571875 0.7159468438538206 0.581875 0.71843853820598
1 0.37875 0.5473421926910299 0.38375 0.5490033222591362 0.390625 0.5631229235880398 0.38875 0.5764119601328903 0.380625 0.5830564784053156 0.373125 0.5813953488372093 0.369375 0.5772425249169435 0.3675 0.5697674418604651 0.36875 0.5498338870431894 0.378125 0.5473421926910299
1 0.6125 0.446843853820598 0.62 0.4543189368770764 0.621875 0.46096345514950166 0.620625 0.47093023255813954 0.6125 0.4775747508305648 0.605 0.4775747508305648 0.598125 0.4742524916943522 0.594375 0.4700996677740864 0.5925 0.4634551495016611 0.59375 0.45598006644518274 0.601875 0.44601328903654486 0.611875 0.446843853820598
1 0.6425 0.4700996677740864 0.6475 0.4750830564784053 0.649375 0.48754152823920266 0.645 0.5008305647840532 0.636875 0.5083056478405316 0.6325 0.5083056478405316 0.63 0.5049833887043189 0.626875 0.4950166112956811 0.626875 0.4867109634551495 0.6325 0.4750830564784053 0.641875 0.4700996677740864
1 0.479375 0.5348837209302325 0.488125 0.5431893687707641 0.49125 0.5514950166112956 0.49 0.5606312292358804 0.480625 0.5681063122923588 0.47 0.5656146179401993 0.465 0.5564784053156147 0.466875 0.5390365448504983 0.4725 0.5340531561461794 0.47875 0.5348837209302325
1 0.54625 0.7167774086378738 0.551875 0.723421926910299 0.5525 0.7325581395348837 0.550625 0.7375415282392026 0.541875 0.7425249169435216 0.535 0.7416943521594684 0.53125 0.7375415282392026 0.529375 0.7250830564784053 0.53625 0.7167774086378738 0.545625 0.7167774086378738
1 0.59875 0.4069767441860465 0.605625 0.4127906976744186 0.605625 0.4277408637873754 0.59875 0.4393687707641196 0.58875 0.44601328903654486 0.581875 0.44518272425249167 0.576875 0.44019933554817275 0.576875 0.4219269102990033 0.5875 0.4069767441860465 0.598125 0.4069767441860465
1 0.685 0.34634551495016613 0.69375 0.3538205980066445 0.695625 0.36710963455149503 0.690625 0.3770764119601329 0.683125 0.3812292358803987 0.6775 0.3803986710963455 0.674375 0.3770764119601329 0.6725 0.3654485049833887 0.675 0.35299003322259137 0.684375 0.34634551495016613
1 0.444375 0.3446843853820598 0.450625 0.3496677740863787 0.45375 0.3554817275747508 0.454375 0.36212624584717606 0.450625 0.3729235880398671 0.4425 0.3795681063122924 0.438125 0.3787375415282392 0.4325 0.3729235880398671 0.430625 0.36129568106312293 0.4325 0.35299003322259137 0.43625 0.34717607973421927 0.44375 0.3446843853820598
1 0.591875 0.5431893687707641 0.595 0.5506644518272426 0.59375 0.563953488372093 0.589375 0.5722591362126246 0.57875 0.5789036544850499 0.575 0.5780730897009967 0.571875 0.5722591362126246 0.57375 0.5564784053156147 0.581875 0.5431893687707641 0.59125 0.5431893687707641
1 0.6975 0.4850498338870432 0.70375 0.49169435215946844 0.705625 0.5066445182724253 0.701875 0.5166112956810631 0.69125 0.5232558139534884 0.685625 0.5224252491694352 0.683125 0.5191029900332226 0.68125 0.510797342192691 0.681875 0.4983388704318937 0.6875 0.48588039867109634 0.696875 0.4850498338870432
1 0.375625 0.5141196013289037 0.388125 0.5249169435215947 0.390625 0.5365448504983389 0.388125 0.5431893687707641 0.38 0.5473421926910299 0.37 0.5448504983388704 0.363125 0.526578073089701 0.366875 0.5157807308970099 0.375 0.5141196013289037
1 0.52625 0.3230897009966777 0.534375 0.3289036544850498 0.535625 0.3388704318936877 0.53 0.3496677740863787 0.523125 0.3521594684385382 0.514375 0.3521594684385382 0.508125 0.3488372093023256 0.50625 0.34551495016611294 0.50625 0.3372093023255814 0.508125 0.3313953488372093 0.515 0.3239202657807309 0.525625 0.3230897009966777
1 0.63 0.28488372093023256 0.63625 0.2865448504983389 0.64375 0.2956810631229236 0.644375 0.30398671096345514 0.641875 0.30980066445182725 0.63125 0.3181063122923588 0.624375 0.3181063122923588 0.618125 0.3131229235880399 0.61625 0.3064784053156146 0.6175 0.29651162790697677 0.621875 0.28903654485049834 0.629375 0.2857142857142857
1 0.539375 0.665282392026578 0.54625 0.6719269102990033 0.54875 0.6785714285714286 0.54875 0.6885382059800664 0.54375 0.696843853820598 0.536875 0.7001661129568106 0.52875 0.6993355481727574 0.525 0.6893687707641196 0.525 0.6802325581395349 0.528125 0.6710963455149501 0.5325 0.6661129568106312 0.53875 0.665282392026578
1 0.6475 0.5049833887043189 0.65375 0.5091362126245847 0.655 0.5199335548172758 0.65125 0.5290697674418605 0.64375 0.5357142857142857 0.635625 0.5340531561461794 0.633125 0.5290697674418605 0.6325 0.520764119601329 0.63625 0.5116279069767442 0.646875 0.5049833887043189
1 0.64125 0.4111295681063123 0.645 0.4186046511627907 0.644375 0.43521594684385384 0.64 0.4426910299003322 0.630625 0.45016611295681064 0.625625 0.44933554817275745 0.623125 0.4418604651162791 0.625 0.42524916943521596 0.6325 0.4127906976744186 0.640625 0.4111295681063123
1 0.56125 0.42441860465116277 0.566875 0.4318936877076412 0.56875 0.4435215946843854 0.5675 0.44933554817275745 0.560625 0.45598006644518274 0.553125 0.45514950166112955 0.549375 0.45099667774086377 0.5475 0.44435215946843853 0.5475 0.43521594684385384 0.55 0.42857142857142855 0.555625 0.42358803986710963 0.560625 0.42441860465116277
1 0.404375 0.510797342192691 0.409375 0.5199335548172758 0.40875 0.5290697674418605 0.405625 0.5365448504983389 0.39875 0.542358803986711 0.39125 0.5406976744186046 0.38875 0.521594684385382 0.395625 0.5099667774086378 0.40375 0.510797342192691
1 0.421875 0.5373754152823921 0.426875 0.5448504983388704 0.425 0.563953488372093 0.418125 0.5739202657807309 0.41125 0.5772425249169435 0.40625 0.5755813953488372 0.403125 0.5705980066445183 0.40375 0.5548172757475083 0.411875 0.5390365448504983 0.42125 0.5373754152823921
1 0.66875 0.48588039867109634 0.675625 0.4908637873754153 0.6775 0.4958471760797342 0.6775 0.5091362126245847 0.675625 0.5157807308970099 0.668125 0.521594684385382 0.660625 0.5182724252491694 0.655625 0.5083056478405316 0.66 0.49169435215946844 0.663125 0.48754152823920266 0.668125 0.48588039867109634
1 0.605625 0.3712624584717608 0.6125 0.3770764119601329 0.615 0.3903654485049834 0.61375 0.39700996677740863 0.604375 0.4061461794019934 0.59875 0.4053156146179402 0.594375 0.4003322259136213 0.59125 0.3862126245847176 0.595 0.37624584717607973 0.599375 0.37209302325581395 0.605 0.3712624584717608
1 0.363125 0.4019933554817276 0.37 0.4061461794019934 0.37375 0.4152823920265781 0.373125 0.42441860465116277 0.366875 0.43272425249169433 0.358125 0.43023255813953487 0.3525 0.4210963455149502 0.355 0.4053156146179402 0.358125 0.4019933554817276 0.3625 0.4019933554817276
1 0.478125 0.7308970099667774 0.480625 0.7375415282392026 0.479375 0.7549833887043189 0.476875 0.7591362126245847 0.466875 0.7632890365448505 0.46375 0.7624584717607974 0.460625 0.7566445182724253 0.460625 0.7408637873754153 0.468125 0.7300664451827242 0.4775 0.7308970099667774
1 0.6875 0.4526578073089701 0.6925 0.4601328903654485 0.693125 0.47259136212624586 0.68875 0.4808970099667774 0.68375 0.4833887043189369 0.675625 0.4833887043189369 0.670625 0.47674418604651164 0.67 0.4676079734219269 0.67125 0.4601328903654485 0.675625 0.4543189368770764 0.68125 0.45099667774086377 0.686875 0.4526578073089701
1 0.533125 0.3014950166112957 0.536875 0.303156146179402 0.541875 0.31146179401993357 0.54125 0.31976744186046513 0.53625 0.32641196013289037 0.520625 0.32142857142857145 0.518125 0.31727574750830567 0.52375 0.3023255813953488 0.5325 0.3014950166112957
1 0.5625 0.6926910299003323 0.56875 0.6951827242524917 0.571875 0.6993355481727574 0.5725 0.7068106312292359 0.568125 0.717607973421927 0.5575 0.7225913621262459 0.55125 0.7200996677740864 0.548125 0.7159468438538206 0.5475 0.7084717607973422 0.55125 0.6985049833887044 0.556875 0.6935215946843853 0.561875 0.6926910299003323
1 0.353125 0.5523255813953488 0.35625 0.5589700996677741 0.355625 0.5664451827242525 0.3525 0.5739202657807309 0.345 0.5805647840531561 0.335625 0.5789036544850499 0.333125 0.574750830564784 0.333125 0.5647840531561462 0.336875 0.5564784053156147 0.34125 0.5523255813953488 0.3525 0.5523255813953488
1 0.5725 0.33970099667774084 0.583125 0.3438538205980066 0.586875 0.3521594684385382 0.5875 0.36212624584717606 0.57875 0.36794019933554817 0.566875 0.36627906976744184 0.558125 0.35631229235880396 0.559375 0.34634551495016613 0.56375 0.33970099667774084 0.571875 0.33970099667774084
1 0.533125 0.3646179401993355 0.539375 0.36710963455149503 0.543125 0.37790697674418605 0.539375 0.38787375415282394 0.529375 0.39368770764119604 0.52125 0.3911960132890365 0.518125 0.3862126245847176 0.5175 0.3803986710963455 0.5225 0.3696013289036545 0.5325 0.3646179401993355
1 0.5075 0.44518272425249167 0.51125 0.4526578073089701 0.51 0.46677740863787376 0.50375 0.47674418604651164 0.495625 0.48172757475083056 0.486875 0.4792358803986711 0.486875 0.462624584717608 0.496875 0.44518272425249167 0.506875 0.44518272425249167
1 0.474375 0.3546511627906977 0.479375 0.3588039867109635 0.48125 0.3729235880398671 0.4775 0.38289036544850497 0.470625 0.38953488372093026 0.46375 0.38704318936877075 0.459375 0.3754152823920266 0.464375 0.3596345514950166 0.4675 0.3554817275747508 0.47375 0.3546511627906977
1 0.626875 0.35631229235880396 0.6325 0.36295681063122925 0.635 0.3712624584717608 0.634375 0.38704318936877075 0.626875 0.3945182724252492 0.623125 0.3945182724252492 0.61625 0.38787375415282394 0.6125 0.37375415282392027 0.613125 0.3654485049833887 0.616875 0.3579734219269103 0.62 0.3554817275747508 0.62625 0.35631229235880396
1 0.404375 0.5913621262458472 0.41125 0.5963455149501661 0.41375 0.6129568106312292 0.408125 0.6245847176079734 0.399375 0.6295681063122923 0.39375 0.627906976744186 0.390625 0.6229235880398671 0.389375 0.6088039867109635 0.396875 0.5930232558139535 0.40375 0.5913621262458472
1 0.46 0.670265780730897 0.46375 0.675249169435216 0.463125 0.686046511627907 0.456875 0.6935215946843853 0.45 0.696843853820598 0.441875 0.696843853820598 0.43875 0.6943521594684385 0.436875 0.6910299003322259 0.436875 0.6827242524916943 0.44625 0.670265780730897 0.459375 0.670265780730897
1 0.6025 0.3330564784053156 0.61 0.3388704318936877 0.61125 0.3496677740863787 0.606875 0.36046511627906974 0.59875 0.3654485049833887 0.5925 0.3654485049833887 0.588125 0.36212624584717606 0.585625 0.34136212624584716 0.59125 0.3338870431893688 0.601875 0.3330564784053156
0 0.6991068749999999 0.5906503322259137 0.689285625 0.5977691029900333 0.675 0.6286187707641195 0.67232125 0.6535357142857142 0.67857125 0.6737068106312293 0.705356875 0.697436877076412 0.73125 0.6820124584717608 0.745535625 0.6570955149501662 0.74017875 0.6298056478405315 0.732143125 0.6048887043189368 0.711606875 0.5930232558139535 0.6991068749999999 0.5906503322259137