1 0.405 0.4418604651162791 0.415625 0.436046511627907 0.42375 0.42358803986710963 0.425625 0.40863787375415284 0.423125 0.4003322259136213 0.41625 0.3945182724252492 0.4075 0.3945182724252492 0.401875 0.3978405315614618 0.395 0.4061461794019934 0.390625 0.41777408637873753 0.393125 0.4335548172757475 0.398125 0.4410299003322259 0.405 0.4418604651162791
1 0.44 0.37375415282392027 0.449375 0.36627906976744184 0.454375 0.35631229235880396 0.4575 0.34717607973421927 0.4575 0.32475083056478404 0.453125 0.31478405315614616 0.449375 0.31146179401993357 0.440625 0.31146179401993357 0.434375 0.31976744186046513 0.42875 0.3347176079734219 0.428125 0.36710963455149503 0.435 0.37375415282392027 0.44 0.37375415282392027
1 0.615 0.5656146179401993 0.623125 0.5647840531561462 0.63 0.5581395348837209 0.63 0.5440199335548173 0.625 0.5307308970099668 0.621875 0.5274086378737541 0.613125 0.5240863787375415 0.60125 0.5257475083056479 0.594375 0.5299003322259136 0.591875 0.5382059800664452 0.591875 0.5473421926910299 0.59625 0.5581395348837209 0.615 0.5656146179401993
1 0.71125 0.4111295681063123 0.711875 0.3953488372093023 0.70625 0.38787375415282394 0.69875 0.3853820598006645 0.68375 0.38787375415282394 0.673125 0.39867109634551495 0.67125 0.4053156146179402 0.673125 0.4219269102990033 0.680625 0.42940199335548174 0.695 0.4269102990033223 0.71125 0.4111295681063123
1 0.316875 0.6478405315614618 0.321875 0.6353820598006644 0.3225 0.6179401993355482 0.319375 0.6046511627906976 0.3075 0.595514950166113 0.29375 0.6071428571428571 0.28875 0.622093023255814 0.28875 0.6320598006644518 0.29375 0.6461794019933554 0.30125 0.6519933554817275 0.31125 0.6511627906976745 0.316875 0.6478405315614618
1 0.286875 0.5440199335548173 0.286875 0.53156146179402 0.28 0.5199335548172758 0.266875 0.5191029900332226 0.255 0.5348837209302325 0.255625 0.553156146179402 0.2625 0.5614617940199336 0.274375 0.5606312292358804 0.284375 0.5506644518272426 0.286875 0.5440199335548173
1 0.706875 0.5440199335548173 0.70875 0.5299003322259136 0.7 0.5199335548172758 0.6925 0.5166112956810631 0.678125 0.5199335548172758 0.666875 0.53156146179402 0.6675 0.5440199335548173 0.673125 0.553156146179402 0.68 0.5581395348837209 0.695 0.5556478405315615 0.706875 0.5440199335548173
1 0.423125 0.6511627906976745 0.439375 0.6470099667774086 0.449375 0.6312292358803987 0.45 0.6187707641196013 0.4475 0.6121262458471761 0.44125 0.6054817275747508 0.433125 0.6021594684385382 0.418125 0.6054817275747508 0.41125 0.6137873754152824 0.406875 0.6262458471760798 0.408125 0.6378737541528239 0.411875 0.6445182724252492 0.423125 0.6511627906976745
1 0.54125 0.7109634551495017 0.54125 0.6918604651162791 0.536875 0.6868770764119602 0.529375 0.6835548172757475 0.519375 0.6960132890365448 0.515625 0.7068106312292359 0.515625 0.7159468438538206 0.5225 0.7250830564784053 0.53125 0.7250830564784053 0.53875 0.71843853820598 0.54125 0.7109634551495017
1 0.16625 0.2558139534883721 0.1875 0.2632890365448505 0.196875 0.25249169435215946 0.1975 0.2350498338870432 0.190625 0.21843853820598005 0.1825 0.2101328903654485 0.1775 0.2084717607973422 0.17125 0.2084717607973422 0.165 0.21262458471760798 0.16125 0.22093023255813954 0.160625 0.23754152823920266 0.161875 0.24916943521594684 0.16625 0.2558139534883721
1 0.3175 0.6013289036544851 0.3275 0.6013289036544851 0.3325 0.5988372093023255 0.33875 0.5880398671096345 0.339375 0.5789036544850499 0.336875 0.5697674418604651 0.33375 0.5614617940199336 0.3275 0.5548172757475083 0.319375 0.553156146179402 0.309375 0.5598006644518272 0.3075 0.5722591362126246 0.308125 0.5913621262458472 0.31125 0.5971760797342193 0.3175 0.6013289036544851
1 0.265625 0.4269102990033223 0.2725 0.4210963455149502 0.279375 0.40946843853820597 0.28 0.3953488372093023 0.276875 0.38704318936877075 0.27 0.3812292358803987 0.258125 0.3803986710963455 0.249375 0.3845514950166113 0.241875 0.40863787375415284 0.241875 0.4161129568106312 0.24625 0.42441860465116277 0.25125 0.4269102990033223 0.265625 0.4269102990033223
1 0.548125 0.489202657807309 0.5525 0.4792358803986711 0.5525 0.462624584717608 0.54625 0.44518272425249167 0.541875 0.4418604651162791 0.53375 0.44435215946843853 0.526875 0.4568106312292359 0.525625 0.4684385382059801 0.529375 0.48588039867109634 0.53625 0.4941860465116279 0.54125 0.4941860465116279 0.548125 0.489202657807309
1 0.526875 0.3504983388704319 0.530625 0.3480066445182724 0.53625 0.3380398671096346 0.53625 0.32059800664451826 0.533125 0.31146179401993357 0.524375 0.30481727574750833 0.52 0.30481727574750833 0.5125 0.31146179401993357 0.51 0.31976744186046513 0.51 0.329734219269103 0.51375 0.3430232558139535 0.5175 0.3480066445182724 0.526875 0.3504983388704319
1 0.515 0.2898671096345515 0.515 0.27325581395348836 0.510625 0.26578073089701 0.500625 0.25664451827242524 0.48875 0.25664451827242524 0.48125 0.26578073089701 0.48125 0.2799003322259136 0.486875 0.2915282392026578 0.49375 0.29817275747508304 0.50375 0.3023255813953488 0.515 0.2898671096345515
1 0.350625 0.6769102990033222 0.356875 0.6727574750830565 0.35875 0.6677740863787376 0.36 0.6503322259136213 0.35625 0.6370431893687708 0.353125 0.6312292358803987 0.34375 0.6245847176079734 0.3375 0.6270764119601329 0.33 0.6395348837209303 0.33 0.6586378737541528 0.335 0.6719269102990033 0.339375 0.6760797342192691 0.350625 0.6769102990033222
1 0.7725 0.4410299003322259 0.77375 0.42524916943521596 0.77125 0.4169435215946844 0.76625 0.4119601328903654 0.75125 0.41362126245847175 0.740625 0.42940199335548174 0.740625 0.45099667774086377 0.748125 0.46096345514950166 0.760625 0.4584717607973422 0.7675 0.45099667774086377 0.7725 0.4410299003322259
1 0.525625 0.7275747508305648 0.519375 0.7225913621262459 0.4975 0.7209302325581395 0.48875 0.7317275747508306 0.486875 0.75 0.49125 0.7591362126245847 0.5025 0.7616279069767442 0.520625 0.7483388704318937 0.52625 0.7358803986710963 0.525625 0.7275747508305648
1 0.47 0.5739202657807309 0.480625 0.579734219269103 0.493125 0.579734219269103 0.500625 0.5730897009966778 0.5025 0.5681063122923588 0.5025 0.5548172757475083 0.5 0.5448504983388704 0.495625 0.5406976744186046 0.48375 0.5340531561461794 0.475 0.5340531561461794 0.469375 0.5365448504983389 0.465 0.542358803986711 0.464375 0.5631229235880398 0.47 0.5739202657807309
1 0.23875 0.36295681063122925 0.23875 0.3388704318936877 0.230625 0.32475083056478404 0.214375 0.31893687707641194 0.2025 0.3289036544850498 0.2025 0.35132890365448505 0.21 0.3646179401993355 0.22375 0.37209302325581395 0.22875 0.37209302325581395 0.235 0.3687707641196013 0.23875 0.36295681063122925
1 0.406875 0.5498338870431894 0.41625 0.5431893687707641 0.418125 0.5390365448504983 0.418125 0.5240863787375415 0.41625 0.5182724252491694 0.401875 0.5058139534883721 0.390625 0.5058139534883721 0.3825 0.5124584717607974 0.3775 0.521594684385382 0.380625 0.5348837209302325 0.388125 0.5440199335548173 0.406875 0.5498338870431894
1 0.483125 0.7151162790697675 0.485625 0.7109634551495017 0.488125 0.7018272425249169 0.485625 0.6885382059800664 0.475625 0.6785714285714286 0.459375 0.6785714285714286 0.453125 0.6827242524916943 0.448125 0.6918604651162791 0.449375 0.7101328903654485 0.455 0.7192691029900332 0.47375 0.7209302325581395 0.483125 0.7151162790697675
1 0.261875 0.7101328903654485 0.276875 0.707641196013289 0.285625 0.6951827242524917 0.28625 0.6868770764119602 0.28375 0.6794019933554817 0.279375 0.6735880398671097 0.27125 0.6686046511627907 0.259375 0.6686046511627907 0.250625 0.6760797342192691 0.24625 0.686046511627907 0.24875 0.7018272425249169 0.251875 0.7059800664451827 0.261875 0.7101328903654485
1 0.320625 0.4418604651162791 0.32625 0.4410299003322259 0.3325 0.4368770764119601 0.3375 0.42857142857142855 0.33875 0.41777408637873753 0.336875 0.4119601328903654 0.3325 0.40365448504983387 0.32625 0.3995016611295681 0.31125 0.3978405315614618 0.30625 0.4011627906976744 0.30125 0.41029900332225916 0.30125 0.42441860465116277 0.313125 0.43853820598006643 0.320625 0.4418604651162791
1 0.67 0.7358803986710963 0.680625 0.7358803986710963 0.68625 0.7317275747508306 0.69 0.7250830564784053 0.69 0.7084717607973422 0.6825 0.696843853820598 0.673125 0.6926910299003323 0.6625 0.6926910299003323 0.65625 0.6960132890365448 0.651875 0.7026578073089701 0.651875 0.7167774086378738 0.661875 0.7317275747508306 0.67 0.7358803986710963
1 0.579375 0.632890365448505 0.588125 0.6262458471760798 0.58875 0.6096345514950167 0.579375 0.5946843853820598 0.575 0.5913621262458472 0.565625 0.5897009966777409 0.555625 0.595514950166113 0.553125 0.6013289036544851 0.553125 0.6179401993355482 0.560625 0.6287375415282392 0.568125 0.632890365448505 0.579375 0.632890365448505
1 0.53375 0.5257475083056479 0.526875 0.5157807308970099 0.51875 0.5149501661129569 0.513125 0.5182724252491694 0.505 0.5307308970099668 0.505 0.553156146179402 0.5125 0.5614617940199336 0.526875 0.5589700996677741 0.53375 0.5490033222591362 0.53375 0.5257475083056479
1 0.66625 0.5888704318936877 0.6725 0.5822259136212624 0.674375 0.5755813953488372 0.673125 0.563953488372093 0.66875 0.5589700996677741 0.659375 0.5564784053156147 0.644375 0.5573089700996677 0.63625 0.563953488372093 0.6375 0.574750830564784 0.646875 0.5880398671096345 0.65875 0.5913621262458472 0.66625 0.5888704318936877
1 0.1775 0.3023255813953488 0.18625 0.28903654485049834 0.18625 0.2666112956810631 0.180625 0.26245847176079734 0.173125 0.2599667774086379 0.16375 0.2616279069767442 0.155 0.2691029900332226 0.151875 0.2757475083056478 0.151875 0.29401993355481726 0.16125 0.3081395348837209 0.17125 0.3064784053156146 0.1775 0.3023255813953488
1 0.565 0.3380398671096346 0.5725 0.3330564784053156 0.58125 0.31893687707641194 0.583125 0.3122923588039867 0.581875 0.29401993355481726 0.575625 0.2823920265780731 0.5625 0.2865448504983389 0.553125 0.29817275747508304 0.548125 0.3131229235880399 0.548125 0.3230897009966777 0.553125 0.3338870431893688 0.55875 0.3380398671096346 0.565 0.3380398671096346
1 0.24875 0.4941860465116279 0.254375 0.49667774086378735 0.265 0.4958471760797342 0.27 0.4908637873754153 0.271875 0.48588039867109634 0.271875 0.47093023255813954 0.266875 0.45182724252491696 0.26 0.44435215946843853 0.250625 0.4435215946843854 0.245625 0.44601328903654486 0.240625 0.45598006644518274 0.24 0.4742524916943522 0.241875 0.4833887043189369 0.24875 0.4941860465116279
1 0.428125 0.35631229235880396 0.4275 0.33056478405315615 0.420625 0.313953488372093 0.415625 0.3106312292358804 0.398125 0.33056478405315615 0.39625 0.3388704318936877 0.396875 0.3554817275747508 0.403125 0.36794019933554817 0.41125 0.3729235880398671 0.423125 0.3687707641196013 0.428125 0.35631229235880396
1 0.360625 0.420265780730897 0.373125 0.4127906976744186 0.379375 0.4011627906976744 0.379375 0.3853820598006645 0.36875 0.3729235880398671 0.355 0.37375415282392027 0.34875 0.37790697674418605 0.3425 0.38372093023255816 0.339375 0.39285714285714285 0.340625 0.40863787375415284 0.34625 0.4161129568106312 0.353125 0.420265780730897 0.360625 0.420265780730897
1 0.71625 0.3729235880398671 0.72375 0.3687707641196013 0.73375 0.35299003322259137 0.735 0.3380398671096346 0.731875 0.3272425249169435 0.7275 0.3222591362126246 0.715 0.31893687707641194 0.703125 0.3280730897009967 0.7 0.33970099667774084 0.7 0.3579734219269103 0.7025 0.36794019933554817 0.706875 0.37209302325581395 0.71625 0.3729235880398671
1 0.5025 0.696843853820598 0.50875 0.7009966777408638 0.513125 0.7001661129568106 0.518125 0.6976744186046512 0.52625 0.6868770764119602 0.526875 0.6769102990033222 0.524375 0.6669435215946844 0.516875 0.6553156146179402 0.5125 0.6519933554817275 0.506875 0.6519933554817275 0.49875 0.6578073089700996 0.498125 0.6686046511627907 0.495625 0.6735880398671097 0.495625 0.6852159468438538 0.5025 0.696843853820598
1 0.565 0.4127906976744186 0.565 0.3920265780730897 0.558125 0.38289036544850497 0.54625 0.38289036544850497 0.5425 0.3853820598006645 0.531875 0.39867109634551495 0.529375 0.40946843853820597 0.53375 0.4269102990033223 0.5425 0.4335548172757475 0.555 0.42940199335548174 0.565 0.4127906976744186
1 0.47 0.6013289036544851 0.470625 0.590531561461794 0.456875 0.5689368770764119 0.451875 0.5656146179401993 0.443125 0.5656146179401993 0.433125 0.574750830564784 0.43125 0.5822259136212624 0.433125 0.5946843853820598 0.443125 0.6071428571428571 0.454375 0.6096345514950167 0.47 0.6013289036544851
1 0.5125 0.5149501661129569 0.52125 0.5149501661129569 0.526875 0.5041528239202658 0.52875 0.4983388704318937 0.52875 0.48588039867109634 0.52375 0.4700996677740864 0.5125 0.4601328903654485 0.503125 0.46096345514950166 0.496875 0.4676079734219269 0.49375 0.473421926910299 0.49375 0.489202657807309 0.505625 0.5083056478405316 0.5125 0.5149501661129569
1 0.439375 0.7325581395348837 0.446875 0.7142857142857143 0.446875 0.6943521594684385 0.43625 0.6827242524916943 0.43 0.6827242524916943 0.42625 0.686046511627907 0.41875 0.6960132890365448 0.41625 0.7043189368770764 0.416875 0.723421926910299 0.423125 0.7325581395348837 0.428125 0.7350498338870431 0.439375 0.7325581395348837
1 0.6075 0.606312292358804 0.616875 0.6029900332225914 0.6225 0.5971760797342193 0.624375 0.5822259136212624 0.621875 0.574750830564784 0.6125 0.563953488372093 0.59625 0.5622923588039868 0.59 0.5647840531561462 0.581875 0.5739202657807309 0.581875 0.584717607973422 0.584375 0.5938538205980066 0.591875 0.6029900332225914 0.6075 0.606312292358804
1 0.60875 0.46511627906976744 0.6175 0.45182724252491696 0.6175 0.4318936877076412 0.614375 0.42441860465116277 0.61 0.420265780730897 0.59375 0.4227574750830565 0.58875 0.42857142857142855 0.584375 0.44019933554817275 0.584375 0.45348837209302323 0.5925 0.46677740863787376 0.60125 0.4676079734219269 0.60875 0.46511627906976744
1 0.241875 0.22009966777408638 0.245625 0.21677740863787376 0.25 0.20681063122923588 0.25 0.19019933554817275 0.245625 0.18272425249169436 0.235 0.17691029900332225 0.218125 0.18106312292358803 0.210625 0.19684385382059802 0.2125 0.21511627906976744 0.218125 0.22093023255813954 0.22375 0.22259136212624583 0.23125 0.223421926910299 0.241875 0.22009966777408638
1 0.505625 0.6104651162790697 0.505 0.5921926910299004 0.5 0.5863787375415282 0.49375 0.584717607973422 0.480625 0.5913621262458472 0.47375 0.6029900332225914 0.473125 0.6112956810631229 0.475625 0.6204318936877077 0.485625 0.6245847176079734 0.498125 0.6204318936877077 0.505625 0.6104651162790697
1 0.305625 0.5938538205980066 0.308125 0.5872093023255814 0.30875 0.5564784053156147 0.30625 0.5481727574750831 0.296875 0.5448504983388704 0.28875 0.5490033222591362 0.28 0.5647840531561462 0.28 0.5880398671096345 0.283125 0.5946843853820598 0.289375 0.6013289036544851 0.295625 0.6021594684385382 0.305625 0.5938538205980066
1 0.63 0.5149501661129569 0.64 0.5033222591362126 0.64 0.4867109634551495 0.635 0.48006644518272423 0.6275 0.47674418604651164 0.61875 0.47674418604651164 0.60375 0.4883720930232558 0.60125 0.4983388704318937 0.60125 0.5091362126245847 0.60625 0.5182724252491694 0.619375 0.5199335548172758 0.63 0.5149501661129569
1 0.571875 0.5 0.58375 0.5 0.589375 0.49169435215946844 0.591875 0.4850498338870432 0.591875 0.47093023255813954 0.588125 0.45930232558139533 0.58375 0.45348837209302323 0.573125 0.4526578073089701 0.5625 0.46179401993355484 0.560625 0.4775747508305648 0.56375 0.4900332225913621 0.568125 0.49667774086378735 0.571875 0.5
1 0.293125 0.48255813953488375 0.303125 0.4659468438538206 0.305625 0.4485049833887043 0.3025 0.43521594684385384 0.2975 0.4260797342192691 0.28875 0.4210963455149502 0.281875 0.4210963455149502 0.271875 0.4277408637873754 0.266875 0.45099667774086377 0.275 0.47591362126245845 0.283125 0.48255813953488375 0.293125 0.48255813953488375
1 0.193125 0.3338870431893688 0.2 0.3330564784053156 0.205625 0.32475083056478404 0.215 0.31893687707641194 0.216875 0.30066445182724255 0.21375 0.29401993355481726 0.204375 0.2865448504983389 0.195 0.2865448504983389 0.185625 0.292358803986711 0.17875 0.30398671096345514 0.17625 0.31893687707641194 0.178125 0.3239202657807309 0.185625 0.32641196013289037 0.193125 0.3338870431893688
1 0.48125 0.6810631229235881 0.490625 0.6794019933554817 0.495625 0.6760797342192691 0.498125 0.6661129568106312 0.49875 0.6503322259136213 0.495625 0.6411960132890365 0.490625 0.6345514950166113 0.480625 0.632890365448505 0.475 0.6378737541528239 0.470625 0.6461794019933554 0.46875 0.6586378737541528 0.470625 0.6719269102990033 0.47375 0.6769102990033222 0.48125 0.6810631229235881
1 0.644375 0.5556478405315615 0.65875 0.553156146179402 0.66625 0.542358803986711 0.666875 0.5299003322259136 0.6625 0.5199335548172758 0.64875 0.5099667774086378 0.6375 0.5091362126245847 0.63125 0.5141196013289037 0.62625 0.5232558139534884 0.62625 0.5290697674418605 0.63125 0.5448504983388704 0.63875 0.553156146179402 0.644375 0.5556478405315615
1 0.275 0.6478405315614618 0.275 0.632890365448505 0.27125 0.6270764119601329 0.259375 0.6204318936877077 0.2475 0.6229235880398671 0.23875 0.6337209302325582 0.23875 0.6503322259136213 0.24875 0.6619601328903655 0.264375 0.6602990033222591 0.27 0.6561461794019934 0.275 0.6478405315614618
1 0.38875 0.4410299003322259 0.38875 0.4269102990033223 0.38 0.4152823920265781 0.37375 0.4127906976744186 0.364375 0.41777408637873753 0.35625 0.43106312292358806 0.355625 0.45099667774086377 0.36375 0.46179401993355484 0.371875 0.46179401993355484 0.3825 0.45348837209302323 0.38875 0.4410299003322259
1 0.3825 0.4900332225913621 0.38875 0.4900332225913621 0.4 0.48255813953488375 0.40625 0.4700996677740864 0.408125 0.457641196013289 0.405 0.44518272425249167 0.401875 0.4426910299003322 0.39375 0.4426910299003322 0.3875 0.44601328903654486 0.37875 0.4584717607973422 0.375 0.4659468438538206 0.37375 0.4750830564784053 0.3775 0.4867109634551495 0.3825 0.4900332225913621
1 0.181875 0.5681063122923588 0.18875 0.5705980066445183 0.19625 0.5697674418604651 0.20125 0.5647840531561462 0.204375 0.5581395348837209 0.204375 0.5448504983388704 0.20125 0.5340531561461794 0.19125 0.521594684385382 0.17625 0.5174418604651163 0.16625 0.5240863787375415 0.16375 0.5299003322259136 0.16375 0.5398671096345515 0.1725 0.5589700996677741 0.181875 0.5681063122923588
1 0.281875 0.2915282392026578 0.29 0.2915282392026578 0.30875 0.2782392026578073 0.31125 0.27325581395348836 0.31125 0.2558139534883721 0.300625 0.24086378737541528 0.2925 0.23920265780730898 0.28125 0.24169435215946844 0.27 0.2549833887043189 0.2675 0.26245847176079734 0.268125 0.276578073089701 0.273125 0.28488372093023256 0.281875 0.2915282392026578
1 0.459375 0.7209302325581395 0.44625 0.7200996677740864 0.438125 0.7350498338870431 0.439375 0.75 0.450625 0.7641196013289037 0.460625 0.7649501661129569 0.470625 0.7516611295681063 0.470625 0.7383720930232558 0.459375 0.7209302325581395
1 0.29125 0.38205980066445183 0.30125 0.36794019933554817 0.30125 0.34551495016611294 0.295 0.3380398671096346 0.290625 0.33637873754152825 0.278125 0.33970099667774084 0.273125 0.34551495016611294 0.2675 0.36295681063122925 0.2675 0.37209302325581395 0.27125 0.3803986710963455 0.28 0.3853820598006645 0.29125 0.38205980066445183
1 0.709375 0.696843853820598 0.716875 0.7001661129568106 0.72875 0.7001661129568106 0.73125 0.696843853820598 0.73125 0.6760797342192691 0.72875 0.6644518272425249 0.718125 0.6503322259136213 0.713125 0.6478405315614618 0.7 0.6495016611295681 0.695 0.6619601328903655 0.695 0.6769102990033222 0.69875 0.6868770764119602 0.709375 0.696843853820598
1 0.3325 0.24667774086378738 0.341875 0.23754152823920266 0.34375 0.23338870431893688 0.34375 0.21511627906976744 0.3275 0.19684385382059802 0.31375 0.19435215946843853 0.30125 0.20681063122923588 0.300625 0.22093023255813954 0.303125 0.23089700996677742 0.314375 0.24584717607973422 0.3225 0.24833887043189368 0.3325 0.24667774086378738
1 0.36875 0.7192691029900332 0.375625 0.7192691029900332 0.38375 0.7142857142857143 0.391875 0.7043189368770764 0.395 0.6935215946843853 0.395 0.6794019933554817 0.390625 0.6686046511627907 0.381875 0.6627906976744186 0.37125 0.6669435215946844 0.365625 0.6785714285714286 0.36375 0.6893687707641196 0.36375 0.7084717607973422 0.365625 0.7151162790697675 0.36875 0.7192691029900332
1 0.59875 0.33222591362126247 0.61 0.3239202657807309 0.611875 0.31893687707641194 0.611875 0.29817275747508304 0.603125 0.2807308970099668 0.589375 0.27159468438538203 0.585625 0.27159468438538203 0.578125 0.2782392026578073 0.57625 0.2840531561461794 0.581875 0.2956810631229236 0.584375 0.31976744186046513 0.591875 0.329734219269103 0.59875 0.33222591362126247
1 0.348125 0.563953488372093 0.355625 0.5548172757475083 0.3575 0.5456810631229236 0.35625 0.532392026578073 0.3475 0.5182724252491694 0.340625 0.5157807308970099 0.3325 0.5166112956810631 0.325 0.5257475083056479 0.3225 0.5357142857142857 0.324375 0.5506644518272426 0.335625 0.563953488372093 0.348125 0.563953488372093
1 0.4375 0.16362126245847175 0.44375 0.15946843853820597 0.446875 0.1511627906976744 0.4475 0.132890365448505 0.444375 0.12209302325581395 0.4325 0.10880398671096346 0.42375 0.10963455149501661 0.41875 0.11794019933554817 0.415625 0.13122923588039867 0.41625 0.1461794019933555 0.42125 0.15946843853820597 0.429375 0.1644518272425249 0.4375 0.16362126245847175
1 0.336875 0.6877076411960132 0.33875 0.6760797342192691 0.326875 0.6553156146179402 0.320625 0.6553156146179402 0.315 0.6586378737541528 0.30625 0.670265780730897 0.304375 0.6827242524916943 0.30625 0.6910299003322259 0.31125 0.6976744186046512 0.321875 0.7009966777408638 0.336875 0.6877076411960132
1 0.266875 0.5921926910299004 0.256875 0.5780730897009967 0.2425 0.574750830564784 0.23375 0.5805647840531561 0.23375 0.6004983388704319 0.24125 0.6121262458471761 0.25 0.6179401993355482 0.256875 0.6179401993355482 0.266875 0.6071428571428571 0.266875 0.5921926910299004
1 0.6275 0.276578073089701 0.6325 0.26993355481727577 0.633125 0.25332225913621265 0.621875 0.24086378737541528 0.616875 0.23837209302325582 0.605625 0.23837209302325582 0.599375 0.2425249169435216 0.595 0.25 0.59625 0.2691029900332226 0.60375 0.2782392026578073 0.621875 0.27906976744186046 0.6275 0.276578073089701
1 0.183125 0.37375415282392027 0.189375 0.36710963455149503 0.1925 0.3588039867109635 0.194375 0.34551495016611294 0.1875 0.33056478405315615 0.174375 0.32475083056478404 0.16625 0.3272425249169435 0.161875 0.33222591362126247 0.158125 0.3446843853820598 0.15875 0.3588039867109635 0.161875 0.36710963455149503 0.171875 0.3729235880398671 0.183125 0.37375415282392027
1 0.30375 0.3347176079734219 0.3225 0.33637873754152825 0.3275 0.3330564784053156 0.33375 0.3230897009966777 0.33375 0.30564784053156147 0.329375 0.29817275747508304 0.3175 0.29069767441860467 0.3075 0.2857142857142857 0.3 0.2857142857142857 0.28875 0.29485049833887045 0.286875 0.29900332225913623 0.28625 0.3122923588039867 0.28875 0.31976744186046513 0.30375 0.3347176079734219
1 0.48125 0.7948504983388704 0.48875 0.7981727574750831 0.495625 0.7981727574750831 0.5025 0.7915282392026578 0.505 0.7848837209302325 0.505 0.7691029900332226 0.5025 0.7632890365448505 0.491875 0.7591362126245847 0.4825 0.7466777408637874 0.4725 0.7475083056478405 0.46875 0.7566445182724253 0.469375 0.7740863787375415 0.478125 0.7906976744186046 0.48125 0.7948504983388704
0 0.6678568749999999 0.23350747508305644 0.6848212499999999 0.261984219269103 0.704464375 0.2726627906976744 0.735714375 0.26554318936877075 0.748214375 0.24062624584717607 0.7625 0.21096345514950166 0.75625 0.18130066445182724 0.754464375 0.1682483388704319 0.7375 0.1421453488372093 0.7160712499999999 0.13146677740863788 0.704464375 0.13502574750830565 0.685714375 0.14451827242524917 0.66875 0.167062292358804 0.6625 0.2026578073089701 0.6678568749999999 0.23350747508305644
1 0.301785625 0.697436877076412 0.28392875 0.7045564784053155 0.283035625 0.7235406976744186 0.28571437499999996 0.7354061461794019 0.292856875 0.7496436877076412 0.30714312499999996 0.7460847176079733 0.310714375 0.7259136212624585 0.310714375 0.7081154485049834 0.301785625 0.697436877076412