1 0.609375 0.41777408637873753 0.605 0.4061461794019934 0.598125 0.3978405315614618 0.5925 0.3945182724252492 0.58375 0.3945182724252492 0.576875 0.4003322259136213 0.574375 0.40863787375415284 0.57625 0.42358803986710963 0.584375 0.436046511627907 0.595 0.4418604651162791 0.601875 0.4410299003322259 0.606875 0.4335548172757475 0.609375 0.41777408637873753
1 0.57125 0.3347176079734219 0.565625 0.31976744186046513 0.559375 0.31146179401993357 0.550625 0.31146179401993357 0.546875 0.31478405315614616 0.5425 0.32475083056478404 0.5425 0.34717607973421927 0.545625 0.35631229235880396 0.550625 0.36627906976744184 0.56 0.37375415282392027 0.565 0.37375415282392027 0.571875 0.36710963455149503 0.57125 0.3347176079734219
1 0.408125 0.5382059800664452 0.405625 0.5299003322259136 0.39875 0.5257475083056479 0.386875 0.5240863787375415 0.378125 0.5274086378737541 0.375 0.5307308970099668 0.37 0.5440199335548173 0.37 0.5581395348837209 0.376875 0.5647840531561462 0.385 0.5656146179401993 0.40375 0.5581395348837209 0.408125 0.5473421926910299 0.408125 0.5382059800664452
1 0.326875 0.39867109634551495 0.31625 0.38787375415282394 0.30125 0.3853820598006645 0.29375 0.38787375415282394 0.288125 0.3953488372093023 0.28875 0.4111295681063123 0.305 0.4269102990033223 0.319375 0.42940199335548174 0.326875 0.4219269102990033 0.32875 0.4053156146179402 0.326875 0.39867109634551495
1 0.71125 0.6320598006644518 0.71125 0.622093023255814 0.70625 0.6071428571428571 0.6925 0.595514950166113 0.680625 0.6046511627906976 0.6775 0.6179401993355482 0.678125 0.6353820598006644 0.683125 0.6478405315614618 0.68875 0.6511627906976745 0.69875 0.6519933554817275 0.70625 0.6461794019933554 0.71125 0.6320598006644518
1 0.733125 0.5191029900332226 0.72 0.5199335548172758 0.713125 0.53156146179402 0.713125 0.5440199335548173 0.715625 0.5506644518272426 0.725625 0.5606312292358804 0.7375 0.5614617940199336 0.744375 0.553156146179402 0.745 0.5348837209302325 0.733125 0.5191029900332226
1 0.333125 0.53156146179402 0.321875 0.5199335548172758 0.3075 0.5166112956810631 0.3 0.5199335548172758 0.29125 0.5299003322259136 0.293125 0.5440199335548173 0.305 0.5556478405315615 0.32 0.5581395348837209 0.326875 0.553156146179402 0.3325 0.5440199335548173 0.333125 0.53156146179402
1 0.593125 0.6262458471760798 0.58875 0.6137873754152824 0.581875 0.6054817275747508 0.566875 0.6021594684385382 0.55875 0.6054817275747508 0.5525 0.6121262458471761 0.55 0.6187707641196013 0.550625 0.6312292358803987 0.560625 0.6470099667774086 0.576875 0.6511627906976745 0.588125 0.6445182724252492 0.591875 0.6378737541528239 0.593125 0.6262458471760798
1 0.484375 0.7068106312292359 0.480625 0.6960132890365448 0.470625 0.6835548172757475 0.463125 0.6868770764119602 0.45875 0.6918604651162791 0.45875 0.7109634551495017 0.46125 0.71843853820598 0.46875 0.7250830564784053 0.4775 0.7250830564784053 0.484375 0.7159468438538206 0.484375 0.7068106312292359
1 0.83875 0.22093023255813954 0.835 0.21262458471760798 0.82875 0.2084717607973422 0.8225 0.2084717607973422 0.8175 0.2101328903654485 0.809375 0.21843853820598005 0.8025 0.2350498338870432 0.803125 0.25249169435215946 0.8125 0.2632890365448505 0.83375 0.2558139534883721 0.838125 0.24916943521594684 0.839375 0.23754152823920266 0.83875 0.22093023255813954
1 0.691875 0.5913621262458472 0.6925 0.5722591362126246 0.690625 0.5598006644518272 0.680625 0.553156146179402 0.6725 0.5548172757475083 0.66625 0.5614617940199336 0.663125 0.5697674418604651 0.660625 0.5789036544850499 0.66125 0.5880398671096345 0.6675 0.5988372093023255 0.6725 0.6013289036544851 0.6825 0.6013289036544851 0.68875 0.5971760797342193 0.691875 0.5913621262458472
1 0.758125 0.4161129568106312 0.758125 0.40863787375415284 0.750625 0.3845514950166113 0.741875 0.3803986710963455 0.73 0.3812292358803987 0.723125 0.38704318936877075 0.72 0.3953488372093023 0.720625 0.40946843853820597 0.7275 0.4210963455149502 0.734375 0.4269102990033223 0.74875 0.4269102990033223 0.75375 0.42441860465116277 0.758125 0.4161129568106312
1 0.474375 0.4684385382059801 0.473125 0.4568106312292359 0.46625 0.44435215946843853 0.458125 0.4418604651162791 0.45375 0.44518272425249167 0.4475 0.462624584717608 0.4475 0.4792358803986711 0.451875 0.489202657807309 0.45875 0.4941860465116279 0.46375 0.4941860465116279 0.470625 0.48588039867109634 0.474375 0.4684385382059801
1 0.49 0.329734219269103 0.49 0.31976744186046513 0.4875 0.31146179401993357 0.48 0.30481727574750833 0.475625 0.30481727574750833 0.466875 0.31146179401993357 0.46375 0.32059800664451826 0.46375 0.3380398671096346 0.469375 0.3480066445182724 0.473125 0.3504983388704319 0.4825 0.3480066445182724 0.48625 0.3430232558139535 0.49 0.329734219269103
1 0.51875 0.26578073089701 0.51125 0.25664451827242524 0.499375 0.25664451827242524 0.489375 0.26578073089701 0.485 0.27325581395348836 0.485 0.2898671096345515 0.49625 0.3023255813953488 0.50625 0.29817275747508304 0.513125 0.2915282392026578 0.51875 0.2799003322259136 0.51875 0.26578073089701
1 0.67 0.6586378737541528 0.67 0.6395348837209303 0.6625 0.6270764119601329 0.65625 0.6245847176079734 0.646875 0.6312292358803987 0.64375 0.6370431893687708 0.64 0.6503322259136213 0.64125 0.6677740863787376 0.643125 0.6727574750830565 0.649375 0.6769102990033222 0.660625 0.6760797342192691 0.665 0.6719269102990033 0.67 0.6586378737541528
1 0.259375 0.42940199335548174 0.24875 0.41362126245847175 0.23375 0.4119601328903654 0.22875 0.4169435215946844 0.22625 0.42524916943521596 0.2275 0.4410299003322259 0.2325 0.45099667774086377 0.239375 0.4584717607973422 0.251875 0.46096345514950166 0.259375 0.45099667774086377 0.259375 0.42940199335548174
1 0.51125 0.7317275747508306 0.5025 0.7209302325581395 0.480625 0.7225913621262459 0.474375 0.7275747508305648 0.47375 0.7358803986710963 0.479375 0.7483388704318937 0.4975 0.7616279069767442 0.50875 0.7591362126245847 0.513125 0.75 0.51125 0.7317275747508306
1 0.535 0.542358803986711 0.530625 0.5365448504983389 0.525 0.5340531561461794 0.51625 0.5340531561461794 0.504375 0.5406976744186046 0.5 0.5448504983388704 0.4975 0.5548172757475083 0.4975 0.5681063122923588 0.499375 0.5730897009966778 0.506875 0.579734219269103 0.519375 0.579734219269103 0.53 0.5739202657807309 0.535625 0.5631229235880398 0.535 0.542358803986711
1 0.7975 0.35132890365448505 0.7975 0.3289036544850498 0.785625 0.31893687707641194 0.769375 0.32475083056478404 0.76125 0.3388704318936877 0.76125 0.36295681063122925 0.765 0.3687707641196013 0.77125 0.37209302325581395 0.77625 0.37209302325581395 0.79 0.3646179401993355 0.7975 0.35132890365448505
1 0.6175 0.5124584717607974 0.609375 0.5058139534883721 0.598125 0.5058139534883721 0.58375 0.5182724252491694 0.581875 0.5240863787375415 0.581875 0.5390365448504983 0.58375 0.5431893687707641 0.593125 0.5498338870431894 0.611875 0.5440199335548173 0.619375 0.5348837209302325 0.6225 0.521594684385382 0.6175 0.5124584717607974
1 0.551875 0.6918604651162791 0.546875 0.6827242524916943 0.540625 0.6785714285714286 0.524375 0.6785714285714286 0.514375 0.6885382059800664 0.511875 0.7018272425249169 0.514375 0.7109634551495017 0.516875 0.7151162790697675 0.52625 0.7209302325581395 0.545 0.7192691029900332 0.550625 0.7101328903654485 0.551875 0.6918604651162791
1 0.75375 0.686046511627907 0.749375 0.6760797342192691 0.740625 0.6686046511627907 0.72875 0.6686046511627907 0.720625 0.6735880398671097 0.71625 0.6794019933554817 0.71375 0.6868770764119602 0.714375 0.6951827242524917 0.723125 0.707641196013289 0.738125 0.7101328903654485 0.748125 0.7059800664451827 0.75125 0.7018272425249169 0.75375 0.686046511627907
1 0.69875 0.42441860465116277 0.69875 0.41029900332225916 0.69375 0.4011627906976744 0.68875 0.3978405315614618 0.67375 0.3995016611295681 0.6675 0.40365448504983387 0.663125 0.4119601328903654 0.66125 0.41777408637873753 0.6625 0.42857142857142855 0.6675 0.4368770764119601 0.67375 0.4410299003322259 0.679375 0.4418604651162791 0.686875 0.43853820598006643 0.69875 0.42441860465116277
1 0.348125 0.7026578073089701 0.34375 0.6960132890365448 0.3375 0.6926910299003323 0.326875 0.6926910299003323 0.3175 0.696843853820598 0.31 0.7084717607973422 0.31 0.7250830564784053 0.31375 0.7317275747508306 0.319375 0.7358803986710963 0.33 0.7358803986710963 0.338125 0.7317275747508306 0.348125 0.7167774086378738 0.348125 0.7026578073089701
1 0.446875 0.6013289036544851 0.444375 0.595514950166113 0.434375 0.5897009966777409 0.425 0.5913621262458472 0.420625 0.5946843853820598 0.41125 0.6096345514950167 0.411875 0.6262458471760798 0.420625 0.632890365448505 0.431875 0.632890365448505 0.439375 0.6287375415282392 0.446875 0.6179401993355482 0.446875 0.6013289036544851
1 0.486875 0.5182724252491694 0.48125 0.5149501661129569 0.473125 0.5157807308970099 0.46625 0.5257475083056479 0.46625 0.5490033222591362 0.473125 0.5589700996677741 0.4875 0.5614617940199336 0.495 0.553156146179402 0.495 0.5307308970099668 0.486875 0.5182724252491694
1 0.36375 0.563953488372093 0.355625 0.5573089700996677 0.340625 0.5564784053156147 0.33125 0.5589700996677741 0.326875 0.563953488372093 0.325625 0.5755813953488372 0.3275 0.5822259136212624 0.33375 0.5888704318936877 0.34125 0.5913621262458472 0.353125 0.5880398671096345 0.3625 0.574750830564784 0.36375 0.563953488372093
1 0.848125 0.2757475083056478 0.845 0.2691029900332226 0.83625 0.2616279069767442 0.826875 0.2599667774086379 0.819375 0.26245847176079734 0.81375 0.2666112956810631 0.81375 0.28903654485049834 0.8225 0.3023255813953488 0.82875 0.3064784053156146 0.83875 0.3081395348837209 0.848125 0.29401993355481726 0.848125 0.2757475083056478
1 0.451875 0.3230897009966777 0.451875 0.3131229235880399 0.446875 0.29817275747508304 0.4375 0.2865448504983389 0.424375 0.2823920265780731 0.418125 0.29401993355481726 0.416875 0.3122923588039867 0.41875 0.31893687707641194 0.4275 0.3330564784053156 0.435 0.3380398671096346 0.44125 0.3380398671096346 0.446875 0.3338870431893688 0.451875 0.3230897009966777
1 0.76 0.4742524916943522 0.759375 0.45598006644518274 0.754375 0.44601328903654486 0.749375 0.4435215946843854 0.74 0.44435215946843853 0.733125 0.45182724252491696 0.728125 0.47093023255813954 0.728125 0.48588039867109634 0.73 0.4908637873754153 0.735 0.4958471760797342 0.745625 0.49667774086378735 0.75125 0.4941860465116279 0.758125 0.4833887043189369 0.76 0.4742524916943522
1 0.60375 0.3388704318936877 0.601875 0.33056478405315615 0.584375 0.3106312292358804 0.579375 0.313953488372093 0.5725 0.33056478405315615 0.571875 0.35631229235880396 0.576875 0.3687707641196013 0.58875 0.3729235880398671 0.596875 0.36794019933554817 0.603125 0.3554817275747508 0.60375 0.3388704318936877
1 0.659375 0.40863787375415284 0.660625 0.39285714285714285 0.6575 0.38372093023255816 0.65125 0.37790697674418605 0.645 0.37375415282392027 0.63125 0.3729235880398671 0.620625 0.3853820598006645 0.620625 0.4011627906976744 0.626875 0.4127906976744186 0.639375 0.420265780730897 0.646875 0.420265780730897 0.65375 0.4161129568106312 0.659375 0.40863787375415284
1 0.3 0.3579734219269103 0.3 0.33970099667774084 0.296875 0.3280730897009967 0.285 0.31893687707641194 0.2725 0.3222591362126246 0.268125 0.3272425249169435 0.265 0.3380398671096346 0.26625 0.35299003322259137 0.27625 0.3687707641196013 0.28375 0.3729235880398671 0.293125 0.37209302325581395 0.2975 0.36794019933554817 0.3 0.3579734219269103
1 0.504375 0.6852159468438538 0.504375 0.6735880398671097 0.501875 0.6686046511627907 0.50125 0.6578073089700996 0.493125 0.6519933554817275 0.4875 0.6519933554817275 0.483125 0.6553156146179402 0.475625 0.6669435215946844 0.473125 0.6769102990033222 0.47375 0.6868770764119602 0.481875 0.6976744186046512 0.486875 0.7001661129568106 0.49125 0.7009966777408638 0.4975 0.696843853820598 0.504375 0.6852159468438538
1 0.468125 0.39867109634551495 0.4575 0.3853820598006645 0.45375 0.38289036544850497 0.441875 0.38289036544850497 0.435 0.3920265780730897 0.435 0.4127906976744186 0.445 0.42940199335548174 0.4575 0.4335548172757475 0.46625 0.4269102990033223 0.470625 0.40946843853820597 0.468125 0.39867109634551495
1 0.566875 0.574750830564784 0.556875 0.5656146179401993 0.548125 0.5656146179401993 0.543125 0.5689368770764119 0.529375 0.590531561461794 0.53 0.6013289036544851 0.545625 0.6096345514950167 0.556875 0.6071428571428571 0.566875 0.5946843853820598 0.56875 0.5822259136212624 0.566875 0.574750830564784
1 0.50625 0.473421926910299 0.503125 0.4676079734219269 0.496875 0.46096345514950166 0.4875 0.4601328903654485 0.47625 0.4700996677740864 0.47125 0.48588039867109634 0.47125 0.4983388704318937 0.473125 0.5041528239202658 0.47875 0.5149501661129569 0.4875 0.5149501661129569 0.494375 0.5083056478405316 0.50625 0.489202657807309 0.50625 0.473421926910299
1 0.58375 0.7043189368770764 0.58125 0.6960132890365448 0.57375 0.686046511627907 0.57 0.6827242524916943 0.56375 0.6827242524916943 0.553125 0.6943521594684385 0.553125 0.7142857142857143 0.560625 0.7325581395348837 0.571875 0.7350498338870431 0.576875 0.7325581395348837 0.583125 0.723421926910299 0.58375 0.7043189368770764
1 0.418125 0.584717607973422 0.418125 0.5739202657807309 0.41 0.5647840531561462 0.40375 0.5622923588039868 0.3875 0.563953488372093 0.378125 0.574750830564784 0.375625 0.5822259136212624 0.3775 0.5971760797342193 0.383125 0.6029900332225914 0.3925 0.606312292358804 0.408125 0.6029900332225914 0.415625 0.5938538205980066 0.418125 0.584717607973422
1 0.415625 0.44019933554817275 0.41125 0.42857142857142855 0.40625 0.4227574750830565 0.39 0.420265780730897 0.385625 0.42441860465116277 0.3825 0.4318936877076412 0.3825 0.45182724252491696 0.39125 0.46511627906976744 0.39875 0.4676079734219269 0.4075 0.46677740863787376 0.415625 0.45348837209302323 0.415625 0.44019933554817275
1 0.781875 0.22093023255813954 0.7875 0.21511627906976744 0.789375 0.19684385382059802 0.781875 0.18106312292358803 0.765 0.17691029900332225 0.754375 0.18272425249169436 0.75 0.19019933554817275 0.75 0.20681063122923588 0.754375 0.21677740863787376 0.758125 0.22009966777408638 0.76875 0.223421926910299 0.77625 0.22259136212624583 0.781875 0.22093023255813954
1 0.52625 0.6029900332225914 0.519375 0.5913621262458472 0.50625 0.584717607973422 0.5 0.5863787375415282 0.495 0.5921926910299004 0.494375 0.6104651162790697 0.501875 0.6204318936877077 0.514375 0.6245847176079734 0.524375 0.6204318936877077 0.526875 0.6112956810631229 0.52625 0.6029900332225914
1 0.72 0.5880398671096345 0.72 0.5647840531561462 0.71125 0.5490033222591362 0.703125 0.5448504983388704 0.69375 0.5481727574750831 0.69125 0.5564784053156147 0.691875 0.5872093023255814 0.694375 0.5938538205980066 0.704375 0.6021594684385382 0.710625 0.6013289036544851 0.716875 0.5946843853820598 0.72 0.5880398671096345
1 0.39875 0.4983388704318937 0.39625 0.4883720930232558 0.38125 0.47674418604651164 0.3725 0.47674418604651164 0.365 0.48006644518272423 0.36 0.4867109634551495 0.36 0.5033222591362126 0.37 0.5149501661129569 0.380625 0.5199335548172758 0.39375 0.5182724252491694 0.39875 0.5091362126245847 0.39875 0.4983388704318937
1 0.439375 0.4775747508305648 0.4375 0.46179401993355484 0.426875 0.4526578073089701 0.41625 0.45348837209302323 0.411875 0.45930232558139533 0.408125 0.47093023255813954 0.408125 0.4850498338870432 0.410625 0.49169435215946844 0.41625 0.5 0.428125 0.5 0.431875 0.49667774086378735 0.43625 0.4900332225913621 0.439375 0.4775747508305648
1 0.728125 0.4277408637873754 0.718125 0.4210963455149502 0.71125 0.4210963455149502 0.7025 0.4260797342192691 0.6975 0.43521594684385384 0.694375 0.4485049833887043 0.696875 0.4659468438538206 0.706875 0.48255813953488375 0.716875 0.48255813953488375 0.725 0.47591362126245845 0.733125 0.45099667774086377 0.728125 0.4277408637873754
1 0.821875 0.3239202657807309 0.82375 0.31893687707641194 0.82125 0.30398671096345514 0.814375 0.292358803986711 0.805 0.2865448504983389 0.795625 0.2865448504983389 0.78625 0.29401993355481726 0.783125 0.30066445182724255 0.785 0.31893687707641194 0.794375 0.32475083056478404 0.8 0.3330564784053156 0.806875 0.3338870431893688 0.814375 0.32641196013289037 0.821875 0.3239202657807309
1 0.529375 0.6719269102990033 0.53125 0.6586378737541528 0.529375 0.6461794019933554 0.525 0.6378737541528239 0.519375 0.632890365448505 0.509375 0.6345514950166113 0.504375 0.6411960132890365 0.50125 0.6503322259136213 0.501875 0.6661129568106312 0.504375 0.6760797342192691 0.509375 0.6794019933554817 0.51875 0.6810631229235881 0.52625 0.6769102990033222 0.529375 0.6719269102990033
1 0.37375 0.5290697674418605 0.37375 0.5232558139534884 0.36875 0.5141196013289037 0.3625 0.5091362126245847 0.35125 0.5099667774086378 0.3375 0.5199335548172758 0.333125 0.5299003322259136 0.33375 0.542358803986711 0.34125 0.553156146179402 0.355625 0.5556478405315615 0.36125 0.553156146179402 0.36875 0.5448504983388704 0.37375 0.5290697674418605
1 0.76125 0.6337209302325582 0.7525 0.6229235880398671 0.740625 0.6204318936877077 0.72875 0.6270764119601329 0.725 0.632890365448505 0.725 0.6478405315614618 0.73 0.6561461794019934 0.735625 0.6602990033222591 0.75125 0.6619601328903655 0.76125 0.6503322259136213 0.76125 0.6337209302325582
1 0.64375 0.43106312292358806 0.635625 0.41777408637873753 0.62625 0.4127906976744186 0.62 0.4152823920265781 0.61125 0.4269102990033223 0.61125 0.4410299003322259 0.6175 0.45348837209302323 0.628125 0.46179401993355484 0.63625 0.46179401993355484 0.644375 0.45099667774086377 0.64375 0.43106312292358806
1 0.62625 0.4750830564784053 0.625 0.4659468438538206 0.62125 0.4584717607973422 0.6125 0.44601328903654486 0.60625 0.4426910299003322 0.598125 0.4426910299003322 0.595 0.44518272425249167 0.591875 0.457641196013289 0.59375 0.4700996677740864 0.6 0.48255813953488375 0.61125 0.4900332225913621 0.6175 0.4900332225913621 0.6225 0.4867109634551495 0.62625 0.4750830564784053
1 0.83625 0.5398671096345515 0.83625 0.5299003322259136 0.83375 0.5240863787375415 0.82375 0.5174418604651163 0.80875 0.521594684385382 0.79875 0.5340531561461794 0.795625 0.5448504983388704 0.795625 0.5581395348837209 0.79875 0.5647840531561462 0.80375 0.5697674418604651 0.81125 0.5705980066445183 0.818125 0.5681063122923588 0.8275 0.5589700996677741 0.83625 0.5398671096345515
1 0.7325 0.26245847176079734 0.73 0.2549833887043189 0.71875 0.24169435215946844 0.7075 0.23920265780730898 0.699375 0.24086378737541528 0.68875 0.2558139534883721 0.68875 0.27325581395348836 0.69125 0.2782392026578073 0.71 0.2915282392026578 0.718125 0.2915282392026578 0.726875 0.28488372093023256 0.731875 0.276578073089701 0.7325 0.26245847176079734
1 0.55375 0.7200996677740864 0.540625 0.7209302325581395 0.529375 0.7383720930232558 0.529375 0.7516611295681063 0.539375 0.7649501661129569 0.549375 0.7641196013289037 0.560625 0.75 0.561875 0.7350498338870431 0.55375 0.7200996677740864
1 0.7325 0.36295681063122925 0.726875 0.34551495016611294 0.721875 0.33970099667774084 0.709375 0.33637873754152825 0.705 0.3380398671096346 0.69875 0.34551495016611294 0.69875 0.36794019933554817 0.70875 0.38205980066445183 0.72 0.3853820598006645 0.72875 0.3803986710963455 0.7325 0.37209302325581395 0.7325 0.36295681063122925
1 0.305 0.6619601328903655 0.3 0.6495016611295681 0.286875 0.6478405315614618 0.281875 0.6503322259136213 0.27125 0.6644518272425249 0.26875 0.6760797342192691 0.26875 0.696843853820598 0.27125 0.7001661129568106 0.283125 0.7001661129568106 0.290625 0.696843853820598 0.30125 0.6868770764119602 0.305 0.6769102990033222 0.305 0.6619601328903655
1 0.699375 0.22093023255813954 0.69875 0.20681063122923588 0.68625 0.19435215946843853 0.6725 0.19684385382059802 0.65625 0.21511627906976744 0.65625 0.23338870431893688 0.658125 0.23754152823920266 0.6675 0.24667774086378738 0.6775 0.24833887043189368 0.685625 0.24584717607973422 0.696875 0.23089700996677742 0.699375 0.22093023255813954
1 0.63625 0.7084717607973422 0.63625 0.6893687707641196 0.634375 0.6785714285714286 0.62875 0.6669435215946844 0.618125 0.6627906976744186 0.609375 0.6686046511627907 0.605 0.6794019933554817 0.605 0.6935215946843853 0.608125 0.7043189368770764 0.61625 0.7142857142857143 0.624375 0.7192691029900332 0.63125 0.7192691029900332 0.634375 0.7151162790697675 0.63625 0.7084717607973422
1 0.418125 0.2956810631229236 0.42375 0.2840531561461794 0.421875 0.2782392026578073 0.414375 0.27159468438538203 0.410625 0.27159468438538203 0.396875 0.2807308970099668 0.388125 0.29817275747508304 0.388125 0.31893687707641194 0.39 0.3239202657807309 0.40125 0.33222591362126247 0.408125 0.329734219269103 0.415625 0.31976744186046513 0.418125 0.2956810631229236
1 0.675 0.5257475083056479 0.6675 0.5166112956810631 0.659375 0.5157807308970099 0.6525 0.5182724252491694 0.64375 0.532392026578073 0.6425 0.5456810631229236 0.644375 0.5548172757475083 0.651875 0.563953488372093 0.664375 0.563953488372093 0.675625 0.5506644518272426 0.6775 0.5357142857142857 0.675 0.5257475083056479
1 0.58375 0.1461794019933555 0.584375 0.13122923588039867 0.58125 0.11794019933554817 0.57625 0.10963455149501661 0.5675 0.10880398671096346 0.555625 0.12209302325581395 0.5525 0.132890365448505 0.553125 0.1511627906976744 0.55625 0.15946843853820597 0.5625 0.16362126245847175 0.570625 0.1644518272425249 0.57875 0.15946843853820597 0.58375 0.1461794019933555
1 0.69375 0.670265780730897 0.685 0.6586378737541528 0.679375 0.6553156146179402 0.673125 0.6553156146179402 0.66125 0.6760797342192691 0.663125 0.6877076411960132 0.678125 0.7009966777408638 0.68875 0.6976744186046512 0.69375 0.6910299003322259 0.695625 0.6827242524916943 0.69375 0.670265780730897
1 0.76625 0.5805647840531561 0.7575 0.574750830564784 0.743125 0.5780730897009967 0.733125 0.5921926910299004 0.733125 0.6071428571428571 0.743125 0.6179401993355482 0.75 0.6179401993355482 0.75875 0.6121262458471761 0.76625 0.6004983388704319 0.76625 0.5805647840531561
1 0.405 0.25 0.400625 0.2425249169435216 0.394375 0.23837209302325582 0.383125 0.23837209302325582 0.378125 0.24086378737541528 0.366875 0.25332225913621265 0.3675 0.26993355481727577 0.3725 0.276578073089701 0.378125 0.27906976744186046 0.39625 0.2782392026578073 0.40375 0.2691029900332226 0.405 0.25
1 0.84125 0.3588039867109635 0.841875 0.3446843853820598 0.838125 0.33222591362126247 0.83375 0.3272425249169435 0.825625 0.32475083056478404 0.8125 0.33056478405315615 0.805625 0.34551495016611294 0.8075 0.3588039867109635 0.810625 0.36710963455149503 0.816875 0.37375415282392027 0.828125 0.3729235880398671 0.838125 0.36710963455149503 0.84125 0.3588039867109635
1 0.71375 0.3122923588039867 0.713125 0.29900332225913623 0.71125 0.29485049833887045 0.7 0.2857142857142857 0.6925 0.2857142857142857 0.6825 0.29069767441860467 0.670625 0.29817275747508304 0.66625 0.30564784053156147 0.66625 0.3230897009966777 0.6725 0.3330564784053156 0.6775 0.33637873754152825 0.69625 0.3347176079734219 0.71125 0.31976744186046513 0.71375 0.3122923588039867
1 0.530625 0.7740863787375415 0.53125 0.7566445182724253 0.5275 0.7475083056478405 0.5175 0.7466777408637874 0.508125 0.7591362126245847 0.4975 0.7632890365448505 0.495 0.7691029900332226 0.495 0.7848837209302325 0.4975 0.7915282392026578 0.504375 0.7981727574750831 0.51125 0.7981727574750831 0.51875 0.7948504983388704 0.521875 0.7906976744186046 0.530625 0.7740863787375415
0 0.3375 0.2026578073089701 0.33125 0.167062292358804 0.314285625 0.14451827242524917 0.295535625 0.13502574750830565 0.28392875 0.13146677740863788 0.2625 0.1421453488372093 0.245535625 0.1682483388704319 0.24375 0.18130066445182724 0.2375 0.21096345514950166 0.251785625 0.24062624584717607 0.264285625 0.26554318936877075 0.295535625 0.2726627906976744 0.31517875 0.261984219269103 0.332143125 0.23350747508305644 0.3375 0.2026578073089701
1 0.7160712499999999 0.7045564784053155 0.698214375 0.697436877076412 0.689285625 0.7081154485049834 0.689285625 0.7259136212624585 0.6928568749999999 0.7460847176079733 0.7071431250000001 0.7496436877076412 0.714285625 0.7354061461794019 0.716964375 0.7235406976744186 0.7160712499999999 0.7045564784053155