1 0.8430232558139535 0.304375 0.8521594684385382 0.3075 0.8646179401993356 0.306875 0.8762458471760798 0.301875 0.8820598006644518 0.296875 0.8853820598006644 0.289375 0.8845514950166113 0.28125 0.872093023255814 0.275 0.8521594684385382 0.27625 0.8380398671096345 0.285625 0.8380398671096345 0.3 0.8430232558139535 0.304375
1 0.6046511627906976 0.58125 0.6196013289036545 0.58125 0.6262458471760798 0.576875 0.6295681063122923 0.57125 0.6295681063122923 0.56 0.6262458471760798 0.55375 0.6154485049833887 0.545625 0.606312292358804 0.5425 0.5988372093023255 0.5425 0.5913621262458472 0.54625 0.5872093023255814 0.553125 0.5888704318936877 0.56875 0.6046511627906976 0.58125
1 0.40282392026578073 0.494375 0.40780730897009965 0.49875 0.4169435215946844 0.5 0.42857142857142855 0.5 0.4393687707641196 0.49625 0.44435215946843853 0.48875 0.4435215946843854 0.480625 0.4393687707641196 0.475 0.4260797342192691 0.47125 0.4127906976744186 0.474375 0.3995016611295681 0.483125 0.39867109634551495 0.488125 0.40282392026578073 0.494375
1 0.38205980066445183 0.3225 0.3845514950166113 0.328125 0.39368770764119604 0.338125 0.40448504983388706 0.3425 0.41943521594684385 0.33 0.41943521594684385 0.316875 0.4061461794019934 0.305 0.39285714285714285 0.30375 0.3845514950166113 0.3075 0.38205980066445183 0.310625 0.38205980066445183 0.3225
1 0.35631229235880396 0.51875 0.3654485049833887 0.52625 0.37209302325581395 0.5275 0.3845514950166113 0.52625 0.3945182724252492 0.521875 0.40448504983388706 0.513125 0.4069767441860465 0.50625 0.4053156146179402 0.495 0.3961794019933555 0.4875 0.38787375415282394 0.48625 0.37209302325581395 0.489375 0.35714285714285715 0.501875 0.3546511627906977 0.5075 0.35631229235880396 0.51875
1 0.7441860465116279 0.220625 0.7541528239202658 0.22125 0.771594684385382 0.21875 0.7790697674418605 0.215625 0.7873754152823921 0.209375 0.7882059800664452 0.2025 0.7873754152823921 0.19875 0.7790697674418605 0.1925 0.760797342192691 0.191875 0.7475083056478405 0.194375 0.7400332225913622 0.19875 0.7350498338870431 0.205 0.7358803986710963 0.216875 0.7441860465116279 0.220625
1 0.5440199335548173 0.639375 0.5556478405315615 0.64375 0.5614617940199336 0.64125 0.5697674418604651 0.64125 0.5822259136212624 0.626875 0.5838870431893688 0.615 0.5789036544850499 0.605 0.5705980066445183 0.598125 0.5589700996677741 0.598125 0.5490033222591362 0.60375 0.5440199335548173 0.61 0.5390365448504983 0.625 0.5440199335548173 0.639375
1 0.6486710963455149 0.494375 0.6636212624584718 0.504375 0.6802325581395349 0.50375 0.6893687707641196 0.496875 0.6910299003322259 0.4925 0.6910299003322259 0.485 0.686046511627907 0.47375 0.6710963455149501 0.45875 0.6619601328903655 0.45625 0.6519933554817275 0.45625 0.6461794019933554 0.459375 0.6387043189368771 0.478125 0.6486710963455149 0.494375
1 0.7350498338870431 0.3925 0.7475083056478405 0.400625 0.7624584717607974 0.400625 0.7732558139534884 0.393125 0.7774086378737541 0.384375 0.776578073089701 0.3725 0.7641196013289037 0.36 0.7599667774086378 0.358125 0.7466777408637874 0.36 0.7375415282392026 0.365625 0.7325581395348837 0.374375 0.7317275747508306 0.38125 0.7350498338870431 0.3925
1 0.29485049833887045 0.355625 0.30398671096345514 0.359375 0.32059800664451826 0.359375 0.32558139534883723 0.355625 0.3272425249169435 0.3375 0.3181063122923588 0.32875 0.3073089700996678 0.325 0.2956810631229236 0.325 0.28322259136212624 0.33125 0.2823920265780731 0.344375 0.29485049833887045 0.355625
1 0.6071428571428571 0.400625 0.6079734219269103 0.40875 0.6187707641196013 0.421875 0.6303986710963455 0.424375 0.6411960132890365 0.42 0.6470099667774086 0.414375 0.6503322259136213 0.40625 0.6503322259136213 0.39625 0.6470099667774086 0.389375 0.6411960132890365 0.384375 0.6337209302325582 0.381875 0.6229235880398671 0.381875 0.6187707641196013 0.384375 0.6129568106312292 0.395625 0.6071428571428571 0.400625
1 0.7101328903654485 0.4575 0.71843853820598 0.46125 0.7325581395348837 0.46125 0.7433554817275747 0.458125 0.75 0.4525 0.7541528239202658 0.444375 0.7524916943521595 0.431875 0.7433554817275747 0.425 0.7358803986710963 0.42375 0.71843853820598 0.4275 0.7059800664451827 0.438125 0.7051495016611296 0.451875 0.7101328903654485 0.4575
1 0.7965116279069767 0.216875 0.8048172757475083 0.219375 0.8214285714285714 0.216875 0.8289036544850499 0.205625 0.8289036544850499 0.195 0.8197674418604651 0.18375 0.8073089700996677 0.18 0.7981727574750831 0.180625 0.7906976744186046 0.1875 0.7882059800664452 0.194375 0.7882059800664452 0.205 0.7965116279069767 0.216875
1 0.7358803986710963 0.185625 0.7408637873754153 0.18875 0.7508305647840532 0.1925 0.7632890365448505 0.191875 0.7732558139534884 0.190625 0.7790697674418605 0.18625 0.782392026578073 0.176875 0.7790697674418605 0.1675 0.7724252491694352 0.1625 0.7599667774086378 0.15875 0.75 0.15875 0.7408637873754153 0.160625 0.7333887043189369 0.166875 0.7325581395348837 0.17875 0.7358803986710963 0.185625
1 0.5033222591362126 0.50875 0.5116279069767442 0.51125 0.5224252491694352 0.51125 0.532392026578073 0.50875 0.5406976744186046 0.503125 0.542358803986711 0.49375 0.5398671096345515 0.4875 0.5340531561461794 0.483125 0.5149501661129569 0.47875 0.5041528239202658 0.481875 0.49916943521594687 0.4875 0.49750830564784054 0.50125 0.5033222591362126 0.50875
1 0.7458471760797342 0.63875 0.7541528239202658 0.644375 0.7674418604651163 0.644375 0.7790697674418605 0.63875 0.782392026578073 0.634375 0.7890365448504983 0.623125 0.7898671096345515 0.614375 0.7857142857142857 0.605625 0.7807308970099668 0.60125 0.7757475083056479 0.598125 0.7682724252491694 0.598125 0.7641196013289037 0.6075 0.7583056478405316 0.6125 0.7416943521594684 0.619375 0.7408637873754153 0.630625 0.7458471760797342 0.63875
1 0.4111295681063123 0.1825 0.42358803986710963 0.1825 0.43521594684385384 0.178125 0.4435215946843854 0.1675 0.4418604651162791 0.15625 0.43023255813953487 0.15 0.4111295681063123 0.15 0.39700996677740863 0.156875 0.39700996677740863 0.17375 0.4111295681063123 0.1825
1 0.71843853820598 0.278125 0.7242524916943521 0.283125 0.7342192691029901 0.286875 0.75 0.285625 0.7591362126245847 0.278125 0.7624584717607974 0.26875 0.760797342192691 0.254375 0.7524916943521595 0.240625 0.7441860465116279 0.235625 0.7267441860465116 0.236875 0.7209302325581395 0.240625 0.7151162790697675 0.25125 0.7134551495016611 0.261875 0.71843853820598 0.278125
1 0.6237541528239202 0.6825 0.632890365448505 0.691875 0.6420265780730897 0.696875 0.6636212624584718 0.69625 0.6669435215946844 0.691875 0.6677740863787376 0.680625 0.6611295681063123 0.6675 0.6470099667774086 0.6575 0.6320598006644518 0.6575 0.6204318936877077 0.66625 0.6237541528239202 0.6825
1 0.8222591362126246 0.418125 0.8313953488372093 0.420625 0.8430232558139535 0.420625 0.8529900332225914 0.418125 0.8704318936877077 0.408125 0.8787375415282392 0.400625 0.8787375415282392 0.395 0.8770764119601329 0.39 0.867109634551495 0.3825 0.8504983388704319 0.381875 0.8388704318936877 0.385 0.8131229235880398 0.404375 0.8131229235880398 0.410625 0.8222591362126246 0.418125
1 0.45598006644518274 0.43 0.4700996677740864 0.441875 0.48421926910299 0.441875 0.4941860465116279 0.43 0.4941860465116279 0.4225 0.4900332225913621 0.41625 0.4808970099667774 0.4075 0.473421926910299 0.40375 0.46179401993355484 0.40375 0.45514950166112955 0.408125 0.4526578073089701 0.421875 0.45598006644518274 0.43
1 0.5448504983388704 0.71625 0.5498338870431894 0.72 0.5705980066445183 0.72 0.5838870431893688 0.70625 0.584717607973422 0.69625 0.5813953488372093 0.6875 0.5672757475083057 0.6775 0.5539867109634552 0.6775 0.5448504983388704 0.683125 0.5415282392026578 0.69125 0.5398671096345515 0.706875 0.5448504983388704 0.71625
1 0.29485049833887045 0.398125 0.313953488372093 0.400625 0.3230897009966777 0.39625 0.3289036544850498 0.375 0.3272425249169435 0.369375 0.32059800664451826 0.361875 0.30980066445182725 0.36 0.3023255813953488 0.36125 0.292358803986711 0.36875 0.28820598006644516 0.378125 0.28820598006644516 0.38875 0.29485049833887045 0.398125
1 0.36627906976744184 0.475625 0.3712624584717608 0.480625 0.3770764119601329 0.480625 0.38205980066445183 0.483125 0.39700996677740863 0.484375 0.4119601328903654 0.471875 0.4111295681063123 0.455625 0.4053156146179402 0.451875 0.3903654485049834 0.448125 0.37375415282392027 0.451875 0.3646179401993355 0.46125 0.36295681063122925 0.46875 0.36627906976744184 0.475625
1 0.5058139534883721 0.46375 0.5149501661129569 0.475 0.520764119601329 0.478125 0.5373754152823921 0.483125 0.5481727574750831 0.483125 0.5564784053156147 0.480625 0.5598006644518272 0.4775 0.5622923588039868 0.46875 0.553156146179402 0.456875 0.5431893687707641 0.450625 0.5249169435215947 0.448125 0.5149501661129569 0.45 0.5083056478405316 0.45375 0.5058139534883721 0.45625 0.5058139534883721 0.46375
1 0.43023255813953487 0.4575 0.4393687707641196 0.460625 0.4526578073089701 0.460625 0.4634551495016611 0.455625 0.4659468438538206 0.45 0.46511627906976744 0.439375 0.4526578073089701 0.4275 0.42857142857142855 0.4275 0.4219269102990033 0.435625 0.4210963455149502 0.445 0.43023255813953487 0.4575
1 0.3239202657807309 0.49125 0.3289036544850498 0.494375 0.3380398671096346 0.49625 0.35132890365448505 0.495 0.3646179401993355 0.485 0.3654485049833887 0.471875 0.3538205980066445 0.46125 0.3372093023255814 0.45875 0.3289036544850498 0.4625 0.31976744186046513 0.471875 0.31893687707641194 0.48375 0.3239202657807309 0.49125
1 0.5631229235880398 0.468125 0.584717607973422 0.46625 0.5971760797342193 0.46 0.6046511627906976 0.449375 0.6054817275747508 0.443125 0.5996677740863787 0.434375 0.584717607973422 0.43125 0.5714285714285714 0.435 0.5606312292358804 0.440625 0.5556478405315615 0.45 0.5548172757475083 0.4575 0.5631229235880398 0.468125
1 0.7117940199335548 0.614375 0.7151162790697675 0.619375 0.7200996677740864 0.620625 0.7483388704318937 0.6175 0.7624584717607974 0.609375 0.7666112956810631 0.600625 0.7641196013289037 0.58875 0.7475083056478405 0.57875 0.7441860465116279 0.57875 0.7342192691029901 0.588125 0.7159468438538206 0.59625 0.7117940199335548 0.60375 0.7117940199335548 0.614375
1 0.6636212624584718 0.425 0.6744186046511628 0.429375 0.686046511627907 0.42875 0.6910299003322259 0.42625 0.7009966777408638 0.410625 0.6918604651162791 0.39625 0.6810631229235881 0.39 0.6735880398671097 0.39 0.6636212624584718 0.39375 0.6569767441860465 0.405625 0.6578073089700996 0.418125 0.6636212624584718 0.425
1 0.3338870431893688 0.328125 0.33637873754152825 0.33125 0.34717607973421927 0.33125 0.36710963455149503 0.325625 0.37209302325581395 0.316875 0.37209302325581395 0.3025 0.36627906976744184 0.295625 0.3488372093023256 0.295625 0.3372093023255814 0.3025 0.33222591362126247 0.31 0.3313953488372093 0.319375 0.3338870431893688 0.328125
1 0.5041528239202658 0.37375 0.5257475083056479 0.386875 0.5431893687707641 0.3875 0.5514950166112956 0.384375 0.553156146179402 0.3725 0.5382059800664452 0.36 0.5132890365448505 0.35625 0.5016611295681063 0.3625 0.5008305647840532 0.3675 0.5041528239202658 0.37375
1 0.3081395348837209 0.55 0.3131229235880399 0.5525 0.3239202657807309 0.553125 0.3338870431893688 0.550625 0.3380398671096346 0.5475 0.34136212624584716 0.54125 0.34136212624584716 0.53125 0.33637873754152825 0.52125 0.3313953488372093 0.5175 0.3181063122923588 0.513125 0.3073089700996678 0.514375 0.2956810631229236 0.524375 0.2973421926910299 0.539375 0.3081395348837209 0.55
1 0.46096345514950166 0.251875 0.4659468438538206 0.256875 0.473421926910299 0.261875 0.49169435215946844 0.261875 0.4958471760797342 0.26 0.5016611295681063 0.251875 0.5016611295681063 0.245625 0.5 0.236875 0.4950166112956811 0.22875 0.48421926910299 0.220625 0.47591362126245845 0.21875 0.46179401993355484 0.219375 0.45598006644518274 0.22625 0.45598006644518274 0.23875 0.46096345514950166 0.251875
1 0.5614617940199336 0.42875 0.5689368770764119 0.42875 0.5838870431893688 0.4225 0.5880398671096345 0.418125 0.5921926910299004 0.41125 0.590531561461794 0.40125 0.5813953488372093 0.39625 0.5697674418604651 0.39625 0.5622923588039868 0.4 0.5498338870431894 0.413125 0.5498338870431894 0.421875 0.5614617940199336 0.42875
1 0.2558139534883721 0.386875 0.27740863787375414 0.386875 0.287375415282392 0.379375 0.287375415282392 0.361875 0.2757475083056478 0.350625 0.2632890365448505 0.349375 0.2549833887043189 0.35125 0.24584717607973422 0.3625 0.24750830564784054 0.3775 0.2558139534883721 0.386875
1 0.8529900332225914 0.458125 0.8662790697674418 0.463125 0.8787375415282392 0.463125 0.8903654485049833 0.458125 0.8945182724252492 0.450625 0.893687707641196 0.440625 0.8787375415282392 0.4275 0.8662790697674418 0.4225 0.8529900332225914 0.4225 0.840531561461794 0.43 0.8397009966777409 0.444375 0.8529900332225914 0.458125
1 0.47259136212624586 0.644375 0.48006644518272423 0.64625 0.49750830564784054 0.644375 0.5041528239202658 0.635 0.5049833887043189 0.623125 0.4983388704318937 0.61125 0.49335548172757476 0.608125 0.47674418604651164 0.608125 0.4717607973421927 0.610625 0.4684385382059801 0.6175 0.46179401993355484 0.623125 0.46179401993355484 0.63125 0.47259136212624586 0.644375
1 0.6827242524916943 0.27 0.6918604651162791 0.27125 0.7018272425249169 0.26875 0.7134551495016611 0.2575 0.7159468438538206 0.249375 0.7151162790697675 0.240625 0.7134551495016611 0.236875 0.7026578073089701 0.22875 0.6910299003322259 0.2275 0.6810631229235881 0.2325 0.6769102990033222 0.235625 0.6735880398671097 0.24375 0.6744186046511628 0.261875 0.6827242524916943 0.27
1 0.7956810631229236 0.521875 0.8023255813953488 0.524375 0.813953488372093 0.524375 0.8239202657807309 0.520625 0.8272425249169435 0.51375 0.8272425249169435 0.504375 0.8181063122923588 0.491875 0.8039867109634552 0.485 0.7956810631229236 0.485 0.7848837209302325 0.49 0.7807308970099668 0.495 0.7799003322259136 0.50875 0.7956810631229236 0.521875
1 0.3862126245847176 0.283125 0.39700996677740863 0.283125 0.40780730897009965 0.27625 0.41029900332225916 0.26875 0.40863787375415284 0.261875 0.39867109634551495 0.253125 0.38289036544850497 0.251875 0.3787375415282392 0.254375 0.37624584717607973 0.26125 0.37624584717607973 0.273125 0.3862126245847176 0.283125
1 0.5880398671096345 0.70375 0.6038205980066446 0.718125 0.622093023255814 0.7225 0.6320598006644518 0.72 0.6362126245847176 0.716875 0.6387043189368771 0.713125 0.6370431893687708 0.69875 0.6295681063122923 0.68875 0.6187707641196013 0.680625 0.6112956810631229 0.6775 0.5946843853820598 0.6775 0.5880398671096345 0.680625 0.5855481727574751 0.685 0.584717607973422 0.69375 0.5880398671096345 0.70375
1 0.42441860465116277 0.623125 0.4277408637873754 0.62625 0.4377076411960133 0.629375 0.45099667774086377 0.62875 0.457641196013289 0.62625 0.4634551495016611 0.6225 0.4700996677740864 0.613125 0.4676079734219269 0.600625 0.4568106312292359 0.59375 0.4435215946843854 0.593125 0.43272425249169433 0.595 0.420265780730897 0.60375 0.41777408637873753 0.613125 0.42441860465116277 0.623125
1 0.5631229235880398 0.295625 0.5813953488372093 0.2975 0.5913621262458472 0.290625 0.5938538205980066 0.285625 0.5913621262458472 0.27375 0.5813953488372093 0.264375 0.5730897009966778 0.260625 0.5614617940199336 0.260625 0.553156146179402 0.26625 0.5481727574750831 0.27375 0.5490033222591362 0.283125 0.5631229235880398 0.295625
1 0.329734219269103 0.45625 0.35132890365448505 0.45875 0.3646179401993355 0.451875 0.36710963455149503 0.440625 0.3637873754152824 0.4325 0.3496677740863787 0.4225 0.3438538205980066 0.420625 0.3313953488372093 0.420625 0.32475083056478404 0.425 0.32059800664451826 0.4325 0.32059800664451826 0.44625 0.329734219269103 0.45625
1 0.3687707641196013 0.441875 0.3754152823920266 0.4425 0.3920265780730897 0.449375 0.4053156146179402 0.451875 0.4069767441860465 0.45375 0.41445182724252494 0.45375 0.420265780730897 0.449375 0.41943521594684385 0.440625 0.41362126245847175 0.435 0.39700996677740863 0.4275 0.37624584717607973 0.4275 0.36710963455149503 0.43 0.3654485049833887 0.4325 0.3646179401993355 0.435625 0.3687707641196013 0.441875
1 0.33637873754152825 0.3625 0.3430232558139535 0.365 0.3579734219269103 0.365 0.36710963455149503 0.3625 0.3795681063122924 0.353125 0.3795681063122924 0.33875 0.3754152823920266 0.33375 0.36627906976744184 0.33 0.34717607973421927 0.33125 0.3380398671096346 0.33375 0.3289036544850498 0.34125 0.3289036544850498 0.355625 0.33637873754152825 0.3625
1 0.6503322259136213 0.72 0.6619601328903655 0.725 0.6843853820598007 0.725 0.6918604651162791 0.72 0.6935215946843853 0.71125 0.6910299003322259 0.70625 0.6744186046511628 0.696875 0.6470099667774086 0.69875 0.6411960132890365 0.7025 0.6428571428571429 0.713125 0.6503322259136213 0.72
1 0.5149501661129569 0.31 0.5224252491694352 0.3125 0.5431893687707641 0.311875 0.5514950166112956 0.306875 0.5564784053156147 0.3 0.5556478405315615 0.289375 0.542358803986711 0.28125 0.5157807308970099 0.28125 0.5066445182724253 0.285 0.5041528239202658 0.28875 0.5058139534883721 0.3025 0.5149501661129569 0.31
1 0.7051495016611296 0.413125 0.7167774086378738 0.413125 0.7308970099667774 0.4025 0.7342192691029901 0.39375 0.7275747508305648 0.37875 0.71843853820598 0.375 0.7051495016611296 0.375 0.6910299003322259 0.38375 0.6910299003322259 0.3975 0.7051495016611296 0.413125
1 0.6677740863787376 0.15125 0.6827242524916943 0.155 0.7043189368770764 0.155 0.7134551495016611 0.153125 0.7200996677740864 0.14875 0.7225913621262459 0.141875 0.7200996677740864 0.130625 0.7068106312292359 0.125 0.6802325581395349 0.125625 0.6710963455149501 0.130625 0.665282392026578 0.1375 0.6627906976744186 0.14375 0.6677740863787376 0.15125
1 0.33056478405315615 0.4075 0.3388704318936877 0.41125 0.3546511627906977 0.410625 0.3637873754152824 0.403125 0.3687707641196013 0.395 0.36710963455149503 0.379375 0.36129568106312293 0.375 0.34634551495016613 0.3725 0.3330564784053156 0.3775 0.32558139534883723 0.39 0.32558139534883723 0.40125 0.33056478405315615 0.4075
1 0.4277408637873754 0.32875 0.4418604651162791 0.33125 0.45099667774086377 0.335625 0.4584717607973422 0.335 0.46511627906976744 0.33125 0.4676079734219269 0.3275 0.46677740863787376 0.316875 0.45099667774086377 0.305 0.4426910299003322 0.3025 0.43023255813953487 0.3025 0.4210963455149502 0.31 0.420265780730897 0.316875 0.4277408637873754 0.32875
1 0.4601328903654485 0.50125 0.4700996677740864 0.504375 0.48754152823920266 0.504375 0.4958471760797342 0.50125 0.49750830564784054 0.486875 0.4941860465116279 0.480625 0.4833887043189369 0.473125 0.4659468438538206 0.470625 0.4601328903654485 0.471875 0.45182724252491696 0.479375 0.45182724252491696 0.49125 0.4601328903654485 0.50125
1 0.6295681063122923 0.335 0.6362126245847176 0.34 0.6445182724252492 0.340625 0.654485049833887 0.3325 0.659468438538206 0.323125 0.659468438538206 0.3125 0.654485049833887 0.3025 0.643687707641196 0.2975 0.6362126245847176 0.2975 0.6237541528239202 0.304375 0.6196013289036545 0.310625 0.6212624584717608 0.321875 0.6295681063122923 0.335
1 0.6519933554817275 0.376875 0.6636212624584718 0.381875 0.6852159468438538 0.381875 0.6901993355481728 0.38 0.7009966777408638 0.37375 0.7051495016611296 0.364375 0.7051495016611296 0.35625 0.7001661129568106 0.35125 0.6852159468438538 0.346875 0.6578073089700996 0.348125 0.6478405315614618 0.35125 0.6428571428571429 0.356875 0.643687707641196 0.36875 0.6519933554817275 0.376875
1 0.5174418604651163 0.34375 0.5240863787375415 0.348125 0.5556478405315615 0.348125 0.5714285714285714 0.338125 0.5705980066445183 0.325625 0.5564784053156147 0.315625 0.5514950166112956 0.314375 0.5307308970099668 0.315625 0.5166112956810631 0.326875 0.5141196013289037 0.338125 0.5174418604651163 0.34375
1 0.48754152823920266 0.70375 0.5024916943521595 0.711875 0.5141196013289037 0.711875 0.5257475083056479 0.70875 0.5373754152823921 0.70125 0.5398671096345515 0.695625 0.5390365448504983 0.689375 0.5224252491694352 0.6775 0.5174418604651163 0.6775 0.4983388704318937 0.6875 0.489202657807309 0.6875 0.48588039867109634 0.689375 0.4850498338870432 0.69875 0.48754152823920266 0.70375
1 0.782392026578073 0.601875 0.7915282392026578 0.605625 0.8006644518272426 0.605625 0.8073089700996677 0.603125 0.8147840531561462 0.591875 0.813953488372093 0.58 0.8073089700996677 0.569375 0.7940199335548173 0.56375 0.7848837209302325 0.56375 0.7782392026578073 0.566875 0.7740863787375415 0.5725 0.7749169435215947 0.5925 0.782392026578073 0.601875
1 0.6362126245847176 0.18625 0.6495016611295681 0.191875 0.6602990033222591 0.19 0.6694352159468439 0.181875 0.6727574750830565 0.174375 0.6719269102990033 0.16 0.6669435215946844 0.153125 0.6611295681063123 0.149375 0.6495016611295681 0.148125 0.6378737541528239 0.15375 0.632890365448505 0.16125 0.6320598006644518 0.1775 0.6362126245847176 0.18625
1 0.4979235880398671 0.2546875 0.0008305647840531562 0.000625
1 0.4111295681063123 0.26375 0.42441860465116277 0.2675 0.4393687707641196 0.26625 0.44933554817275745 0.261875 0.4601328903654485 0.25 0.45930232558139533 0.244375 0.45514950166112955 0.239375 0.43272425249169433 0.2325 0.4169435215946844 0.2325 0.4061461794019934 0.2375 0.4019933554817276 0.2425 0.40282392026578073 0.254375 0.4111295681063123 0.26375
1 0.49750830564784054 0.23125 0.5116279069767442 0.23125 0.526578073089701 0.218125 0.5257475083056479 0.19875 0.5174418604651163 0.19125 0.5016611295681063 0.190625 0.4908637873754153 0.195 0.4833887043189369 0.20375 0.4833887043189369 0.2175 0.49750830564784054 0.23125
1 0.5116279069767442 0.28125 0.53156146179402 0.28 0.5373754152823921 0.2775 0.5431893687707641 0.27375 0.5465116279069767 0.265 0.5440199335548173 0.254375 0.5390365448504983 0.25 0.53156146179402 0.24875 0.510797342192691 0.250625 0.5058139534883721 0.253125 0.49916943521594687 0.261875 0.5 0.273125 0.5116279069767442 0.28125
1 0.5058139534883721 0.625 0.5174418604651163 0.63625 0.5232558139534884 0.63625 0.5398671096345515 0.6225 0.542358803986711 0.615 0.5415282392026578 0.605 0.5290697674418605 0.595625 0.5149501661129569 0.595 0.5033222591362126 0.605625 0.5024916943521595 0.615 0.5058139534883721 0.625
1 0.36212624584717606 0.42625 0.36794019933554817 0.42875 0.3911960132890365 0.426875 0.3961794019933555 0.425 0.40448504983388706 0.416875 0.4069767441860465 0.405625 0.40448504983388706 0.4 0.3961794019933555 0.39375 0.3787375415282392 0.3925 0.36794019933554817 0.396875 0.35631229235880396 0.41 0.35714285714285715 0.420625 0.36212624584717606 0.42625
1 0.4069767441860465 0.355 0.41777408637873753 0.36125 0.4368770764119601 0.36125 0.4435215946843854 0.359375 0.4526578073089701 0.353125 0.4526578073089701 0.3375 0.4410299003322259 0.33125 0.4260797342192691 0.32875 0.41445182724252494 0.33375 0.4053156146179402 0.34125 0.40282392026578073 0.34875 0.4069767441860465 0.355
1 0.27408637873754155 0.44125 0.2815614617940199 0.446875 0.2898671096345515 0.446875 0.30980066445182725 0.43375 0.31727574750830567 0.420625 0.31727574750830567 0.415625 0.3131229235880399 0.406875 0.3064784053156146 0.40125 0.29401993355481726 0.4 0.2815614617940199 0.405625 0.2707641196013289 0.421875 0.2707641196013289 0.436875 0.27408637873754155 0.44125
1 0.3388704318936877 0.65125 0.3438538205980066 0.655 0.3538205980066445 0.660625 0.36627906976744184 0.660625 0.3770764119601329 0.654375 0.3787375415282392 0.645625 0.37624584717607973 0.639375 0.35631229235880396 0.62125 0.3430232558139535 0.62125 0.3347176079734219 0.62625 0.3338870431893688 0.64125 0.3388704318936877 0.65125
1 0.7973421926910299 0.3275 0.7990033222591362 0.334375 0.8064784053156147 0.335625 0.8222591362126246 0.335 0.8330564784053156 0.33125 0.8438538205980066 0.318125 0.8430232558139535 0.31 0.8372093023255814 0.305 0.8214285714285714 0.30125 0.803156146179402 0.3025 0.7882059800664452 0.313125 0.7873754152823921 0.3175 0.7973421926910299 0.3275
1 0.5880398671096345 0.540625 0.6046511627906976 0.540625 0.622093023255814 0.5325 0.6270764119601329 0.52625 0.6262458471760798 0.52125 0.6179401993355482 0.514375 0.6004983388704319 0.506875 0.590531561461794 0.506875 0.5830564784053156 0.51 0.574750830564784 0.515 0.5714285714285714 0.52125 0.5730897009966778 0.53125 0.5880398671096345 0.540625
1 0.5124584717607974 0.1825 0.520764119601329 0.185625 0.5465116279069767 0.184375 0.5573089700996677 0.18 0.5631229235880398 0.174375 0.563953488372093 0.16375 0.5614617940199336 0.156875 0.553156146179402 0.151875 0.5431893687707641 0.149375 0.5307308970099668 0.15 0.5191029900332226 0.15375 0.5058139534883721 0.16375 0.5049833887043189 0.175 0.5124584717607974 0.1825
1 0.6935215946843853 0.591875 0.7009966777408638 0.59375 0.71843853820598 0.59375 0.7333887043189369 0.588125 0.7408637873754153 0.58125 0.7441860465116279 0.57625 0.7441860465116279 0.569375 0.7408637873754153 0.5625 0.7325581395348837 0.5575 0.7093023255813954 0.556875 0.7009966777408638 0.558125 0.6943521594684385 0.561875 0.6843853820598007 0.57375 0.6827242524916943 0.58125 0.6935215946843853 0.591875
1 0.6187707641196013 0.64375 0.6287375415282392 0.6475 0.6362126245847176 0.6475 0.6428571428571429 0.645625 0.6478405315614618 0.63875 0.6578073089700996 0.63125 0.659468438538206 0.619375 0.6561461794019934 0.61375 0.6486710963455149 0.608125 0.6370431893687708 0.608125 0.6179401993355482 0.62 0.6137873754152824 0.62625 0.6129568106312292 0.634375 0.6187707641196013 0.64375
1 0.3712624584717608 0.633125 0.38205980066445183 0.634375 0.3903654485049834 0.63125 0.39700996677740863 0.623125 0.3978405315614618 0.618125 0.39700996677740863 0.605 0.3920265780730897 0.598125 0.38372093023255816 0.59375 0.3729235880398671 0.593125 0.3646179401993355 0.595 0.35714285714285715 0.60125 0.3579734219269103 0.62 0.3712624584717608 0.633125
1 0.5739202657807309 0.394375 0.5913621262458472 0.40125 0.6046511627906976 0.40125 0.6129568106312292 0.395 0.617109634551495 0.388125 0.617109634551495 0.376875 0.6146179401993356 0.3725 0.5996677740863787 0.365 0.5888704318936877 0.365 0.579734219269103 0.369375 0.5705980066445183 0.37875 0.5697674418604651 0.386875 0.5739202657807309 0.394375
1 0.45598006644518274 0.206875 0.4700996677740864 0.208125 0.47840531561461797 0.204375 0.4850498338870432 0.1975 0.48754152823920266 0.189375 0.4867109634551495 0.178125 0.4850498338870432 0.174375 0.4742524916943522 0.16875 0.457641196013289 0.17 0.44933554817275745 0.175625 0.4435215946843854 0.183125 0.44518272425249167 0.19875 0.45598006644518274 0.206875
1 0.563953488372093 0.671875 0.574750830564784 0.68 0.5822259136212624 0.680625 0.5963455149501661 0.675625 0.6021594684385382 0.670625 0.6104651162790697 0.65625 0.6104651162790697 0.64625 0.6004983388704319 0.634375 0.590531561461794 0.63125 0.5822259136212624 0.631875 0.5681063122923588 0.641875 0.5622923588039868 0.655 0.5614617940199336 0.665 0.563953488372093 0.671875
1 0.3388704318936877 0.27625 0.3579734219269103 0.27625 0.36710963455149503 0.27375 0.3729235880398671 0.26875 0.37624584717607973 0.261875 0.3754152823920266 0.254375 0.3712624584717608 0.250625 0.35299003322259137 0.245 0.34053156146179403 0.246875 0.3330564784053156 0.250625 0.32641196013289037 0.259375 0.3272425249169435 0.270625 0.3388704318936877 0.27625
1 0.6013289036544851 0.485625 0.6046511627906976 0.4875 0.6179401993355482 0.4875 0.6337209302325582 0.480625 0.6411960132890365 0.473125 0.6445182724252492 0.45875 0.6411960132890365 0.45 0.6353820598006644 0.444375 0.6312292358803987 0.441875 0.6196013289036545 0.441875 0.6029900332225914 0.450625 0.5938538205980066 0.46375 0.5938538205980066 0.475 0.6013289036544851 0.485625
1 0.6179401993355482 0.283125 0.6254152823920266 0.285625 0.6387043189368771 0.285625 0.6453488372093024 0.283125 0.654485049833887 0.275625 0.6578073089700996 0.26875 0.6569767441860465 0.258125 0.6519933554817275 0.250625 0.643687707641196 0.245 0.6345514950166113 0.243125 0.6229235880398671 0.244375 0.6154485049833887 0.25 0.6112956810631229 0.25875 0.6088039867109635 0.26875 0.6179401993355482 0.283125
1 0.6777408637873754 0.556875 0.6852159468438538 0.56 0.6951827242524917 0.56 0.7051495016611296 0.5575 0.717607973421927 0.546875 0.728405315614618 0.529375 0.728405315614618 0.52375 0.7200996677740864 0.51625 0.6943521594684385 0.519375 0.6777408637873754 0.52875 0.6719269102990033 0.5375 0.6719269102990033 0.5475 0.6777408637873754 0.556875
1 0.553156146179402 0.219375 0.5581395348837209 0.22375 0.5697674418604651 0.2275 0.5880398671096345 0.2275 0.6021594684385382 0.21875 0.6021594684385382 0.209375 0.5988372093023255 0.204375 0.5838870431893688 0.19625 0.5714285714285714 0.195 0.5614617940199336 0.1975 0.5498338870431894 0.206875 0.5490033222591362 0.21375 0.553156146179402 0.219375
1 0.5755813953488372 0.344375 0.590531561461794 0.355625 0.6021594684385382 0.355625 0.6154485049833887 0.348125 0.6187707641196013 0.340625 0.6187707641196013 0.330625 0.617109634551495 0.324375 0.6121262458471761 0.319375 0.6021594684385382 0.315625 0.5913621262458472 0.315625 0.579734219269103 0.32125 0.5739202657807309 0.3275 0.5730897009966778 0.33625 0.5755813953488372 0.344375
1 0.6926910299003323 0.33125 0.707641196013289 0.33125 0.7200996677740864 0.325 0.7250830564784053 0.314375 0.7250830564784053 0.306875 0.7200996677740864 0.2975 0.7142857142857143 0.294375 0.7026578073089701 0.291875 0.6926910299003323 0.29375 0.6794019933554817 0.3075 0.6802325581395349 0.321875 0.6926910299003323 0.33125
1 0.5772425249169435 0.181875 0.5897009966777409 0.181875 0.5996677740863787 0.179375 0.6112956810631229 0.171875 0.6137873754152824 0.16625 0.6121262458471761 0.156875 0.5980066445182725 0.14875 0.5764119601328903 0.15 0.5647840531561462 0.15875 0.563953488372093 0.174375 0.5772425249169435 0.181875
1 0.46677740863787376 0.685625 0.47259136212624586 0.6875 0.4941860465116279 0.6875 0.5141196013289037 0.68 0.5224252491694352 0.668125 0.5224252491694352 0.66 0.5116279069767442 0.649375 0.4958471760797342 0.649375 0.47259136212624586 0.65625 0.45930232558139533 0.6675 0.45930232558139533 0.678125 0.46677740863787376 0.685625
1 0.8579734219269103 0.37375 0.8729235880398671 0.381875 0.8928571428571429 0.384375 0.9078073089700996 0.376875 0.9111295681063123 0.3725 0.9111295681063123 0.364375 0.9061461794019934 0.35625 0.8895348837209303 0.34875 0.8687707641196013 0.349375 0.8588039867109635 0.355625 0.856312292358804 0.36 0.8554817275747508 0.3675 0.8579734219269103 0.37375
1 0.7583056478405316 0.348125 0.7666112956810631 0.350625 0.782392026578073 0.350625 0.7890365448504983 0.348125 0.7956810631229236 0.343125 0.7981727574750831 0.338125 0.7981727574750831 0.33125 0.7940199335548173 0.3225 0.7873754152823921 0.319375 0.7807308970099668 0.319375 0.7774086378737541 0.316875 0.7624584717607974 0.316875 0.7558139534883721 0.319375 0.7475083056478405 0.32875 0.7466777408637874 0.33875 0.7583056478405316 0.348125
1 0.44115946843853815 0.553286875 0.4656677740863787 0.554165 0.4738372093023256 0.542748125 0.4645008305647841 0.52869625 0.4434933554817276 0.5207925 0.4178172757475083 0.530453125 0.4271536544850498 0.5453831250000001 0.44115946843853815 0.553286875
1 0.7294294019933555 0.36534500000000003 0.7469360465116279 0.35480625000000005 0.7481029900332226 0.340754375 0.7294294019933555 0.32933750000000006 0.7154244186046511 0.32494625 0.7014194352159469 0.34251125000000004 0.708421926910299 0.35744125 0.7294294019933555 0.36534500000000003
0 0.3291187707641196 0.80094875 0.34195681063122924 0.813244375 0.35129318936877074 0.815000625 0.3909742524916944 0.82202625 0.42365282392026576 0.8114875 0.44699418604651164 0.7860187500000001 0.4434933554817276 0.755280625 0.4259867109634552 0.7324468749999999 0.38980730897009963 0.7271774999999999 0.373468438538206 0.728055625 0.3501262458471761 0.7394725 0.32678488372093023 0.763185 0.3244501661129568 0.7816275 0.3291187707641196 0.80094875