1 0.3346883468834688 0.558125 0.2994579945799458 0.558125 0.29132791327913277 0.561875 0.2940379403794038 0.57 0.31029810298102983 0.575 0.32926829268292684 0.575 0.3428184281842818 0.5725 0.34552845528455284 0.565 0.3346883468834688 0.558125
1 0.2506775067750677 0.428125 0.22086720867208673 0.428125 0.20596205962059622 0.431875 0.20596205962059622 0.43875 0.21544715447154472 0.4425 0.2506775067750677 0.441875 0.26151761517615174 0.43625 0.26151761517615174 0.4325 0.2506775067750677 0.428125
1 0.907859078590786 0.565625 0.8834688346883469 0.565 0.8699186991869918 0.57 0.8699186991869918 0.579375 0.8861788617886179 0.584375 0.9105691056910569 0.584375 0.924119241192412 0.579375 0.924119241192412 0.57125 0.907859078590786 0.565625
1 0.9132791327913279 0.48125 0.8943089430894309 0.48125 0.8780487804878049 0.48625 0.8726287262872628 0.49 0.8739837398373984 0.494375 0.8888888888888888 0.49875 0.9132791327913279 0.49875 0.926829268292683 0.49375 0.926829268292683 0.485625 0.9132791327913279 0.48125
1 0.2994579945799458 0.2925 0.3143631436314363 0.299375 0.3157181571815718 0.306875 0.3116531165311653 0.310625 0.2886178861788618 0.308125 0.27235772357723576 0.300625 0.27235772357723576 0.296875 0.28184281842818426 0.293125 0.2981029810298103 0.2925
1 0.8726287262872628 0.600625 0.8807588075880759 0.603125 0.8834688346883469 0.61 0.8658536585365854 0.6175 0.8414634146341463 0.61375 0.8373983739837398 0.6075 0.8509485094850948 0.601875 0.8712737127371274 0.600625
1 0.42140921409214094 0.394375 0.43766937669376693 0.396875 0.44308943089430897 0.400625 0.4349593495934959 0.41 0.4105691056910569 0.409375 0.3943089430894309 0.404375 0.4024390243902439 0.395625 0.42005420054200543 0.394375
1 0 0.34 0.016260162601626018 0.3425 0.02032520325203252 0.345 0.016260162601626018 0.356875 0.01084010840108401 0.359375 0.0027100271002710027 0.36 0 0.359375 0 0.340625
1 0.462059620596206 0.4 0.47289972899729 0.4025 0.4742547425474255 0.408125 0.46747967479674796 0.413125 0.453929539295393 0.415625 0.44308943089430897 0.415 0.43766937669376693 0.40875 0.44579945799457993 0.4 0.46070460704607047 0.4
1 0.24525745257452575 0.539375 0.25203252032520324 0.543125 0.25203252032520324 0.549375 0.24525745257452575 0.55375 0.23035230352303523 0.555625 0.20596205962059622 0.55375 0.1991869918699187 0.550625 0.1991869918699187 0.544375 0.21680216802168023 0.53875 0.24390243902439024 0.539375
1 0.25474254742547425 0.428125 0.26151761517615174 0.43125 0.26151761517615174 0.435625 0.25338753387533874 0.44 0.22086720867208673 0.441875 0.21002710027100271 0.439375 0.2046070460704607 0.435625 0.2086720867208672 0.43 0.23170731707317074 0.42625 0.25338753387533874 0.428125
1 0.2181571815718157 0.556875 0.22899728997289973 0.559375 0.23306233062330622 0.564375 0.23170731707317074 0.569375 0.21951219512195122 0.574375 0.2032520325203252 0.57625 0.19241192411924118 0.575625 0.1842818428184282 0.5725 0.18292682926829268 0.564375 0.1910569105691057 0.56 0.2073170731707317 0.556875 0.21680216802168023 0.556875
1 0.516260162601626 0.491875 0.5298102981029811 0.498125 0.5298102981029811 0.505625 0.524390243902439 0.510625 0.5121951219512195 0.513125 0.5013550135501355 0.5125 0.4932249322493225 0.50875 0.4905149051490515 0.4975 0.4986449864498645 0.491875 0.5149051490514905 0.491875
1 0.4878048780487805 0.596875 0.4959349593495935 0.59875 0.505420054200542 0.605 0.502710027100271 0.614375 0.4878048780487805 0.6175 0.4742547425474255 0.615 0.46747967479674796 0.61 0.46883468834688347 0.600625 0.47696476964769646 0.5975 0.48644986449864497 0.596875
1 0.8956639566395664 0.611875 0.9051490514905149 0.615625 0.9065040650406504 0.623125 0.8983739837398373 0.62875 0.8888888888888888 0.63 0.8780487804878049 0.63 0.8712737127371274 0.628125 0.8658536585365854 0.624375 0.8658536585365854 0.619375 0.8834688346883469 0.6125 0.8943089430894309 0.611875
1 0.28184281842818426 0.646875 0.3008130081300813 0.64875 0.31029810298102983 0.65375 0.31029810298102983 0.6575 0.2940379403794038 0.6625 0.2804878048780488 0.661875 0.2682926829268293 0.656875 0.2669376693766938 0.650625 0.2804878048780488 0.646875
1 0.8306233062330624 0.561875 0.8387533875338753 0.5675 0.8401084010840109 0.574375 0.8346883468834688 0.580625 0.8238482384823849 0.58375 0.8143631436314364 0.583125 0.7994579945799458 0.578125 0.7953929539295393 0.5675 0.7981029810298103 0.56375 0.8075880758807588 0.56 0.8224932249322493 0.56 0.8292682926829268 0.561875
1 0.14227642276422764 0.49 0.14769647696476965 0.494375 0.14769647696476965 0.501875 0.13685636856368563 0.508125 0.12466124661246612 0.508125 0.11517615176151762 0.504375 0.1111111111111111 0.494375 0.12059620596205962 0.48875 0.14092140921409213 0.49
1 0.4010840108401084 0.50375 0.4078590785907859 0.508125 0.4092140921409214 0.516875 0.3970189701897019 0.5225 0.37669376693766937 0.52125 0.36585365853658536 0.514375 0.36585365853658536 0.508125 0.37262872628726285 0.50375 0.3807588075880759 0.501875 0.39295392953929537 0.501875 0.3997289972899729 0.50375
1 0.2073170731707317 0.445625 0.21544715447154472 0.448125 0.21951219512195122 0.45625 0.21002710027100271 0.46375 0.19647696476964768 0.46625 0.17886178861788618 0.465 0.17615176151761516 0.456875 0.1897018970189702 0.4475 0.20596205962059622 0.445625
1 0.2588075880758808 0.519375 0.2764227642276423 0.523125 0.2791327913279133 0.530625 0.27371273712737126 0.53375 0.25745257452574527 0.53625 0.23848238482384823 0.533125 0.23306233062330622 0.529375 0.23306233062330622 0.525625 0.24119241192411925 0.520625 0.25745257452574527 0.519375
1 0.7357723577235772 0.346875 0.7479674796747967 0.351875 0.7479674796747967 0.3575 0.7357723577235772 0.365625 0.7262872628726287 0.366875 0.7154471544715447 0.366875 0.7086720867208672 0.365 0.7046070460704607 0.361875 0.7046070460704607 0.355625 0.7208672086720868 0.346875 0.7344173441734417 0.346875
1 0.592140921409214 0.494375 0.6029810298102981 0.498125 0.6043360433604336 0.508125 0.592140921409214 0.515625 0.5785907859078591 0.518125 0.5691056910569106 0.5175 0.5609756097560976 0.514375 0.5582655826558266 0.50375 0.5704607046070461 0.495 0.5907859078590786 0.494375
1 0.8536585365853658 0.624375 0.8644986449864499 0.6275 0.8726287262872628 0.6325 0.8699186991869918 0.639375 0.8550135501355014 0.64375 0.8387533875338753 0.64375 0.8265582655826558 0.640625 0.8197831978319783 0.63625 0.8197831978319783 0.63 0.8265582655826558 0.62625 0.8414634146341463 0.62375 0.8523035230352304 0.624375
1 0.13279132791327913 0.389375 0.14905149051490515 0.390625 0.16124661246612465 0.395 0.16531165311653118 0.39875 0.16531165311653118 0.405 0.15447154471544716 0.409375 0.13414634146341464 0.4075 0.12330623306233063 0.401875 0.12059620596205962 0.39375 0.12601626016260162 0.39 0.13143631436314362 0.389375
1 0.2859078590785908 0.58125 0.3035230352303523 0.58125 0.3130081300813008 0.590625 0.3130081300813008 0.598125 0.3075880758807588 0.60375 0.3008130081300813 0.605625 0.2859078590785908 0.605625 0.2750677506775068 0.596875 0.2764227642276423 0.588125 0.2859078590785908 0.581875
1 0.39295392953929537 0.404375 0.4078590785907859 0.40875 0.4132791327913279 0.413125 0.4105691056910569 0.421875 0.3943089430894309 0.426875 0.3794037940379404 0.425 0.3712737127371274 0.41875 0.37262872628726285 0.41125 0.3915989159891599 0.404375
1 0.2886178861788618 0.335 0.3008130081300813 0.33875 0.3075880758807588 0.345 0.3035230352303523 0.3525 0.2940379403794038 0.355 0.28184281842818426 0.354375 0.2696476964769648 0.35125 0.2601626016260163 0.341875 0.2682926829268293 0.334375 0.2872628726287263 0.335
1 0.4715447154471545 0.328125 0.4823848238482385 0.3325 0.483739837398374 0.34125 0.47831978319783197 0.35 0.4742547425474255 0.3525 0.46747967479674796 0.353125 0.45799457994579945 0.3525 0.44986449864498645 0.349375 0.4444444444444444 0.340625 0.45257452574525747 0.331875 0.4634146341463415 0.328125 0.470189701897019 0.328125
1 0.5934959349593496 0.37 0.6016260162601627 0.375625 0.6029810298102981 0.3875 0.5989159891598916 0.391875 0.592140921409214 0.39375 0.5772357723577236 0.39375 0.5663956639566395 0.38625 0.5691056910569106 0.375625 0.5799457994579946 0.370625 0.592140921409214 0.37
1 0.25203252032520324 0.325625 0.2588075880758808 0.32875 0.2588075880758808 0.335625 0.25203252032520324 0.34 0.24390243902439024 0.341875 0.22899728997289973 0.341875 0.22086720867208673 0.34 0.21544715447154472 0.3375 0.2140921409214092 0.33375 0.22086720867208673 0.328125 0.22764227642276422 0.32625 0.2506775067750677 0.325625
1 0.3617886178861789 0.639375 0.35636856368563685 0.634375 0.3604336043360434 0.626875 0.3685636856368564 0.62375 0.38346883468834686 0.6225 0.3943089430894309 0.623125 0.3997289972899729 0.625625 0.3997289972899729 0.630625 0.3861788617886179 0.639375 0.37398373983739835 0.640625 0.36314363143631434 0.639375
1 0.3712737127371274 0.350625 0.38346883468834686 0.354375 0.3861788617886179 0.35875 0.3821138211382114 0.36875 0.37262872628726285 0.370625 0.34959349593495936 0.369375 0.34146341463414637 0.365625 0.34010840108401086 0.3625 0.34417344173441733 0.355625 0.3523035230352303 0.351875 0.3699186991869919 0.350625
1 0.3807588075880759 0.4725 0.3875338753387534 0.474375 0.3888888888888889 0.4825 0.3794037940379404 0.48875 0.3685636856368564 0.490625 0.34823848238482386 0.48875 0.34146341463414637 0.484375 0.34146341463414637 0.478125 0.35772357723577236 0.4725 0.3794037940379404 0.4725
1 0.25745257452574527 0.64125 0.037940379403794036 0.0225
1 0.3821138211382114 0.378125 0.3956639566395664 0.379375 0.4078590785907859 0.38375 0.4092140921409214 0.391875 0.3970189701897019 0.3975 0.3794037940379404 0.39625 0.36585365853658536 0.39125 0.36314363143631434 0.3875 0.36585365853658536 0.38 0.3807588075880759 0.378125
1 0.516260162601626 0.756875 0.518970189701897 0.75875 0.5176151761517616 0.768125 0.510840108401084 0.7725 0.4986449864498645 0.775625 0.4905149051490515 0.775625 0.4796747967479675 0.771875 0.47831978319783197 0.764375 0.4905149051490515 0.758125 0.5040650406504065 0.75625 0.5149051490514905 0.756875
1 0.1856368563685637 0.5225 0.2005420054200542 0.524375 0.21002710027100271 0.52875 0.21002710027100271 0.536875 0.1991869918699187 0.54125 0.1856368563685637 0.54125 0.16666666666666666 0.53625 0.16802168021680217 0.525625 0.17344173441734417 0.523125 0.1842818428184282 0.5225
1 0.5271002710027101 0.6075 0.5420054200542005 0.61 0.5501355013550135 0.615 0.5501355013550135 0.619375 0.535230352303523 0.62375 0.516260162601626 0.6225 0.505420054200542 0.61625 0.510840108401084 0.608125 0.5257452574525745 0.6075
1 0.7289972899728997 0.510625 0.7479674796747967 0.513125 0.7574525745257452 0.51875 0.7574525745257452 0.52625 0.7533875338753387 0.529375 0.7452574525745257 0.530625 0.7208672086720868 0.529375 0.7086720867208672 0.5225 0.7113821138211383 0.514375 0.7154471544715447 0.511875 0.7276422764227642 0.510625
1 0.44308943089430897 0.588125 0.46612466124661245 0.585 0.47696476964769646 0.590625 0.47289972899729 0.59875 0.45257452574525747 0.6025 0.44173441734417346 0.60125 0.4349593495934959 0.595625 0.44308943089430897 0.58875
1 0.4105691056910569 0.354375 0.4186991869918699 0.35625 0.4241192411924119 0.363125 0.4241192411924119 0.37125 0.4173441734417344 0.37625 0.4065040650406504 0.37625 0.3956639566395664 0.37375 0.3875338753387534 0.368125 0.3902439024390244 0.356875 0.4092140921409214 0.354375
1 0.24661246612466126 0.440625 0.25203252032520324 0.4425 0.25609756097560976 0.448125 0.25474254742547425 0.45625 0.24796747967479674 0.45875 0.23035230352303523 0.458125 0.2181571815718157 0.45125 0.22086720867208673 0.441875 0.23441734417344173 0.44 0.24525745257452575 0.440625
1 0.1910569105691057 0.501875 0.2032520325203252 0.504375 0.20596205962059622 0.515 0.1978319783197832 0.519375 0.17886178861788618 0.52125 0.17073170731707318 0.52125 0.16124661246612465 0.51875 0.15718157181571815 0.515625 0.15718157181571815 0.51 0.16531165311653118 0.504375 0.17750677506775067 0.501875 0.1897018970189702 0.501875
1 0.2140921409214092 0.591875 0.22086720867208673 0.595 0.2222222222222222 0.6 0.2181571815718157 0.605625 0.20596205962059622 0.61 0.18699186991869918 0.60875 0.18157181571815717 0.605625 0.1802168021680217 0.599375 0.1937669376693767 0.591875 0.2127371273712737 0.591875
1 0.46612466124661245 0.413125 0.481029810298103 0.415 0.48644986449864497 0.418125 0.4878048780487805 0.425625 0.483739837398374 0.43 0.46070460704607047 0.430625 0.44579945799457993 0.42625 0.4444444444444444 0.421875 0.44850948509485095 0.416875 0.46476964769647694 0.41375
1 0.8685636856368564 0.57875 0.8902439024390244 0.584375 0.8970189701897019 0.58875 0.8956639566395664 0.595625 0.8834688346883469 0.599375 0.8658536585365854 0.59875 0.8509485094850948 0.591875 0.8523035230352304 0.58125 0.8672086720867209 0.57875
1 0.34146341463414637 0.671875 0.34959349593495936 0.674375 0.35365853658536583 0.683125 0.34823848238482386 0.686875 0.34010840108401086 0.688125 0.3224932249322493 0.686875 0.31029810298102983 0.68125 0.31029810298102983 0.6775 0.3170731707317073 0.673125 0.3238482384823848 0.67125 0.34010840108401086 0.671875
1 0.532520325203252 0.44125 0.5392953929539296 0.44625 0.540650406504065 0.4525 0.5365853658536586 0.456875 0.5284552845528455 0.46 0.510840108401084 0.459375 0.502710027100271 0.456875 0.4986449864498645 0.4525 0.4986449864498645 0.445625 0.508130081300813 0.43875 0.5203252032520326 0.43875 0.5311653116531165 0.44125
1 0.5040650406504065 0.45875 0.5230352303523035 0.461875 0.5284552845528455 0.465625 0.5311653116531165 0.470625 0.5257452574525745 0.476875 0.5149051490514905 0.479375 0.4986449864498645 0.4775 0.4905149051490515 0.47375 0.489159891598916 0.463125 0.502710027100271 0.459375
1 0.45257452574525747 0.610625 0.46612466124661245 0.61125 0.4742547425474255 0.616875 0.47696476964769646 0.62 0.4742547425474255 0.629375 0.4634146341463415 0.633125 0.45257452574525747 0.633125 0.43902439024390244 0.626875 0.4349593495934959 0.621875 0.43766937669376693 0.615 0.45121951219512196 0.61125
1 0.907859078590786 0.565 0.924119241192412 0.570625 0.9254742547425474 0.5775 0.9200542005420054 0.58125 0.9051490514905149 0.58375 0.8888888888888888 0.58375 0.8780487804878049 0.58125 0.8685636856368564 0.574375 0.8712737127371274 0.569375 0.8807588075880759 0.565 0.9065040650406504 0.565
1 0.8373983739837398 0.450625 0.8468834688346883 0.453125 0.8495934959349594 0.46 0.8414634146341463 0.465 0.8279132791327913 0.466875 0.8075880758807588 0.465 0.8021680216802168 0.461875 0.8021680216802168 0.45625 0.8116531165311653 0.451875 0.8360433604336044 0.450625
1 0.532520325203252 0.418125 0.5460704607046071 0.42125 0.551490514905149 0.425625 0.5501355013550135 0.4325 0.535230352303523 0.43625 0.5176151761517616 0.435 0.5040650406504065 0.4275 0.5040650406504065 0.42375 0.5094850948509485 0.42125 0.5311653116531165 0.418125
1 0.6504065040650406 0.325 0.6626016260162602 0.3275 0.6680216802168022 0.331875 0.6653116531165312 0.3425 0.6585365853658537 0.345625 0.6382113821138211 0.344375 0.6300813008130082 0.341875 0.6233062330623306 0.33625 0.6233062330623306 0.33125 0.6314363143631436 0.324375 0.6490514905149052 0.325
1 0.2588075880758808 0.3525 0.2696476964769648 0.355625 0.27235772357723576 0.36375 0.2682926829268293 0.37 0.25745257452574527 0.373125 0.24119241192411925 0.370625 0.23441734417344173 0.364375 0.24119241192411925 0.354375 0.25745257452574527 0.3525
1 0.4146341463414634 0.5125 0.4349593495934959 0.513125 0.4444444444444444 0.515625 0.44715447154471544 0.51875 0.44579945799457993 0.529375 0.43902439024390244 0.53125 0.4268292682926829 0.53125 0.4186991869918699 0.52875 0.4092140921409214 0.52 0.4132791327913279 0.513125
1 0.6368563685636857 0.390625 0.6422764227642277 0.394375 0.6422764227642277 0.400625 0.6341463414634146 0.405625 0.6219512195121951 0.40875 0.5975609756097561 0.4075 0.5934959349593496 0.404375 0.5948509485094851 0.396875 0.6111111111111112 0.39 0.6300813008130082 0.389375 0.6355013550135501 0.390625
1 0.46612466124661245 0.539375 0.483739837398374 0.54125 0.494579945799458 0.549375 0.491869918699187 0.55625 0.4742547425474255 0.55875 0.45799457994579945 0.556875 0.44308943089430897 0.548125 0.44308943089430897 0.543125 0.46476964769647694 0.539375
1 0.7018970189701897 0.656875 0.7154471544715447 0.658125 0.7222222222222222 0.6625 0.7195121951219512 0.67 0.7059620596205962 0.67375 0.6869918699186992 0.673125 0.6788617886178862 0.66875 0.6815718157181572 0.661875 0.6897018970189702 0.658125 0.7005420054200542 0.656875
1 0.6626016260162602 0.62 0.6720867208672087 0.623125 0.6747967479674797 0.62625 0.6747967479674797 0.638125 0.6666666666666666 0.640625 0.6490514905149052 0.64 0.6409214092140921 0.636875 0.6341463414634146 0.63 0.6395663956639567 0.6225 0.6490514905149052 0.62 0.6612466124661247 0.62
1 0.6531165311653117 0.363125 0.6653116531165312 0.36875 0.6653116531165312 0.379375 0.6612466124661247 0.383125 0.6517615176151762 0.385625 0.6355013550135501 0.38375 0.6273712737127372 0.3775 0.6327913279132791 0.36625 0.6436314363143631 0.3625 0.6517615176151762 0.363125
1 0.5487804878048781 0.66 0.5609756097560976 0.664375 0.5650406504065041 0.669375 0.5636856368563685 0.67875 0.5487804878048781 0.681875 0.532520325203252 0.68 0.521680216802168 0.673125 0.524390243902439 0.663125 0.532520325203252 0.66 0.5474254742547425 0.66
1 0.1910569105691057 0.269375 0.21002710027100271 0.275 0.21544715447154472 0.281875 0.2127371273712737 0.291875 0.2046070460704607 0.295625 0.1856368563685637 0.29375 0.17886178861788618 0.28875 0.17750677506775067 0.281875 0.18157181571815717 0.2725 0.18699186991869918 0.26875 0.1897018970189702 0.269375
1 0.7513550135501355 0.6109375 0.044715447154471545 0.020625
1 0.6720867208672087 0.54625 0.6815718157181572 0.550625 0.6829268292682927 0.558125 0.6707317073170732 0.564375 0.6544715447154471 0.56375 0.6409214092140921 0.555 0.6409214092140921 0.54875 0.6449864498644986 0.54625 0.6504065040650406 0.545 0.6707317073170732 0.54625
1 0.532520325203252 0.300625 0.540650406504065 0.30625 0.540650406504065 0.31375 0.537940379403794 0.316875 0.524390243902439 0.32125 0.513550135501355 0.320625 0.502710027100271 0.3175 0.4986449864498645 0.310625 0.5 0.30625 0.5040650406504065 0.301875 0.5149051490514905 0.29875 0.5311653116531165 0.300625
1 0.4241192411924119 0.628125 0.4281842818428184 0.63 0.43089430894308944 0.636875 0.42005420054200543 0.64375 0.4092140921409214 0.645625 0.3956639566395664 0.645625 0.3902439024390244 0.64375 0.3888888888888889 0.63875 0.4065040650406504 0.62625 0.42276422764227645 0.628125
1 0.2967479674796748 0.211875 0.31029810298102983 0.21375 0.32791327913279134 0.22 0.32926829268292684 0.229375 0.3252032520325203 0.233125 0.31978319783197834 0.235 0.31029810298102983 0.235 0.2899728997289973 0.228125 0.28184281842818426 0.2175 0.2886178861788618 0.213125 0.2953929539295393 0.2125
1 0.9200542005420054 0.481875 0.9281842818428184 0.48625 0.9281842818428184 0.49125 0.924119241192412 0.494375 0.9092140921409214 0.498125 0.8888888888888888 0.4975 0.8794037940379403 0.495 0.8726287262872628 0.49 0.8794037940379403 0.485625 0.8956639566395664 0.480625 0.9065040650406504 0.48 0.9186991869918699 0.481875
1 0.3346883468834688 0.5575 0.34417344173441733 0.5625 0.34417344173441733 0.570625 0.33604336043360433 0.573125 0.31842818428184283 0.574375 0.3035230352303523 0.5725 0.2953929539295393 0.56875 0.29132791327913277 0.565 0.2926829268292683 0.560625 0.3008130081300813 0.556875 0.3333333333333333 0.5575
1 0.3503157181571816 0.52499375 0.32391056910569105 0.529865625 0.3256707317073171 0.535549375 0.3379932249322493 0.545293125 0.366159891598916 0.542045625 0.366159891598916 0.532301875 0.3503157181571816 0.52499375
1 0.49818834688346886 0.570464375 0.47354336043360434 0.570464375 0.461219512195122 0.5818325 0.4876260162601626 0.588328125 0.506990514905149 0.59157625 0.508750677506775 0.5818325 0.49818834688346886 0.570464375
1 0.5157913279132791 0.528241875 0.4911463414634146 0.53149 0.4876260162601626 0.543669375 0.5052289972899728 0.550165 0.5263536585365853 0.5469175 0.5316355013550135 0.535549375 0.5157913279132791 0.528241875
1 0.4647411924119241 0.26029 0.45241869918699185 0.25054625 0.4330542005420054 0.248921875 0.4295325203252033 0.25054625 0.42777235772357725 0.264349375 0.44009485094850953 0.2716575 0.461219512195122 0.26922125 0.4647411924119241 0.26029