1 0.33125 0.3480066445182724 0.33125 0.3272425249169435 0.319375 0.31478405315614616 0.305 0.31478405315614616 0.2975 0.32475083056478404 0.299375 0.34717607973421927 0.3025 0.35299003322259137 0.30625 0.3546511627906977 0.315 0.3579734219269103 0.321875 0.35714285714285715 0.33125 0.3480066445182724
1 0.6775 0.670265780730897 0.6825 0.6619601328903655 0.6825 0.6420265780730897 0.676875 0.6337209302325582 0.6675 0.6287375415282392 0.646875 0.6295681063122923 0.639375 0.6395348837209303 0.63875 0.659468438538206 0.64 0.6644518272425249 0.6475 0.6735880398671097 0.65375 0.6769102990033222 0.6675 0.6769102990033222 0.6775 0.670265780730897
1 0.4875 0.3372093023255814 0.478125 0.32475083056478404 0.46625 0.3239202657807309 0.45875 0.33056478405315615 0.45625 0.33637873754152825 0.45625 0.35299003322259137 0.46625 0.36794019933554817 0.48 0.3704318936877076 0.48875 0.36212624584717606 0.49 0.34717607973421927 0.4875 0.3372093023255814
1 0.358125 0.45598006644518274 0.358125 0.4410299003322259 0.353125 0.43272425249169433 0.348125 0.42940199335548174 0.34 0.42857142857142855 0.33375 0.4318936877076412 0.3275 0.4393687707641196 0.3275 0.4676079734219269 0.338125 0.4808970099667774 0.345 0.4808970099667774 0.351875 0.4742524916943522 0.355625 0.4684385382059801 0.358125 0.45598006644518274
1 0.348125 0.39700996677740863 0.349375 0.3853820598006645 0.34875 0.3704318936877076 0.345625 0.3637873754152824 0.32875 0.36295681063122925 0.32 0.3712624584717608 0.32 0.4019933554817276 0.325 0.41029900332225916 0.330625 0.41362126245847175 0.338125 0.41362126245847175 0.34375 0.40946843853820597 0.348125 0.39700996677740863
1 0.605 0.4925249169435216 0.6075 0.4792358803986711 0.606875 0.46511627906976744 0.603125 0.4584717607973422 0.591875 0.45099667774086377 0.58375 0.4526578073089701 0.57875 0.4568106312292359 0.57375 0.46511627906976744 0.570625 0.4850498338870432 0.571875 0.4941860465116279 0.581875 0.510797342192691 0.588125 0.5124584717607974 0.595 0.5099667774086378 0.601875 0.5016611295681063 0.605 0.4925249169435216
1 0.258125 0.5099667774086378 0.256875 0.49169435215946844 0.249375 0.4850498338870432 0.238125 0.4808970099667774 0.225625 0.4808970099667774 0.2175 0.4850498338870432 0.213125 0.4908637873754153 0.213125 0.5041528239202658 0.218125 0.5141196013289037 0.236875 0.5257475083056479 0.250625 0.5240863787375415 0.256875 0.5157807308970099 0.258125 0.5099667774086378
1 0.546875 0.7599667774086378 0.53125 0.7591362126245847 0.524375 0.7657807308970099 0.52125 0.7749169435215947 0.52125 0.7931893687707641 0.5325 0.8073089700996677 0.55 0.8089700996677741 0.560625 0.7948504983388704 0.560625 0.7790697674418605 0.546875 0.7599667774086378
1 0.6025 0.6121262458471761 0.61 0.6046511627906976 0.613125 0.5988372093023255 0.613125 0.5872093023255814 0.61 0.5789036544850499 0.605 0.5739202657807309 0.588125 0.5722591362126246 0.581875 0.574750830564784 0.5725 0.5863787375415282 0.573125 0.5971760797342193 0.57625 0.5996677740863787 0.58 0.6112956810631229 0.583125 0.6137873754152824 0.59625 0.6146179401993356 0.6025 0.6121262458471761
1 0.681875 0.7973421926910299 0.675 0.7882059800664452 0.6675 0.7832225913621262 0.651875 0.7848837209302325 0.64625 0.7898671096345515 0.64 0.8023255813953488 0.64 0.8214285714285714 0.6525 0.834717607973422 0.665 0.8355481727574751 0.67125 0.8330564784053156 0.6825 0.8172757475083057 0.681875 0.7973421926910299
1 0.64125 0.7450166112956811 0.641875 0.7350498338870431 0.64125 0.7200996677740864 0.635625 0.7059800664451827 0.62625 0.7034883720930233 0.615625 0.707641196013289 0.614375 0.7192691029900332 0.60375 0.7408637873754153 0.605 0.760797342192691 0.613125 0.7691029900332226 0.619375 0.771594684385382 0.6275 0.770764119601329 0.634375 0.7649501661129569 0.64125 0.7450166112956811
1 0.334375 0.7516611295681063 0.32 0.7508305647840532 0.315625 0.7549833887043189 0.31 0.7691029900332226 0.31 0.782392026578073 0.313125 0.7915282392026578 0.324375 0.8023255813953488 0.34125 0.8023255813953488 0.348125 0.7940199335548173 0.348125 0.7674418604651163 0.334375 0.7516611295681063
1 0.5375 0.5357142857142857 0.5375 0.5199335548172758 0.53 0.5008305647840532 0.519375 0.49667774086378735 0.51 0.5033222591362126 0.501875 0.520764119601329 0.501875 0.5431893687707641 0.504375 0.5498338870431894 0.51125 0.5581395348837209 0.52375 0.5589700996677741 0.529375 0.5539867109634552 0.5375 0.5357142857142857
1 0.614375 0.71843853820598 0.615 0.7059800664451827 0.6075 0.6827242524916943 0.593125 0.6710963455149501 0.586875 0.6719269102990033 0.58 0.6769102990033222 0.576875 0.6835548172757475 0.576875 0.7109634551495017 0.57875 0.7159468438538206 0.59 0.7308970099667774 0.596875 0.7358803986710963 0.601875 0.7367109634551495 0.6075 0.7333887043189369 0.614375 0.71843853820598
1 0.545625 0.2973421926910299 0.540625 0.2815614617940199 0.530625 0.27408637873754155 0.521875 0.2749169435215947 0.5175 0.2799003322259136 0.5175 0.29651162790697677 0.521875 0.3081395348837209 0.5325 0.31727574750830567 0.54 0.31561461794019935 0.545625 0.30564784053156147 0.545625 0.2973421926910299
1 0.700625 0.6079734219269103 0.70375 0.5980066445182725 0.70125 0.5739202657807309 0.691875 0.5631229235880398 0.681875 0.5589700996677741 0.67375 0.5606312292358804 0.6675 0.5681063122923588 0.665625 0.574750830564784 0.66625 0.5897009966777409 0.67 0.595514950166113 0.67375 0.6096345514950167 0.6825 0.617109634551495 0.695625 0.6146179401993356 0.700625 0.6079734219269103
1 0.47125 0.2915282392026578 0.4675 0.28322259136212624 0.461875 0.27906976744186046 0.448125 0.27740863787375414 0.441875 0.2799003322259136 0.4375 0.2865448504983389 0.438125 0.3023255813953488 0.458125 0.32059800664451826 0.475625 0.32142857142857145 0.480625 0.31893687707641194 0.480625 0.3023255813953488 0.47125 0.2915282392026578
1 0.40625 0.5058139534883721 0.39375 0.4900332225913621 0.379375 0.4883720930232558 0.3725 0.4925249169435216 0.3675 0.49916943521594687 0.3675 0.520764119601329 0.37375 0.5299003322259136 0.380625 0.5340531561461794 0.400625 0.53156146179402 0.40625 0.5240863787375415 0.40625 0.5058139534883721
1 0.318125 0.3953488372093023 0.318125 0.3687707641196013 0.314375 0.3588039867109635 0.306875 0.3546511627906977 0.3 0.3546511627906977 0.294375 0.36129568106312293 0.285625 0.3787375415282392 0.28625 0.39700996677740863 0.294375 0.40946843853820597 0.3 0.4119601328903654 0.308125 0.4111295681063123 0.314375 0.4061461794019934 0.318125 0.3953488372093023
1 0.421875 0.8230897009966778 0.425 0.813953488372093 0.425 0.7940199335548173 0.4225 0.7848837209302325 0.4125 0.7774086378737541 0.39625 0.7799003322259136 0.385625 0.7990033222591362 0.385625 0.8230897009966778 0.39 0.8330564784053156 0.3975 0.8388704318936877 0.40625 0.8388704318936877 0.415 0.8330564784053156 0.421875 0.8230897009966778
1 0.439375 0.35299003322259137 0.425 0.3446843853820598 0.40375 0.3504983388704319 0.40125 0.35299003322259137 0.39875 0.36627906976744184 0.39875 0.37790697674418605 0.400625 0.3812292358803987 0.413125 0.39285714285714285 0.429375 0.3920265780730897 0.441875 0.37790697674418605 0.4425 0.36710963455149503 0.439375 0.35299003322259137
1 0.285625 0.5805647840531561 0.286875 0.5722591362126246 0.286875 0.5581395348837209 0.284375 0.5490033222591362 0.280625 0.5448504983388704 0.2675 0.5448504983388704 0.258125 0.5498338870431894 0.25 0.5606312292358804 0.25 0.5872093023255814 0.258125 0.5971760797342193 0.263125 0.5996677740863787 0.27375 0.5971760797342193 0.280625 0.590531561461794 0.285625 0.5805647840531561
1 0.62625 0.41362126245847175 0.626875 0.4003322259136213 0.62625 0.3953488372093023 0.61375 0.38372093023255816 0.595 0.38205980066445183 0.59 0.38372093023255816 0.584375 0.3920265780730897 0.584375 0.4061461794019934 0.5875 0.4119601328903654 0.598125 0.4219269102990033 0.6125 0.42358803986710963 0.619375 0.4210963455149502 0.62625 0.41362126245847175
1 0.58125 0.6237541528239202 0.58125 0.6137873754152824 0.57875 0.6054817275747508 0.57125 0.5946843853820598 0.558125 0.5888704318936877 0.5525 0.5888704318936877 0.5425 0.595514950166113 0.53625 0.6046511627906976 0.535625 0.6179401993355482 0.5425 0.6303986710963455 0.556875 0.6378737541528239 0.565625 0.6378737541528239 0.57625 0.632890365448505 0.58125 0.6237541528239202
1 0.52875 0.7533222591362126 0.5325 0.7458471760797342 0.5325 0.7317275747508306 0.529375 0.723421926910299 0.51875 0.7167774086378738 0.4925 0.7209302325581395 0.48125 0.7416943521594684 0.479375 0.7533222591362126 0.4825 0.760797342192691 0.49125 0.7682724252491694 0.4975 0.770764119601329 0.50875 0.7699335548172758 0.52875 0.7533222591362126
1 0.504375 0.6478405315614618 0.499375 0.6362126245847176 0.4825 0.6237541528239202 0.473125 0.6237541528239202 0.4575 0.632890365448505 0.451875 0.6337209302325582 0.45 0.6403654485049833 0.451875 0.6453488372093024 0.465 0.6627906976744186 0.476875 0.6710963455149501 0.495 0.6710963455149501 0.50375 0.6569767441860465 0.504375 0.6478405315614618
1 0.283125 0.43272425249169433 0.283125 0.4186046511627907 0.27875 0.4119601328903654 0.273125 0.41029900332225916 0.2575 0.4119601328903654 0.244375 0.42358803986710963 0.2425 0.4277408637873754 0.2425 0.4368770764119601 0.245 0.4418604651162791 0.251875 0.446843853820598 0.269375 0.4476744186046512 0.28125 0.4368770764119601 0.283125 0.43272425249169433
1 0.446875 0.7491694352159468 0.449375 0.739202657807309 0.449375 0.7167774086378738 0.443125 0.7084717607973422 0.43625 0.7043189368770764 0.42125 0.7084717607973422 0.410625 0.7250830564784053 0.409375 0.7458471760797342 0.413125 0.7558139534883721 0.418125 0.760797342192691 0.43 0.7599667774086378 0.441875 0.7533222591362126 0.446875 0.7491694352159468
1 0.424375 0.41029900332225916 0.418125 0.3995016611295681 0.405625 0.3978405315614618 0.39125 0.4111295681063123 0.389375 0.4152823920265781 0.389375 0.43438538205980065 0.39125 0.4393687707641196 0.39625 0.44435215946843853 0.408125 0.44518272425249167 0.418125 0.436046511627907 0.424375 0.420265780730897 0.424375 0.41029900332225916
1 0.25 0.5581395348837209 0.248125 0.5506644518272426 0.245 0.5448504983388704 0.2375 0.5406976744186046 0.23 0.5382059800664452 0.219375 0.5398671096345515 0.21 0.5473421926910299 0.208125 0.5523255813953488 0.209375 0.5739202657807309 0.220625 0.584717607973422 0.24 0.584717607973422 0.246875 0.5780730897009967 0.24875 0.5722591362126246 0.25 0.5581395348837209
1 0.716875 0.5091362126245847 0.718125 0.49916943521594687 0.715 0.4908637873754153 0.710625 0.4867109634551495 0.703125 0.48421926910299 0.691875 0.4850498338870432 0.6825 0.49169435215946844 0.67375 0.5033222591362126 0.673125 0.5149501661129569 0.676875 0.5249169435215947 0.68375 0.5299003322259136 0.703125 0.5290697674418605 0.713125 0.5182724252491694 0.716875 0.5091362126245847
1 0.3975 0.37624584717607973 0.39875 0.3588039867109635 0.40125 0.35299003322259137 0.400625 0.3446843853820598 0.398125 0.34053156146179403 0.38875 0.33637873754152825 0.375625 0.3388704318936877 0.366875 0.3554817275747508 0.3675 0.3795681063122924 0.3725 0.3862126245847176 0.380625 0.38953488372093026 0.386875 0.38870431893687707 0.39375 0.38289036544850497 0.3975 0.37624584717607973
1 0.57375 0.7308970099667774 0.57375 0.7151162790697675 0.56875 0.7059800664451827 0.560625 0.7026578073089701 0.545625 0.7059800664451827 0.5375 0.717607973421927 0.53625 0.7308970099667774 0.5425 0.739202657807309 0.548125 0.7416943521594684 0.561875 0.739202657807309 0.571875 0.7342192691029901 0.57375 0.7308970099667774
1 0.514375 0.4543189368770764 0.51375 0.4269102990033223 0.50625 0.4186046511627907 0.4875 0.4219269102990033 0.47625 0.4335548172757475 0.47375 0.4418604651162791 0.474375 0.45598006644518274 0.47625 0.4642857142857143 0.48125 0.4684385382059801 0.491875 0.4700996677740864 0.504375 0.46511627906976744 0.514375 0.4543189368770764
1 0.671875 0.5141196013289037 0.669375 0.5058139534883721 0.660625 0.49750830564784054 0.646875 0.5008305647840532 0.641875 0.510797342192691 0.63625 0.5166112956810631 0.636875 0.542358803986711 0.6475 0.5523255813953488 0.65625 0.5523255813953488 0.663125 0.5456810631229236 0.670625 0.5299003322259136 0.671875 0.5141196013289037
1 0.575625 0.33970099667774084 0.575625 0.3330564784053156 0.571875 0.3239202657807309 0.565 0.31727574750830567 0.555625 0.31727574750830567 0.545625 0.32475083056478404 0.54125 0.3430232558139535 0.5425 0.3546511627906977 0.550625 0.36710963455149503 0.56 0.3687707641196013 0.566875 0.36627906976744184 0.57375 0.3521594684385382 0.575625 0.33970099667774084
1 0.293125 0.3438538205980066 0.290625 0.3380398671096346 0.285625 0.33554817275747506 0.26875 0.33554817275747506 0.2625 0.3388704318936877 0.2575 0.3554817275747508 0.2575 0.36627906976744184 0.260625 0.3745847176079734 0.26625 0.38289036544850497 0.2775 0.38289036544850497 0.2825 0.3803986710963455 0.293125 0.36212624584717606 0.293125 0.3438538205980066
1 0.43125 0.5971760797342193 0.4275 0.5863787375415282 0.41875 0.5805647840531561 0.410625 0.5805647840531561 0.40375 0.584717607973422 0.39875 0.5913621262458472 0.39375 0.606312292358804 0.39375 0.627906976744186 0.395625 0.6320598006644518 0.40125 0.6378737541528239 0.414375 0.6411960132890365 0.42625 0.6312292358803987 0.43125 0.6096345514950167 0.43125 0.5971760797342193
1 0.4675 0.44019933554817275 0.470625 0.4111295681063123 0.468125 0.4069767441860465 0.46375 0.4053156146179402 0.448125 0.4061461794019934 0.441875 0.41029900332225916 0.4375 0.4152823920265781 0.4325 0.43106312292358806 0.434375 0.4410299003322259 0.439375 0.45099667774086377 0.445 0.4543189368770764 0.451875 0.45514950166112955 0.46 0.45182724252491696 0.4675 0.44019933554817275
1 0.386875 0.40863787375415284 0.38375 0.4011627906976744 0.3725 0.39368770764119604 0.353125 0.3953488372093023 0.346875 0.4003322259136213 0.34375 0.40863787375415284 0.344375 0.4227574750830565 0.353125 0.43106312292358806 0.359375 0.4418604651162791 0.376875 0.4418604651162791 0.386875 0.42940199335548174 0.386875 0.40863787375415284
1 0.613125 0.34717607973421927 0.61625 0.33554817275747506 0.615625 0.3222591362126246 0.6125 0.3106312292358804 0.603125 0.30066445182724255 0.59375 0.30066445182724255 0.59 0.30398671096345514 0.58375 0.3131229235880399 0.58125 0.3280730897009967 0.581875 0.33970099667774084 0.585 0.3504983388704319 0.593125 0.35714285714285715 0.6025 0.35714285714285715 0.609375 0.3521594684385382 0.613125 0.34717607973421927
1 0.53875 0.6511627906976745 0.540625 0.6478405315614618 0.54125 0.6370431893687708 0.5375 0.6245847176079734 0.5325 0.6179401993355482 0.52625 0.6154485049833887 0.511875 0.6162790697674418 0.50125 0.627906976744186 0.50125 0.6420265780730897 0.506875 0.6519933554817275 0.515 0.6602990033222591 0.52625 0.6611295681063123 0.5325 0.659468438538206 0.53875 0.6511627906976745
1 0.644375 0.5705980066445183 0.64375 0.5606312292358804 0.639375 0.5506644518272426 0.633125 0.5440199335548173 0.625 0.5415282392026578 0.618125 0.5431893687707641 0.6125 0.5481727574750831 0.608125 0.5573089700996677 0.60875 0.5764119601328903 0.61625 0.5880398671096345 0.626875 0.5921926910299004 0.63375 0.5913621262458472 0.64125 0.5855481727574751 0.644375 0.5705980066445183
1 0.591875 0.770764119601329 0.595 0.7641196013289037 0.595 0.7491694352159468 0.58875 0.7408637873754153 0.583125 0.7375415282392026 0.566875 0.7367109634551495 0.555625 0.7441860465116279 0.553125 0.7516611295681063 0.55375 0.7599667774086378 0.555625 0.7666112956810631 0.564375 0.7774086378737541 0.574375 0.7807308970099668 0.583125 0.7799003322259136 0.591875 0.770764119601329
1 0.28 0.46511627906976744 0.27625 0.45598006644518274 0.269375 0.45016611295681064 0.251875 0.4485049833887043 0.24375 0.4584717607973422 0.24375 0.47591362126245845 0.248125 0.4833887043189369 0.2575 0.4900332225913621 0.27 0.489202657807309 0.27875 0.48172757475083056 0.28 0.46511627906976744
1 0.566875 0.6503322259136213 0.5575 0.643687707641196 0.54125 0.6470099667774086 0.53125 0.6619601328903655 0.53125 0.6868770764119602 0.535625 0.6910299003322259 0.55 0.6885382059800664 0.56625 0.665282392026578 0.56875 0.6569767441860465 0.566875 0.6503322259136213
1 0.49125 0.717607973421927 0.49125 0.7043189368770764 0.486875 0.6926910299003323 0.480625 0.6893687707641196 0.471875 0.6901993355481728 0.45875 0.7059800664451827 0.451875 0.7209302325581395 0.449375 0.7358803986710963 0.450625 0.7475083056478405 0.45875 0.7533222591362126 0.46875 0.7524916943521595 0.47625 0.7483388704318937 0.480625 0.7425249169435216 0.49125 0.717607973421927
1 0.449375 0.3122923588039867 0.4375 0.3064784053156146 0.4275 0.30980066445182725 0.421875 0.31478405315614616 0.419375 0.3239202657807309 0.420625 0.3338870431893688 0.43 0.34717607973421927 0.4425 0.3504983388704319 0.455 0.34053156146179403 0.45625 0.3222591362126246 0.449375 0.3122923588039867
1 0.6675 0.3978405315614618 0.658125 0.38953488372093026 0.651875 0.38953488372093026 0.6475 0.39285714285714285 0.64125 0.4011627906976744 0.639375 0.40946843853820597 0.64 0.4227574750830565 0.643125 0.43438538205980065 0.646875 0.4393687707641196 0.660625 0.4393687707641196 0.6675 0.4227574750830565 0.6675 0.3978405315614618
1 0.326875 0.44019933554817275 0.324375 0.4269102990033223 0.319375 0.4186046511627907 0.306875 0.4169435215946844 0.2975 0.4269102990033223 0.29375 0.4418604651162791 0.294375 0.4568106312292359 0.300625 0.4700996677740864 0.30875 0.47591362126245845 0.319375 0.4750830564784053 0.325 0.4684385382059801 0.326875 0.44019933554817275
1 0.273125 0.6353820598006644 0.27375 0.6237541528239202 0.27125 0.6146179401993356 0.261875 0.5996677740863787 0.25 0.5938538205980066 0.2325 0.6096345514950167 0.23 0.6179401993355482 0.23125 0.6287375415282392 0.240625 0.643687707641196 0.2475 0.6478405315614618 0.256875 0.6486710963455149 0.269375 0.643687707641196 0.273125 0.6353820598006644
1 0.5725 0.4601328903654485 0.5675 0.4476744186046512 0.5625 0.4426910299003322 0.548125 0.4393687707641196 0.5425 0.4426910299003322 0.540625 0.446843853820598 0.54 0.46677740863787376 0.54625 0.48421926910299 0.5525 0.4883720930232558 0.56125 0.489202657807309 0.570625 0.48006644518272423 0.5725 0.4601328903654485
1 0.670625 0.6179401993355482 0.671875 0.6054817275747508 0.663125 0.5897009966777409 0.646875 0.5855481727574751 0.6325 0.5946843853820598 0.629375 0.6046511627906976 0.63 0.6162790697674418 0.636875 0.6262458471760798 0.641875 0.6287375415282392 0.659375 0.627906976744186 0.664375 0.6262458471760798 0.670625 0.6179401993355482
1 0.256875 0.36212624584717606 0.259375 0.3430232558139535 0.26625 0.3330564784053156 0.261875 0.32641196013289037 0.25625 0.3239202657807309 0.245625 0.3239202657807309 0.236875 0.3289036544850498 0.2275 0.3438538205980066 0.2275 0.3596345514950166 0.23 0.3646179401993355 0.235625 0.36794019933554817 0.249375 0.36794019933554817 0.254375 0.3654485049833887 0.256875 0.36212624584717606
1 0.50625 0.8098006644518272 0.50625 0.7948504983388704 0.495 0.771594684385382 0.48625 0.7649501661129569 0.47625 0.7632890365448505 0.469375 0.7657807308970099 0.46125 0.776578073089701 0.45875 0.7857142857142857 0.45875 0.7981727574750831 0.46125 0.8039867109634552 0.473125 0.8189368770764119 0.485 0.8255813953488372 0.494375 0.8264119601328903 0.503125 0.8189368770764119 0.50625 0.8098006644518272
1 0.74 0.5755813953488372 0.7375 0.5647840531561462 0.73 0.5556478405315615 0.725 0.5539867109634552 0.714375 0.5548172757475083 0.70875 0.5598006644518272 0.7025 0.5722591362126246 0.70375 0.6004983388704319 0.716875 0.6088039867109635 0.73 0.6071428571428571 0.738125 0.5971760797342193 0.74 0.590531561461794 0.74 0.5755813953488372
1 0.535 0.5946843853820598 0.529375 0.584717607973422 0.520625 0.5780730897009967 0.50625 0.5755813953488372 0.5 0.5780730897009967 0.495 0.5855481727574751 0.494375 0.6038205980066446 0.504375 0.6146179401993356 0.52625 0.6146179401993356 0.530625 0.6129568106312292 0.534375 0.6071428571428571 0.535 0.5946843853820598
1 0.480625 0.8446843853820598 0.478125 0.8363787375415282 0.470625 0.824750830564784 0.46125 0.8205980066445183 0.451875 0.8205980066445183 0.445625 0.8239202657807309 0.44 0.834717607973422 0.44 0.8529900332225914 0.45 0.867109634551495 0.4675 0.8696013289036545 0.478125 0.8646179401993356 0.480625 0.8554817275747508 0.480625 0.8446843853820598
1 0.499375 0.37790697674418605 0.49125 0.37790697674418605 0.481875 0.3845514950166113 0.475625 0.39700996677740863 0.47625 0.41445182724252494 0.486875 0.4210963455149502 0.499375 0.4169435215946844 0.508125 0.4053156146179402 0.508125 0.38704318936877075 0.499375 0.37790697674418605
1 0.3125 0.7275747508305648 0.315 0.7101328903654485 0.314375 0.6960132890365448 0.308125 0.6827242524916943 0.300625 0.6777408637873754 0.285625 0.6794019933554817 0.27875 0.6935215946843853 0.27875 0.7192691029900332 0.284375 0.7317275747508306 0.291875 0.7383720930232558 0.3 0.7400332225913622 0.3075 0.7358803986710963 0.3125 0.7275747508305648
1 0.575625 0.2799003322259136 0.568125 0.2649501661129568 0.56125 0.260797342192691 0.553125 0.260797342192691 0.545625 0.2666112956810631 0.5425 0.2799003322259136 0.543125 0.29069767441860467 0.5475 0.30481727574750833 0.55875 0.3131229235880399 0.570625 0.31146179401993357 0.576875 0.3023255813953488 0.575625 0.2799003322259136
1 0.586875 0.5157807308970099 0.575625 0.5049833887043189 0.56375 0.5066445182724253 0.555625 0.5191029900332226 0.555625 0.5406976744186046 0.558125 0.5473421926910299 0.5625 0.5556478405315615 0.566875 0.5589700996677741 0.579375 0.5589700996677741 0.58875 0.542358803986711 0.586875 0.5157807308970099
1 0.504375 0.2799003322259136 0.50125 0.26993355481727577 0.485 0.25249169435215946 0.47875 0.25 0.473125 0.2516611295681063 0.469375 0.2591362126245847 0.4675 0.27408637873754155 0.46875 0.2840531561461794 0.47375 0.29401993355481726 0.484375 0.3023255813953488 0.496875 0.29983388704318936 0.504375 0.2915282392026578 0.504375 0.2799003322259136
1 0.4225 0.5581395348837209 0.421875 0.5523255813953488 0.418125 0.5431893687707641 0.408125 0.5357142857142857 0.401875 0.532392026578073 0.39 0.5332225913621262 0.381875 0.5365448504983389 0.37 0.5506644518272426 0.37 0.5614617940199336 0.3725 0.5681063122923588 0.379375 0.5764119601328903 0.389375 0.5830564784053156 0.404375 0.5830564784053156 0.418125 0.5730897009966778 0.4225 0.5581395348837209
1 0.5575 0.8612956810631229 0.555 0.8538205980066446 0.5475 0.8438538205980066 0.5425 0.8413621262458472 0.53125 0.8421926910299004 0.524375 0.845514950166113 0.51625 0.856312292358804 0.514375 0.8961794019933554 0.52625 0.9061461794019934 0.53875 0.9061461794019934 0.546875 0.8986710963455149 0.556875 0.8762458471760798 0.5575 0.8612956810631229
1 0.375 0.31478405315614616 0.365 0.30066445182724255 0.3625 0.29983388704318936 0.356875 0.30481727574750833 0.350625 0.3164451827242525 0.344375 0.3430232558139535 0.34625 0.35299003322259137 0.35375 0.3579734219269103 0.36375 0.35631229235880396 0.369375 0.3504983388704319 0.376875 0.33637873754152825 0.375 0.31478405315614616
1 0.4575 0.7981727574750831 0.46 0.7790697674418605 0.46 0.7649501661129569 0.455625 0.7591362126245847 0.44625 0.7541528239202658 0.439375 0.7583056478405316 0.425 0.7832225913621262 0.425 0.7931893687707641 0.4275 0.8023255813953488 0.43 0.8064784053156147 0.439375 0.8114617940199336 0.444375 0.8114617940199336 0.45375 0.8056478405315615 0.4575 0.7981727574750831
1 0.646875 0.5 0.646875 0.4775747508305648 0.644375 0.4676079734219269 0.638125 0.462624584717608 0.62625 0.46179401993355484 0.615 0.4700996677740864 0.61125 0.4750830564784053 0.608125 0.48588039867109634 0.61 0.5 0.615 0.5116279069767442 0.619375 0.5149501661129569 0.63625 0.5149501661129569 0.64125 0.5116279069767442 0.646875 0.5
1 0.62625 0.4568106312292359 0.628125 0.4426910299003322 0.619375 0.4269102990033223 0.596875 0.42441860465116277 0.586875 0.43272425249169433 0.586875 0.44518272425249167 0.589375 0.4485049833887043 0.6025 0.457641196013289 0.605625 0.46511627906976744 0.609375 0.4676079734219269 0.619375 0.46511627906976744 0.62625 0.4568106312292359
1 0.514375 0.8845514950166113 0.51625 0.8687707641196013 0.514375 0.8529900332225914 0.50875 0.8446843853820598 0.49625 0.8413621262458472 0.4875 0.845514950166113 0.48125 0.8529900332225914 0.47625 0.8729235880398671 0.476875 0.8911960132890365 0.4825 0.9019933554817275 0.49 0.9086378737541528 0.50125 0.9069767441860465 0.50875 0.8970099667774086 0.514375 0.8845514950166113
0 0.823214375 0.432843023255814 0.82857125 0.41029900332225916 0.8241068749999999 0.3853820598006645 0.8125 0.36283803986710966 0.798214375 0.34148089700996676 0.7696431250000001 0.3438538205980066 0.7446431250000001 0.3509725913621263 0.726785625 0.3853820598006645 0.729464375 0.4209775747508306 0.74107125 0.45301411960132887 0.748214375 0.469625415282392 0.774106875 0.4862367109634551 0.8008931250000001 0.4755573089700997 0.8160712499999999 0.45420016611295677 0.823214375 0.432843023255814