1 0.17615176151761516 0.5025 0.15176151761517614 0.500625 0.13821138211382114 0.505625 0.13821138211382114 0.516875 0.15176151761517614 0.523125 0.16802168021680217 0.52375 0.1842818428184282 0.519375 0.18699186991869918 0.510625 0.17615176151761516 0.5025
1 0.44715447154471544 0.41875 0.4363143631436314 0.41875 0.4254742547425474 0.423125 0.4268292682926829 0.43375 0.44173441734417346 0.435625 0.45528455284552843 0.433125 0.46070460704607047 0.429375 0.46070460704607047 0.423125 0.44715447154471544 0.41875
1 0.7547425474254743 0.491875 0.7289972899728997 0.490625 0.7195121951219512 0.495625 0.7195121951219512 0.505625 0.7276422764227642 0.51 0.7439024390243902 0.51 0.7560975609756098 0.506875 0.7601626016260162 0.496875 0.7547425474254743 0.491875
1 0.7032520325203252 0.615625 0.7032520325203252 0.6075 0.6978319783197832 0.6025 0.6897018970189702 0.59875 0.6653116531165312 0.59875 0.6598915989159891 0.601875 0.6626016260162602 0.614375 0.6815718157181572 0.620625 0.6978319783197832 0.619375 0.7032520325203252 0.615625
1 0.3685636856368564 0.6875 0.34959349593495936 0.688125 0.33875338753387535 0.695 0.34146341463414637 0.71125 0.3523035230352303 0.715625 0.36314363143631434 0.715625 0.3794037940379404 0.710625 0.3794037940379404 0.6925 0.3685636856368564 0.6875
1 0.573170731707317 0.340625 0.556910569105691 0.3425 0.55420054200542 0.35125 0.5704607046070461 0.36 0.6002710027100271 0.36 0.6029810298102981 0.35125 0.5948509485094851 0.344375 0.573170731707317 0.340625
1 0.45257452574525747 0.496875 0.43902439024390244 0.490625 0.4146341463414634 0.48875 0.4065040650406504 0.49125 0.4065040650406504 0.49875 0.42005420054200543 0.505 0.44715447154471544 0.505 0.45257452574525747 0.5025 0.45257452574525747 0.496875
1 0.17073170731707318 0.47375 0.14092140921409213 0.47375 0.13279132791327913 0.4775 0.13279132791327913 0.485625 0.14092140921409213 0.49 0.16531165311653118 0.491875 0.18157181571815717 0.488125 0.18157181571815717 0.47875 0.17073170731707318 0.47375
1 0.7872628726287263 0.565 0.7506775067750677 0.565625 0.7357723577235772 0.570625 0.7384823848238482 0.5775 0.7533875338753387 0.581875 0.7764227642276422 0.583125 0.7953929539295393 0.579375 0.7981029810298103 0.5725 0.7872628726287263 0.565
1 0.44037940379403795 0.514375 0.42276422764227645 0.5125 0.4037940379403794 0.519375 0.4010840108401084 0.530625 0.4065040650406504 0.53375 0.42276422764227645 0.53375 0.44173441734417346 0.526875 0.4444444444444444 0.519375 0.44037940379403795 0.514375
1 0.4932249322493225 0.70625 0.46612466124661245 0.704375 0.45799457994579945 0.706875 0.45528455284552843 0.716875 0.46612466124661245 0.72375 0.4878048780487805 0.724375 0.4986449864498645 0.72125 0.4986449864498645 0.71125 0.4932249322493225 0.70625
1 0.26287262872628725 0.703125 0.24661246612466126 0.690625 0.23306233062330622 0.688125 0.21680216802168023 0.690625 0.21680216802168023 0.706875 0.22357723577235772 0.711875 0.23170731707317074 0.714375 0.24661246612466126 0.714375 0.2601626016260163 0.70875 0.26287262872628725 0.703125
1 0.6815718157181572 0.6575 0.6571815718157181 0.655625 0.6463414634146342 0.66 0.6463414634146342 0.669375 0.6598915989159891 0.678125 0.6761517615176151 0.68 0.6924119241192412 0.675 0.6951219512195121 0.6675 0.6815718157181572 0.6575
1 0.4715447154471545 0.54125 0.4715447154471545 0.5325 0.46612466124661245 0.529375 0.4444444444444444 0.526875 0.4254742547425474 0.531875 0.4254742547425474 0.539375 0.42953929539295393 0.541875 0.4444444444444444 0.544375 0.46612466124661245 0.54375 0.4715447154471545 0.54125
1 0.5840108401084011 0.4 0.573170731707317 0.4 0.55420054200542 0.40625 0.551490514905149 0.41625 0.556910569105691 0.419375 0.573170731707317 0.420625 0.592140921409214 0.415625 0.5948509485094851 0.405 0.5840108401084011 0.4
1 0.7140921409214093 0.709375 0.6924119241192412 0.709375 0.6788617886178862 0.71875 0.6788617886178862 0.724375 0.6924119241192412 0.73125 0.7140921409214093 0.72875 0.7222222222222222 0.72375 0.7249322493224932 0.716875 0.7140921409214093 0.709375
1 0.2872628726287263 0.620625 0.27371273712737126 0.615625 0.25474254742547425 0.615625 0.23848238482384823 0.620625 0.23848238482384823 0.63 0.24661246612466126 0.6325 0.26558265582655827 0.63375 0.2791327913279133 0.6325 0.2845528455284553 0.63 0.2872628726287263 0.620625
1 0.6680216802168022 0.465 0.6571815718157181 0.46875 0.6544715447154471 0.47625 0.6680216802168022 0.485 0.7046070460704607 0.485 0.7086720867208672 0.474375 0.6978319783197832 0.4675 0.6680216802168022 0.465
1 0.535230352303523 0.220625 0.5284552845528455 0.21625 0.516260162601626 0.2125 0.4986449864498645 0.2125 0.4932249322493225 0.215625 0.4986449864498645 0.2275 0.513550135501355 0.23375 0.524390243902439 0.23375 0.532520325203252 0.230625 0.535230352303523 0.220625
1 0.3821138211382114 0.5675 0.3794037940379404 0.553125 0.36585365853658536 0.548125 0.35501355013550134 0.548125 0.33875338753387535 0.555625 0.33875338753387535 0.5675 0.3523035230352303 0.575 0.3685636856368564 0.575 0.37669376693766937 0.5725 0.3821138211382114 0.5675
1 0.8848238482384824 0.4525 0.8902439024390244 0.4425 0.8821138211382114 0.4375 0.8739837398373984 0.43625 0.8577235772357723 0.4375 0.8414634146341463 0.4475 0.8414634146341463 0.4525 0.8495934959349594 0.4575 0.8577235772357723 0.45875 0.8739837398373984 0.4575 0.8848238482384824 0.4525
1 0.6653116531165312 0.553125 0.6517615176151762 0.548125 0.6382113821138211 0.548125 0.6300813008130082 0.550625 0.6300813008130082 0.5625 0.6436314363143631 0.5675 0.6626016260162602 0.5675 0.6680216802168022 0.565 0.6653116531165312 0.553125
1 0.8387533875338753 0.443125 0.8279132791327913 0.438125 0.8062330623306233 0.4375 0.8008130081300813 0.439375 0.7981029810298103 0.4525 0.8075880758807588 0.4575 0.8224932249322493 0.45875 0.8333333333333334 0.4575 0.8387533875338753 0.454375 0.8387533875338753 0.443125
1 0.7899728997289973 0.526875 0.7737127371273713 0.521875 0.7547425474254743 0.52375 0.7520325203252033 0.531875 0.7628726287262872 0.54125 0.7791327913279132 0.5425 0.7913279132791328 0.540625 0.7953929539295393 0.531875 0.7899728997289973 0.526875
1 0.513550135501355 0.42625 0.508130081300813 0.42375 0.4905149051490515 0.42125 0.4742547425474255 0.42375 0.46612466124661245 0.42875 0.46612466124661245 0.433125 0.4796747967479675 0.439375 0.502710027100271 0.439375 0.510840108401084 0.43625 0.513550135501355 0.42625
1 0.16802168021680217 0.42125 0.15176151761517614 0.4225 0.14092140921409213 0.43125 0.14363143631436315 0.439375 0.15718157181571815 0.444375 0.16802168021680217 0.444375 0.18157181571815717 0.439375 0.18157181571815717 0.42625 0.16802168021680217 0.42125
1 0.4010840108401084 0.519375 0.3956639566395664 0.515625 0.3875338753387534 0.5125 0.36314363143631434 0.5125 0.35501355013550134 0.519375 0.35501355013550134 0.523125 0.36314363143631434 0.529375 0.3780487804878049 0.531875 0.3983739837398374 0.530625 0.4010840108401084 0.519375
1 0.502710027100271 0.685625 0.4905149051490515 0.681875 0.4715447154471545 0.683125 0.46612466124661245 0.6875 0.46612466124661245 0.7 0.470189701897019 0.70375 0.48509485094850946 0.705625 0.4959349593495935 0.704375 0.502710027100271 0.700625 0.502710027100271 0.685625
1 0.2872628726287263 0.7025 0.2926829268292683 0.7 0.2899728997289973 0.685625 0.2764227642276423 0.680625 0.2601626016260163 0.680625 0.25338753387533874 0.6825 0.24932249322493225 0.685625 0.24932249322493225 0.693125 0.25609756097560976 0.699375 0.27100271002710025 0.704375 0.2872628726287263 0.7025
1 0.21138211382113822 0.395 0.1978319783197832 0.386875 0.17344173441734417 0.386875 0.16802168021680217 0.39 0.16802168021680217 0.39625 0.17479674796747968 0.401875 0.1842818428184282 0.405 0.2032520325203252 0.405 0.2086720867208672 0.4025 0.21138211382113822 0.395
1 0.513550135501355 0.63875 0.494579945799458 0.64 0.4823848238482385 0.64625 0.4823848238482385 0.65625 0.4932249322493225 0.66125 0.508130081300813 0.66125 0.524390243902439 0.655625 0.524390243902439 0.643125 0.513550135501355 0.63875
1 0.8739837398373984 0.404375 0.8685636856368564 0.3975 0.8468834688346883 0.3925 0.8401084010840109 0.3925 0.8279132791327913 0.396875 0.8279132791327913 0.41 0.8428184281842819 0.41625 0.8631436314363143 0.41625 0.8712737127371274 0.413125 0.8739837398373984 0.404375
1 0.5813008130081301 0.54375 0.5813008130081301 0.53875 0.573170731707317 0.53375 0.5460704607046071 0.53375 0.5298102981029811 0.54 0.5298102981029811 0.54625 0.5433604336043361 0.551875 0.5623306233062331 0.551875 0.575880758807588 0.5475 0.5813008130081301 0.54375
1 0.3035230352303523 0.354375 0.2899728997289973 0.349375 0.2696476964769648 0.350625 0.2601626016260163 0.355625 0.2601626016260163 0.365625 0.26422764227642276 0.366875 0.2764227642276423 0.36875 0.2899728997289973 0.368125 0.3035230352303523 0.36375 0.3035230352303523 0.354375
1 0.6382113821138211 0.681875 0.6436314363143631 0.678125 0.6436314363143631 0.673125 0.6327913279132791 0.664375 0.6192411924119241 0.661875 0.6029810298102981 0.664375 0.5975609756097561 0.66875 0.6002710027100271 0.676875 0.6151761517615176 0.683125 0.6327913279132791 0.684375 0.6382113821138211 0.681875
1 0.5460704607046071 0.423125 0.5257452574525745 0.42375 0.513550135501355 0.428125 0.513550135501355 0.4375 0.5271002710027101 0.441875 0.5460704607046071 0.441875 0.559620596205962 0.4375 0.5623306233062331 0.429375 0.5460704607046071 0.423125
1 0.8360433604336044 0.5725 0.8360433604336044 0.565 0.8252032520325203 0.558125 0.8008130081300813 0.556875 0.7872628726287263 0.560625 0.7872628726287263 0.565 0.8062330623306233 0.5775 0.8252032520325203 0.5775 0.8319783197831978 0.575 0.8360433604336044 0.5725
1 0.07588075880758807 0.385 0.052845528455284556 0.386875 0.04065040650406504 0.394375 0.04336043360433604 0.40125 0.051490514905149054 0.405 0.07859078590785908 0.405 0.0921409214092141 0.4 0.0948509485094851 0.391875 0.07588075880758807 0.385
1 0.5975609756097561 0.376875 0.573170731707317 0.376875 0.5623306233062331 0.385625 0.5650406504065041 0.391875 0.5772357723577236 0.396875 0.592140921409214 0.396875 0.6029810298102981 0.391875 0.6056910569105691 0.380625 0.5975609756097561 0.376875
1 0.33062330623306235 0.683125 0.3252032520325203 0.680625 0.3116531165311653 0.680625 0.3008130081300813 0.683125 0.2926829268292683 0.68875 0.2953929539295393 0.7 0.3008130081300813 0.7025 0.3170731707317073 0.7025 0.33062330623306235 0.6975 0.33062330623306235 0.683125
1 0.4634146341463415 0.4675 0.45934959349593496 0.463125 0.4444444444444444 0.456875 0.42140921409214094 0.456875 0.41192411924119243 0.461875 0.41192411924119243 0.4675 0.42276422764227645 0.47375 0.44986449864498645 0.474375 0.46070460704607047 0.47125 0.4634146341463415 0.4675
1 0.6219512195121951 0.456875 0.6002710027100271 0.456875 0.5894308943089431 0.459375 0.5894308943089431 0.465 0.6002710027100271 0.470625 0.6246612466124661 0.4725 0.6368563685636857 0.47 0.6355013550135501 0.46 0.6219512195121951 0.456875
1 0.7845528455284553 0.40125 0.7953929539295393 0.395 0.7953929539295393 0.38875 0.7818428184281843 0.38375 0.7628726287262872 0.385 0.7493224932249323 0.394375 0.7520325203252033 0.40625 0.7574525745257452 0.408125 0.7818428184281843 0.40625 0.7845528455284553 0.40125
1 0.6842818428184282 0.3575 0.6734417344173442 0.35125 0.6598915989159891 0.34875 0.6409214092140921 0.34875 0.6382113821138211 0.3575 0.6490514905149052 0.36375 0.6571815718157181 0.365625 0.6761517615176151 0.365625 0.6815718157181572 0.36375 0.6842818428184282 0.3575
1 0.6788617886178862 0.625 0.6544715447154471 0.625625 0.6409214092140921 0.6325 0.6409214092140921 0.64 0.6531165311653117 0.64375 0.6680216802168022 0.64375 0.6869918699186992 0.63875 0.6897018970189702 0.63 0.6788617886178862 0.625
1 0.537940379403794 0.681875 0.518970189701897 0.683125 0.508130081300813 0.68875 0.508130081300813 0.69875 0.518970189701897 0.704375 0.5298102981029811 0.704375 0.5460704607046071 0.6975 0.5460704607046071 0.686875 0.537940379403794 0.681875
1 0.7276422764227642 0.695 0.7168021680216802 0.69 0.6951219512195121 0.68875 0.6842818428184282 0.6925 0.6815718157181572 0.6975 0.6924119241192412 0.706875 0.7222222222222222 0.706875 0.7276422764227642 0.703125 0.7276422764227642 0.695
1 0.4986449864498645 0.746875 0.4742547425474255 0.748125 0.46612466124661245 0.751875 0.46612466124661245 0.758125 0.47696476964769646 0.763125 0.4959349593495935 0.763125 0.510840108401084 0.7575 0.513550135501355 0.75 0.4986449864498645 0.746875
1 0.7384823848238482 0.43625 0.7249322493224932 0.43625 0.7113821138211383 0.443125 0.7140921409214093 0.4625 0.7168021680216802 0.464375 0.7384823848238482 0.464375 0.7493224932249323 0.4575 0.7493224932249323 0.44125 0.7384823848238482 0.43625
1 0.21951219512195122 0.33 0.2086720867208672 0.325 0.18699186991869918 0.324375 0.17886178861788618 0.329375 0.17886178861788618 0.339375 0.1842818428184282 0.3425 0.19241192411924118 0.345625 0.2086720867208672 0.345625 0.21951219512195122 0.3425 0.21951219512195122 0.33
1 0.31978319783197834 0.515 0.3116531165311653 0.51 0.2899728997289973 0.508125 0.27100271002710025 0.5125 0.27100271002710025 0.520625 0.28184281842818426 0.525625 0.3143631436314363 0.52375 0.31978319783197834 0.52125 0.31978319783197834 0.515
1 0.3143631436314363 0.53875 0.2953929539295393 0.5475 0.2981029810298103 0.553125 0.3224932249322493 0.558125 0.34417344173441733 0.553125 0.34959349593495936 0.54375 0.33604336043360433 0.53875 0.3143631436314363 0.53875
1 0.4363143631436314 0.719375 0.41192411924119243 0.71875 0.3983739837398374 0.72375 0.3983739837398374 0.73375 0.4092140921409214 0.739375 0.43089430894308944 0.740625 0.4444444444444444 0.735625 0.44715447154471544 0.72875 0.4363143631436314 0.719375
1 0.7547425474254743 0.535 0.7493224932249323 0.535 0.7330623306233063 0.545 0.7303523035230353 0.555625 0.7357723577235772 0.558125 0.7439024390243902 0.558125 0.7628726287262872 0.551875 0.7655826558265583 0.54125 0.7547425474254743 0.535
1 0.7032520325203252 0.44625 0.6842818428184282 0.4475 0.6761517615176151 0.45125 0.6788617886178862 0.464375 0.6883468834688347 0.4675 0.7005420054200542 0.4675 0.7113821138211383 0.464375 0.7113821138211383 0.448125 0.7032520325203252 0.44625
1 0.6327913279132791 0.314375 0.6029810298102981 0.318125 0.592140921409214 0.325 0.5948509485094851 0.331875 0.6056910569105691 0.335625 0.6355013550135501 0.334375 0.6463414634146342 0.329375 0.6490514905149052 0.319375 0.6327913279132791 0.314375
1 0.5650406504065041 0.719375 0.55420054200542 0.709375 0.5460704607046071 0.706875 0.524390243902439 0.709375 0.518970189701897 0.713125 0.518970189701897 0.72 0.5298102981029811 0.72625 0.55420054200542 0.72875 0.5623306233062331 0.724375 0.5650406504065041 0.719375
1 0.5487804878048781 0.3825 0.5338753387533876 0.384375 0.5298102981029811 0.386875 0.532520325203252 0.401875 0.540650406504065 0.405 0.551490514905149 0.405 0.5623306233062331 0.40125 0.5623306233062331 0.386875 0.5487804878048781 0.3825
1 0.44986449864498645 0.644375 0.4444444444444444 0.648125 0.44715447154471544 0.659375 0.4634146341463415 0.66625 0.4796747967479675 0.6625 0.4823848238482385 0.653125 0.47696476964769646 0.644375 0.44986449864498645 0.644375
1 0.7005420054200542 0.575 0.6951219512195121 0.573125 0.6775067750677507 0.575 0.6680216802168022 0.585625 0.6734417344173442 0.59625 0.6897018970189702 0.5975 0.7032520325203252 0.591875 0.7059620596205962 0.58125 0.7005420054200542 0.575
1 0.6476964769647696 0.525625 0.6327913279132791 0.529375 0.6327913279132791 0.534375 0.6436314363143631 0.54125 0.6761517615176151 0.54125 0.6788617886178862 0.535 0.6707317073170732 0.526875 0.6476964769647696 0.525625
1 0.24932249322493225 0.63375 0.23170731707317074 0.6325 0.21680216802168023 0.638125 0.2140921409214092 0.65375 0.22493224932249323 0.65875 0.24661246612466126 0.655625 0.25474254742547425 0.649375 0.25745257452574527 0.641875 0.24932249322493225 0.63375
1 0.510840108401084 0.31625 0.4878048780487805 0.315 0.47696476964769646 0.319375 0.4742547425474255 0.329375 0.4796747967479675 0.33375 0.502710027100271 0.334375 0.513550135501355 0.33 0.518970189701897 0.321875 0.510840108401084 0.31625
1 0.5677506775067751 0.786875 0.55420054200542 0.788125 0.5433604336043361 0.795625 0.5433604336043361 0.80375 0.559620596205962 0.81125 0.573170731707317 0.809375 0.5813008130081301 0.805 0.5813008130081301 0.791875 0.5677506775067751 0.786875
1 0.3523035230352303 0.6025 0.33062330623306235 0.59375 0.3116531165311653 0.594375 0.3035230352303523 0.59875 0.3035230352303523 0.605 0.3116531165311653 0.613125 0.32926829268292684 0.620625 0.34146341463414637 0.620625 0.3523035230352303 0.6175 0.3523035230352303 0.6025
1 0.45257452574525747 0.480625 0.44850948509485095 0.476875 0.43089430894308944 0.474375 0.42005420054200543 0.475 0.4065040650406504 0.480625 0.4065040650406504 0.485 0.4146341463414634 0.48875 0.4363143631436314 0.49 0.44986449864498645 0.485 0.45257452574525747 0.480625
1 0.6084010840108401 0.683125 0.5975609756097561 0.67125 0.5745257452574526 0.669375 0.5623306233062331 0.67125 0.556910569105691 0.674375 0.55420054200542 0.679375 0.5677506775067751 0.6875 0.592140921409214 0.69 0.6056910569105691 0.685625 0.6084010840108401 0.683125
1 0.16531165311653118 0.455625 0.14905149051490515 0.451875 0.11788617886178862 0.455 0.10975609756097561 0.458125 0.10569105691056911 0.46375 0.1111111111111111 0.46875 0.12466124661246612 0.47125 0.14905149051490515 0.470625 0.16531165311653118 0.464375 0.16531165311653118 0.455625
1 0.23035230352303523 0.37375 0.20596205962059622 0.37375 0.1978319783197832 0.37875 0.1978319783197832 0.3875 0.2046070460704607 0.391875 0.2140921409214092 0.395 0.24390243902439024 0.394375 0.24390243902439024 0.38 0.23035230352303523 0.37375
1 0.42005420054200543 0.43625 0.3956639566395664 0.43625 0.38482384823848237 0.441875 0.38482384823848237 0.449375 0.3983739837398374 0.454375 0.4146341463414634 0.454375 0.43089430894308944 0.45 0.43360433604336046 0.4425 0.42005420054200543 0.43625
1 0.36314363143631434 0.33375 0.34959349593495936 0.3275 0.3252032520325203 0.328125 0.31978319783197834 0.3325 0.3252032520325203 0.3425 0.34688346883468835 0.348125 0.35772357723577236 0.3475 0.36585365853658536 0.34375 0.36314363143631434 0.33375
1 0.8441734417344173 0.424375 0.8387533875338753 0.42125 0.8224932249322493 0.418125 0.7967479674796748 0.418125 0.7845528455284553 0.425625 0.7872628726287263 0.4325 0.7981029810298103 0.435625 0.8197831978319783 0.435625 0.8414634146341463 0.43125 0.8441734417344173 0.424375
1 0.6842818428184282 0.685625 0.6788617886178862 0.680625 0.6707317073170732 0.678125 0.6544715447154471 0.678125 0.6463414634146342 0.681875 0.6463414634146342 0.6925 0.6517615176151762 0.6975 0.6680216802168022 0.7 0.6815718157181572 0.69625 0.6842818428184282 0.685625
1 0.6761517615176151 0.7025 0.6544715447154471 0.7025 0.6409214092140921 0.709375 0.6409214092140921 0.716875 0.6490514905149052 0.72125 0.6734417344173442 0.72125 0.6842818428184282 0.714375 0.6869918699186992 0.710625 0.6761517615176151 0.7025
1 0.6463414634146342 0.690625 0.6382113821138211 0.6875 0.6178861788617886 0.688125 0.6084010840108401 0.695 0.6165311653116531 0.704375 0.6382113821138211 0.708125 0.6490514905149052 0.704375 0.6517615176151762 0.6975 0.6463414634146342 0.690625
1 0.5271002710027101 0.40625 0.4878048780487805 0.405 0.4796747967479675 0.410625 0.48509485094850946 0.420625 0.4932249322493225 0.4225 0.518970189701897 0.42375 0.537940379403794 0.420625 0.537940379403794 0.41125 0.5271002710027101 0.40625
1 0.4986449864498645 0.448125 0.4823848238482385 0.4425 0.4634146341463415 0.443125 0.44986449864498645 0.448125 0.44715447154471544 0.4525 0.44986449864498645 0.4575 0.45934959349593496 0.4625 0.48509485094850946 0.461875 0.4986449864498645 0.456875 0.4986449864498645 0.448125
1 0.8035230352303523 0.704375 0.7953929539295393 0.698125 0.7669376693766937 0.6975 0.7547425474254743 0.7 0.7466124661246613 0.711875 0.7601626016260162 0.715625 0.7737127371273713 0.715625 0.7872628726287263 0.714375 0.8008130081300813 0.709375 0.8035230352303523 0.704375
1 0.4173441734417344 0.615625 0.4146341463414634 0.6025 0.4037940379403794 0.599375 0.38346883468834686 0.601875 0.37398373983739835 0.60875 0.37398373983739835 0.615625 0.3794037940379404 0.620625 0.3983739837398374 0.6225 0.41192411924119243 0.619375 0.4173441734417344 0.615625
1 0.4065040650406504 0.45875 0.4010840108401084 0.454375 0.38482384823848237 0.45125 0.37398373983739835 0.45125 0.3604336043360434 0.454375 0.3604336043360434 0.46375 0.3712737127371274 0.46875 0.39295392953929537 0.469375 0.4037940379403794 0.466875 0.4065040650406504 0.45875
1 0.6978319783197832 0.3175 0.6747967479674797 0.3175 0.6626016260162602 0.323125 0.6598915989159891 0.334375 0.6680216802168022 0.339375 0.6897018970189702 0.339375 0.7046070460704607 0.33375 0.7086720867208672 0.3225 0.6978319783197832 0.3175
1 0.45799457994579945 0.604375 0.4363143631436314 0.6025 0.42005420054200543 0.60625 0.42005420054200543 0.616875 0.43089430894308944 0.621875 0.44986449864498645 0.6225 0.46612466124661245 0.618125 0.46612466124661245 0.6075 0.45799457994579945 0.604375
1 0.24390243902439024 0.55 0.24390243902439024 0.54 0.23306233062330622 0.535 0.2086720867208672 0.535 0.1951219512195122 0.54 0.1951219512195122 0.548125 0.2032520325203252 0.551875 0.21680216802168023 0.554375 0.23848238482384823 0.551875 0.24390243902439024 0.55
1 0.6598915989159891 0.613125 0.6463414634146342 0.6025 0.6219512195121951 0.601875 0.6138211382113821 0.60625 0.6138211382113821 0.616875 0.6246612466124661 0.624375 0.6382113821138211 0.6275 0.6490514905149052 0.6275 0.6571815718157181 0.6225 0.6598915989159891 0.613125
1 0.6246612466124661 0.72125 0.6300813008130082 0.716875 0.6273712737127372 0.706875 0.6192411924119241 0.704375 0.6029810298102981 0.704375 0.5948509485094851 0.706875 0.5894308943089431 0.71125 0.592140921409214 0.72125 0.6016260162601627 0.724375 0.6165311653116531 0.72375 0.6246612466124661 0.72125
1 0.6883468834688347 0.299375 0.6639566395663956 0.2975 0.6571815718157181 0.298125 0.6436314363143631 0.304375 0.6409214092140921 0.31125 0.6490514905149052 0.313125 0.6680216802168022 0.313125 0.6761517615176151 0.3125 0.6869918699186992 0.308125 0.6883468834688347 0.299375
1 0.12737127371273713 0.41125 0.11653116531165311 0.403125 0.0948509485094851 0.4 0.08130081300813008 0.404375 0.08130081300813008 0.415625 0.08943089430894309 0.420625 0.1002710027100271 0.423125 0.11382113821138211 0.423125 0.12330623306233063 0.42 0.12737127371273713 0.41125
1 0.2981029810298103 0.394375 0.3008130081300813 0.386875 0.2953929539295393 0.380625 0.28184281842818426 0.3775 0.27100271002710025 0.3775 0.2601626016260163 0.381875 0.25745257452574527 0.390625 0.2601626016260163 0.395 0.27100271002710025 0.399375 0.2845528455284553 0.399375 0.2981029810298103 0.394375
1 0.6355013550135501 0.3425 0.6246612466124661 0.3375 0.6029810298102981 0.3375 0.5975609756097561 0.341875 0.5975609756097561 0.3475 0.6138211382113821 0.355625 0.6273712737127372 0.35625 0.6382113821138211 0.35375 0.6355013550135501 0.3425
1 0.8200040650406504 0.41028624999999996 0.8238672086720867 0.40316 0.8230934959349593 0.39745874999999997 0.8169146341463415 0.39318312499999997 0.8006910569105691 0.392826875 0.7867859078590786 0.40137812500000003 0.782150406504065 0.40672312499999996 0.782150406504065 0.40957375 0.8006910569105691 0.41634375 0.8145962059620596 0.413849375 0.8200040650406504 0.41028624999999996