1 0.58 0.5830564784053156 0.5875 0.5921926910299004 0.59 0.6021594684385382 0.58875 0.6112956810631229 0.58375 0.6146179401993356 0.574375 0.6121262458471761 0.568125 0.5988372093023255 0.570625 0.5880398671096345 0.576875 0.5822259136212624 0.579375 0.5830564784053156
1 0.540625 0.6320598006644518 0.549375 0.6395348837209303 0.554375 0.6495016611295681 0.554375 0.665282392026578 0.55 0.6710963455149501 0.539375 0.6669435215946844 0.530625 0.6478405315614618 0.530625 0.6370431893687708 0.54 0.6320598006644518
1 0.55125 0.6046511627906976 0.560625 0.6129568106312292 0.564375 0.6254152823920266 0.563125 0.6353820598006644 0.556875 0.6428571428571429 0.5525 0.6411960132890365 0.54375 0.6262458471760798 0.543125 0.6104651162790697 0.545625 0.6054817275747508 0.550625 0.6046511627906976
1 0.654375 0.526578073089701 0.659375 0.5290697674418605 0.664375 0.5398671096345515 0.6625 0.5506644518272426 0.654375 0.5598006644518272 0.650625 0.5598006644518272 0.645625 0.5556478405315615 0.643125 0.5440199335548173 0.64625 0.53156146179402 0.65375 0.526578073089701
1 0.579375 0.659468438538206 0.58625 0.6669435215946844 0.5875 0.6802325581395349 0.585 0.6877076411960132 0.580625 0.6926910299003323 0.57125 0.6960132890365448 0.56375 0.6926910299003323 0.56 0.6868770764119602 0.558125 0.6785714285714286 0.55875 0.6694352159468439 0.564375 0.6611295681063123 0.57875 0.659468438538206
1 0.46 0.38870431893687707 0.468125 0.39368770764119604 0.47375 0.40448504983388706 0.473125 0.4210963455149502 0.464375 0.43272425249169433 0.45625 0.4318936877076412 0.449375 0.4210963455149502 0.445625 0.41029900332225916 0.44875 0.3953488372093023 0.455 0.38870431893687707 0.459375 0.38870431893687707
1 0.5025 0.42358803986710963 0.511875 0.43023255813953487 0.515625 0.4377076411960133 0.515625 0.44933554817275745 0.509375 0.45598006644518274 0.500625 0.4543189368770764 0.491875 0.4410299003322259 0.49125 0.4318936877076412 0.49375 0.42524916943521596 0.501875 0.42358803986710963
1 0.50875 0.3230897009966777 0.515625 0.3313953488372093 0.515625 0.3438538205980066 0.51125 0.3521594684385382 0.503125 0.35631229235880396 0.4975 0.35631229235880396 0.491875 0.3521594684385382 0.489375 0.34634551495016613 0.48875 0.33637873754152825 0.490625 0.329734219269103 0.49625 0.3239202657807309 0.508125 0.3230897009966777
1 0.348125 0.2549833887043189 0.353125 0.260797342192691 0.353125 0.27408637873754155 0.34875 0.2815614617940199 0.34125 0.28488372093023256 0.336875 0.2840531561461794 0.3325 0.27906976744186046 0.330625 0.27325581395348836 0.33125 0.2649501661129568 0.338125 0.2541528239202658 0.3475 0.2549833887043189
1 0.489375 0.47093023255813954 0.5 0.4808970099667774 0.505 0.49335548172757476 0.505 0.5049833887043189 0.49875 0.5124584717607974 0.494375 0.5116279069767442 0.488125 0.5058139534883721 0.481875 0.49335548172757476 0.4825 0.4742524916943522 0.48875 0.47093023255813954
1 0.574375 0.2541528239202658 0.584375 0.2599667774086379 0.588125 0.26827242524916944 0.58625 0.276578073089701 0.5775 0.28322259136212624 0.571875 0.28322259136212624 0.56625 0.27906976744186046 0.561875 0.27325581395348836 0.56 0.26578073089701 0.56375 0.2549833887043189 0.57375 0.2541528239202658
1 0.380625 0.4161129568106312 0.38875 0.4227574750830565 0.390625 0.436046511627907 0.3875 0.44518272425249167 0.38375 0.45016611295681064 0.37875 0.45182724252491696 0.36875 0.44933554817275745 0.3675 0.42940199335548174 0.37 0.4210963455149502 0.38 0.4161129568106312
1 0.6125 0.521594684385382 0.620625 0.5282392026578073 0.621875 0.5382059800664452 0.618125 0.5473421926910299 0.609375 0.5539867109634552 0.60375 0.5539867109634552 0.599375 0.5506644518272426 0.59375 0.5431893687707641 0.5925 0.5357142857142857 0.594375 0.5290697674418605 0.598125 0.5249169435215947 0.611875 0.521594684385382
1 0.638125 0.49169435215946844 0.645 0.4983388704318937 0.649375 0.5116279069767442 0.6475 0.5240863787375415 0.6425 0.5290697674418605 0.63875 0.5290697674418605 0.6325 0.5240863787375415 0.626875 0.5124584717607974 0.626875 0.5041528239202658 0.63 0.4941860465116279 0.6325 0.4908637873754153 0.6375 0.49169435215946844
1 0.48375 0.43272425249169433 0.49 0.43853820598006643 0.49125 0.4476744186046512 0.488125 0.45598006644518274 0.478125 0.46511627906976744 0.4725 0.46511627906976744 0.466875 0.4601328903654485 0.465 0.4426910299003322 0.46625 0.4377076411960133 0.4725 0.4318936877076412 0.483125 0.43272425249169433
1 0.541875 0.25664451827242524 0.550625 0.2616279069767442 0.5525 0.2666112956810631 0.551875 0.2757475083056478 0.545 0.28322259136212624 0.53625 0.2823920265780731 0.529375 0.27408637873754155 0.53125 0.2616279069767442 0.535 0.2574750830564784 0.54125 0.25664451827242524
1 0.58875 0.553156146179402 0.59875 0.5598006644518272 0.605625 0.5714285714285714 0.605625 0.5863787375415282 0.59625 0.5930232558139535 0.5875 0.5921926910299004 0.576875 0.5772425249169435 0.576875 0.5589700996677741 0.581875 0.5539867109634552 0.588125 0.553156146179402
1 0.683125 0.6179401993355482 0.690625 0.622093023255814 0.695625 0.6320598006644518 0.69375 0.6453488372093024 0.685 0.6528239202657807 0.680625 0.6519933554817275 0.675 0.6461794019933554 0.6725 0.6337209302325582 0.674375 0.622093023255814 0.6825 0.6179401993355482
1 0.4475 0.622093023255814 0.4525 0.6295681063122923 0.454375 0.6403654485049833 0.450625 0.6495016611295681 0.444375 0.654485049833887 0.43625 0.6519933554817275 0.4325 0.6461794019933554 0.430625 0.6370431893687708 0.431875 0.627906976744186 0.435625 0.622093023255814 0.440625 0.6196013289036545 0.446875 0.622093023255814
1 0.57875 0.420265780730897 0.586875 0.42441860465116277 0.59375 0.43521594684385384 0.595 0.4485049833887043 0.591875 0.45598006644518274 0.58875 0.457641196013289 0.58 0.4543189368770764 0.5725 0.43853820598006643 0.5725 0.42441860465116277 0.578125 0.420265780730897
1 0.69125 0.47591362126245845 0.701875 0.48255813953488375 0.705625 0.4925249169435216 0.70375 0.5074750830564784 0.69625 0.5149501661129569 0.6875 0.5132890365448505 0.681875 0.5008305647840532 0.6825 0.48172757475083056 0.685625 0.47674418604651164 0.690625 0.47591362126245845
1 0.38 0.45182724252491696 0.388125 0.45598006644518274 0.390625 0.4601328903654485 0.388125 0.4742524916943522 0.375625 0.4850498338870432 0.369375 0.4850498338870432 0.365 0.4808970099667774 0.363125 0.47259136212624586 0.36875 0.45598006644518274 0.379375 0.4526578073089701
1 0.523125 0.6470099667774086 0.52875 0.6486710963455149 0.533125 0.6536544850498339 0.535625 0.665282392026578 0.533125 0.6719269102990033 0.5225 0.6769102990033222 0.515 0.675249169435216 0.508125 0.6677740863787376 0.50625 0.6619601328903655 0.50625 0.6536544850498339 0.508125 0.6503322259136213 0.514375 0.6470099667774086 0.5225 0.6470099667774086
1 0.63375 0.6818936877076412 0.64375 0.6926910299003323 0.644375 0.7009966777408638 0.64 0.7093023255813954 0.63 0.7142857142857143 0.62125 0.7093023255813954 0.6175 0.7026578073089701 0.61625 0.6926910299003323 0.618125 0.686046511627907 0.6225 0.6818936877076412 0.633125 0.6818936877076412
1 0.536875 0.29900332225913623 0.54375 0.3023255813953488 0.54875 0.3106312292358804 0.54875 0.32059800664451826 0.54625 0.3272425249169435 0.539375 0.3338870431893688 0.5325 0.3330564784053156 0.528125 0.3280730897009967 0.525 0.31893687707641194 0.526875 0.303156146179402 0.52875 0.29983388704318936 0.53625 0.29900332225913623
1 0.645 0.4642857142857143 0.65125 0.4700996677740864 0.655 0.4792358803986711 0.655 0.48754152823920266 0.651875 0.4925249169435216 0.6475 0.4941860465116279 0.63625 0.48754152823920266 0.6325 0.47840531561461797 0.633125 0.4700996677740864 0.635625 0.46511627906976744 0.644375 0.4642857142857143
1 0.630625 0.5490033222591362 0.64 0.5564784053156147 0.644375 0.563953488372093 0.645 0.5805647840531561 0.64375 0.5855481727574751 0.64 0.5888704318936877 0.6325 0.5863787375415282 0.625 0.5739202657807309 0.623125 0.5573089700996677 0.625625 0.5498338870431894 0.63 0.5490033222591362
1 0.565 0.5465116279069767 0.5675 0.5498338870431894 0.56875 0.5614617940199336 0.565625 0.5697674418604651 0.55875 0.5755813953488372 0.55375 0.574750830564784 0.55 0.5705980066445183 0.5475 0.563953488372093 0.5475 0.5548172757475083 0.549375 0.5481727574750831 0.553125 0.5440199335548173 0.560625 0.5431893687707641 0.564375 0.5465116279069767
1 0.39125 0.4584717607973422 0.401875 0.4584717607973422 0.4075 0.4659468438538206 0.409375 0.4742524916943522 0.408125 0.48421926910299 0.405625 0.48754152823920266 0.40125 0.4900332225913621 0.395625 0.489202657807309 0.38875 0.4775747508305648 0.39125 0.45930232558139533
1 0.415625 0.42358803986710963 0.4225 0.43023255813953487 0.42625 0.44019933554817275 0.426875 0.4543189368770764 0.421875 0.46179401993355484 0.411875 0.4601328903654485 0.403125 0.4410299003322259 0.40375 0.4269102990033223 0.4075 0.4227574750830565 0.415 0.42358803986710963
1 0.67125 0.4792358803986711 0.676875 0.4867109634551495 0.6775 0.5033222591362126 0.674375 0.5099667774086378 0.66875 0.5132890365448505 0.664375 0.5124584717607974 0.66 0.5074750830564784 0.655625 0.4908637873754153 0.6625 0.4792358803986711 0.670625 0.4792358803986711
1 0.604375 0.5930232558139535 0.61375 0.6021594684385382 0.615 0.6088039867109635 0.6125 0.622093023255814 0.605625 0.627906976744186 0.598125 0.6262458471760798 0.59125 0.6129568106312292 0.594375 0.5988372093023255 0.59875 0.5938538205980066 0.60375 0.5930232558139535
1 0.368125 0.5672757475083057 0.373125 0.574750830564784 0.37375 0.5838870431893688 0.37 0.5930232558139535 0.363125 0.5971760797342193 0.358125 0.5971760797342193 0.355 0.5938538205980066 0.3525 0.5780730897009967 0.358125 0.5689368770764119 0.3625 0.5664451827242525 0.3675 0.5672757475083057
1 0.466875 0.23588039867109634 0.473125 0.23754152823920266 0.479375 0.2441860465116279 0.480625 0.2616279069767442 0.478125 0.26827242524916944 0.468125 0.2691029900332226 0.460625 0.25830564784053156 0.460625 0.2425249169435216 0.46375 0.2367109634551495 0.46625 0.2367109634551495
1 0.68625 0.5166112956810631 0.6925 0.5240863787375415 0.69375 0.532392026578073 0.690625 0.5431893687707641 0.685625 0.5481727574750831 0.675625 0.5448504983388704 0.67125 0.5390365448504983 0.67 0.53156146179402 0.670625 0.5224252491694352 0.675625 0.5157807308970099 0.685625 0.5166112956810631
1 0.538125 0.6744186046511628 0.54125 0.6794019933554817 0.541875 0.6877076411960132 0.536875 0.6960132890365448 0.529375 0.6985049833887044 0.525 0.6976744186046512 0.52125 0.6935215946843853 0.51875 0.6868770764119602 0.51875 0.6794019933554817 0.531875 0.6727574750830565 0.5375 0.6744186046511628
1 0.565 0.27906976744186046 0.570625 0.28488372093023256 0.5725 0.29651162790697677 0.56875 0.30398671096345514 0.5625 0.3064784053156146 0.556875 0.30564784053156147 0.55 0.29900332225913623 0.5475 0.2857142857142857 0.55375 0.27740863787375414 0.564375 0.27906976744186046
1 0.34625 0.41943521594684385 0.3525 0.42524916943521596 0.35625 0.43521594684385384 0.355625 0.4435215946843854 0.351875 0.4476744186046512 0.33875 0.44518272425249167 0.333125 0.43438538205980065 0.333125 0.42441860465116277 0.335625 0.420265780730897 0.345625 0.41943521594684385
1 0.58125 0.6320598006644518 0.5875 0.6370431893687708 0.585625 0.6519933554817275 0.580625 0.6569767441860465 0.5725 0.659468438538206 0.56375 0.659468438538206 0.559375 0.6528239202657807 0.558125 0.6428571428571429 0.566875 0.632890365448505 0.580625 0.6320598006644518
1 0.529375 0.6054817275747508 0.539375 0.6112956810631229 0.543125 0.6212624584717608 0.540625 0.6303986710963455 0.533125 0.6345514950166113 0.5225 0.6295681063122923 0.5175 0.6187707641196013 0.518125 0.6129568106312292 0.52125 0.6079734219269103 0.52875 0.6054817275747508
1 0.495625 0.5174418604651163 0.50375 0.5224252491694352 0.50875 0.5290697674418605 0.51125 0.5373754152823921 0.510625 0.5498338870431894 0.504375 0.5556478405315615 0.495 0.5523255813953488 0.486875 0.5365448504983389 0.486875 0.5199335548172758 0.495 0.5174418604651163
1 0.471875 0.6104651162790697 0.4775 0.6162790697674418 0.48125 0.6262458471760798 0.480625 0.6370431893687708 0.474375 0.6445182724252492 0.4675 0.643687707641196 0.464375 0.6395348837209303 0.459375 0.6237541528239202 0.46375 0.6121262458471761 0.47125 0.6104651162790697
1 0.626875 0.6046511627906976 0.634375 0.6121262458471761 0.635 0.627906976744186 0.6325 0.6362126245847176 0.625625 0.643687707641196 0.62 0.643687707641196 0.615 0.6387043189368771 0.6125 0.6254152823920266 0.61625 0.6112956810631229 0.621875 0.6054817275747508 0.62625 0.6046511627906976
1 0.399375 0.3696013289036545 0.408125 0.3745847176079734 0.41375 0.3862126245847176 0.41125 0.40282392026578073 0.404375 0.40780730897009965 0.396875 0.4061461794019934 0.389375 0.3903654485049834 0.390625 0.37624584717607973 0.39375 0.3712624584717608 0.39875 0.3696013289036545
1 0.4525 0.303156146179402 0.460625 0.3089700996677741 0.46375 0.31561461794019935 0.46375 0.3239202657807309 0.456875 0.33056478405315615 0.445 0.3280730897009967 0.436875 0.3164451827242525 0.436875 0.3081395348837209 0.43875 0.30481727574750833 0.441875 0.3023255813953488 0.451875 0.303156146179402
1 0.59875 0.6337209302325582 0.606875 0.6387043189368771 0.61125 0.6495016611295681 0.61 0.6602990033222591 0.6025 0.6661129568106312 0.59125 0.665282392026578 0.585625 0.6578073089700996 0.588125 0.6370431893687708 0.5925 0.6337209302325582 0.598125 0.6337209302325582
0 0.745535625 0.3429044850498339 0.73125 0.3179875415282392 0.705356875 0.30256312292358806 0.67857125 0.3262931893687708 0.67232125 0.34646428571428567 0.675 0.37138122923588035 0.689285625 0.4022308970099668 0.6991068749999999 0.4093496677740864 0.711606875 0.4069767441860465 0.732143125 0.3951112956810631 0.74017875 0.37019435215946844 0.745535625 0.3429044850498339