0 0.52375 0.3073089700996678 0.524375 0.32641196013289037 0.5325 0.3446843853820598 0.539375 0.3538205980066445 0.548125 0.3546511627906977 0.553125 0.35132890365448505 0.555625 0.33970099667774084 0.56 0.3313953488372093 0.560625 0.3239202657807309 0.5575 0.3106312292358804 0.551875 0.2956810631229236 0.54375 0.28903654485049834 0.53375 0.28903654485049834 0.526875 0.2956810631229236 0.52375 0.3073089700996678
0 0.5621875 0.21262458471760798 0.000625 0.0033222591362126247
0 0.568125 0.2030730897009967 0.00125 0.0008305647840531562
0 0.593125 0.19933554817275748 0.589375 0.19933554817275748 0.593125 0.20182724252491693 0.593125 0.19933554817275748
0 0.586875 0.1951827242524917 0.581875 0.19435215946843853 0.580625 0.1951827242524917 0.586875 0.1951827242524917
0 0.478125 0.5705980066445183 0.48375 0.5813953488372093 0.489375 0.5855481727574751 0.50875 0.5863787375415282 0.518125 0.5730897009966778 0.518125 0.5598006644518272 0.5075 0.5481727574750831 0.489375 0.5448504983388704 0.48375 0.5481727574750831 0.479375 0.5548172757475083 0.478125 0.5705980066445183
0 0.760625 0.054817275747508304 0.748125 0.053156146179401995 0.72375 0.05813953488372093 0.703125 0.07475083056478406 0.6925 0.09053156146179402 0.6875 0.10215946843853821 0.683125 0.11794019933554817 0.681875 0.132890365448505 0.683125 0.16029900332225913 0.685625 0.1719269102990033 0.695 0.19435215946843853 0.715 0.21511627906976744 0.73375 0.223421926910299 0.753125 0.223421926910299 0.76625 0.22009966777408638 0.77875 0.21345514950166114 0.790625 0.20348837209302326 0.805 0.18106312292358803 0.8125 0.1569767441860465 0.8125 0.11794019933554817 0.808125 0.10215946843853821 0.8 0.08554817275747509 0.793125 0.0755813953488372 0.77875 0.06229235880398671 0.760625 0.054817275747508304
1 0.3975 0.5282392026578073 0.401875 0.5307308970099668 0.41875 0.5307308970099668 0.42625 0.5274086378737541 0.433125 0.5141196013289037 0.433125 0.4883720930232558 0.425625 0.48172757475083056 0.42 0.48006644518272423 0.40625 0.4833887043189369 0.396875 0.5008305647840532 0.3975 0.5282392026578073
1 0.49375 0.3704318936877076 0.490625 0.3795681063122924 0.490625 0.3961794019933555 0.49375 0.4127906976744186 0.5 0.4219269102990033 0.504375 0.42358803986710963 0.5125 0.42524916943521596 0.520625 0.4210963455149502 0.52625 0.41362126245847175 0.529375 0.40448504983388706 0.529375 0.38289036544850497 0.524375 0.3696013289036545 0.515 0.36212624584717606 0.505625 0.36129568106312293 0.499375 0.3637873754152824 0.49375 0.3704318936877076
1 0.735625 0.41362126245847175 0.73375 0.436046511627907 0.740625 0.446843853820598 0.748125 0.4526578073089701 0.774375 0.4543189368770764 0.780625 0.44933554817275745 0.790625 0.43023255813953487 0.790625 0.4161129568106312 0.788125 0.4119601328903654 0.78125 0.4019933554817276 0.7725 0.39700996677740863 0.74875 0.39867109634551495 0.743125 0.40282392026578073 0.735625 0.41362126245847175
1 0.505 0.5290697674418605 0.5075 0.5431893687707641 0.5125 0.5523255813953488 0.519375 0.5589700996677741 0.531875 0.5631229235880398 0.54125 0.5622923588039868 0.55 0.553156146179402 0.55 0.5357142857142857 0.54125 0.5174418604651163 0.525625 0.5099667774086378 0.513125 0.5124584717607974 0.5075 0.5199335548172758 0.505 0.5290697674418605
1 0.695625 0.292358803986711 0.695 0.30481727574750833 0.700625 0.32059800664451826 0.716875 0.3280730897009967 0.728125 0.32142857142857145 0.73375 0.30980066445182725 0.73375 0.2931893687707641 0.73125 0.2857142857142857 0.725625 0.2782392026578073 0.71875 0.2749169435215947 0.709375 0.2757475083056478 0.7 0.2823920265780731 0.695625 0.292358803986711
1 0.65875 0.6129568106312292 0.671875 0.6303986710963455 0.68 0.6320598006644518 0.685 0.6295681063122923 0.6925 0.617109634551495 0.6925 0.6021594684385382 0.69 0.5921926910299004 0.6825 0.579734219269103 0.676875 0.5755813953488372 0.665 0.5755813953488372 0.6575 0.5930232558139535 0.65875 0.6129568106312292
1 0.65625 0.4277408637873754 0.65875 0.43521594684385384 0.6625 0.44019933554817275 0.673125 0.44518272425249167 0.68 0.44435215946843853 0.688125 0.4393687707641196 0.695 0.42857142857142855 0.6975 0.420265780730897 0.6975 0.40780730897009965 0.695 0.39867109634551495 0.685625 0.3911960132890365 0.675625 0.3903654485049834 0.661875 0.4003322259136213 0.65625 0.41445182724252494 0.65625 0.4277408637873754
1 0.65375 0.5166112956810631 0.654375 0.5299003322259136 0.656875 0.5348837209302325 0.665 0.5456810631229236 0.675625 0.5539867109634552 0.685625 0.5556478405315615 0.691875 0.5523255813953488 0.69625 0.542358803986711 0.695625 0.5332225913621262 0.69 0.5166112956810631 0.68 0.5058139534883721 0.66375 0.5033222591362126 0.6575 0.5091362126245847 0.65375 0.5166112956810631
1 0.735625 0.622093023255814 0.738125 0.6403654485049833 0.740625 0.6453488372093024 0.745625 0.6503322259136213 0.755 0.6519933554817275 0.7675 0.6453488372093024 0.775625 0.6270764119601329 0.775 0.6046511627906976 0.765625 0.5880398671096345 0.75375 0.5863787375415282 0.744375 0.5930232558139535 0.738125 0.6079734219269103 0.735625 0.622093023255814
1 0.610625 0.6229235880398671 0.618125 0.6345514950166113 0.625625 0.6378737541528239 0.6375 0.6370431893687708 0.648125 0.6312292358803987 0.65625 0.6137873754152824 0.655625 0.5913621262458472 0.645625 0.584717607973422 0.6375 0.584717607973422 0.62125 0.5930232558139535 0.610625 0.6088039867109635 0.610625 0.6229235880398671
1 0.7 0.5880398671096345 0.70875 0.6021594684385382 0.721875 0.6146179401993356 0.73125 0.6162790697674418 0.736875 0.6121262458471761 0.741875 0.5946843853820598 0.739375 0.5780730897009967 0.72125 0.5523255813953488 0.704375 0.5523255813953488 0.69625 0.5614617940199336 0.695625 0.5705980066445183 0.7 0.5880398671096345
1 0.3775 0.6519933554817275 0.38 0.659468438538206 0.385625 0.665282392026578 0.391875 0.6694352159468439 0.401875 0.6694352159468439 0.41625 0.6578073089700996 0.42 0.6428571428571429 0.418125 0.632890365448505 0.408125 0.6237541528239202 0.395 0.6237541528239202 0.38 0.6370431893687708 0.376875 0.6470099667774086 0.3775 0.6519933554817275
1 0.49125 0.4634551495016611 0.490625 0.47840531561461797 0.495625 0.4850498338870432 0.505 0.4900332225913621 0.524375 0.49335548172757476 0.536875 0.4833887043189369 0.54125 0.4750830564784053 0.54125 0.46677740863787376 0.53875 0.46096345514950166 0.535 0.45514950166112955 0.52375 0.4476744186046512 0.50875 0.4476744186046512 0.496875 0.45514950166112955 0.49125 0.4634551495016611
1 0.555625 0.34136212624584716 0.555625 0.34634551495016613 0.553125 0.3504983388704319 0.553125 0.35714285714285715 0.560625 0.3729235880398671 0.566875 0.3787375415282392 0.570625 0.3787375415282392 0.59125 0.36627906976744184 0.59875 0.3521594684385382 0.59875 0.3372093023255814 0.59625 0.329734219269103 0.593125 0.3239202657807309 0.584375 0.31976744186046513 0.574375 0.32059800664451826 0.563125 0.3280730897009967 0.555625 0.34136212624584716
1 0.41375 0.28488372093023256 0.411875 0.28820598006644516 0.408125 0.29900332225913623 0.406875 0.3106312292358804 0.408125 0.32059800664451826 0.415 0.3338870431893688 0.426875 0.3438538205980066 0.4425 0.34634551495016613 0.451875 0.34136212624584716 0.459375 0.3313953488372093 0.459375 0.3081395348837209 0.454375 0.29651162790697677 0.4425 0.28488372093023256 0.433125 0.2807308970099668 0.421875 0.2807308970099668 0.41375 0.28488372093023256
1 0.47875 0.5722591362126246 0.48875 0.5855481727574751 0.50625 0.5855481727574751 0.5125 0.5813953488372093 0.516875 0.574750830564784 0.516875 0.5581395348837209 0.50625 0.5481727574750831 0.495 0.5448504983388704 0.48875 0.5456810631229236 0.479375 0.5548172757475083 0.47875 0.5722591362126246
1 0.711875 0.35714285714285715 0.703125 0.36794019933554817 0.698125 0.38289036544850497 0.69875 0.40282392026578073 0.7025 0.4119601328903654 0.710625 0.4219269102990033 0.71625 0.42441860465116277 0.72875 0.420265780730897 0.7375 0.40780730897009965 0.74 0.3911960132890365 0.739375 0.3770764119601329 0.7375 0.36794019933554817 0.73125 0.35714285714285715 0.725 0.3538205980066445 0.7175 0.3538205980066445 0.711875 0.35714285714285715
1 0.41125 0.5614617940199336 0.415625 0.5714285714285714 0.421875 0.5764119601328903 0.42625 0.5764119601328903 0.434375 0.5705980066445183 0.4375 0.5647840531561462 0.439375 0.5539867109634552 0.4375 0.5373754152823921 0.4325 0.5307308970099668 0.42375 0.5290697674418605 0.416875 0.5332225913621262 0.41125 0.5415282392026578 0.41125 0.5614617940199336
1 0.75375 0.7350498338870431 0.75625 0.7433554817275747 0.764375 0.7541528239202658 0.771875 0.7599667774086378 0.78125 0.7616279069767442 0.790625 0.7583056478405316 0.7975 0.75 0.8 0.7408637873754153 0.79875 0.7259136212624585 0.784375 0.7109634551495017 0.77125 0.7084717607973422 0.765 0.7109634551495017 0.756875 0.7200996677740864 0.75375 0.7350498338870431
1 0.743125 0.4742524916943522 0.743125 0.49916943521594687 0.75125 0.5083056478405316 0.763125 0.5083056478405316 0.776875 0.4941860465116279 0.78 0.4833887043189369 0.779375 0.47259136212624586 0.77125 0.457641196013289 0.764375 0.45514950166112955 0.755 0.45598006644518274 0.75 0.46096345514950166 0.743125 0.4742524916943522
1 0.325 0.632890365448505 0.324375 0.6495016611295681 0.3275 0.6602990033222591 0.34125 0.675249169435216 0.34875 0.675249169435216 0.354375 0.670265780730897 0.358125 0.6586378737541528 0.3575 0.6470099667774086 0.3525 0.632890365448505 0.3475 0.6262458471760798 0.340625 0.622093023255814 0.3325 0.6237541528239202 0.325 0.632890365448505
1 0.6875 0.7931893687707641 0.6925 0.8014950166112956 0.69875 0.8048172757475083 0.709375 0.8048172757475083 0.715625 0.8014950166112956 0.724375 0.7882059800664452 0.72625 0.7724252491694352 0.724375 0.7649501661129569 0.714375 0.7541528239202658 0.706875 0.7549833887043189 0.698125 0.7616279069767442 0.6875 0.7757475083056479 0.6875 0.7931893687707641
1 0.69875 0.4476744186046512 0.695625 0.45598006644518274 0.69625 0.48172757475083056 0.703125 0.489202657807309 0.714375 0.4941860465116279 0.725625 0.48754152823920266 0.735625 0.47259136212624586 0.738125 0.4584717607973422 0.7375 0.44601328903654486 0.735625 0.4410299003322259 0.72375 0.43106312292358806 0.716875 0.43023255813953487 0.709375 0.43438538205980065 0.69875 0.4476744186046512
1 0.644375 0.7217607973421927 0.644375 0.7441860465116279 0.6475 0.75 0.655 0.7541528239202658 0.664375 0.7541528239202658 0.6825 0.7441860465116279 0.6925 0.728405315614618 0.6925 0.7134551495016611 0.690625 0.707641196013289 0.685 0.7018272425249169 0.675625 0.6976744186046512 0.666875 0.6993355481727574 0.6575 0.7051495016611296 0.644375 0.7217607973421927
1 0.525625 0.4269102990033223 0.53 0.4410299003322259 0.5375 0.44435215946843853 0.5475 0.44019933554817275 0.551875 0.43438538205980065 0.559375 0.41943521594684385 0.56 0.3978405315614618 0.551875 0.38787375415282394 0.545 0.38704318936877075 0.53625 0.39368770764119604 0.529375 0.40282392026578073 0.525625 0.4269102990033223
1 0.578125 0.5822259136212624 0.575 0.5938538205980066 0.575 0.6046511627906976 0.578125 0.6121262458471761 0.585 0.617109634551495 0.596875 0.6179401993355482 0.60875 0.6112956810631229 0.618125 0.5971760797342193 0.620625 0.5897009966777409 0.620625 0.5722591362126246 0.613125 0.5622923588039868 0.60125 0.5606312292358804 0.595 0.5631229235880398 0.585 0.5722591362126246 0.578125 0.5822259136212624
1 0.558125 0.2915282392026578 0.56375 0.303156146179402 0.568125 0.3073089700996678 0.585625 0.3081395348837209 0.590625 0.3023255813953488 0.59375 0.29401993355481726 0.593125 0.27325581395348836 0.589375 0.26411960132890366 0.581875 0.2558139534883721 0.5675 0.2558139534883721 0.558125 0.26744186046511625 0.558125 0.2915282392026578
1 0.59375 0.4676079734219269 0.593125 0.48255813953488375 0.59625 0.4958471760797342 0.59875 0.49916943521594687 0.610625 0.5016611295681063 0.620625 0.4950166112956811 0.6275 0.4792358803986711 0.6275 0.4634551495016611 0.625 0.45598006644518274 0.618125 0.4476744186046512 0.609375 0.44601328903654486 0.60625 0.446843853820598 0.59875 0.45598006644518274 0.59375 0.4676079734219269
1 0.706875 0.5224252491694352 0.706875 0.532392026578073 0.711875 0.5431893687707641 0.72 0.5481727574750831 0.735 0.5473421926910299 0.7425 0.5431893687707641 0.749375 0.53156146179402 0.749375 0.5174418604651163 0.745 0.5116279069767442 0.73375 0.5049833887043189 0.72125 0.5058139534883721 0.70875 0.5182724252491694 0.706875 0.5224252491694352
1 0.6925 0.6470099667774086 0.6925 0.6677740863787376 0.695 0.675249169435216 0.71 0.686046511627907 0.715625 0.6843853820598007 0.725 0.6760797342192691 0.72875 0.6710963455149501 0.73375 0.6528239202657807 0.73125 0.6387043189368771 0.728125 0.6320598006644518 0.71875 0.6262458471760798 0.71125 0.6262458471760798 0.7 0.632890365448505 0.6925 0.6470099667774086
1 0.439375 0.5556478405315615 0.444375 0.5681063122923588 0.44875 0.5730897009966778 0.459375 0.5813953488372093 0.4675 0.5813953488372093 0.475625 0.5730897009966778 0.478125 0.5664451827242525 0.478125 0.5564784053156147 0.475625 0.5481727574750831 0.461875 0.5290697674418605 0.451875 0.5290697674418605 0.44375 0.5357142857142857 0.439375 0.5456810631229236 0.439375 0.5556478405315615
1 0.56625 0.3862126245847176 0.563125 0.39368770764119604 0.561875 0.40448504983388706 0.56375 0.41362126245847175 0.570625 0.4227574750830565 0.57625 0.42524916943521596 0.589375 0.4260797342192691 0.593125 0.42358803986710963 0.59875 0.41777408637873753 0.60625 0.40282392026578073 0.60625 0.38289036544850497 0.6 0.37624584717607973 0.591875 0.37209302325581395 0.584375 0.37209302325581395 0.575625 0.37624584717607973 0.56625 0.3862126245847176
1 0.524375 0.3230897009966777 0.526875 0.3330564784053156 0.53625 0.3504983388704319 0.541875 0.3538205980066445 0.55 0.35299003322259137 0.554375 0.3480066445182724 0.559375 0.3313953488372093 0.558125 0.31561461794019935 0.5525 0.2973421926910299 0.5425 0.28903654485049834 0.5325 0.2898671096345515 0.524375 0.30398671096345514 0.524375 0.3230897009966777
1 0.756875 0.6810631229235881 0.759375 0.6918604651162791 0.76625 0.6993355481727574 0.775 0.7001661129568106 0.793125 0.6893687707641196 0.80125 0.6644518272425249 0.8 0.6470099667774086 0.790625 0.6370431893687708 0.78125 0.6370431893687708 0.76625 0.6478405315614618 0.7575 0.6661129568106312 0.756875 0.6810631229235881
1 0.485625 0.6013289036544851 0.486875 0.6137873754152824 0.491875 0.6212624584717608 0.49875 0.6295681063122923 0.508125 0.6337209302325582 0.52375 0.6312292358803987 0.526875 0.622093023255814 0.52625 0.6054817275747508 0.51875 0.5930232558139535 0.5075 0.5863787375415282 0.49125 0.5880398671096345 0.486875 0.5946843853820598 0.485625 0.6013289036544851
1 0.558125 0.5456810631229236 0.558125 0.5705980066445183 0.568125 0.5780730897009967 0.575 0.5780730897009967 0.58625 0.5705980066445183 0.599375 0.5548172757475083 0.599375 0.5390365448504983 0.59625 0.5307308970099668 0.58875 0.5274086378737541 0.58 0.5274086378737541 0.56875 0.53156146179402 0.558125 0.5456810631229236
1 0.365625 0.5249169435215947 0.36875 0.5382059800664452 0.37375 0.5473421926910299 0.38 0.553156146179402 0.386875 0.5539867109634552 0.391875 0.5514950166112956 0.399375 0.5373754152823921 0.399375 0.53156146179402 0.395 0.5199335548172758 0.395 0.5041528239202658 0.38875 0.4983388704318937 0.38 0.49667774086378735 0.37125 0.5 0.366875 0.5099667774086378 0.365625 0.5249169435215947
1 0.714375 0.7151162790697675 0.72125 0.7200996677740864 0.736875 0.7200996677740864 0.745 0.7134551495016611 0.749375 0.7051495016611296 0.749375 0.6901993355481728 0.7425 0.6785714285714286 0.7275 0.6735880398671097 0.70875 0.6893687707641196 0.709375 0.7068106312292359 0.714375 0.7151162790697675
1 0.5725 0.7400332225913622 0.570625 0.7483388704318937 0.57125 0.7699335548172758 0.584375 0.7940199335548173 0.59625 0.7973421926910299 0.60625 0.7931893687707641 0.610625 0.7882059800664452 0.615625 0.7724252491694352 0.614375 0.7458471760797342 0.60875 0.7333887043189369 0.60125 0.7259136212624585 0.59375 0.7225913621262459 0.585 0.7242524916943521 0.5725 0.7400332225913622
1 0.5325 0.5930232558139535 0.529375 0.6013289036544851 0.529375 0.6237541528239202 0.533125 0.6303986710963455 0.538125 0.632890365448505 0.55 0.632890365448505 0.556875 0.6295681063122923 0.5675 0.6162790697674418 0.570625 0.5988372093023255 0.57 0.5897009966777409 0.565 0.579734219269103 0.559375 0.5764119601328903 0.55125 0.5755813953488372 0.5425 0.579734219269103 0.5325 0.5930232558139535
1 0.536875 0.9219269102990033 0.536875 0.9318936877076412 0.539375 0.9401993355481728 0.548125 0.9501661129568106 0.56 0.9551495016611296 0.5725 0.9543189368770764 0.580625 0.9493355481727574 0.586875 0.9410299003322259 0.588125 0.9352159468438538 0.58625 0.9277408637873754 0.5775 0.9127906976744186 0.56375 0.9061461794019934 0.555 0.9061461794019934 0.54375 0.9111295681063123 0.536875 0.9219269102990033
1 0.460625 0.5240863787375415 0.474375 0.5440199335548173 0.488125 0.5440199335548173 0.493125 0.5398671096345515 0.498125 0.5290697674418605 0.496875 0.5182724252491694 0.489375 0.5033222591362126 0.47875 0.4950166112956811 0.464375 0.4958471760797342 0.459375 0.5041528239202658 0.460625 0.5240863787375415
1 0.524375 0.7574750830564784 0.523125 0.7832225913621262 0.529375 0.8023255813953488 0.538125 0.8081395348837209 0.54625 0.8081395348837209 0.553125 0.803156146179402 0.561875 0.7848837209302325 0.561875 0.7649501661129569 0.559375 0.7549833887043189 0.548125 0.7441860465116279 0.53875 0.7433554817275747 0.529375 0.75 0.524375 0.7574750830564784
1 0.5625 0.2059800664451827 0.558125 0.22009966777408638 0.558125 0.2292358803986711 0.560625 0.23754152823920266 0.565625 0.2441860465116279 0.56875 0.24501661129568106 0.590625 0.23255813953488372 0.59625 0.22425249169435216 0.59875 0.2159468438538206 0.59875 0.20930232558139536 0.595625 0.2009966777408638 0.593125 0.19684385382059802 0.58625 0.19352159468438537 0.575 0.19435215946843853 0.568125 0.19933554817275748 0.5625 0.2059800664451827
1 0.716875 0.9177740863787376 0.714375 0.9327242524916943 0.719375 0.9418604651162791 0.726875 0.9493355481727574 0.740625 0.9518272425249169 0.75 0.9460132890365448 0.753125 0.9343853820598007 0.7525 0.9285714285714286 0.748125 0.9194352159468439 0.7425 0.9136212624584718 0.7375 0.9111295681063123 0.724375 0.9111295681063123 0.716875 0.9177740863787376
1 0.486875 0.7616279069767442 0.48625 0.7790697674418605 0.491875 0.7940199335548173 0.505 0.7990033222591362 0.516875 0.7906976744186046 0.521875 0.7790697674418605 0.521875 0.7533222591362126 0.519375 0.7483388704318937 0.510625 0.7416943521594684 0.505 0.7416943521594684 0.491875 0.7508305647840532 0.486875 0.7616279069767442