0 0.318125 0.42358803986710963 0.329375 0.43023255813953487 0.335625 0.43853820598006643 0.341875 0.457641196013289 0.341875 0.47093023255813954 0.338125 0.48421926910299 0.3325 0.4950166112956811 0.324375 0.5024916943521595 0.315625 0.5058139534883721 0.303125 0.5049833887043189 0.29 0.4958471760797342 0.28125 0.4792358803986711 0.279375 0.45930232558139533 0.283125 0.4426910299003322 0.29375 0.42857142857142855 0.305 0.4227574750830565 0.3175 0.42358803986710963
1 0.379375 0.3588039867109635 0.385 0.3646179401993355 0.386875 0.3787375415282392 0.384375 0.38787375415282394 0.3775 0.3945182724252492 0.36875 0.3911960132890365 0.365 0.3787375415282392 0.368125 0.3654485049833887 0.37375 0.3596345514950166 0.37875 0.3588039867109635
1 0.58125 0.4318936877076412 0.586875 0.4377076411960133 0.59 0.4526578073089701 0.588125 0.462624584717608 0.58375 0.46677740863787376 0.58125 0.46677740863787376 0.57125 0.45598006644518274 0.56875 0.4485049833887043 0.56875 0.4426910299003322 0.571875 0.43521594684385384 0.576875 0.43106312292358806 0.580625 0.4318936877076412
1 0.51 0.5357142857142857 0.51625 0.5431893687707641 0.516875 0.5539867109634552 0.51375 0.563953488372093 0.50875 0.5689368770764119 0.5025 0.5672757475083057 0.498125 0.5614617940199336 0.496875 0.5490033222591362 0.501875 0.5357142857142857 0.509375 0.5357142857142857
1 0.450625 0.3546511627906977 0.455625 0.3579734219269103 0.46 0.3654485049833887 0.46 0.37624584717607973 0.45375 0.38289036544850497 0.4425 0.3795681063122924 0.435 0.3712624584717608 0.43375 0.3646179401993355 0.435 0.3588039867109635 0.439375 0.3546511627906977 0.45 0.3546511627906977
1 0.644375 0.4069767441860465 0.649375 0.4111295681063123 0.65125 0.42358803986710963 0.64375 0.4377076411960133 0.636875 0.4418604651162791 0.633125 0.4410299003322259 0.63 0.436046511627907 0.629375 0.4210963455149502 0.63625 0.40863787375415284 0.64375 0.4069767441860465
1 0.460625 0.38704318936877075 0.4675 0.39368770764119604 0.468125 0.4003322259136213 0.464375 0.41029900332225916 0.4575 0.4152823920265781 0.449375 0.4127906976744186 0.445625 0.4011627906976744 0.44875 0.3903654485049834 0.455 0.3862126245847176 0.46 0.38704318936877075
1 0.363125 0.3554817275747508 0.366875 0.36212624584717606 0.364375 0.38205980066445183 0.356875 0.3862126245847176 0.3525 0.3853820598006645 0.34875 0.3812292358803987 0.346875 0.3687707641196013 0.353125 0.35631229235880396 0.358125 0.3538205980066445 0.3625 0.3554817275747508
1 0.404375 0.4368770764119601 0.4075 0.4418604651162791 0.4075 0.4526578073089701 0.40375 0.45930232558139533 0.398125 0.462624584717608 0.38875 0.45514950166112955 0.3875 0.4476744186046512 0.393125 0.4368770764119601 0.40375 0.4368770764119601
1 0.60625 0.3131229235880399 0.6125 0.31727574750830567 0.61625 0.3272425249169435 0.615625 0.3347176079734219 0.6075 0.34136212624584716 0.600625 0.3388704318936877 0.595 0.3272425249169435 0.5975 0.3181063122923588 0.605625 0.3131229235880399
1 0.3825 0.420265780730897 0.386875 0.4269102990033223 0.3875 0.43521594684385384 0.38375 0.4418604651162791 0.38 0.4435215946843854 0.373125 0.4426910299003322 0.366875 0.43853820598006643 0.3625 0.43023255813953487 0.3625 0.42358803986710963 0.365625 0.41777408637873753 0.370625 0.4161129568106312 0.3775 0.4161129568106312 0.381875 0.420265780730897
1 0.659375 0.42358803986710963 0.66625 0.42857142857142855 0.67 0.4426910299003322 0.668125 0.45348837209302323 0.661875 0.45930232558139533 0.65375 0.45099667774086377 0.650625 0.4426910299003322 0.6525 0.4277408637873754 0.65875 0.42358803986710963
1 0.570625 0.4568106312292359 0.5775 0.462624584717608 0.58 0.4692691029900332 0.58 0.4750830564784053 0.571875 0.48172757475083056 0.5625 0.47840531561461797 0.556875 0.473421926910299 0.555 0.4676079734219269 0.555625 0.46179401993355484 0.560625 0.4568106312292359 0.57 0.4568106312292359
1 0.635 0.44435215946843853 0.640625 0.4485049833887043 0.64375 0.4584717607973422 0.641875 0.4659468438538206 0.636875 0.4692691029900332 0.625625 0.4676079734219269 0.61875 0.45930232558139533 0.61875 0.4526578073089701 0.6225 0.44601328903654486 0.626875 0.4435215946843854 0.634375 0.44435215946843853
1 0.558125 0.47674418604651164 0.564375 0.48421926910299 0.564375 0.4950166112956811 0.558125 0.5083056478405316 0.55375 0.5124584717607974 0.543125 0.5083056478405316 0.538125 0.5016611295681063 0.5375 0.49750830564784054 0.539375 0.4908637873754153 0.54625 0.4808970099667774 0.5575 0.47674418604651164
1 0.488125 0.4485049833887043 0.4925 0.45348837209302323 0.494375 0.462624584717608 0.490625 0.4692691029900332 0.484375 0.473421926910299 0.475625 0.47093023255813954 0.4725 0.4659468438538206 0.47125 0.457641196013289 0.4775 0.4485049833887043 0.4875 0.4485049833887043
1 0.42875 0.33222591362126247 0.433125 0.33970099667774084 0.4325 0.3496677740863787 0.428125 0.3546511627906977 0.421875 0.35714285714285715 0.41 0.3538205980066445 0.4075 0.3496677740863787 0.4075 0.3438538205980066 0.4125 0.3347176079734219 0.4175 0.3313953488372093 0.428125 0.33222591362126247
1 0.421875 0.2757475083056478 0.4275 0.2807308970099668 0.431875 0.292358803986711 0.430625 0.30398671096345514 0.42375 0.3106312292358804 0.414375 0.3081395348837209 0.410625 0.303156146179402 0.40875 0.2915282392026578 0.410625 0.27906976744186046 0.42125 0.2757475083056478
1 0.634375 0.3330564784053156 0.638125 0.3380398671096346 0.6375 0.3488372093023256 0.630625 0.3596345514950166 0.623125 0.36295681063122925 0.61625 0.35714285714285715 0.615625 0.34634551495016613 0.6225 0.3347176079734219 0.62625 0.33222591362126247 0.63375 0.3330564784053156
1 0.405 0.47674418604651164 0.410625 0.4808970099667774 0.41625 0.4908637873754153 0.41375 0.5066445182724253 0.40875 0.5132890365448505 0.3975 0.5091362126245847 0.39375 0.4983388704318937 0.3975 0.4792358803986711 0.404375 0.47674418604651164
1 0.511875 0.49169435215946844 0.518125 0.4941860465116279 0.521875 0.5008305647840532 0.523125 0.5116279069767442 0.51875 0.5191029900332226 0.514375 0.5224252491694352 0.50875 0.5166112956810631 0.50625 0.49667774086378735 0.51125 0.4925249169435216
1 0.641875 0.510797342192691 0.645625 0.5166112956810631 0.645625 0.5257475083056479 0.64375 0.53156146179402 0.638125 0.5373754152823921 0.633125 0.5373754152823921 0.62875 0.532392026578073 0.6275 0.520764119601329 0.6325 0.5116279069767442 0.64125 0.510797342192691
1 0.421875 0.5174418604651163 0.43 0.532392026578073 0.42875 0.5440199335548173 0.423125 0.5490033222591362 0.418125 0.5490033222591362 0.414375 0.5456810631229236 0.409375 0.5299003322259136 0.41 0.5224252491694352 0.4125 0.5182724252491694 0.42125 0.5174418604651163
1 0.5525 0.39368770764119604 0.55625 0.3978405315614618 0.55875 0.40780730897009965 0.55 0.42441860465116277 0.541875 0.41777408637873753 0.54125 0.4003322259136213 0.54625 0.39368770764119604 0.551875 0.39368770764119604
1 0.5475 0.510797342192691 0.551875 0.5149501661129569 0.55375 0.520764119601329 0.55375 0.5290697674418605 0.548125 0.5406976744186046 0.54 0.5390365448504983 0.5375 0.5357142857142857 0.53625 0.5274086378737541 0.538125 0.5132890365448505 0.541875 0.5099667774086378 0.546875 0.510797342192691
1 0.46375 0.4925249169435216 0.4675 0.5 0.4675 0.5058139534883721 0.464375 0.5099667774086378 0.456875 0.5124584717607974 0.449375 0.5099667774086378 0.445625 0.5033222591362126 0.445625 0.49750830564784054 0.451875 0.4900332225913621 0.463125 0.4925249169435216
1 0.658125 0.473421926910299 0.6625 0.47591362126245845 0.668125 0.48588039867109634 0.666875 0.4958471760797342 0.66 0.5 0.646875 0.49750830564784054 0.64 0.4883720930232558 0.64 0.4808970099667774 0.64375 0.47591362126245845 0.6575 0.473421926910299
1 0.564375 0.3546511627906977 0.571875 0.36295681063122925 0.57375 0.3712624584717608 0.571875 0.3803986710963455 0.568125 0.38289036544850497 0.560625 0.3812292358803987 0.555625 0.3770764119601329 0.55 0.3654485049833887 0.5525 0.3554817275747508 0.556875 0.35299003322259137 0.56375 0.3546511627906977
1 0.5325 0.3911960132890365 0.538125 0.39368770764119604 0.54125 0.39867109634551495 0.540625 0.4169435215946844 0.5325 0.4260797342192691 0.52125 0.4219269102990033 0.52 0.41445182724252494 0.5225 0.4003322259136213 0.525625 0.3953488372093023 0.531875 0.3920265780730897
1 0.534375 0.4277408637873754 0.53875 0.43521594684385384 0.538125 0.4410299003322259 0.5325 0.44601328903654486 0.525625 0.4476744186046512 0.519375 0.44601328903654486 0.515 0.4410299003322259 0.515 0.42940199335548174 0.52125 0.42524916943521596 0.53375 0.4277408637873754
1 0.58125 0.4750830564784053 0.58875 0.4792358803986711 0.595 0.48754152823920266 0.595 0.5008305647840532 0.590625 0.5049833887043189 0.583125 0.5058139534883721 0.574375 0.49750830564784054 0.573125 0.4833887043189369 0.580625 0.47591362126245845
1 0.399375 0.5780730897009967 0.4075 0.584717607973422 0.408125 0.5938538205980066 0.40125 0.6054817275747508 0.396875 0.6079734219269103 0.38875 0.606312292358804 0.385625 0.6004983388704319 0.385 0.5938538205980066 0.39 0.5805647840531561 0.39875 0.5780730897009967
1 0.39 0.38870431893687707 0.394375 0.39368770764119604 0.398125 0.40365448504983387 0.396875 0.41029900332225916 0.39125 0.4161129568106312 0.383125 0.4152823920265781 0.3775 0.4061461794019934 0.38 0.3920265780730897 0.383125 0.38870431893687707 0.389375 0.38870431893687707
1 0.6125 0.4526578073089701 0.61625 0.4584717607973422 0.615625 0.4659468438538206 0.611875 0.473421926910299 0.6025 0.4792358803986711 0.59375 0.47674418604651164 0.591875 0.473421926910299 0.5925 0.4692691029900332 0.5975 0.45930232558139533 0.611875 0.4526578073089701
1 0.59875 0.43106312292358806 0.605625 0.43521594684385384 0.61 0.4485049833887043 0.6075 0.4543189368770764 0.6 0.4584717607973422 0.59125 0.45348837209302323 0.588125 0.44518272425249167 0.589375 0.436046511627907 0.598125 0.43106312292358806
1 0.574375 0.49750830564784054 0.579375 0.5024916943521595 0.5825 0.510797342192691 0.581875 0.520764119601329 0.575 0.5274086378737541 0.565 0.5232558139534884 0.56125 0.5174418604651163 0.559375 0.5083056478405316 0.56375 0.49750830564784054 0.57375 0.49750830564784054
1 0.40875 0.36212624584717606 0.41375 0.3696013289036545 0.41375 0.3770764119601329 0.411875 0.3845514950166113 0.404375 0.39285714285714285 0.39625 0.38953488372093026 0.395 0.37375415282392027 0.400625 0.36295681063122925 0.408125 0.36212624584717606
1 0.45 0.4161129568106312 0.456875 0.42358803986710963 0.46 0.43272425249169433 0.46 0.4418604651162791 0.454375 0.44933554817275745 0.445625 0.4476744186046512 0.43875 0.43438538205980065 0.43875 0.4227574750830565 0.44125 0.41777408637873753 0.449375 0.4161129568106312
1 0.43 0.2441860465116279 0.43875 0.25 0.44375 0.2616279069767442 0.43625 0.27740863787375414 0.428125 0.2749169435215947 0.42125 0.2632890365448505 0.420625 0.2549833887043189 0.4225 0.24750830564784054 0.429375 0.2441860465116279
1 0.5171875 0.348421926910299 0.021875 0.03571428571428571
1 0.5271875 0.5282392026578073 0.019375 0.03322259136212625
1 0.585625 0.5232558139534884 0.591875 0.5290697674418605 0.595 0.5357142857142857 0.594375 0.5490033222591362 0.58875 0.5539867109634552 0.58375 0.553156146179402 0.579375 0.5490033222591362 0.575625 0.5357142857142857 0.576875 0.526578073089701 0.58125 0.5224252491694352 0.585 0.5232558139534884
1 0.36 0.39285714285714285 0.369375 0.3953488372093023 0.37625 0.4011627906976744 0.37625 0.4111295681063123 0.36625 0.4169435215946844 0.355 0.4119601328903654 0.34875 0.40448504983388706 0.35 0.3961794019933555 0.359375 0.39285714285714285
1 0.46375 0.4659468438538206 0.47 0.4717607973421927 0.471875 0.48006644518272423 0.470625 0.48421926910299 0.46375 0.4908637873754153 0.453125 0.48754152823920266 0.446875 0.4792358803986711 0.446875 0.473421926910299 0.45 0.46677740863787376 0.463125 0.4659468438538206
1 0.55375 0.3289036544850498 0.560625 0.3347176079734219 0.56125 0.3488372093023256 0.559375 0.3538205980066445 0.55 0.35714285714285715 0.53625 0.3538205980066445 0.533125 0.3446843853820598 0.535625 0.33554817275747506 0.54 0.3313953488372093 0.546875 0.3280730897009967 0.553125 0.3289036544850498
1 0.470625 0.553156146179402 0.475625 0.5598006644518272 0.4775 0.5689368770764119 0.475625 0.5830564784053156 0.470625 0.5913621262458472 0.4625 0.5888704318936877 0.4575 0.5764119601328903 0.46 0.5598006644518272 0.463125 0.5548172757475083 0.47 0.553156146179402
1 0.488125 0.420265780730897 0.493125 0.4277408637873754 0.49125 0.436046511627907 0.48625 0.4435215946843854 0.47375 0.4485049833887043 0.46625 0.44518272425249167 0.46625 0.4335548172757475 0.4775 0.4219269102990033 0.4875 0.420265780730897
1 0.5125 0.2541528239202658 0.515625 0.2616279069767442 0.515 0.26827242524916944 0.511875 0.2757475083056478 0.505 0.2807308970099668 0.496875 0.27906976744186046 0.493125 0.2724252491694352 0.493125 0.26578073089701 0.49875 0.2549833887043189 0.511875 0.2541528239202658
1 0.489375 0.5249169435215947 0.49375 0.5274086378737541 0.498125 0.5348837209302325 0.498125 0.5448504983388704 0.494375 0.5506644518272426 0.488125 0.5498338870431894 0.480625 0.5398671096345515 0.48125 0.5290697674418605 0.48875 0.5249169435215947
1 0.50375 0.4983388704318937 0.508125 0.5049833887043189 0.50875 0.5157807308970099 0.506875 0.521594684385382 0.50125 0.526578073089701 0.4925 0.5232558139534884 0.48875 0.5083056478405316 0.491875 0.5 0.495625 0.49750830564784054 0.503125 0.4983388704318937
1 0.439375 0.5124584717607974 0.449375 0.5232558139534884 0.44875 0.532392026578073 0.44375 0.5365448504983389 0.43125 0.5340531561461794 0.424375 0.5191029900332226 0.43125 0.5116279069767442 0.43875 0.5124584717607974
1 0.45 0.2649501661129568 0.45875 0.26827242524916944 0.464375 0.2782392026578073 0.4625 0.292358803986711 0.455625 0.29817275747508304 0.445 0.29401993355481726 0.44 0.28322259136212624 0.439375 0.2782392026578073 0.441875 0.26993355481727577 0.449375 0.2649501661129568
1 0.426875 0.48588039867109634 0.43125 0.49335548172757476 0.431875 0.5066445182724253 0.425 0.5149501661129569 0.416875 0.510797342192691 0.415 0.49335548172757476 0.419375 0.48421926910299 0.42625 0.48588039867109634
1 0.441875 0.38787375415282394 0.44625 0.39285714285714285 0.445625 0.4061461794019934 0.4425 0.4119601328903654 0.435625 0.4152823920265781 0.428125 0.4111295681063123 0.425 0.3995016611295681 0.43125 0.38870431893687707 0.44125 0.38787375415282394
1 0.569375 0.40780730897009965 0.5725 0.4111295681063123 0.573125 0.4219269102990033 0.568125 0.43272425249169433 0.560625 0.4368770764119601 0.553125 0.4318936877076412 0.550625 0.4227574750830565 0.556875 0.41029900332225916 0.5625 0.4069767441860465 0.56875 0.40780730897009965
1 0.459375 0.23920265780730898 0.464375 0.24833887043189368 0.464375 0.2541528239202658 0.46125 0.2632890365448505 0.458125 0.26578073089701 0.446875 0.2632890365448505 0.444375 0.24833887043189368 0.449375 0.23920265780730898 0.45875 0.23920265780730898
1 0.5575 0.5290697674418605 0.563125 0.53156146179402 0.5675 0.5373754152823921 0.57 0.5456810631229236 0.568125 0.5589700996677741 0.56375 0.5614617940199336 0.556875 0.5589700996677741 0.550625 0.5456810631229236 0.55125 0.5348837209302325 0.553125 0.5307308970099668 0.556875 0.5290697674418605
1 0.4675 0.22093023255813954 0.47375 0.22425249169435216 0.480625 0.2367109634551495 0.480625 0.24750830564784054 0.47375 0.2541528239202658 0.46625 0.2516611295681063 0.46 0.23754152823920266 0.46125 0.22591362126245848 0.466875 0.22093023255813954