1 0.44601328903654486 0.4675 0.45598006644518274 0.4675 0.4642857142857143 0.464375 0.4684385382059801 0.459375 0.4692691029900332 0.4475 0.4642857142857143 0.4375 0.45099667774086377 0.428125 0.4393687707641196 0.428125 0.43272425249169433 0.43125 0.4277408637873754 0.43625 0.4260797342192691 0.441875 0.4269102990033223 0.453125 0.43106312292358806 0.459375 0.44601328903654486 0.4675
1 0.6004983388704319 0.548125 0.6071428571428571 0.543125 0.6096345514950167 0.54 0.6079734219269103 0.53 0.6029900332225914 0.523125 0.5913621262458472 0.516875 0.5722591362126246 0.519375 0.5614617940199336 0.529375 0.5622923588039868 0.53875 0.5739202657807309 0.548125 0.5897009966777409 0.550625 0.6004983388704319 0.548125
1 0.595514950166113 0.609375 0.5863787375415282 0.5975 0.5730897009966778 0.595 0.5606312292358804 0.6 0.5581395348837209 0.616875 0.5631229235880398 0.624375 0.5764119601328903 0.63 0.5830564784053156 0.63 0.5938538205980066 0.621875 0.595514950166113 0.609375
1 0.6004983388704319 0.46625 0.6038205980066446 0.459375 0.6029900332225914 0.44375 0.6004983388704319 0.44 0.5930232558139535 0.43625 0.574750830564784 0.4375 0.5647840531561462 0.444375 0.5598006644518272 0.455 0.5606312292358804 0.464375 0.5863787375415282 0.4625 0.5921926910299004 0.46875 0.6004983388704319 0.46625
1 0.3920265780730897 0.610625 0.3729235880398671 0.5975 0.3554817275747508 0.59875 0.3488372093023256 0.604375 0.3480066445182724 0.618125 0.3538205980066445 0.625 0.3596345514950166 0.6275 0.37790697674418605 0.62875 0.39285714285714285 0.6225 0.3920265780730897 0.610625
1 0.5 0.376875 0.5016611295681063 0.36375 0.4983388704318937 0.35 0.49169435215946844 0.34375 0.4775747508305648 0.340625 0.4684385382059801 0.345625 0.4601328903654485 0.355625 0.4601328903654485 0.37375 0.4742524916943522 0.385 0.48255813953488375 0.385 0.5 0.376875
1 0.4061461794019934 0.60375 0.4119601328903654 0.594375 0.4127906976744186 0.5875 0.40863787375415284 0.579375 0.40780730897009965 0.56625 0.3961794019933555 0.5625 0.38372093023255816 0.565625 0.3704318936877076 0.581875 0.3729235880398671 0.59625 0.38372093023255816 0.604375 0.39368770764119604 0.605 0.4061461794019934 0.60375
1 0.6503322259136213 0.651875 0.6362126245847176 0.64 0.6179401993355482 0.6375 0.6088039867109635 0.641875 0.6088039867109635 0.653125 0.6196013289036545 0.6625 0.6362126245847176 0.66875 0.6453488372093024 0.66875 0.6511627906976745 0.66375 0.6503322259136213 0.651875
1 0.4210963455149502 0.555 0.42524916943521596 0.5475 0.4260797342192691 0.5375 0.420265780730897 0.528125 0.40946843853820597 0.521875 0.3978405315614618 0.521875 0.38704318936877075 0.53375 0.38704318936877075 0.5425 0.3978405315614618 0.560625 0.40946843853820597 0.561875 0.41362126245847175 0.56 0.4210963455149502 0.555
1 0.37790697674418605 0.524375 0.3787375415282392 0.51625 0.36794019933554817 0.50375 0.36295681063122925 0.50125 0.3388704318936877 0.49875 0.3280730897009967 0.505 0.3272425249169435 0.51375 0.329734219269103 0.51875 0.3438538205980066 0.528125 0.3704318936877076 0.528125 0.37790697674418605 0.524375
1 0.21760797342192692 0.69875 0.22674418604651161 0.69 0.2292358803986711 0.683125 0.22674418604651161 0.675625 0.21843853820598005 0.666875 0.20348837209302326 0.665 0.19269102990033224 0.67 0.18604651162790697 0.680625 0.1852159468438538 0.6925 0.19435215946843853 0.7025 0.20930232558139536 0.7025 0.21760797342192692 0.69875
1 0.28903654485049834 0.6875 0.2915282392026578 0.68375 0.2931893687707641 0.671875 0.29069767441860467 0.665 0.2799003322259136 0.659375 0.2724252491694352 0.659375 0.2666112956810631 0.661875 0.2558139534883721 0.675625 0.2549833887043189 0.69 0.26245847176079734 0.695 0.276578073089701 0.695 0.28903654485049834 0.6875
1 0.643687707641196 0.7 0.6337209302325582 0.6925 0.6245847176079734 0.69375 0.6154485049833887 0.7 0.6146179401993356 0.715625 0.6162790697674418 0.718125 0.6245847176079734 0.72125 0.6345514950166113 0.718125 0.6420265780730897 0.709375 0.643687707641196 0.7
1 0.33554817275747506 0.454375 0.3488372093023256 0.441875 0.3488372093023256 0.42875 0.3388704318936877 0.41875 0.3330564784053156 0.418125 0.32059800664451826 0.42125 0.3081395348837209 0.4275 0.30066445182724255 0.434375 0.29817275747508304 0.4475 0.30980066445182725 0.455625 0.3230897009966777 0.456875 0.33554817275747506 0.454375
1 0.24750830564784054 0.58875 0.2616279069767442 0.588125 0.2749169435215947 0.580625 0.27906976744186046 0.574375 0.27906976744186046 0.568125 0.2749169435215947 0.560625 0.26827242524916944 0.558125 0.25332225913621265 0.558125 0.24584717607973422 0.560625 0.2367109634551495 0.56875 0.2350498338870432 0.579375 0.24003322259136212 0.586875 0.24750830564784054 0.58875
1 0.5539867109634552 0.408125 0.5440199335548173 0.4 0.5199335548172758 0.4 0.5083056478405316 0.406875 0.5091362126245847 0.415625 0.5191029900332226 0.423125 0.5456810631229236 0.42375 0.5498338870431894 0.423125 0.5548172757475083 0.418125 0.5539867109634552 0.408125
1 0.27325581395348836 0.4375 0.27906976744186046 0.4325 0.27906976744186046 0.4175 0.26578073089701 0.405 0.24667774086378738 0.401875 0.2350498338870432 0.406875 0.23172757475083056 0.415 0.23255813953488372 0.420625 0.24169435215946844 0.43375 0.2541528239202658 0.439375 0.26411960132890366 0.44125 0.27325581395348836 0.4375
1 0.6495016611295681 0.735 0.6578073089700996 0.73125 0.6636212624584718 0.723125 0.665282392026578 0.7125 0.6627906976744186 0.7075 0.659468438538206 0.7025 0.6495016611295681 0.7 0.6453488372093024 0.70125 0.6411960132890365 0.711875 0.627906976744186 0.72125 0.6270764119601329 0.724375 0.6345514950166113 0.73375 0.6495016611295681 0.735
1 0.3023255813953488 0.615625 0.31478405315614616 0.60625 0.31727574750830567 0.59625 0.3081395348837209 0.579375 0.29817275747508304 0.57625 0.28820598006644516 0.57625 0.2799003322259136 0.579375 0.27408637873754155 0.591875 0.27408637873754155 0.599375 0.2799003322259136 0.610625 0.2865448504983389 0.614375 0.3023255813953488 0.615625
1 0.6303986710963455 0.69 0.6320598006644518 0.673125 0.6287375415282392 0.66625 0.617109634551495 0.661875 0.6096345514950167 0.66375 0.6029900332225914 0.67125 0.5988372093023255 0.680625 0.6021594684385382 0.695 0.606312292358804 0.6975 0.6154485049833887 0.698125 0.6303986710963455 0.69
1 0.473421926910299 0.331875 0.4792358803986711 0.314375 0.4676079734219269 0.30125 0.4543189368770764 0.30125 0.44518272425249167 0.30625 0.44019933554817275 0.314375 0.4418604651162791 0.329375 0.4476744186046512 0.33625 0.45514950166112955 0.339375 0.4692691029900332 0.336875 0.473421926910299 0.331875
1 0.6461794019933554 0.60875 0.6561461794019934 0.605 0.6602990033222591 0.600625 0.6611295681063123 0.591875 0.6586378737541528 0.584375 0.6478405315614618 0.575 0.6411960132890365 0.5725 0.6337209302325582 0.5725 0.6229235880398671 0.578125 0.6204318936877077 0.590625 0.6262458471760798 0.60125 0.6353820598006644 0.60625 0.6461794019933554 0.60875
1 0.5930232558139535 0.729375 0.6038205980066446 0.72875 0.6112956810631229 0.72375 0.6137873754152824 0.715 0.6121262458471761 0.705 0.6079734219269103 0.7 0.5971760797342193 0.69125 0.5880398671096345 0.69 0.579734219269103 0.6925 0.574750830564784 0.6975 0.5730897009966778 0.704375 0.5764119601328903 0.72125 0.5930232558139535 0.729375
1 0.53156146179402 0.449375 0.5415282392026578 0.449375 0.5498338870431894 0.443125 0.5473421926910299 0.43125 0.5440199335548173 0.42625 0.5382059800664452 0.425625 0.5132890365448505 0.42875 0.5041528239202658 0.434375 0.5024916943521595 0.438125 0.5033222591362126 0.446875 0.5182724252491694 0.4525 0.5282392026578073 0.451875 0.53156146179402 0.449375
1 0.617109634551495 0.63625 0.6345514950166113 0.6325 0.6453488372093024 0.620625 0.6461794019933554 0.615625 0.6411960132890365 0.609375 0.632890365448505 0.605 0.6187707641196013 0.60375 0.6088039867109635 0.60625 0.6029900332225914 0.61 0.5988372093023255 0.615625 0.5980066445182725 0.623125 0.6071428571428571 0.635 0.617109634551495 0.63625
1 0.47093023255813954 0.51875 0.4792358803986711 0.516875 0.49169435215946844 0.504375 0.4925249169435216 0.4975 0.48754152823920266 0.4875 0.4850498338870432 0.485625 0.4742524916943522 0.485 0.4659468438538206 0.486875 0.4568106312292359 0.4925 0.4476744186046512 0.505625 0.4485049833887043 0.51 0.457641196013289 0.518125 0.47093023255813954 0.51875
1 0.2599667774086379 0.505 0.27325581395348836 0.5 0.2749169435215947 0.49625 0.28820598006644516 0.486875 0.2840531561461794 0.47625 0.27408637873754155 0.470625 0.260797342192691 0.470625 0.25083056478405313 0.47375 0.23255813953488372 0.486875 0.23255813953488372 0.496875 0.24003322259136212 0.505 0.2599667774086379 0.505
1 0.5 0.695 0.5016611295681063 0.689375 0.4950166112956811 0.684375 0.4742524916943522 0.684375 0.45930232558139533 0.680625 0.4526578073089701 0.685625 0.4526578073089701 0.69 0.45930232558139533 0.6975 0.4775747508305648 0.7025 0.49169435215946844 0.7 0.5 0.695
1 0.29069767441860467 0.7975 0.3089700996677741 0.786875 0.30980066445182725 0.773125 0.3081395348837209 0.77 0.3023255813953488 0.7675 0.2865448504983389 0.7675 0.26993355481727577 0.7725 0.25830564784053156 0.783125 0.2599667774086379 0.794375 0.2666112956810631 0.79875 0.27325581395348836 0.8 0.29069767441860467 0.7975
1 0.38704318936877075 0.455625 0.38372093023255816 0.45 0.3596345514950166 0.44 0.34551495016611294 0.44625 0.34053156146179403 0.4525 0.34551495016611294 0.46375 0.3546511627906977 0.470625 0.37209302325581395 0.470625 0.3862126245847176 0.4625 0.38704318936877075 0.455625
1 0.5 0.5725 0.5024916943521595 0.5675 0.5016611295681063 0.560625 0.49916943521594687 0.5575 0.489202657807309 0.554375 0.4717607973421927 0.554375 0.4584717607973422 0.565625 0.4601328903654485 0.57125 0.4700996677740864 0.5775 0.4833887043189369 0.5775 0.5 0.5725
1 0.5589700996677741 0.601875 0.5523255813953488 0.59375 0.5415282392026578 0.589375 0.5174418604651163 0.589375 0.5166112956810631 0.6025 0.5299003322259136 0.613125 0.5431893687707641 0.615625 0.5523255813953488 0.615 0.5581395348837209 0.608125 0.5589700996677741 0.601875
1 0.44019933554817275 0.425625 0.4410299003322259 0.41625 0.4269102990033223 0.401875 0.4186046511627907 0.40125 0.40365448504983387 0.413125 0.40282392026578073 0.42 0.40946843853820597 0.430625 0.41777408637873753 0.435625 0.4260797342192691 0.43625 0.43023255813953487 0.43125 0.44019933554817275 0.425625
1 0.6029900332225914 0.673125 0.6029900332225914 0.660625 0.5888704318936877 0.651875 0.574750830564784 0.65125 0.5631229235880398 0.65625 0.5622923588039868 0.66625 0.5739202657807309 0.676875 0.5830564784053156 0.679375 0.5930232558139535 0.679375 0.5980066445182725 0.678125 0.6029900332225914 0.673125
1 0.7151162790697675 0.625 0.7151162790697675 0.613125 0.7043189368770764 0.60625 0.6935215946843853 0.60625 0.6777408637873754 0.615625 0.6735880398671097 0.628125 0.6785714285714286 0.6375 0.6827242524916943 0.64 0.6935215946843853 0.640625 0.7034883720930233 0.6375 0.7151162790697675 0.625
1 0.4775747508305648 0.3875 0.47840531561461797 0.389375 0.48421926910299 0.38875 0.48588039867109634 0.3875 0.4775747508305648 0.3875
1 0.5 0.446875 0.5008305647840532 0.435 0.49667774086378735 0.42625 0.48006644518272423 0.41875 0.4717607973421927 0.41875 0.46511627906976744 0.43125 0.4659468438538206 0.439375 0.47093023255813954 0.448125 0.4775747508305648 0.451875 0.4900332225913621 0.453125 0.5 0.446875
1 0.5332225913621262 0.365625 0.5099667774086378 0.37125 0.5058139534883721 0.38 0.5066445182724253 0.384375 0.5191029900332226 0.399375 0.5398671096345515 0.399375 0.5448504983388704 0.39375 0.5448504983388704 0.376875 0.5332225913621262 0.365625
1 0.5440199335548173 0.48375 0.5299003322259136 0.485625 0.5157807308970099 0.50375 0.5149501661129569 0.5125 0.5249169435215947 0.518125 0.5473421926910299 0.5125 0.5506644518272426 0.50875 0.5523255813953488 0.49 0.5440199335548173 0.48375
1 0.39285714285714285 0.44625 0.4069767441860465 0.43875 0.40780730897009965 0.42875 0.3978405315614618 0.418125 0.3853820598006645 0.41625 0.37209302325581395 0.416875 0.3596345514950166 0.428125 0.3596345514950166 0.433125 0.3637873754152824 0.43875 0.3704318936877076 0.444375 0.3770764119601329 0.44625 0.39285714285714285 0.44625
1 0.5240863787375415 0.519375 0.5099667774086378 0.50875 0.4958471760797342 0.50625 0.48588039867109634 0.5125 0.4833887043189369 0.518125 0.48588039867109634 0.530625 0.49750830564784054 0.53875 0.5149501661129569 0.53875 0.5249169435215947 0.53125 0.5240863787375415 0.519375
1 0.3239202657807309 0.413125 0.3239202657807309 0.395 0.313953488372093 0.390625 0.2956810631229236 0.391875 0.2840531561461794 0.398125 0.2799003322259136 0.405 0.2807308970099668 0.415625 0.2915282392026578 0.423125 0.30398671096345514 0.423125 0.313953488372093 0.420625 0.3239202657807309 0.413125
1 0.49916943521594687 0.611875 0.5149501661129569 0.603125 0.5149501661129569 0.589375 0.5091362126245847 0.584375 0.5016611295681063 0.581875 0.4792358803986711 0.581875 0.4717607973421927 0.584375 0.4659468438538206 0.589375 0.46677740863787376 0.60375 0.47840531561461797 0.610625 0.48588039867109634 0.6125 0.49916943521594687 0.611875
1 0.31976744186046513 0.494375 0.31478405315614616 0.490625 0.29900332225913623 0.486875 0.28322259136212624 0.490625 0.27325581395348836 0.500625 0.27408637873754155 0.51 0.28488372093023256 0.516875 0.3073089700996678 0.515 0.31976744186046513 0.506875 0.31976744186046513 0.494375
1 0.6710963455149501 0.646875 0.675249169435216 0.639375 0.6760797342192691 0.634375 0.6710963455149501 0.623125 0.659468438538206 0.615625 0.6478405315614618 0.616875 0.643687707641196 0.62625 0.6362126245847176 0.63375 0.6370431893687708 0.640625 0.6503322259136213 0.650625 0.6627906976744186 0.651875 0.6710963455149501 0.646875
1 0.40365448504983387 0.63375 0.4152823920265781 0.64 0.42441860465116277 0.64 0.4335548172757475 0.635 0.4368770764119601 0.63125 0.4368770764119601 0.623125 0.43521594684385384 0.6175 0.4277408637873754 0.609375 0.4219269102990033 0.60625 0.40863787375415284 0.60625 0.40365448504983387 0.60875 0.3978405315614618 0.615625 0.3978405315614618 0.625625 0.40365448504983387 0.63375
1 0.5415282392026578 0.58875 0.5448504983388704 0.585625 0.5473421926910299 0.574375 0.5398671096345515 0.560625 0.5290697674418605 0.555625 0.5166112956810631 0.555 0.5099667774086378 0.565 0.5099667774086378 0.57375 0.5141196013289037 0.58125 0.5199335548172758 0.586875 0.5282392026578073 0.589375 0.5415282392026578 0.58875
1 0.553156146179402 0.47875 0.5573089700996677 0.473125 0.5589700996677741 0.459375 0.5473421926910299 0.45 0.5332225913621262 0.449375 0.521594684385382 0.455 0.5191029900332226 0.460625 0.5191029900332226 0.47375 0.521594684385382 0.478125 0.5299003322259136 0.48375 0.5465116279069767 0.4825 0.553156146179402 0.47875
1 0.3812292358803987 0.5675 0.3812292358803987 0.560625 0.3770764119601329 0.5575 0.3579734219269103 0.551875 0.3480066445182724 0.553125 0.34136212624584716 0.556875 0.3380398671096346 0.561875 0.3380398671096346 0.57125 0.35299003322259137 0.580625 0.3696013289036545 0.580625 0.3812292358803987 0.5675
1 0.3446843853820598 0.53 0.3338870431893688 0.521875 0.3222591362126246 0.521875 0.3131229235880399 0.53125 0.3131229235880399 0.54125 0.31561461794019935 0.545 0.3272425249169435 0.555625 0.33637873754152825 0.559375 0.34717607973421927 0.550625 0.3446843853820598 0.53
1 0.5182724252491694 0.326875 0.520764119601329 0.324375 0.5199335548172758 0.32 0.5124584717607974 0.31125 0.4941860465116279 0.31125 0.4808970099667774 0.318125 0.47591362126245845 0.325 0.4742524916943522 0.3325 0.4775747508305648 0.336875 0.49916943521594687 0.340625 0.5182724252491694 0.326875
1 0.5174418604651163 0.475625 0.5174418604651163 0.454375 0.510797342192691 0.45 0.5 0.448125 0.4925249169435216 0.453125 0.4883720930232558 0.46 0.4883720930232558 0.473125 0.4908637873754153 0.4775 0.5024916943521595 0.483125 0.5132890365448505 0.480625 0.5174418604651163 0.475625
1 0.4750830564784053 0.60875 0.4659468438538206 0.601875 0.45099667774086377 0.610625 0.45099667774086377 0.621875 0.4659468438538206 0.6325 0.48588039867109634 0.6325 0.4950166112956811 0.625 0.4950166112956811 0.61625 0.4750830564784053 0.60875
1 0.4883720930232558 0.42125 0.49916943521594687 0.41625 0.5041528239202658 0.40625 0.5049833887043189 0.3975 0.5 0.3875 0.4900332225913621 0.38375 0.47840531561461797 0.385 0.47093023255813954 0.39 0.4676079734219269 0.396875 0.46511627906976744 0.408125 0.46677740863787376 0.41625 0.47093023255813954 0.420625 0.4883720930232558 0.42125
1 0.6096345514950167 0.57375 0.6004983388704319 0.563125 0.5880398671096345 0.5625 0.5722591362126246 0.573125 0.5705980066445183 0.58625 0.5722591362126246 0.590625 0.579734219269103 0.59625 0.5988372093023255 0.59625 0.6079734219269103 0.58625 0.6096345514950167 0.57375
1 0.7059800664451827 0.581875 0.7209302325581395 0.5725 0.729235880398671 0.560625 0.729235880398671 0.550625 0.723421926910299 0.545 0.7068106312292359 0.54625 0.696843853820598 0.55 0.6827242524916943 0.560625 0.6802325581395349 0.568125 0.6818936877076412 0.575 0.686046511627907 0.579375 0.6951827242524917 0.583125 0.7059800664451827 0.581875
1 0.6602990033222591 0.35875 0.6486710963455149 0.34875 0.6345514950166113 0.345625 0.622093023255814 0.35125 0.622093023255814 0.36375 0.6387043189368771 0.38 0.6511627906976745 0.380625 0.6561461794019934 0.379375 0.6611295681063123 0.375 0.6602990033222591 0.35875
1 0.43853820598006643 0.5025 0.45099667774086377 0.4925 0.45182724252491696 0.480625 0.44518272425249167 0.470625 0.43853820598006643 0.4675 0.43106312292358806 0.466875 0.4186046511627907 0.47375 0.41445182724252494 0.480625 0.41445182724252494 0.48875 0.41777408637873753 0.495625 0.4269102990033223 0.5025 0.43853820598006643 0.5025
1 0.457641196013289 0.35875 0.4543189368770764 0.350625 0.44019933554817275 0.3425 0.4277408637873754 0.3425 0.4227574750830565 0.344375 0.4186046511627907 0.358125 0.42857142857142855 0.374375 0.45099667774086377 0.37375 0.4568106312292359 0.370625 0.457641196013289 0.35875
1 0.32641196013289037 0.60125 0.34136212624584716 0.60375 0.3521594684385382 0.596875 0.35299003322259137 0.589375 0.3496677740863787 0.581875 0.33554817275747506 0.570625 0.32475083056478404 0.5675 0.3164451827242525 0.5675 0.3106312292358804 0.570625 0.3081395348837209 0.5775 0.30980066445182725 0.58625 0.31478405315614616 0.593125 0.32641196013289037 0.60125
1 0.5822259136212624 0.35875 0.5705980066445183 0.34875 0.5589700996677741 0.3475 0.5456810631229236 0.349375 0.5348837209302325 0.363125 0.5440199335548173 0.375 0.5506644518272426 0.37875 0.5689368770764119 0.379375 0.5822259136212624 0.370625 0.5822259136212624 0.35875
1 0.34219269102990035 0.495 0.3546511627906977 0.5 0.36710963455149503 0.500625 0.37375415282392027 0.498125 0.37624584717607973 0.49125 0.38289036544850497 0.485 0.38289036544850497 0.48 0.37790697674418605 0.47375 0.36794019933554817 0.470625 0.35132890365448505 0.470625 0.3430232558139535 0.474375 0.3388704318936877 0.483125 0.3388704318936877 0.49 0.34219269102990035 0.495
1 0.38205980066445183 0.5575 0.38704318936877075 0.554375 0.3911960132890365 0.548125 0.3853820598006645 0.5425 0.37624584717607973 0.54125 0.3588039867109635 0.529375 0.35299003322259137 0.529375 0.3488372093023256 0.531875 0.3488372093023256 0.54125 0.3588039867109635 0.5525 0.37375415282392027 0.5575 0.38205980066445183 0.5575
1 0.3995016611295681 0.47875 0.4053156146179402 0.480625 0.4119601328903654 0.480625 0.41445182724252494 0.47875 0.4269102990033223 0.4675 0.4269102990033223 0.44875 0.42441860465116277 0.44 0.4186046511627907 0.43625 0.4119601328903654 0.435625 0.39368770764119604 0.449375 0.38953488372093026 0.455 0.38953488372093026 0.465 0.39285714285714285 0.4725 0.3995016611295681 0.47875
1 0.26411960132890366 0.555625 0.2666112956810631 0.55125 0.2666112956810631 0.53875 0.2632890365448505 0.53375 0.25083056478405313 0.526875 0.22591362126245848 0.526875 0.21760797342192692 0.534375 0.21843853820598005 0.548125 0.22591362126245848 0.555 0.23421926910299004 0.558125 0.24750830564784054 0.56 0.26411960132890366 0.555625
1 0.38787375415282394 0.308125 0.3787375415282392 0.29375 0.36710963455149503 0.288125 0.35299003322259137 0.28875 0.3480066445182724 0.298125 0.3538205980066445 0.310625 0.37375415282392027 0.3225 0.38372093023255816 0.3225 0.38787375415282394 0.318125 0.38787375415282394 0.308125
1 0.5946843853820598 0.49875 0.5855481727574751 0.48875 0.563953488372093 0.48625 0.5548172757475083 0.49125 0.553156146179402 0.50625 0.5614617940199336 0.516875 0.5755813953488372 0.518125 0.5888704318936877 0.515 0.5938538205980066 0.51 0.5946843853820598 0.49875
1 0.4318936877076412 0.58875 0.4435215946843854 0.5775 0.44435215946843853 0.565 0.43853820598006643 0.560625 0.4335548172757475 0.56 0.4269102990033223 0.555625 0.4219269102990033 0.555625 0.4111295681063123 0.563125 0.40780730897009965 0.5775 0.4127906976744186 0.58625 0.420265780730897 0.589375 0.4318936877076412 0.58875
1 0.47093023255813954 0.54375 0.4684385382059801 0.54 0.45514950166112955 0.5325 0.4377076411960133 0.53375 0.4277408637873754 0.539375 0.4277408637873754 0.555 0.4426910299003322 0.5625 0.4601328903654485 0.5625 0.4700996677740864 0.5525 0.47093023255813954 0.54375
1 0.5606312292358804 0.729375 0.5697674418604651 0.72375 0.5730897009966778 0.718125 0.5730897009966778 0.711875 0.5681063122923588 0.7 0.5589700996677741 0.695625 0.5465116279069767 0.69625 0.5365448504983389 0.705625 0.5340531561461794 0.71125 0.5365448504983389 0.72375 0.5498338870431894 0.73125 0.5606312292358804 0.729375
1 0.46511627906976744 0.3925 0.4543189368770764 0.3775 0.44601328903654486 0.37375 0.43023255813953487 0.375 0.42358803986710963 0.385625 0.42857142857142855 0.405 0.44601328903654486 0.415 0.4584717607973422 0.413125 0.46511627906976744 0.405625 0.46511627906976744 0.3925
1 0.7749169435215947 0.694375 0.7740863787375415 0.680625 0.7641196013289037 0.67125 0.7524916943521595 0.669375 0.7383720930232558 0.675625 0.7350498338870431 0.683125 0.7358803986710963 0.69375 0.7400332225913622 0.7 0.7483388704318937 0.705625 0.7624584717607974 0.705625 0.7749169435215947 0.694375
1 0.40282392026578073 0.516875 0.4111295681063123 0.513125 0.420265780730897 0.505 0.420265780730897 0.5 0.41362126245847175 0.49125 0.40946843853820597 0.486875 0.4019933554817276 0.48375 0.38372093023255816 0.48375 0.3745847176079734 0.495625 0.37375415282392027 0.49875 0.3787375415282392 0.506875 0.3920265780730897 0.516875 0.40282392026578073 0.516875
1 0.38870431893687707 0.683125 0.4011627906976744 0.685625 0.4111295681063123 0.685 0.42441860465116277 0.676875 0.42441860465116277 0.66875 0.420265780730897 0.6625 0.40780730897009965 0.654375 0.3945182724252492 0.649375 0.3787375415282392 0.649375 0.3704318936877076 0.653125 0.36627906976744184 0.6575 0.3654485049833887 0.665 0.3704318936877076 0.674375 0.38870431893687707 0.683125
1 0.39285714285714285 0.415 0.4061461794019934 0.410625 0.420265780730897 0.396875 0.420265780730897 0.3875 0.4152823920265781 0.380625 0.41029900332225916 0.376875 0.39700996677740863 0.376875 0.3845514950166113 0.3825 0.3803986710963455 0.389375 0.3712624584717608 0.396875 0.3696013289036545 0.408125 0.37790697674418605 0.415625 0.39285714285714285 0.415
1 0.3272425249169435 0.48875 0.3380398671096346 0.48375 0.3388704318936877 0.474375 0.33637873754152825 0.46875 0.3222591362126246 0.459375 0.2973421926910299 0.46 0.2865448504983389 0.46875 0.2865448504983389 0.475625 0.2956810631229236 0.48375 0.3064784053156146 0.488125 0.31478405315614616 0.49 0.3272425249169435 0.48875
1 0.6420265780730897 0.4 0.6428571428571429 0.388125 0.6362126245847176 0.3775 0.627906976744186 0.37125 0.6137873754152824 0.371875 0.6079734219269103 0.376875 0.6046511627906976 0.3875 0.6096345514950167 0.401875 0.6162790697674418 0.40625 0.6295681063122923 0.406875 0.6420265780730897 0.4
1 0.44435215946843853 0.611875 0.4568106312292359 0.60625 0.462624584717608 0.60125 0.462624584717608 0.591875 0.46096345514950166 0.586875 0.45514950166112955 0.581875 0.4426910299003322 0.579375 0.4335548172757475 0.588125 0.41777408637873753 0.591875 0.4186046511627907 0.601875 0.43106312292358806 0.610625 0.44435215946843853 0.611875
1 0.40863787375415284 0.339375 0.42358803986710963 0.3425 0.436046511627907 0.33875 0.44019933554817275 0.33375 0.4410299003322259 0.328125 0.4377076411960133 0.3175 0.4260797342192691 0.3075 0.4119601328903654 0.3025 0.39867109634551495 0.303125 0.3953488372093023 0.305625 0.3911960132890365 0.31125 0.39285714285714285 0.3225 0.3978405315614618 0.331875 0.40863787375415284 0.339375
1 0.27325581395348836 0.6225 0.27906976744186046 0.616875 0.2799003322259136 0.61125 0.27408637873754155 0.601875 0.25664451827242524 0.591875 0.23754152823920266 0.591875 0.23089700996677742 0.596875 0.2292358803986711 0.61 0.23920265780730898 0.620625 0.25249169435215946 0.625 0.26578073089701 0.625 0.27325581395348836 0.6225
1 0.584717607973422 0.483125 0.5913621262458472 0.475 0.5921926910299004 0.470625 0.5880398671096345 0.464375 0.5855481727574751 0.4625 0.5755813953488372 0.4625 0.5589700996677741 0.4675 0.5573089700996677 0.478125 0.5606312292358804 0.48375 0.5647840531561462 0.485625 0.579734219269103 0.485625 0.584717607973422 0.483125
1 0.5614617940199336 0.550625 0.5631229235880398 0.54125 0.5598006644518272 0.53625 0.5548172757475083 0.53375 0.53156146179402 0.5325 0.5199335548172758 0.536875 0.5149501661129569 0.54125 0.5149501661129569 0.549375 0.520764119601329 0.554375 0.553156146179402 0.555 0.5614617940199336 0.550625
1 0.4601328903654485 0.776875 0.4676079734219269 0.7725 0.4700996677740864 0.768125 0.4692691029900332 0.755625 0.45598006644518274 0.748125 0.4435215946843854 0.748125 0.43272425249169433 0.751875 0.4269102990033223 0.755625 0.42441860465116277 0.761875 0.4269102990033223 0.77375 0.4426910299003322 0.78 0.45348837209302323 0.779375 0.4601328903654485 0.776875
1 0.5299003322259136 0.365625 0.5431893687707641 0.351875 0.5456810631229236 0.3475 0.5448504983388704 0.3325 0.5332225913621262 0.324375 0.521594684385382 0.325 0.5157807308970099 0.328125 0.5008305647840532 0.34375 0.5 0.350625 0.5033222591362126 0.360625 0.5157807308970099 0.36875 0.5299003322259136 0.365625
1 0.2782392026578073 0.453125 0.2632890365448505 0.443125 0.23837209302325582 0.4425 0.23172757475083056 0.448125 0.23172757475083056 0.459375 0.23837209302325582 0.4675 0.24750830564784054 0.4725 0.2749169435215947 0.469375 0.27906976744186046 0.46625 0.2782392026578073 0.453125
1 0.5448504983388704 0.680625 0.5548172757475083 0.67625 0.5589700996677741 0.670625 0.5606312292358804 0.65875 0.5539867109634552 0.644375 0.5465116279069767 0.64 0.5340531561461794 0.640625 0.5290697674418605 0.644375 0.521594684385382 0.656875 0.521594684385382 0.66625 0.526578073089701 0.675625 0.532392026578073 0.68 0.5448504983388704 0.680625
1 0.29069767441860467 0.575 0.3064784053156146 0.575 0.31893687707641194 0.5625 0.3181063122923588 0.548125 0.3089700996677741 0.53625 0.3023255813953488 0.53375 0.28820598006644516 0.53375 0.2823920265780731 0.536875 0.276578073089701 0.550625 0.276578073089701 0.559375 0.2799003322259136 0.56875 0.2840531561461794 0.5725 0.29069767441860467 0.575
1 0.3538205980066445 0.4225 0.36794019933554817 0.413125 0.3704318936877076 0.39 0.36710963455149503 0.3825 0.36295681063122925 0.379375 0.35714285714285715 0.379375 0.33554817275747506 0.386875 0.32558139534883723 0.40125 0.3272425249169435 0.41 0.33056478405315615 0.41375 0.33970099667774084 0.42 0.3538205980066445 0.4225
1 0.5024916943521595 0.7775 0.5099667774086378 0.77375 0.5141196013289037 0.768125 0.5132890365448505 0.755625 0.5016611295681063 0.745625 0.4950166112956811 0.743125 0.48754152823920266 0.743125 0.4775747508305648 0.749375 0.4742524916943522 0.755 0.473421926910299 0.764375 0.47591362126245845 0.77 0.4867109634551495 0.7775 0.5024916943521595 0.7775
0 0.3920265780730897 0.17625 0.34551495016611294 0.1775 0.31893687707641194 0.19875 0.3106312292358804 0.2175 0.33222591362126247 0.24125 0.3803986710963455 0.26 0.41029900332225916 0.2425 0.420265780730897 0.22125 0.42358803986710963 0.2075 0.3920265780730897 0.17625