1 0.5203252032520326 0.349375 0.5067750677506775 0.349375 0.5013550135501355 0.353125 0.5040650406504065 0.363125 0.5149051490514905 0.36875 0.5311653116531165 0.36875 0.5392953929539296 0.36375 0.5365853658536586 0.354375 0.5203252032520326 0.349375
1 0.5880758807588076 0.2975 0.5772357723577236 0.29625 0.5691056910569106 0.29875 0.5636856368563685 0.30375 0.5663956639566395 0.313125 0.5718157181571816 0.315 0.5840108401084011 0.315 0.5962059620596206 0.31125 0.5989159891598916 0.30375 0.5880758807588076 0.2975
1 0.3075880758807588 0.34375 0.3021680216802168 0.3475 0.3021680216802168 0.358125 0.3075880758807588 0.36375 0.3238482384823848 0.36625 0.3346883468834688 0.360625 0.3319783197831978 0.34875 0.3224932249322493 0.34375 0.3075880758807588 0.34375
1 0.24525745257452575 0.5125 0.23983739837398374 0.515 0.23983739837398374 0.526875 0.25609756097560976 0.529375 0.26422764227642276 0.52625 0.2669376693766938 0.515625 0.26151761517615174 0.5125 0.24525745257452575 0.5125
1 0.6666666666666666 0.515625 0.6531165311653117 0.515 0.6449864498644986 0.516875 0.6449864498644986 0.529375 0.6558265582655827 0.5325 0.6761517615176151 0.53125 0.6802168021680217 0.526875 0.6775067750677507 0.520625 0.6666666666666666 0.515625
1 0.483739837398374 0.2125 0.46476964769647694 0.211875 0.45663956639566394 0.215 0.45934959349593496 0.2225 0.47289972899729 0.228125 0.4823848238482385 0.22875 0.497289972899729 0.224375 0.497289972899729 0.21875 0.483739837398374 0.2125
1 0.8021680216802168 0.4375 0.7913279132791328 0.443125 0.7886178861788617 0.453125 0.7926829268292683 0.456875 0.8157181571815718 0.4575 0.8197831978319783 0.455625 0.8292682926829268 0.4475 0.8224932249322493 0.439375 0.8021680216802168 0.4375
1 0.6260162601626016 0.553125 0.6016260162601627 0.553125 0.5880758807588076 0.558125 0.5894308943089431 0.566875 0.5989159891598916 0.57 0.6260162601626016 0.5675 0.6341463414634146 0.565 0.6368563685636857 0.558125 0.6260162601626016 0.553125
1 0.12330623306233063 0.520625 0.10975609756097561 0.52375 0.1070460704607046 0.534375 0.11246612466124661 0.53875 0.13414634146341464 0.5375 0.14498644986449866 0.53375 0.14769647696476965 0.525625 0.14227642276422764 0.521875 0.12330623306233063 0.520625
1 0.5609756097560976 0.584375 0.5365853658536586 0.581875 0.5311653116531165 0.589375 0.5338753387533876 0.59375 0.5528455284552846 0.6 0.5609756097560976 0.6 0.5691056910569106 0.59625 0.5691056910569106 0.58875 0.5609756097560976 0.584375
1 0.5663956639566395 0.58875 0.5609756097560976 0.589375 0.5636856368563685 0.59625 0.5691056910569106 0.59625 0.5650406504065041 0.595 0.5691056910569106 0.591875 0.5636856368563685 0.59125 0.5663956639566395 0.58875
1 0.5284552845528455 0.60375 0.5230352303523035 0.60625 0.5230352303523035 0.614375 0.5311653116531165 0.618125 0.556910569105691 0.618125 0.5636856368563685 0.613125 0.5609756097560976 0.6075 0.5420054200542005 0.6025 0.5284552845528455 0.60375
1 0.1856368563685637 0.524375 0.16395663956639567 0.52375 0.15853658536585366 0.52625 0.16124661246612465 0.536875 0.16937669376693767 0.54 0.1910569105691057 0.54 0.1991869918699187 0.536875 0.19647696476964768 0.529375 0.1856368563685637 0.524375
1 0.9037940379403794 0.625625 0.8888888888888888 0.62625 0.8807588075880759 0.63375 0.8834688346883469 0.63875 0.8915989159891599 0.644375 0.9119241192411924 0.64375 0.9186991869918699 0.640625 0.9159891598915989 0.63 0.9037940379403794 0.625625
1 0.3604336043360434 0.650625 0.34010840108401086 0.651875 0.3319783197831978 0.655625 0.3346883468834688 0.661875 0.34823848238482386 0.66625 0.36585365853658536 0.664375 0.3699186991869919 0.6625 0.3699186991869919 0.654375 0.3604336043360434 0.650625
1 0.9186991869918699 0.591875 0.9024390243902439 0.591875 0.8970189701897019 0.594375 0.8888888888888888 0.6025 0.8915989159891599 0.60625 0.8943089430894309 0.60875 0.9105691056910569 0.60875 0.926829268292683 0.60375 0.926829268292683 0.5975 0.9186991869918699 0.591875
1 0.5880758807588076 0.428125 0.5772357723577236 0.435625 0.5799457994579946 0.44125 0.6097560975609756 0.44125 0.6205962059620597 0.435625 0.6205962059620597 0.42875 0.6124661246612466 0.42625 0.5880758807588076 0.428125
1 0.3157181571815718 0.29 0.31029810298102983 0.2975 0.32113821138211385 0.3025 0.34959349593495936 0.303125 0.35636856368563685 0.299375 0.35636856368563685 0.29375 0.33875338753387535 0.288125 0.3157181571815718 0.29
1 0.5691056910569106 0.3175 0.5663956639566395 0.326875 0.5718157181571816 0.329375 0.5853658536585366 0.3325 0.6056910569105691 0.33 0.6097560975609756 0.325 0.6016260162601627 0.3175 0.5691056910569106 0.3175
1 0.3997289972899729 0.330625 0.3861788617886179 0.335 0.3861788617886179 0.3425 0.3902439024390244 0.345 0.4024390243902439 0.3475 0.42140921409214094 0.346875 0.4268292682926829 0.34375 0.4241192411924119 0.335625 0.3997289972899729 0.330625
1 0.4132791327913279 0.581875 0.4078590785907859 0.585625 0.4078590785907859 0.59375 0.4146341463414634 0.598125 0.4268292682926829 0.6025 0.44579945799457993 0.599375 0.44308943089430897 0.589375 0.4268292682926829 0.581875 0.4132791327913279 0.581875
1 0.453929539295393 0.179375 0.4349593495934959 0.18125 0.4268292682926829 0.185625 0.42953929539295393 0.19125 0.44037940379403795 0.194375 0.45663956639566394 0.194375 0.46747967479674796 0.1875 0.46747967479674796 0.183125 0.453929539295393 0.179375
1 0.6341463414634146 0.5675 0.6178861788617886 0.5675 0.6043360433604336 0.57 0.6043360433604336 0.581875 0.6151761517615176 0.58375 0.6341463414634146 0.583125 0.6449864498644986 0.579375 0.6436314363143631 0.57125 0.6341463414634146 0.5675
1 0.16395663956639567 0.46 0.13956639566395665 0.459375 0.13143631436314362 0.464375 0.13414634146341464 0.471875 0.14227642276422764 0.474375 0.15718157181571815 0.474375 0.16937669376693767 0.47125 0.17479674796747968 0.465625 0.16395663956639567 0.46
1 0.2981029810298103 0.324375 0.28319783197831977 0.323125 0.27235772357723576 0.331875 0.2750677506775068 0.336875 0.2886178861788618 0.34375 0.2994579945799458 0.34375 0.3075880758807588 0.34 0.3075880758807588 0.329375 0.2981029810298103 0.324375
1 0.37669376693766937 0.6325 0.3617886178861789 0.6325 0.3509485094850949 0.63625 0.3523035230352303 0.645625 0.36449864498644985 0.649375 0.3780487804878049 0.64875 0.3888888888888889 0.64625 0.3915989159891599 0.638125 0.37669376693766937 0.6325
1 0.3997289972899729 0.303125 0.3875338753387534 0.300625 0.36720867208672087 0.300625 0.35636856368563685 0.304375 0.35907859078590787 0.31125 0.36720867208672087 0.314375 0.3915989159891599 0.314375 0.4024390243902439 0.309375 0.4024390243902439 0.305625 0.3997289972899729 0.303125
1 0.2777777777777778 0.5125 0.2669376693766938 0.515625 0.26422764227642276 0.526875 0.27235772357723576 0.528125 0.2859078590785908 0.529375 0.2994579945799458 0.524375 0.3021680216802168 0.519375 0.2940379403794038 0.513125 0.2777777777777778 0.5125
1 0.3048780487804878 0.36875 0.29132791327913277 0.36875 0.2804878048780488 0.37375 0.28319783197831977 0.385 0.2940379403794038 0.389375 0.3062330623306233 0.389375 0.3157181571815718 0.385625 0.31842818428184283 0.376875 0.3048780487804878 0.36875
1 0.5962059620596206 0.361875 0.5772357723577236 0.36125 0.5636856368563685 0.371875 0.5663956639566395 0.376875 0.5772357723577236 0.38 0.592140921409214 0.379375 0.6016260162601627 0.375 0.6043360433604336 0.36625 0.5962059620596206 0.361875
1 0.5067750677506775 0.37375 0.5067750677506775 0.38 0.5176151761517616 0.385 0.5392953929539296 0.385 0.5474254742547425 0.376875 0.5420054200542005 0.371875 0.5230352303523035 0.36875 0.5067750677506775 0.37375
1 0.6395663956639567 0.54375 0.6341463414634146 0.54625 0.6341463414634146 0.553125 0.6395663956639567 0.555625 0.6585365853658537 0.556875 0.6720867208672087 0.555 0.6747967479674797 0.5475 0.6653116531165312 0.54375 0.6395663956639567 0.54375
1 0.7425474254742548 0.41625 0.7317073170731707 0.42125 0.7330623306233063 0.426875 0.7452574525745257 0.429375 0.7777777777777778 0.428125 0.7859078590785907 0.42125 0.7750677506775068 0.415625 0.7425474254742548 0.41625
1 0.6205962059620597 0.53625 0.5962059620596206 0.536875 0.5907859078590786 0.54 0.5907859078590786 0.54625 0.5989159891598916 0.55 0.6151761517615176 0.551875 0.6260162601626016 0.55 0.6341463414634146 0.54375 0.6314363143631436 0.54 0.6205962059620597 0.53625
1 0.481029810298103 0.599375 0.46747967479674796 0.6025 0.46747967479674796 0.61 0.47289972899729 0.6125 0.4986449864498645 0.6175 0.516260162601626 0.614375 0.5176151761517616 0.6075 0.5013550135501355 0.599375 0.481029810298103 0.599375
1 0.5745257452574526 0.4675 0.5663956639566395 0.47125 0.5663956639566395 0.485 0.5826558265582655 0.488125 0.5962059620596206 0.485 0.5989159891598916 0.47625 0.5880758807588076 0.46875 0.5745257452574526 0.4675
1 0.31842818428184283 0.63 0.3048780487804878 0.62875 0.2886178861788618 0.635 0.2886178861788618 0.648125 0.2994579945799458 0.65125 0.3157181571815718 0.649375 0.3238482384823848 0.641875 0.3238482384823848 0.63375 0.31842818428184283 0.63
1 0.7046070460704607 0.439375 0.6991869918699187 0.446875 0.7032520325203252 0.45125 0.7344173441734417 0.45125 0.7425474254742548 0.446875 0.7398373983739838 0.4425 0.7235772357723578 0.4375 0.7046070460704607 0.439375
1 0.5176151761517616 0.558125 0.5121951219512195 0.561875 0.5121951219512195 0.5675 0.518970189701897 0.571875 0.5392953929539296 0.57375 0.5501355013550135 0.57 0.5474254742547425 0.561875 0.5392953929539296 0.558125 0.5176151761517616 0.558125
1 0.35636856368563685 0.396875 0.34552845528455284 0.396875 0.33739837398373984 0.4 0.33739837398373984 0.413125 0.34823848238482386 0.418125 0.3617886178861789 0.418125 0.36720867208672087 0.415625 0.3699186991869919 0.405 0.35636856368563685 0.396875
1 0.6422764227642277 0.28875 0.6341463414634146 0.290625 0.6260162601626016 0.29375 0.6287262872628726 0.30125 0.6449864498644986 0.305625 0.6585365853658537 0.305625 0.6666666666666666 0.29875 0.6612466124661247 0.29125 0.6422764227642277 0.28875
1 0.462059620596206 0.334375 0.44850948509485095 0.3325 0.43224932249322495 0.339375 0.4349593495934959 0.34375 0.44850948509485095 0.3475 0.45934959349593496 0.34625 0.46747967479674796 0.3425 0.46747967479674796 0.3375 0.462059620596206 0.334375
1 0.4132791327913279 0.34875 0.3888888888888889 0.34625 0.3780487804878049 0.353125 0.3807588075880759 0.358125 0.3943089430894309 0.36375 0.4105691056910569 0.365625 0.42140921409214094 0.36375 0.4241192411924119 0.355625 0.4132791327913279 0.34875
1 0.8401084010840109 0.370625 0.8184281842818428 0.36875 0.8048780487804879 0.375625 0.8075880758807588 0.381875 0.8265582655826558 0.386875 0.8373983739837398 0.386875 0.8509485094850948 0.381875 0.8509485094850948 0.376875 0.8401084010840109 0.370625
1 0.3157181571815718 0.264375 0.3075880758807588 0.2675 0.3075880758807588 0.28 0.3265582655826558 0.283125 0.3346883468834688 0.28 0.33739837398373984 0.268125 0.3319783197831978 0.264375 0.3157181571815718 0.264375
1 0.5691056910569106 0.3425 0.5609756097560976 0.349375 0.5636856368563685 0.354375 0.5799457994579946 0.360625 0.6043360433604336 0.360625 0.6097560975609756 0.348125 0.5989159891598916 0.3425 0.5691056910569106 0.3425
1 0.7615176151761518 0.47125 0.7479674796747967 0.47625 0.7506775067750677 0.485625 0.7791327913279132 0.485625 0.7886178861788617 0.480625 0.7913279132791328 0.475625 0.7791327913279132 0.470625 0.7615176151761518 0.47125
1 0.3861788617886179 0.376875 0.37533875338753386 0.37375 0.35636856368563685 0.37375 0.3509485094850949 0.376875 0.35365853658536583 0.386875 0.36449864498644985 0.391875 0.38346883468834686 0.3925 0.3915989159891599 0.389375 0.3915989159891599 0.381875 0.3861788617886179 0.376875
1 0.2804878048780488 0.589375 0.2669376693766938 0.58875 0.2588075880758808 0.591875 0.2588075880758808 0.60125 0.2669376693766938 0.60625 0.2859078590785908 0.60625 0.2940379403794038 0.60375 0.2940379403794038 0.59625 0.2804878048780488 0.589375
1 0.5040650406504065 0.536875 0.483739837398374 0.535 0.47831978319783197 0.5375 0.47831978319783197 0.550625 0.494579945799458 0.555 0.5067750677506775 0.553125 0.5121951219512195 0.55 0.5121951219512195 0.5425 0.5040650406504065 0.536875
1 0.17750677506775067 0.41875 0.16124661246612465 0.425625 0.16531165311653118 0.4325 0.1951219512195122 0.433125 0.2018970189701897 0.428125 0.2018970189701897 0.423125 0.1910569105691057 0.41875 0.17750677506775067 0.41875
1 0.26422764227642276 0.60625 0.24254742547425473 0.6075 0.22899728997289973 0.613125 0.22899728997289973 0.620625 0.23441734417344173 0.623125 0.2506775067750677 0.624375 0.2669376693766938 0.621875 0.27235772357723576 0.618125 0.27235772357723576 0.60875 0.26422764227642276 0.60625
1 0.3780487804878049 0.3175 0.37262872628726285 0.32125 0.37533875338753386 0.3325 0.3915989159891599 0.334375 0.4065040650406504 0.32875 0.4105691056910569 0.321875 0.4051490514905149 0.318125 0.3780487804878049 0.3175
1 0.12466124661246612 0.56125 0.11788617886178862 0.56625 0.12059620596205962 0.575 0.13685636856368563 0.57625 0.15040650406504066 0.5725 0.15311653116531165 0.5625 0.14769647696476965 0.56 0.12466124661246612 0.56125
1 0.7642276422764228 0.500625 0.7588075880758808 0.50875 0.7642276422764228 0.513125 0.7804878048780488 0.515 0.7886178861788617 0.5125 0.7913279132791328 0.50875 0.7831978319783198 0.500625 0.7642276422764228 0.500625
1 0.2127371273712737 0.51125 0.1951219512195122 0.515 0.1937669376693767 0.524375 0.1991869918699187 0.526875 0.21951219512195122 0.52875 0.23170731707317074 0.526875 0.23712737127371275 0.520625 0.23441734417344173 0.51375 0.2127371273712737 0.51125
1 0.27235772357723576 0.36875 0.24254742547425473 0.36875 0.23441734417344173 0.373125 0.23441734417344173 0.37875 0.23848238482384823 0.38125 0.26422764227642276 0.384375 0.2750677506775068 0.3825 0.2804878048780488 0.379375 0.2804878048780488 0.370625 0.27235772357723576 0.36875
1 0.497289972899729 0.66125 0.489159891598916 0.66625 0.491869918699187 0.6775 0.510840108401084 0.678125 0.5230352303523035 0.673125 0.5230352303523035 0.665 0.5121951219512195 0.66 0.497289972899729 0.66125
1 0.6233062330623306 0.2975 0.6124661246612466 0.2975 0.6016260162601627 0.30125 0.6016260162601627 0.315 0.6043360433604336 0.3175 0.6219512195121951 0.3175 0.6341463414634146 0.31125 0.6341463414634146 0.30375 0.6233062330623306 0.2975
1 0.5962059620596206 0.591875 0.5772357723577236 0.591875 0.5691056910569106 0.59625 0.5691056910569106 0.61 0.5745257452574526 0.611875 0.5894308943089431 0.610625 0.5989159891598916 0.60625 0.6016260162601627 0.59875 0.5962059620596206 0.591875
1 0.3943089430894309 0.49375 0.3861788617886179 0.49625 0.3861788617886179 0.50875 0.4078590785907859 0.5075 0.4186991869918699 0.5025 0.42140921409214094 0.498125 0.4159891598915989 0.49375 0.3943089430894309 0.49375
1 0.5663956639566395 0.575625 0.5663956639566395 0.58375 0.5718157181571816 0.58625 0.5880758807588076 0.58625 0.5989159891598916 0.58125 0.5975609756097561 0.57 0.5826558265582655 0.568125 0.5663956639566395 0.575625
1 0.6422764227642277 0.675 0.6246612466124661 0.67625 0.6205962059620597 0.679375 0.6233062330623306 0.685625 0.6314363143631436 0.69 0.6422764227642277 0.69125 0.6585365853658537 0.68875 0.6558265582655827 0.680625 0.6422764227642277 0.675
1 0.6802168021680217 0.470625 0.6747967479674797 0.47375 0.6775067750677507 0.48125 0.6883468834688347 0.485625 0.7046070460704607 0.485 0.7046070460704607 0.47375 0.6991869918699187 0.469375 0.6802168021680217 0.470625
1 0.6910569105691057 0.451875 0.6829268292682927 0.454375 0.6829268292682927 0.461875 0.6924119241192412 0.466875 0.7127371273712737 0.46875 0.7235772357723578 0.464375 0.7208672086720868 0.455625 0.7154471544715447 0.453125 0.6910569105691057 0.451875
1 0.4051490514905149 0.24875 0.3861788617886179 0.24375 0.37533875338753386 0.24375 0.36720867208672087 0.246875 0.3699186991869919 0.255625 0.37533875338753386 0.259375 0.3915989159891599 0.26375 0.4024390243902439 0.26375 0.4105691056910569 0.26 0.4051490514905149 0.24875
1 0.7615176151761518 0.395 0.7615176151761518 0.40125 0.7696476964769647 0.405 0.7967479674796748 0.40625 0.8021680216802168 0.401875 0.7981029810298103 0.393125 0.7669376693766937 0.391875 0.7615176151761518 0.395
1 0.1856368563685637 0.595 0.17750677506775067 0.6 0.1802168021680217 0.606875 0.2073170731707317 0.60625 0.21544715447154472 0.60375 0.21544715447154472 0.593125 0.1937669376693767 0.591875 0.1856368563685637 0.595
1 0.6016260162601627 0.613125 0.6043360433604336 0.621875 0.6368563685636857 0.621875 0.6422764227642277 0.618125 0.6395663956639567 0.610625 0.6124661246612466 0.60875 0.6016260162601627 0.613125
1 0.4241192411924119 0.5025 0.4186991869918699 0.5025 0.4010840108401084 0.50875 0.4024390243902439 0.515 0.4132791327913279 0.51875 0.4241192411924119 0.518125 0.42953929539295393 0.51375 0.42953929539295393 0.505625 0.4241192411924119 0.5025
1 0.47831978319783197 0.581875 0.45663956639566394 0.581875 0.45121951219512196 0.588125 0.453929539295393 0.594375 0.46476964769647694 0.599375 0.481029810298103 0.599375 0.48644986449864497 0.596875 0.48644986449864497 0.58625 0.47831978319783197 0.581875
1 0.5257452574525745 0.613125 0.5203252032520326 0.613125 0.508130081300813 0.6175 0.5013550135501355 0.6175 0.497289972899729 0.619375 0.4986449864498645 0.62625 0.5094850948509485 0.62875 0.5271002710027101 0.628125 0.5338753387533876 0.624375 0.5338753387533876 0.6175 0.5257452574525745 0.613125
1 0.508130081300813 0.229375 0.497289972899729 0.22625 0.481029810298103 0.22875 0.483739837398374 0.243125 0.489159891598916 0.245625 0.505420054200542 0.246875 0.5176151761517616 0.243125 0.5176151761517616 0.235625 0.508130081300813 0.229375
1 0.28319783197831977 0.4475 0.26151761517615174 0.4475 0.2506775067750677 0.453125 0.25338753387533874 0.4575 0.26422764227642276 0.460625 0.2872628726287263 0.46 0.2967479674796748 0.455 0.2967479674796748 0.45125 0.28319783197831977 0.4475
1 0.19647696476964768 0.394375 0.17750677506775067 0.393125 0.16395663956639567 0.398125 0.16395663956639567 0.41 0.16937669376693767 0.411875 0.1842818428184282 0.411875 0.1991869918699187 0.408125 0.2018970189701897 0.3975 0.19647696476964768 0.394375
1 0.15853658536585366 0.23125 0.13143631436314362 0.229375 0.12330623306233063 0.233125 0.12330623306233063 0.23875 0.13008130081300814 0.2425 0.14769647696476965 0.246875 0.16260162601626016 0.246875 0.17208672086720866 0.24375 0.17208672086720866 0.238125 0.15853658536585366 0.23125
1 0.2127371273712737 0.64625 0.1991869918699187 0.650625 0.1910569105691057 0.65625 0.1937669376693767 0.66125 0.1991869918699187 0.66375 0.22493224932249323 0.661875 0.23441734417344173 0.656875 0.23170731707317074 0.646875 0.2127371273712737 0.64625
1 0.481029810298103 0.193125 0.45934959349593496 0.195 0.45121951219512196 0.199375 0.45528455284552843 0.208125 0.46747967479674796 0.21 0.48644986449864497 0.209375 0.494579945799458 0.205 0.494579945799458 0.1975 0.481029810298103 0.193125
1 0.4241192411924119 0.66875 0.4051490514905149 0.664375 0.3943089430894309 0.66875 0.3861788617886179 0.66875 0.38346883468834686 0.67125 0.38346883468834686 0.676875 0.3888888888888889 0.680625 0.3997289972899729 0.683125 0.4186991869918699 0.683125 0.4268292682926829 0.680625 0.42953929539295393 0.6725 0.4241192411924119 0.66875
1 0.7127371273712737 0.493125 0.6964769647696477 0.49875 0.6937669376693767 0.505 0.6991869918699187 0.51 0.7208672086720868 0.51 0.7262872628726287 0.5075 0.7289972899728997 0.5 0.7235772357723578 0.49375 0.7127371273712737 0.493125
1 0.6178861788617886 0.41375 0.6124661246612466 0.41625 0.6124661246612466 0.423125 0.6178861788617886 0.428125 0.6409214092140921 0.429375 0.6504065040650406 0.424375 0.6476964769647696 0.418125 0.6287262872628726 0.413125 0.6178861788617886 0.41375
1 0.6531165311653117 0.479375 0.6355013550135501 0.481875 0.6314363143631436 0.49125 0.6395663956639567 0.495 0.6612466124661247 0.495625 0.6747967479674797 0.490625 0.6747967479674797 0.485 0.6693766937669376 0.48125 0.6531165311653117 0.479375
1 0.559620596205962 0.3525 0.5392953929539296 0.353125 0.5392953929539296 0.365 0.5447154471544715 0.36875 0.5501355013550135 0.370625 0.5636856368563685 0.370625 0.5718157181571816 0.365 0.5718157181571816 0.35875 0.559620596205962 0.3525
1 0.46747967479674796 0.646875 0.45121951219512196 0.646875 0.44308943089430897 0.650625 0.44579945799457993 0.65875 0.45663956639566394 0.66375 0.47560975609756095 0.66375 0.48509485094850946 0.660625 0.48644986449864497 0.654375 0.46747967479674796 0.646875
1 0.6192411924119241 0.214375 0.6070460704607046 0.215625 0.6016260162601627 0.220625 0.6043360433604336 0.230625 0.6178861788617886 0.235625 0.6327913279132791 0.235625 0.6422764227642277 0.230625 0.6395663956639567 0.220625 0.6192411924119241 0.214375
1 0.5203252032520326 0.395 0.5067750677506775 0.395 0.5013550135501355 0.396875 0.5040650406504065 0.40625 0.5203252032520326 0.413125 0.5365853658536586 0.413125 0.5420054200542005 0.41125 0.5392953929539296 0.401875 0.5203252032520326 0.395
1 0.7994579945799458 0.5675 0.7913279132791328 0.57125 0.7940379403794038 0.579375 0.8021680216802168 0.581875 0.8238482384823849 0.58125 0.8319783197831978 0.57125 0.8252032520325203 0.5675 0.7994579945799458 0.5675
1 0.45663956639566394 0.51375 0.4349593495934959 0.515 0.4268292682926829 0.51875 0.4268292682926829 0.525625 0.43766937669376693 0.528125 0.453929539295393 0.52875 0.46747967479674796 0.524375 0.47289972899729 0.519375 0.470189701897019 0.516875 0.45663956639566394 0.51375
1 0.9024390243902439 0.610625 0.8888888888888888 0.610625 0.8848238482384824 0.613125 0.8780487804878049 0.613125 0.8726287262872628 0.616875 0.8739837398373984 0.621875 0.8861788617886179 0.625 0.9065040650406504 0.625 0.9173441734417345 0.621875 0.9186991869918699 0.615625 0.9024390243902439 0.610625
1 0.6734417344173442 0.66625 0.6531165311653117 0.66625 0.6422764227642277 0.67 0.6422764227642277 0.675625 0.6504065040650406 0.679375 0.6639566395663956 0.6825 0.6747967479674797 0.681875 0.6883468834688347 0.675625 0.6883468834688347 0.6725 0.6734417344173442 0.66625
1 0.5094850948509485 0.264375 0.5013550135501355 0.265625 0.494579945799458 0.27 0.497289972899729 0.27625 0.5257452574525745 0.278125 0.5365853658536586 0.275 0.5392953929539296 0.27 0.5298102981029811 0.265 0.5094850948509485 0.264375
1 0.6097560975609756 0.385625 0.5962059620596206 0.3825 0.5772357723577236 0.381875 0.5663956639566395 0.386875 0.5677506775067751 0.395625 0.5772357723577236 0.398125 0.6016260162601627 0.398125 0.6151761517615176 0.395 0.6151761517615176 0.390625 0.6097560975609756 0.385625
1 0.5826558265582655 0.273125 0.5691056910569106 0.273125 0.5609756097560976 0.278125 0.5609756097560976 0.285625 0.5663956639566395 0.28875 0.5772357723577236 0.293125 0.5907859078590786 0.29125 0.5989159891598916 0.28375 0.5962059620596206 0.278125 0.5826558265582655 0.273125
1 0.6395663956639567 0.584375 0.6016260162601627 0.584375 0.5962059620596206 0.589375 0.5989159891598916 0.59625 0.6097560975609756 0.599375 0.6314363143631436 0.59875 0.6449864498644986 0.59375 0.6449864498644986 0.58875 0.6395663956639567 0.584375
1 0.5582655826558266 0.618125 0.5474254742547425 0.623125 0.5487804878048781 0.631875 0.5582655826558266 0.6375 0.5663956639566395 0.6375 0.5799457994579946 0.6325 0.5772357723577236 0.620625 0.5582655826558266 0.618125
1 0.23170731707317074 0.255 0.2127371273712737 0.250625 0.19647696476964768 0.2525 0.1856368563685637 0.259375 0.1910569105691057 0.265 0.21544715447154472 0.268125 0.22493224932249323 0.2675 0.23170731707317074 0.265 0.23441734417344173 0.26 0.23170731707317074 0.255
1 0.7303523035230353 0.470625 0.7127371273712737 0.47125 0.7046070460704607 0.474375 0.7073170731707317 0.4825 0.7208672086720868 0.48625 0.7398373983739838 0.485625 0.7452574525745257 0.48375 0.7452574525745257 0.475625 0.7303523035230353 0.470625
1 0.5420054200542005 0.194375 0.5338753387533876 0.1925 0.5121951219512195 0.1925 0.5040650406504065 0.1975 0.5067750677506775 0.203125 0.5176151761517616 0.2075 0.5392953929539296 0.2075 0.5474254742547425 0.2025 0.5474254742547425 0.199375 0.5420054200542005 0.194375
1 0.8943089430894309 0.575 0.8644986449864499 0.575 0.8536585365853658 0.581875 0.8563685636856369 0.586875 0.8672086720867209 0.59125 0.8888888888888888 0.590625 0.8997289972899729 0.58625 0.8997289972899729 0.5775 0.8943089430894309 0.575
1 0.3997289972899729 0.48125 0.36720867208672087 0.48125 0.36449864498644985 0.49 0.37262872628726285 0.49375 0.3780487804878049 0.495625 0.3956639566395664 0.495625 0.4078590785907859 0.493125 0.4105691056910569 0.48875 0.3997289972899729 0.48125
1 0.48644986449864497 0.635 0.481029810298103 0.64 0.483739837398374 0.649375 0.5067750677506775 0.6475 0.5149051490514905 0.641875 0.5121951219512195 0.633125 0.494579945799458 0.6325 0.48644986449864497 0.635
1 0.2804878048780488 0.2525 0.26422764227642276 0.2525 0.2588075880758808 0.255 0.2588075880758808 0.2625 0.26422764227642276 0.266875 0.2804878048780488 0.27125 0.2967479674796748 0.27 0.2994579945799458 0.264375 0.2940379403794038 0.2575 0.2804878048780488 0.2525
1 0.9349593495934959 0.503125 0.9214092140921409 0.5075 0.924119241192412 0.515625 0.9512195121951219 0.516875 0.962059620596206 0.5125 0.962059620596206 0.5075 0.9525745257452575 0.503125 0.9349593495934959 0.503125
1 0.3238482384823848 0.54625 0.3130081300813008 0.54625 0.3048780487804878 0.549375 0.3048780487804878 0.561875 0.3157181571815718 0.565625 0.32926829268292684 0.565 0.3346883468834688 0.5625 0.3346883468834688 0.550625 0.3238482384823848 0.54625
1 0.6314363143631436 0.35625 0.6205962059620597 0.35625 0.6097560975609756 0.360625 0.6124661246612466 0.37125 0.6205962059620597 0.37375 0.6314363143631436 0.37375 0.6422764227642277 0.370625 0.6449864498644986 0.36125 0.6314363143631436 0.35625
1 0.44037940379403795 0.66375 0.42953929539295393 0.66875 0.42953929539295393 0.678125 0.43766937669376693 0.6825 0.453929539295393 0.684375 0.46747967479674796 0.680625 0.46747967479674796 0.67125 0.45257452574525747 0.66375 0.44037940379403795 0.66375
1 0.5677371273712737 0.664495625 0.5465934959349594 0.665470625 0.5413062330623306 0.672298125 0.5423644986449865 0.677174375 0.5539932249322493 0.68205125 0.5687953929539296 0.677661875 0.5687953929539296 0.6703475 0.5677371273712737 0.664495625
1 0.547650406504065 0.66693375 0.5539932249322493 0.6625449999999999 0.5550514905149051 0.656205625 0.5434214092140922 0.6537675000000001 0.536020325203252 0.656693125 0.5296775067750678 0.661081875 0.5307344173441735 0.664983125 0.540249322493225 0.66693375 0.547650406504065 0.66693375
1 0.5857113821138211 0.6498662500000001 0.5920542005420054 0.6401131250000001 0.5730243902439024 0.6401131250000001 0.5603373983739838 0.644501875 0.5550514905149051 0.647915625 0.5571653116531166 0.65523 0.5656233062330623 0.65913125 0.5814823848238483 0.6557175 0.5857113821138211 0.6498662500000001
1 0.5571653116531166 0.64255125 0.5582222222222223 0.6381625 0.5487073170731708 0.63377375 0.540249322493225 0.6298725000000001 0.5286192411924119 0.631823125 0.5265054200542005 0.6391375 0.5339065040650407 0.6430387500000001 0.5391924119241193 0.647915625 0.5518794037940379 0.6464525000000001 0.5571653116531166 0.64255125
1 0.5391924119241193 0.6498662500000001 0.5423644986449865 0.6469400000000001 0.5328482384823848 0.64255125 0.5201626016260162 0.641575625 0.5138184281842818 0.649378125 0.5138184281842818 0.6547425 0.5243915989159891 0.656205625 0.5391924119241193 0.6557175 0.5391924119241193 0.6498662500000001
1 0.40069376693766934 0.592323125 0.40280894308943094 0.587934375 0.40280894308943094 0.581106875 0.3964647696476965 0.576230625 0.3742628726287263 0.580131875 0.37003387533875337 0.588421875 0.3710907859078591 0.59476125 0.38800677506775066 0.59524875 0.40069376693766934 0.592323125
1 0.13638346883468835 0.53916875 0.12475474254742548 0.539656875 0.11946747967479675 0.5445331250000001 0.12369647696476964 0.5498975 0.13744173441734417 0.5533106250000001 0.14167073170731706 0.5459962500000001 0.13638346883468835 0.53916875
1 0.10572357723577236 0.5352675 0.10678184281842819 0.52990375 0.10255284552845528 0.5260025 0.08986585365853658 0.532829375 0.08775067750677508 0.540144375 0.09303658536585366 0.5445331250000001 0.10889566395663956 0.542095 0.11523848238482386 0.537218125 0.10572357723577236 0.5352675
1 0.2854552845528455 0.540144375 0.294970189701897 0.53819375 0.2960271002710027 0.53478 0.2917981029810298 0.531366875 0.271710027100271 0.52990375 0.2632520325203252 0.532341875 0.2621951219512195 0.53770625 0.264310298102981 0.53868125 0.27276829268292685 0.539656875 0.2854552845528455 0.540144375
1 0.48210162601626017 0.533316875 0.47575745257452573 0.528928125 0.4577845528455285 0.53087875 0.4450975609756098 0.533805 0.4472127371273713 0.5416075 0.45355555555555555 0.5445331250000001 0.4662425474254742 0.543558125 0.47575745257452573 0.53819375 0.48210162601626017 0.533316875
1 0.5381355013550135 0.59476125 0.5328482384823848 0.5903725 0.5117046070460705 0.585495625 0.49901761517615173 0.58598375 0.5032466124661247 0.5903725 0.5064173441734418 0.5976874999999999 0.5180474254742548 0.6030512499999999 0.5307344173441735 0.60158875 0.5381355013550135 0.59476125
1 0.8595365853658536 0.5416075 0.8489634146341463 0.540144375 0.8415623306233062 0.544045625 0.8341626016260162 0.5528231250000001 0.8383915989159891 0.560138125 0.8510785907859079 0.558675 0.8690514905149052 0.55379875 0.8679932249322493 0.547459375 0.8595365853658536 0.5416075
1 0.7707276422764228 0.492354375 0.7664986449864499 0.48747812500000004 0.750639566395664 0.487965625 0.7411246612466126 0.49040374999999997 0.7294959349593496 0.495280625 0.7337249322493226 0.500156875 0.7442967479674798 0.5021074999999999 0.7538116531165312 0.501131875 0.7664986449864499 0.49820625 0.7707276422764228 0.492354375
1 0.6776910569105692 0.448465625 0.681920054200542 0.44407687500000004 0.6692330623306233 0.43725 0.6491449864498645 0.436274375 0.6385731707317073 0.43725 0.6364579945799458 0.44066312500000004 0.639630081300813 0.44554000000000005 0.6502018970189701 0.45041625 0.6681761517615176 0.45285437500000003 0.6776910569105692 0.448465625
1 0.13532655826558265 0.452366875 0.11841056910569106 0.448465625 0.09938075880758808 0.455293125 0.10572357723577236 0.4626075 0.12581165311653117 0.46504562499999996 0.13532655826558265 0.459681875 0.13532655826558265 0.452366875
1 0.07294986449864499 0.3577625 0.09197967479674797 0.35288625 0.09197967479674797 0.34264562499999995 0.07823577235772358 0.33581812499999997 0.06554878048780488 0.34069499999999997 0.06026287262872628 0.34849687500000004 0.06343495934959349 0.354836875 0.07294986449864499 0.3577625
1 0.7834146341463414 0.290954375 0.7686138211382113 0.28851625 0.7633265582655827 0.295343125 0.7675555555555555 0.3007075 0.77389972899729 0.30558375000000004 0.7834146341463414 0.30314562500000003 0.7918726287262873 0.299244375 0.7834146341463414 0.290954375
1 0.4778726287262873 0.32509 0.47575745257452573 0.31289875 0.4620135501355014 0.30899750000000004 0.4482696476964769 0.31436125 0.4472127371273713 0.32801562500000003 0.4662425474254742 0.32947875000000004 0.4778726287262873 0.32509
1 0.6713468834688348 0.28071375 0.6671178861788618 0.287540625 0.6713468834688348 0.292905 0.681920054200542 0.2933925 0.6903780487804878 0.28559 0.6713468834688348 0.28071375
1 0.42712466124661247 0.649378125 0.41549457994579947 0.65523 0.4144376693766938 0.664983125 0.43346883468834685 0.672298125 0.4419268292682927 0.65913125 0.42712466124661247 0.649378125
1 0.4123238482384824 0.654255 0.386949864498645 0.649378125 0.3784918699186992 0.65523 0.3816639566395664 0.6625449999999999 0.398579945799458 0.66595875 0.4091517615176152 0.6605943750000001 0.4123238482384824 0.654255