1 0.7632890365448505 0.50625 0.770764119601329 0.509375 0.792358803986711 0.508125 0.8106312292358804 0.50125 0.8181063122923588 0.495 0.8172757475083057 0.485 0.8073089700996677 0.47875 0.7948504983388704 0.47625 0.7832225913621262 0.476875 0.7691029900332226 0.48125 0.760797342192691 0.4875 0.7599667774086378 0.50125 0.7632890365448505 0.50625
1 0.5394518272425249 0.6778125 0.0008305647840531562 0.000625
1 0.47093023255813954 0.685 0.4792358803986711 0.68875 0.4983388704318937 0.68875 0.5058139534883721 0.681875 0.5091362126245847 0.671875 0.5 0.656875 0.4950166112956811 0.654375 0.48006644518272423 0.654375 0.4700996677740864 0.66125 0.4676079734219269 0.67125 0.47093023255813954 0.685
1 0.2217607973421927 0.619375 0.2350498338870432 0.623125 0.24916943521594684 0.618125 0.25249169435215946 0.610625 0.25249169435215946 0.5975 0.2574750830564784 0.58875 0.2549833887043189 0.584375 0.24667774086378738 0.579375 0.2367109634551495 0.58 0.22591362126245848 0.58375 0.22093023255813954 0.5875 0.21843853820598005 0.59375 0.21677740863787376 0.61 0.2217607973421927 0.619375
1 0.23588039867109634 0.6575 0.24335548172757476 0.660625 0.2632890365448505 0.659375 0.27325581395348836 0.64625 0.2724252491694352 0.63125 0.2666112956810631 0.624375 0.2574750830564784 0.620625 0.24584717607973422 0.620625 0.23588039867109634 0.625625 0.23006644518272426 0.6325 0.23006644518272426 0.64875 0.23588039867109634 0.6575
1 0.3995016611295681 0.721875 0.4111295681063123 0.7275 0.42441860465116277 0.726875 0.4368770764119601 0.711875 0.43521594684385384 0.69375 0.4269102990033223 0.68875 0.4119601328903654 0.6875 0.4019933554817276 0.6925 0.39700996677740863 0.698125 0.3961794019933555 0.714375 0.3995016611295681 0.721875
1 0.665282392026578 0.576875 0.6893687707641196 0.57625 0.6951827242524917 0.5725 0.7026578073089701 0.57125 0.7093023255813954 0.56625 0.7109634551495017 0.560625 0.7101328903654485 0.5525 0.7043189368770764 0.54625 0.6918604651162791 0.543125 0.6694352159468439 0.545625 0.6611295681063123 0.55 0.6578073089700996 0.555625 0.6578073089700996 0.57125 0.665282392026578 0.576875
1 0.08637873754152824 0.413125 0.09883720930232558 0.418125 0.11129568106312292 0.418125 0.12790697674418605 0.410625 0.13205980066445183 0.408125 0.1345514950166113 0.40125 0.1345514950166113 0.39375 0.13122923588039867 0.388125 0.1270764119601329 0.385 0.11461794019933555 0.381875 0.09385382059800665 0.385 0.08222591362126246 0.39625 0.07973421926910298 0.406875 0.08637873754152824 0.413125
1 0.42524916943521596 0.453125 0.43272425249169433 0.45625 0.44518272425249167 0.455 0.4526578073089701 0.450625 0.4634551495016611 0.43625 0.4642857142857143 0.4225 0.45930232558139533 0.414375 0.4526578073089701 0.40875 0.4435215946843854 0.40875 0.42940199335548174 0.416875 0.42358803986710963 0.425 0.4227574750830565 0.449375 0.42524916943521596 0.453125
1 0.6951827242524917 0.596875 0.7093023255813954 0.605 0.7350498338870431 0.603125 0.7458471760797342 0.59375 0.7466777408637874 0.586875 0.7441860465116279 0.581875 0.7342192691029901 0.57375 0.7192691029900332 0.56875 0.7059800664451827 0.56875 0.6910299003322259 0.5775 0.6910299003322259 0.59125 0.6951827242524917 0.596875
1 0.5456810631229236 0.441875 0.5631229235880398 0.441875 0.5722591362126246 0.434375 0.5730897009966778 0.41875 0.5631229235880398 0.409375 0.5490033222591362 0.408125 0.5390365448504983 0.414375 0.5357142857142857 0.419375 0.5357142857142857 0.42875 0.5456810631229236 0.441875
1 0.05813953488372093 0.44125 0.07225913621262459 0.449375 0.08803986710963455 0.449375 0.10215946843853821 0.438125 0.10299003322259136 0.4275 0.1004983388704319 0.420625 0.08803986710963455 0.41375 0.06727574750830564 0.41375 0.058970099667774084 0.41875 0.05647840531561462 0.424375 0.05564784053156146 0.435 0.05813953488372093 0.44125
1 0.5622923588039868 0.550625 0.5672757475083057 0.5525 0.5780730897009967 0.5525 0.5830564784053156 0.550625 0.5880398671096345 0.545625 0.5897009966777409 0.529375 0.5813953488372093 0.514375 0.5730897009966778 0.511875 0.5631229235880398 0.514375 0.5589700996677741 0.5175 0.5548172757475083 0.52625 0.5539867109634552 0.536875 0.5622923588039868 0.550625
1 0.5863787375415282 0.650625 0.5938538205980066 0.65625 0.6212624584717608 0.658125 0.6312292358803987 0.654375 0.6320598006644518 0.639375 0.6262458471760798 0.633125 0.6137873754152824 0.626875 0.5963455149501661 0.626875 0.5880398671096345 0.629375 0.5838870431893688 0.635625 0.5838870431893688 0.645625 0.5863787375415282 0.650625
1 0.5141196013289037 0.5575 0.5290697674418605 0.566875 0.5456810631229236 0.566875 0.5573089700996677 0.5525 0.5556478405315615 0.5425 0.5490033222591362 0.5325 0.542358803986711 0.5275 0.53156146179402 0.524375 0.5166112956810631 0.52625 0.5099667774086378 0.531875 0.5083056478405316 0.545 0.5141196013289037 0.5575
1 0.7225913621262459 0.735 0.7433554817275747 0.740625 0.7566445182724253 0.74 0.7624584717607974 0.7375 0.7666112956810631 0.728125 0.7649501661129569 0.72 0.75 0.709375 0.7200996677740864 0.70875 0.7151162790697675 0.714375 0.7142857142857143 0.723125 0.7225913621262459 0.735
1 0.13205980066445183 0.325625 0.1362126245847176 0.32875 0.1511627906976744 0.3325 0.17109634551495018 0.33 0.1777408637873754 0.324375 0.18272425249169436 0.314375 0.1760797342192691 0.3025 0.1611295681063123 0.29875 0.13870431893687707 0.3 0.12790697674418605 0.31 0.1270764119601329 0.31875 0.13205980066445183 0.325625
1 0.27740863787375414 0.585625 0.292358803986711 0.596875 0.30564784053156147 0.5975 0.3181063122923588 0.59125 0.3222591362126246 0.581875 0.32142857142857145 0.574375 0.3181063122923588 0.569375 0.30564784053156147 0.560625 0.2857142857142857 0.560625 0.27906976744186046 0.564375 0.2757475083056478 0.569375 0.2749169435215947 0.58125 0.27740863787375414 0.585625
1 0.21511627906976744 0.458125 0.22591362126245848 0.45875 0.2367109634551495 0.45625 0.24501661129568106 0.451875 0.25 0.444375 0.24833887043189368 0.43 0.23255813953488372 0.4225 0.21179401993355482 0.42875 0.20514950166112958 0.435 0.20431893687707642 0.449375 0.21511627906976744 0.458125
1 0.06727574750830564 0.578125 0.07641196013289037 0.58875 0.08471760797342193 0.593125 0.08970099667774087 0.595 0.10714285714285714 0.595 0.11710963455149502 0.588125 0.11710963455149502 0.57375 0.11295681063122924 0.566875 0.1004983388704319 0.55875 0.09136212624584718 0.556875 0.07475083056478406 0.5575 0.06395348837209303 0.564375 0.06312292358803986 0.57125 0.06727574750830564 0.578125
1 0.19102990033222592 0.58875 0.19933554817275748 0.591875 0.21760797342192692 0.58875 0.22840531561461794 0.576875 0.22840531561461794 0.56875 0.22425249169435216 0.56375 0.22009966777408638 0.560625 0.21179401993355482 0.55875 0.19601328903654486 0.560625 0.1852159468438538 0.57 0.1852159468438538 0.583125 0.19102990033222592 0.58875
1 0.25332225913621265 0.33875 0.27325581395348836 0.353125 0.28903654485049834 0.354375 0.2973421926910299 0.353125 0.3064784053156146 0.348125 0.30980066445182725 0.340625 0.3089700996677741 0.33 0.303156146179402 0.324375 0.28903654485049834 0.316875 0.2799003322259136 0.314375 0.26744186046511625 0.314375 0.25 0.324375 0.25 0.334375 0.25332225913621265 0.33875
1 0.38787375415282394 0.65375 0.3995016611295681 0.6625 0.40780730897009965 0.664375 0.420265780730897 0.664375 0.4260797342192691 0.6625 0.44019933554817275 0.654375 0.4435215946843854 0.646875 0.4426910299003322 0.639375 0.4393687707641196 0.635625 0.4169435215946844 0.626875 0.4003322259136213 0.629375 0.3862126245847176 0.64125 0.3853820598006645 0.649375 0.38787375415282394 0.65375
1 0.20514950166112958 0.5225 0.21179401993355482 0.529375 0.22093023255813954 0.534375 0.23338870431893688 0.535625 0.24833887043189368 0.524375 0.25083056478405313 0.5175 0.25 0.50125 0.24501661129568106 0.495 0.2367109634551495 0.49 0.22508305647840532 0.48875 0.2101328903654485 0.4925 0.20431893687707642 0.498125 0.20182724252491693 0.504375 0.2009966777408638 0.513125 0.20514950166112958 0.5225
1 0.4377076411960133 0.634375 0.46096345514950166 0.63375 0.4692691029900332 0.63125 0.4717607973421927 0.628125 0.47259136212624586 0.623125 0.4684385382059801 0.615 0.4526578073089701 0.603125 0.42940199335548174 0.603125 0.420265780730897 0.611875 0.420265780730897 0.625 0.4377076411960133 0.634375
1 0.22093023255813954 0.386875 0.24169435215946844 0.386875 0.25 0.384375 0.25830564784053156 0.38 0.26411960132890366 0.37375 0.2616279069767442 0.358125 0.2549833887043189 0.3525 0.2441860465116279 0.34875 0.2217607973421927 0.35125 0.20514950166112958 0.3625 0.20431893687707642 0.365 0.2059800664451827 0.378125 0.22093023255813954 0.386875
1 0.7068106312292359 0.6225 0.7217607973421927 0.63125 0.739202657807309 0.63125 0.7450166112956811 0.629375 0.7516611295681063 0.6225 0.7524916943521595 0.615 0.7483388704318937 0.608125 0.7350498338870431 0.605 0.71843853820598 0.605 0.7084717607973422 0.606875 0.7051495016611296 0.609375 0.7043189368770764 0.6175 0.7068106312292359 0.6225
1 0.0473421926910299 0.38875 0.0606312292358804 0.39625 0.07142857142857142 0.39625 0.08222591362126246 0.393125 0.09053156146179402 0.386875 0.0946843853820598 0.3725 0.09053156146179402 0.365 0.08637873754152824 0.3625 0.0681063122923588 0.36125 0.058970099667774084 0.3625 0.04568106312292359 0.37375 0.044850498338870434 0.384375 0.0473421926910299 0.38875
1 0.33554817275747506 0.713125 0.3480066445182724 0.71125 0.3646179401993355 0.70125 0.36794019933554817 0.6875 0.3654485049833887 0.678125 0.36129568106312293 0.67375 0.3504983388704319 0.670625 0.34053156146179403 0.670625 0.3330564784053156 0.67375 0.3280730897009967 0.6825 0.3272425249169435 0.705625 0.33554817275747506 0.713125
1 0.6727574750830565 0.39125 0.6993355481727574 0.39125 0.7142857142857143 0.383125 0.7159468438538206 0.3725 0.7043189368770764 0.3625 0.6893687707641196 0.358125 0.6785714285714286 0.358125 0.6611295681063123 0.36625 0.6627906976744186 0.384375 0.6727574750830565 0.39125
1 0.75 0.6025 0.7599667774086378 0.606875 0.7724252491694352 0.6075 0.7890365448504983 0.605 0.8014950166112956 0.5975 0.8048172757475083 0.591875 0.8014950166112956 0.584375 0.7832225913621262 0.576875 0.7583056478405316 0.57875 0.7475083056478405 0.586875 0.7466777408637874 0.595 0.75 0.6025
1 0.49169435215946844 0.745 0.49667774086378735 0.748125 0.5049833887043189 0.749375 0.5116279069767442 0.749375 0.526578073089701 0.744375 0.5431893687707641 0.731875 0.5415282392026578 0.725625 0.5382059800664452 0.723125 0.5232558139534884 0.71875 0.5 0.71875 0.49169435215946844 0.725 0.489202657807309 0.73 0.4883720930232558 0.74 0.49169435215946844 0.745
1 0.1719269102990033 0.665 0.19435215946843853 0.665 0.2059800664451827 0.65875 0.2101328903654485 0.6525 0.2084717607973422 0.6425 0.19933554817275748 0.63625 0.1777408637873754 0.635 0.16611295681063123 0.639375 0.16196013289036545 0.643125 0.16196013289036545 0.65625 0.1719269102990033 0.665
1 0.3081395348837209 0.4875 0.31727574750830567 0.49 0.3313953488372093 0.49 0.3480066445182724 0.485 0.3546511627906977 0.475625 0.3521594684385382 0.4625 0.3488372093023256 0.45875 0.3380398671096346 0.455625 0.3181063122923588 0.45625 0.3106312292358804 0.45875 0.29900332225913623 0.46875 0.29900332225913623 0.48 0.3081395348837209 0.4875
1 0.29069767441860467 0.675625 0.29485049833887045 0.67875 0.30398671096345514 0.68 0.31146179401993357 0.68 0.31727574750830567 0.6775 0.3222591362126246 0.67 0.3222591362126246 0.660625 0.313953488372093 0.64625 0.3073089700996678 0.641875 0.2973421926910299 0.64125 0.292358803986711 0.6425 0.2840531561461794 0.65 0.2815614617940199 0.66375 0.29069767441860467 0.675625
1 0.1669435215946844 0.53125 0.1777408637873754 0.54 0.19269102990033224 0.54125 0.20431893687707642 0.539375 0.20764119601328904 0.5275 0.19601328903654486 0.50625 0.19019933554817275 0.50375 0.17358803986710963 0.504375 0.1644518272425249 0.51125 0.16279069767441862 0.525 0.1669435215946844 0.53125
1 0.3496677740863787 0.54 0.3554817275747508 0.5425 0.3696013289036545 0.5425 0.3812292358803987 0.536875 0.3911960132890365 0.525625 0.3903654485049834 0.51375 0.38289036544850497 0.506875 0.37375415282392027 0.506875 0.36295681063122925 0.51 0.3438538205980066 0.52625 0.3446843853820598 0.535 0.3496677740863787 0.54
1 0.3546511627906977 0.580625 0.3696013289036545 0.588125 0.3945182724252492 0.58875 0.40282392026578073 0.58125 0.40448504983388706 0.576875 0.4003322259136213 0.5675 0.3853820598006645 0.558125 0.3654485049833887 0.5575 0.3546511627906977 0.560625 0.3504983388704319 0.564375 0.3496677740863787 0.570625 0.3546511627906977 0.580625
1 0.42524916943521596 0.293125 0.4418604651162791 0.293125 0.45182724252491696 0.2875 0.45514950166112955 0.283125 0.45598006644518274 0.268125 0.45348837209302323 0.26 0.446843853820598 0.2525 0.43521594684385384 0.248125 0.4277408637873754 0.248125 0.4169435215946844 0.255 0.4119601328903654 0.26375 0.41362126245847175 0.2825 0.42524916943521596 0.293125
1 0.3696013289036545 0.50125 0.37624584717607973 0.505 0.39285714285714285 0.50625 0.4111295681063123 0.49875 0.4161129568106312 0.49125 0.4169435215946844 0.484375 0.41362126245847175 0.475625 0.4061461794019934 0.47125 0.39700996677740863 0.470625 0.3803986710963455 0.475625 0.3729235880398671 0.480625 0.36794019933554817 0.4875 0.36710963455149503 0.496875 0.3696013289036545 0.50125
1 0.6528239202657807 0.606875 0.675249169435216 0.610625 0.6852159468438538 0.609375 0.6918604651162791 0.60625 0.6943521594684385 0.598125 0.6868770764119602 0.58375 0.6810631229235881 0.57875 0.654485049833887 0.5775 0.6495016611295681 0.57875 0.643687707641196 0.585625 0.643687707641196 0.5975 0.6528239202657807 0.606875
1 0.16528239202657807 0.628125 0.17857142857142858 0.633125 0.18853820598006646 0.633125 0.20016611295681064 0.62625 0.2009966777408638 0.615625 0.18853820598006646 0.60375 0.1744186046511628 0.600625 0.16196013289036545 0.600625 0.1553156146179402 0.605 0.15614617940199335 0.6175 0.16528239202657807 0.628125
1 0.1777408637873754 0.49 0.1852159468438538 0.491875 0.19933554817275748 0.49125 0.2059800664451827 0.48875 0.2159468438538206 0.4825 0.21926910299003322 0.475625 0.21926910299003322 0.469375 0.21511627906976744 0.46125 0.2009966777408638 0.45625 0.18023255813953487 0.45875 0.17275747508305647 0.464375 0.17026578073089702 0.469375 0.17026578073089702 0.48375 0.1777408637873754 0.49
1 0.2541528239202658 0.4975 0.2749169435215947 0.50375 0.2898671096345515 0.50125 0.29401993355481726 0.49875 0.2973421926910299 0.49375 0.2973421926910299 0.4875 0.2898671096345515 0.47625 0.276578073089701 0.47125 0.26578073089701 0.470625 0.2541528239202658 0.473125 0.24833887043189368 0.478125 0.24667774086378738 0.488125 0.2541528239202658 0.4975
1 0.25664451827242524 0.61875 0.26744186046511625 0.624375 0.27906976744186046 0.625 0.2931893687707641 0.618125 0.2956810631229236 0.608125 0.28903654485049834 0.594375 0.27906976744186046 0.58875 0.26411960132890366 0.58875 0.2541528239202658 0.59375 0.25332225913621265 0.615 0.25664451827242524 0.61875
1 0.3347176079734219 0.521875 0.3496677740863787 0.520625 0.3646179401993355 0.50875 0.36627906976744184 0.505 0.3637873754152824 0.4925 0.3521594684385382 0.485 0.32475083056478404 0.4925 0.32142857142857145 0.500625 0.3230897009966777 0.514375 0.3347176079734219 0.521875
1 0.2441860465116279 0.418125 0.26411960132890366 0.42375 0.276578073089701 0.42375 0.2931893687707641 0.415625 0.29401993355481726 0.40125 0.27740863787375414 0.39 0.2516611295681063 0.385 0.23920265780730898 0.388125 0.23255813953488372 0.39375 0.23172757475083056 0.405 0.2441860465116279 0.418125
1 0.38704318936877075 0.45375 0.39700996677740863 0.4575 0.40863787375415284 0.4575 0.4152823920265781 0.45375 0.4219269102990033 0.444375 0.42358803986710963 0.431875 0.4219269102990033 0.424375 0.4111295681063123 0.41125 0.4053156146179402 0.410625 0.3845514950166113 0.420625 0.3787375415282392 0.43 0.3787375415282392 0.4425 0.38704318936877075 0.45375
1 0.11794019933554817 0.43625 0.13372093023255813 0.446875 0.1403654485049834 0.449375 0.15282392026578073 0.449375 0.16029900332225913 0.445625 0.1644518272425249 0.439375 0.16528239202657807 0.431875 0.15946843853820597 0.418125 0.15282392026578073 0.41375 0.1461794019933555 0.410625 0.12956810631229235 0.409375 0.11877076411960133 0.41375 0.11295681063122924 0.420625 0.11295681063122924 0.428125 0.11794019933554817 0.43625
1 0.0739202657807309 0.36 0.09551495016611296 0.3625 0.1079734219269103 0.355625 0.1079734219269103 0.34125 0.09883720930232558 0.326875 0.08471760797342193 0.320625 0.07641196013289037 0.32 0.06727574750830564 0.321875 0.058970099667774084 0.32875 0.059800664451827246 0.348125 0.0739202657807309 0.36
1 0.8189368770764119 0.46625 0.834717607973422 0.46625 0.8521594684385382 0.4525 0.8546511627906976 0.4425 0.8521594684385382 0.4325 0.8397009966777409 0.425 0.8264119601328903 0.424375 0.8147840531561462 0.4275 0.8089700996677741 0.4325 0.8064784053156147 0.44 0.8081395348837209 0.46125 0.8189368770764119 0.46625
1 0.78156146179402 0.70625 0.803156146179402 0.716875 0.8222591362126246 0.718125 0.8255813953488372 0.70875 0.8255813953488372 0.69875 0.8222591362126246 0.689375 0.8048172757475083 0.6775 0.7848837209302325 0.676875 0.7774086378737541 0.68375 0.7757475083056479 0.69625 0.78156146179402 0.70625
1 0.5282392026578073 0.601875 0.5332225913621262 0.60375 0.5514950166112956 0.601875 0.5581395348837209 0.5975 0.5622923588039868 0.59125 0.5614617940199336 0.576875 0.5564784053156147 0.57125 0.5490033222591362 0.5675 0.5373754152823921 0.56875 0.5299003322259136 0.571875 0.520764119601329 0.581875 0.520764119601329 0.591875 0.5282392026578073 0.601875
1 0.43106312292358806 0.744375 0.446843853820598 0.75 0.4526578073089701 0.75 0.4642857142857143 0.744375 0.4684385382059801 0.738125 0.4684385382059801 0.733125 0.4634551495016611 0.723125 0.457641196013289 0.71875 0.4410299003322259 0.71625 0.42857142857142855 0.723125 0.42441860465116277 0.731875 0.43106312292358806 0.744375
1 0.5622923588039868 0.49875 0.5780730897009967 0.508125 0.5863787375415282 0.508125 0.6013289036544851 0.50125 0.6129568106312292 0.48625 0.6112956810631229 0.47625 0.5988372093023255 0.46875 0.5822259136212624 0.469375 0.5631229235880398 0.479375 0.5606312292358804 0.485 0.5622923588039868 0.49875
1 0.8579734219269103 0.5325 0.867109634551495 0.5375 0.8795681063122923 0.5375 0.9003322259136213 0.52375 0.904485049833887 0.513125 0.8970099667774086 0.50125 0.8803986710963455 0.499375 0.8696013289036545 0.501875 0.8579734219269103 0.51 0.8546511627906976 0.51625 0.8546511627906976 0.528125 0.8579734219269103 0.5325
1 0.5141196013289037 0.701875 0.5299003322259136 0.70375 0.542358803986711 0.69625 0.5440199335548173 0.6825 0.5340531561461794 0.670625 0.5240863787375415 0.6675 0.5149501661129569 0.668125 0.5091362126245847 0.670625 0.5058139534883721 0.678125 0.5033222591362126 0.68875 0.5141196013289037 0.701875
1 0.2558139534883721 0.6925 0.26411960132890366 0.695625 0.27325581395348836 0.695625 0.2840531561461794 0.69125 0.29401993355481726 0.681875 0.2931893687707641 0.678125 0.2757475083056478 0.660625 0.2599667774086379 0.663125 0.25332225913621265 0.6675 0.25 0.673125 0.25 0.6875 0.2558139534883721 0.6925
1 0.4750830564784053 0.613125 0.48421926910299 0.615625 0.5049833887043189 0.61625 0.5132890365448505 0.6125 0.5166112956810631 0.600625 0.5149501661129569 0.593125 0.5099667774086378 0.586875 0.4883720930232558 0.58125 0.47259136212624586 0.581875 0.46677740863787376 0.585 0.4659468438538206 0.603125 0.4750830564784053 0.613125
1 0.4410299003322259 0.71375 0.4476744186046512 0.71625 0.45930232558139533 0.718125 0.4808970099667774 0.716875 0.4867109634551495 0.71375 0.4900332225913621 0.70875 0.4900332225913621 0.696875 0.4833887043189369 0.689375 0.47840531561461797 0.6875 0.45348837209302323 0.685625 0.44518272425249167 0.6875 0.43853820598006643 0.694375 0.43853820598006643 0.70875 0.4410299003322259 0.71375
1 0.48421926910299 0.6475 0.5083056478405316 0.64625 0.5141196013289037 0.64375 0.5199335548172758 0.636875 0.5182724252491694 0.62625 0.5083056478405316 0.618125 0.4850498338870432 0.623125 0.4750830564784053 0.631875 0.47591362126245845 0.64375 0.48421926910299 0.6475
1 0.47591362126245845 0.7675 0.489202657807309 0.775625 0.5 0.775625 0.5066445182724253 0.7725 0.5132890365448505 0.76375 0.5116279069767442 0.75125 0.4950166112956811 0.7475 0.48006644518272423 0.735 0.4700996677740864 0.735625 0.4684385382059801 0.74 0.4700996677740864 0.760625 0.47591362126245845 0.7675
1 0.6295681063122923 0.63125 0.6320598006644518 0.634375 0.643687707641196 0.639375 0.6553156146179402 0.64125 0.6710963455149501 0.639375 0.6810631229235881 0.63125 0.6810631229235881 0.620625 0.6694352159468439 0.61 0.6611295681063123 0.608125 0.6411960132890365 0.608125 0.632890365448505 0.61 0.6287375415282392 0.61375 0.6270764119601329 0.62625 0.6295681063122923 0.63125
1 0.5 0.39375 0.5141196013289037 0.40375 0.5299003322259136 0.405625 0.5440199335548173 0.398125 0.5465116279069767 0.39375 0.5440199335548173 0.379375 0.5282392026578073 0.37 0.5083056478405316 0.37 0.49750830564784054 0.378125 0.49667774086378735 0.386875 0.5 0.39375
1 0.1744186046511628 0.690625 0.1852159468438538 0.69875 0.19186046511627908 0.700625 0.20681063122923588 0.700625 0.21677740863787376 0.696875 0.22259136212624583 0.69125 0.22259136212624583 0.680625 0.21428571428571427 0.6725 0.2059800664451827 0.670625 0.18438538205980065 0.670625 0.17524916943521596 0.674375 0.17275747508305647 0.678125 0.1744186046511628 0.690625
1 0.6486710963455149 0.535 0.6677740863787376 0.534375 0.6810631229235881 0.524375 0.6810631229235881 0.509375 0.6760797342192691 0.5025 0.6710963455149501 0.5 0.6478405315614618 0.50125 0.6387043189368771 0.50625 0.6353820598006644 0.51125 0.6345514950166113 0.52375 0.6486710963455149 0.535
1 0.6088039867109635 0.555 0.6237541528239202 0.56 0.6403654485049833 0.555 0.6445182724252492 0.5475 0.6445182724252492 0.5375 0.6420265780730897 0.53125 0.6345514950166113 0.524375 0.6212624584717608 0.5225 0.6071428571428571 0.52625 0.6013289036544851 0.531875 0.6013289036544851 0.545625 0.6088039867109635 0.555
1 0.23588039867109634 0.7275 0.25 0.7275 0.26245847176079734 0.716875 0.26411960132890366 0.70375 0.260797342192691 0.696875 0.25332225913621265 0.691875 0.2350498338870432 0.6925 0.22591362126245848 0.705 0.22508305647840532 0.718125 0.23588039867109634 0.7275
1 0.53156146179402 0.72 0.5348837209302325 0.721875 0.5431893687707641 0.725 0.5523255813953488 0.723125 0.5614617940199336 0.716875 0.5647840531561462 0.704375 0.5564784053156147 0.69375 0.5448504983388704 0.69375 0.5307308970099668 0.705 0.5290697674418605 0.71375 0.53156146179402 0.72
0 0.8289036544850499 0.38625 0.872093023255814 0.37375 0.893687707641196 0.35875 0.9069767441860465 0.31625 0.8853820598006644 0.2875 0.8521594684385382 0.28 0.8039867109634552 0.28375 0.7857142857142857 0.29125 0.7691029900332226 0.3125 0.7691029900332226 0.3375 0.7674418604651163 0.35625 0.7790697674418605 0.37 0.7990033222591362 0.38125 0.8289036544850499 0.38625
1 0.627906976744186 0.43 0.6362126245847176 0.4175 0.6395348837209303 0.4 0.6196013289036545 0.39375 0.6029900332225914 0.4025 0.5930232558139535 0.41125 0.5913621262458472 0.43 0.6029900332225914 0.43625 0.627906976744186 0.43
1 0.6827242524916943 0.41375 0.6794019933554817 0.40375 0.6677740863787376 0.3925 0.6561461794019934 0.38875 0.6411960132890365 0.3875 0.6378737541528239 0.395 0.6445182724252492 0.40875 0.6411960132890365 0.42 0.6495016611295681 0.4275 0.6727574750830565 0.4275 0.6827242524916943 0.41375