0 0.44 0.3313953488372093 0.444375 0.33970099667774084 0.446875 0.35132890365448505 0.451875 0.3546511627906977 0.460625 0.3538205980066445 0.4675 0.3446843853820598 0.475625 0.32641196013289037 0.47625 0.3073089700996678 0.473125 0.2956810631229236 0.46625 0.28903654485049834 0.45625 0.28903654485049834 0.448125 0.2956810631229236 0.4425 0.3106312292358804 0.439375 0.3239202657807309 0.44 0.3313953488372093
0 0.4378125 0.21262458471760798 0.000625 0.0033222591362126247
0 0.431875 0.2030730897009967 0.00125 0.0008305647840531562
0 0.406875 0.20182724252491693 0.410625 0.19933554817275748 0.406875 0.19933554817275748 0.406875 0.20182724252491693
0 0.419375 0.1951827242524917 0.418125 0.19435215946843853 0.413125 0.1951827242524917 0.419375 0.1951827242524917
0 0.49125 0.5863787375415282 0.510625 0.5855481727574751 0.51625 0.5813953488372093 0.521875 0.5705980066445183 0.520625 0.5548172757475083 0.51625 0.5481727574750831 0.510625 0.5448504983388704 0.4925 0.5481727574750831 0.481875 0.5598006644518272 0.481875 0.5730897009966778 0.49125 0.5863787375415282
0 0.195 0.18106312292358803 0.209375 0.20348837209302326 0.22125 0.21345514950166114 0.23375 0.22009966777408638 0.246875 0.223421926910299 0.26625 0.223421926910299 0.285 0.21511627906976744 0.305 0.19435215946843853 0.314375 0.1719269102990033 0.316875 0.16029900332225913 0.318125 0.132890365448505 0.316875 0.11794019933554817 0.3125 0.10215946843853821 0.3075 0.09053156146179402 0.296875 0.07475083056478406 0.27625 0.05813953488372093 0.251875 0.053156146179401995 0.239375 0.054817275747508304 0.22125 0.06229235880398671 0.206875 0.0755813953488372 0.2 0.08554817275747509 0.191875 0.10215946843853821 0.1875 0.11794019933554817 0.1875 0.1569767441860465 0.195 0.18106312292358803
1 0.57375 0.5274086378737541 0.58125 0.5307308970099668 0.598125 0.5307308970099668 0.6025 0.5282392026578073 0.603125 0.5008305647840532 0.59375 0.4833887043189369 0.58 0.48006644518272423 0.574375 0.48172757475083056 0.566875 0.4883720930232558 0.566875 0.5141196013289037 0.57375 0.5274086378737541
1 0.47375 0.41362126245847175 0.479375 0.4210963455149502 0.4875 0.42524916943521596 0.495625 0.42358803986710963 0.5 0.4219269102990033 0.50625 0.4127906976744186 0.509375 0.3961794019933555 0.509375 0.3795681063122924 0.50625 0.3704318936877076 0.500625 0.3637873754152824 0.494375 0.36129568106312293 0.485 0.36212624584717606 0.475625 0.3696013289036545 0.470625 0.38289036544850497 0.470625 0.40448504983388706 0.47375 0.41362126245847175
1 0.209375 0.43023255813953487 0.219375 0.44933554817275745 0.225625 0.4543189368770764 0.251875 0.4526578073089701 0.259375 0.446843853820598 0.26625 0.436046511627907 0.264375 0.41362126245847175 0.256875 0.40282392026578073 0.25125 0.39867109634551495 0.2275 0.39700996677740863 0.21875 0.4019933554817276 0.211875 0.4119601328903654 0.209375 0.4161129568106312 0.209375 0.43023255813953487
1 0.45875 0.5622923588039868 0.468125 0.5631229235880398 0.480625 0.5589700996677741 0.4875 0.5523255813953488 0.4925 0.5431893687707641 0.495 0.5290697674418605 0.4925 0.5199335548172758 0.486875 0.5124584717607974 0.474375 0.5099667774086378 0.45875 0.5174418604651163 0.45 0.5357142857142857 0.45 0.553156146179402 0.45875 0.5622923588039868
1 0.26625 0.30980066445182725 0.271875 0.32142857142857145 0.283125 0.3280730897009967 0.299375 0.32059800664451826 0.305 0.30481727574750833 0.304375 0.292358803986711 0.3 0.2823920265780731 0.290625 0.2757475083056478 0.28125 0.2749169435215947 0.274375 0.2782392026578073 0.26875 0.2857142857142857 0.26625 0.2931893687707641 0.26625 0.30980066445182725
1 0.3075 0.617109634551495 0.315 0.6295681063122923 0.32 0.6320598006644518 0.328125 0.6303986710963455 0.34125 0.6129568106312292 0.3425 0.5930232558139535 0.335 0.5755813953488372 0.323125 0.5755813953488372 0.3175 0.579734219269103 0.31 0.5921926910299004 0.3075 0.6021594684385382 0.3075 0.617109634551495
1 0.3025 0.420265780730897 0.305 0.42857142857142855 0.311875 0.4393687707641196 0.32 0.44435215946843853 0.326875 0.44518272425249167 0.3375 0.44019933554817275 0.34125 0.43521594684385384 0.34375 0.4277408637873754 0.34375 0.41445182724252494 0.338125 0.4003322259136213 0.324375 0.3903654485049834 0.314375 0.3911960132890365 0.305 0.39867109634551495 0.3025 0.40780730897009965 0.3025 0.420265780730897
1 0.308125 0.5523255813953488 0.314375 0.5556478405315615 0.324375 0.5539867109634552 0.335 0.5456810631229236 0.343125 0.5348837209302325 0.345625 0.5299003322259136 0.34625 0.5166112956810631 0.3425 0.5091362126245847 0.33625 0.5033222591362126 0.32 0.5058139534883721 0.31 0.5166112956810631 0.304375 0.5332225913621262 0.30375 0.542358803986711 0.308125 0.5523255813953488
1 0.2325 0.6453488372093024 0.245 0.6519933554817275 0.254375 0.6503322259136213 0.259375 0.6453488372093024 0.261875 0.6403654485049833 0.264375 0.622093023255814 0.261875 0.6079734219269103 0.255625 0.5930232558139535 0.24625 0.5863787375415282 0.234375 0.5880398671096345 0.225 0.6046511627906976 0.224375 0.6270764119601329 0.2325 0.6453488372093024
1 0.351875 0.6312292358803987 0.3625 0.6370431893687708 0.374375 0.6378737541528239 0.381875 0.6345514950166113 0.389375 0.6229235880398671 0.389375 0.6088039867109635 0.37875 0.5930232558139535 0.3625 0.584717607973422 0.354375 0.584717607973422 0.344375 0.5913621262458472 0.34375 0.6137873754152824 0.351875 0.6312292358803987
1 0.263125 0.6121262458471761 0.26875 0.6162790697674418 0.278125 0.6146179401993356 0.29125 0.6021594684385382 0.3 0.5880398671096345 0.304375 0.5705980066445183 0.30375 0.5614617940199336 0.295625 0.5523255813953488 0.27875 0.5523255813953488 0.260625 0.5780730897009967 0.258125 0.5946843853820598 0.263125 0.6121262458471761
1 0.58375 0.6578073089700996 0.598125 0.6694352159468439 0.608125 0.6694352159468439 0.614375 0.665282392026578 0.62 0.659468438538206 0.6225 0.6519933554817275 0.623125 0.6470099667774086 0.62 0.6370431893687708 0.605 0.6237541528239202 0.591875 0.6237541528239202 0.581875 0.632890365448505 0.58 0.6428571428571429 0.58375 0.6578073089700996
1 0.45875 0.4750830564784053 0.463125 0.4833887043189369 0.475625 0.49335548172757476 0.495 0.4900332225913621 0.504375 0.4850498338870432 0.509375 0.47840531561461797 0.50875 0.4634551495016611 0.503125 0.45514950166112955 0.49125 0.4476744186046512 0.47625 0.4476744186046512 0.465 0.45514950166112955 0.46125 0.46096345514950166 0.45875 0.46677740863787376 0.45875 0.4750830564784053
1 0.40125 0.3521594684385382 0.40875 0.36627906976744184 0.429375 0.3787375415282392 0.433125 0.3787375415282392 0.439375 0.3729235880398671 0.446875 0.35714285714285715 0.446875 0.3504983388704319 0.444375 0.34634551495016613 0.444375 0.34136212624584716 0.436875 0.3280730897009967 0.425625 0.32059800664451826 0.415625 0.31976744186046513 0.406875 0.3239202657807309 0.40375 0.329734219269103 0.40125 0.3372093023255814 0.40125 0.3521594684385382
1 0.548125 0.34136212624584716 0.5575 0.34634551495016613 0.573125 0.3438538205980066 0.585 0.3338870431893688 0.591875 0.32059800664451826 0.593125 0.3106312292358804 0.591875 0.29900332225913623 0.588125 0.28820598006644516 0.58625 0.28488372093023256 0.578125 0.2807308970099668 0.566875 0.2807308970099668 0.5575 0.28488372093023256 0.545625 0.29651162790697677 0.540625 0.3081395348837209 0.540625 0.3313953488372093 0.548125 0.34136212624584716
1 0.4875 0.5813953488372093 0.49375 0.5855481727574751 0.51125 0.5855481727574751 0.52125 0.5722591362126246 0.520625 0.5548172757475083 0.51125 0.5456810631229236 0.505 0.5448504983388704 0.49375 0.5481727574750831 0.483125 0.5581395348837209 0.483125 0.574750830564784 0.4875 0.5813953488372093
1 0.2625 0.40780730897009965 0.27125 0.420265780730897 0.28375 0.42441860465116277 0.289375 0.4219269102990033 0.2975 0.4119601328903654 0.30125 0.40282392026578073 0.301875 0.38289036544850497 0.296875 0.36794019933554817 0.288125 0.35714285714285715 0.2825 0.3538205980066445 0.275 0.3538205980066445 0.26875 0.35714285714285715 0.2625 0.36794019933554817 0.260625 0.3770764119601329 0.26 0.3911960132890365 0.2625 0.40780730897009965
1 0.5625 0.5647840531561462 0.565625 0.5705980066445183 0.57375 0.5764119601328903 0.578125 0.5764119601328903 0.584375 0.5714285714285714 0.58875 0.5614617940199336 0.58875 0.5415282392026578 0.583125 0.5332225913621262 0.57625 0.5290697674418605 0.5675 0.5307308970099668 0.5625 0.5373754152823921 0.560625 0.5539867109634552 0.5625 0.5647840531561462
1 0.2025 0.75 0.209375 0.7583056478405316 0.21875 0.7616279069767442 0.228125 0.7599667774086378 0.235625 0.7541528239202658 0.24375 0.7433554817275747 0.24625 0.7350498338870431 0.243125 0.7200996677740864 0.235 0.7109634551495017 0.22875 0.7084717607973422 0.215625 0.7109634551495017 0.20125 0.7259136212624585 0.2 0.7408637873754153 0.2025 0.75
1 0.223125 0.4941860465116279 0.236875 0.5083056478405316 0.24875 0.5083056478405316 0.256875 0.49916943521594687 0.256875 0.4742524916943522 0.25 0.46096345514950166 0.245 0.45598006644518274 0.235625 0.45514950166112955 0.22875 0.457641196013289 0.220625 0.47259136212624586 0.22 0.4833887043189369 0.223125 0.4941860465116279
1 0.645625 0.670265780730897 0.65125 0.675249169435216 0.65875 0.675249169435216 0.6725 0.6602990033222591 0.675625 0.6495016611295681 0.675 0.632890365448505 0.6675 0.6237541528239202 0.659375 0.622093023255814 0.6525 0.6262458471760798 0.6475 0.632890365448505 0.6425 0.6470099667774086 0.641875 0.6586378737541528 0.645625 0.670265780730897
1 0.275625 0.7882059800664452 0.284375 0.8014950166112956 0.290625 0.8048172757475083 0.30125 0.8048172757475083 0.3075 0.8014950166112956 0.3125 0.7931893687707641 0.3125 0.7757475083056479 0.301875 0.7616279069767442 0.293125 0.7549833887043189 0.285625 0.7541528239202658 0.275625 0.7649501661129569 0.27375 0.7724252491694352 0.275625 0.7882059800664452
1 0.264375 0.47259136212624586 0.274375 0.48754152823920266 0.285625 0.4941860465116279 0.296875 0.489202657807309 0.30375 0.48172757475083056 0.304375 0.45598006644518274 0.30125 0.4476744186046512 0.290625 0.43438538205980065 0.283125 0.43023255813953487 0.27625 0.43106312292358806 0.264375 0.4410299003322259 0.2625 0.44601328903654486 0.261875 0.4584717607973422 0.264375 0.47259136212624586
1 0.3075 0.728405315614618 0.3175 0.7441860465116279 0.335625 0.7541528239202658 0.345 0.7541528239202658 0.3525 0.75 0.355625 0.7441860465116279 0.355625 0.7217607973421927 0.3425 0.7051495016611296 0.333125 0.6993355481727574 0.324375 0.6976744186046512 0.315 0.7018272425249169 0.309375 0.707641196013289 0.3075 0.7134551495016611 0.3075 0.728405315614618
1 0.448125 0.43438538205980065 0.4525 0.44019933554817275 0.4625 0.44435215946843853 0.47 0.4410299003322259 0.474375 0.4269102990033223 0.470625 0.40282392026578073 0.46375 0.39368770764119604 0.455 0.38704318936877075 0.448125 0.38787375415282394 0.44 0.3978405315614618 0.440625 0.41943521594684385 0.448125 0.43438538205980065
1 0.381875 0.5971760797342193 0.39125 0.6112956810631229 0.403125 0.6179401993355482 0.415 0.617109634551495 0.421875 0.6121262458471761 0.425 0.6046511627906976 0.425 0.5938538205980066 0.421875 0.5822259136212624 0.415 0.5722591362126246 0.405 0.5631229235880398 0.39875 0.5606312292358804 0.386875 0.5622923588039868 0.379375 0.5722591362126246 0.379375 0.5897009966777409 0.381875 0.5971760797342193
1 0.409375 0.3023255813953488 0.414375 0.3081395348837209 0.431875 0.3073089700996678 0.43625 0.303156146179402 0.441875 0.2915282392026578 0.441875 0.26744186046511625 0.4325 0.2558139534883721 0.418125 0.2558139534883721 0.410625 0.26411960132890366 0.406875 0.27325581395348836 0.40625 0.29401993355481726 0.409375 0.3023255813953488
1 0.3725 0.4792358803986711 0.379375 0.4950166112956811 0.389375 0.5016611295681063 0.40125 0.49916943521594687 0.40375 0.4958471760797342 0.406875 0.48255813953488375 0.40625 0.4676079734219269 0.40125 0.45598006644518274 0.39375 0.446843853820598 0.390625 0.44601328903654486 0.381875 0.4476744186046512 0.375 0.45598006644518274 0.3725 0.4634551495016611 0.3725 0.4792358803986711
1 0.2575 0.5431893687707641 0.265 0.5473421926910299 0.28 0.5481727574750831 0.288125 0.5431893687707641 0.293125 0.532392026578073 0.293125 0.5224252491694352 0.29125 0.5182724252491694 0.27875 0.5058139534883721 0.26625 0.5049833887043189 0.255 0.5116279069767442 0.250625 0.5174418604651163 0.250625 0.53156146179402 0.2575 0.5431893687707641
1 0.27125 0.6710963455149501 0.275 0.6760797342192691 0.284375 0.6843853820598007 0.29 0.686046511627907 0.305 0.675249169435216 0.3075 0.6677740863787376 0.3075 0.6470099667774086 0.3 0.632890365448505 0.28875 0.6262458471760798 0.28125 0.6262458471760798 0.271875 0.6320598006644518 0.26875 0.6387043189368771 0.26625 0.6528239202657807 0.27125 0.6710963455149501
1 0.521875 0.5664451827242525 0.524375 0.5730897009966778 0.5325 0.5813953488372093 0.540625 0.5813953488372093 0.55125 0.5730897009966778 0.555625 0.5681063122923588 0.560625 0.5556478405315615 0.560625 0.5456810631229236 0.55625 0.5357142857142857 0.548125 0.5290697674418605 0.538125 0.5290697674418605 0.524375 0.5481727574750831 0.521875 0.5564784053156147 0.521875 0.5664451827242525
1 0.40125 0.41777408637873753 0.406875 0.42358803986710963 0.410625 0.4260797342192691 0.42375 0.42524916943521596 0.429375 0.4227574750830565 0.43625 0.41362126245847175 0.438125 0.40448504983388706 0.436875 0.39368770764119604 0.43375 0.3862126245847176 0.424375 0.37624584717607973 0.415625 0.37209302325581395 0.408125 0.37209302325581395 0.4 0.37624584717607973 0.39375 0.38289036544850497 0.39375 0.40282392026578073 0.40125 0.41777408637873753
1 0.445625 0.3480066445182724 0.45 0.35299003322259137 0.458125 0.3538205980066445 0.46375 0.3504983388704319 0.473125 0.3330564784053156 0.475625 0.3230897009966777 0.475625 0.30398671096345514 0.4675 0.2898671096345515 0.4575 0.28903654485049834 0.4475 0.2973421926910299 0.441875 0.31561461794019935 0.440625 0.3313953488372093 0.445625 0.3480066445182724
1 0.206875 0.6893687707641196 0.225 0.7001661129568106 0.23375 0.6993355481727574 0.240625 0.6918604651162791 0.243125 0.6810631229235881 0.2425 0.6661129568106312 0.23375 0.6478405315614618 0.21875 0.6370431893687708 0.209375 0.6370431893687708 0.2 0.6470099667774086 0.19875 0.6644518272425249 0.206875 0.6893687707641196
1 0.47625 0.6312292358803987 0.491875 0.6337209302325582 0.50125 0.6295681063122923 0.508125 0.6212624584717608 0.513125 0.6137873754152824 0.514375 0.6013289036544851 0.513125 0.5946843853820598 0.50875 0.5880398671096345 0.4925 0.5863787375415282 0.48125 0.5930232558139535 0.47375 0.6054817275747508 0.473125 0.622093023255814 0.47625 0.6312292358803987
1 0.41375 0.5705980066445183 0.425 0.5780730897009967 0.431875 0.5780730897009967 0.441875 0.5705980066445183 0.441875 0.5456810631229236 0.43125 0.53156146179402 0.42 0.5274086378737541 0.41125 0.5274086378737541 0.40375 0.5307308970099668 0.400625 0.5390365448504983 0.400625 0.5548172757475083 0.41375 0.5705980066445183
1 0.600625 0.53156146179402 0.600625 0.5373754152823921 0.608125 0.5514950166112956 0.613125 0.5539867109634552 0.62 0.553156146179402 0.62625 0.5473421926910299 0.63125 0.5382059800664452 0.634375 0.5249169435215947 0.633125 0.5099667774086378 0.62875 0.5 0.62 0.49667774086378735 0.61125 0.4983388704318937 0.605 0.5041528239202658 0.605 0.5199335548172758 0.600625 0.53156146179402
1 0.255 0.7134551495016611 0.263125 0.7200996677740864 0.27875 0.7200996677740864 0.285625 0.7151162790697675 0.290625 0.7068106312292359 0.29125 0.6893687707641196 0.2725 0.6735880398671097 0.2575 0.6785714285714286 0.250625 0.6901993355481728 0.250625 0.7051495016611296 0.255 0.7134551495016611
1 0.389375 0.7882059800664452 0.39375 0.7931893687707641 0.40375 0.7973421926910299 0.415625 0.7940199335548173 0.42875 0.7699335548172758 0.429375 0.7483388704318937 0.4275 0.7400332225913622 0.415 0.7242524916943521 0.40625 0.7225913621262459 0.39875 0.7259136212624585 0.39125 0.7333887043189369 0.385625 0.7458471760797342 0.384375 0.7724252491694352 0.389375 0.7882059800664452
1 0.4325 0.6162790697674418 0.443125 0.6295681063122923 0.45 0.632890365448505 0.461875 0.632890365448505 0.466875 0.6303986710963455 0.470625 0.6237541528239202 0.470625 0.6013289036544851 0.4675 0.5930232558139535 0.4575 0.579734219269103 0.44875 0.5755813953488372 0.440625 0.5764119601328903 0.435 0.579734219269103 0.43 0.5897009966777409 0.429375 0.5988372093023255 0.4325 0.6162790697674418
1 0.413125 0.9410299003322259 0.419375 0.9493355481727574 0.4275 0.9543189368770764 0.44 0.9551495016611296 0.451875 0.9501661129568106 0.460625 0.9401993355481728 0.463125 0.9318936877076412 0.463125 0.9219269102990033 0.45625 0.9111295681063123 0.445 0.9061461794019934 0.43625 0.9061461794019934 0.4225 0.9127906976744186 0.41375 0.9277408637873754 0.411875 0.9352159468438538 0.413125 0.9410299003322259
1 0.506875 0.5398671096345515 0.511875 0.5440199335548173 0.525625 0.5440199335548173 0.539375 0.5240863787375415 0.540625 0.5041528239202658 0.535625 0.4958471760797342 0.52125 0.4950166112956811 0.510625 0.5033222591362126 0.503125 0.5182724252491694 0.501875 0.5290697674418605 0.506875 0.5398671096345515
1 0.446875 0.803156146179402 0.45375 0.8081395348837209 0.461875 0.8081395348837209 0.470625 0.8023255813953488 0.476875 0.7832225913621262 0.475625 0.7574750830564784 0.470625 0.75 0.46125 0.7433554817275747 0.451875 0.7441860465116279 0.440625 0.7549833887043189 0.438125 0.7649501661129569 0.438125 0.7848837209302325 0.446875 0.803156146179402
1 0.40125 0.2159468438538206 0.40375 0.22425249169435216 0.409375 0.23255813953488372 0.43125 0.24501661129568106 0.434375 0.2441860465116279 0.439375 0.23754152823920266 0.441875 0.2292358803986711 0.441875 0.22009966777408638 0.4375 0.2059800664451827 0.431875 0.19933554817275748 0.425 0.19435215946843853 0.41375 0.19352159468438537 0.406875 0.19684385382059802 0.404375 0.2009966777408638 0.40125 0.20930232558139536 0.40125 0.2159468438538206
1 0.25 0.9460132890365448 0.259375 0.9518272425249169 0.273125 0.9493355481727574 0.280625 0.9418604651162791 0.285625 0.9327242524916943 0.283125 0.9177740863787376 0.275625 0.9111295681063123 0.2625 0.9111295681063123 0.2575 0.9136212624584718 0.251875 0.9194352159468439 0.2475 0.9285714285714286 0.246875 0.9343853820598007 0.25 0.9460132890365448
1 0.483125 0.7906976744186046 0.495 0.7990033222591362 0.508125 0.7940199335548173 0.51375 0.7790697674418605 0.513125 0.7616279069767442 0.508125 0.7508305647840532 0.495 0.7416943521594684 0.489375 0.7416943521594684 0.480625 0.7483388704318937 0.478125 0.7533222591362126 0.478125 0.7790697674418605 0.483125 0.7906976744186046