1 0.2994579945799458 0.441875 0.3346883468834688 0.441875 0.34552845528455284 0.435 0.3428184281842818 0.4275 0.32926829268292684 0.425 0.31029810298102983 0.425 0.2940379403794038 0.43 0.29132791327913277 0.438125 0.2994579945799458 0.441875
1 0.22086720867208673 0.571875 0.2506775067750677 0.571875 0.26151761517615174 0.5675 0.26151761517615174 0.56375 0.2506775067750677 0.558125 0.21544715447154472 0.5575 0.20596205962059622 0.56125 0.20596205962059622 0.568125 0.22086720867208673 0.571875
1 0.8834688346883469 0.435 0.907859078590786 0.434375 0.924119241192412 0.42875 0.924119241192412 0.420625 0.9105691056910569 0.415625 0.8861788617886179 0.415625 0.8699186991869918 0.420625 0.8699186991869918 0.43 0.8834688346883469 0.435
1 0.8780487804878049 0.51375 0.8943089430894309 0.51875 0.9132791327913279 0.51875 0.926829268292683 0.514375 0.926829268292683 0.50625 0.9132791327913279 0.50125 0.8888888888888888 0.50125 0.8739837398373984 0.505625 0.8726287262872628 0.51 0.8780487804878049 0.51375
1 0.29471544715447157 0.6984375 0.044715447154471545 0.019375
1 0.8685636856368564 0.3825 0.8834688346883469 0.389375 0.8807588075880759 0.39625 0.8726287262872628 0.39875 0.8509485094850948 0.3975 0.8373983739837398 0.391875 0.8414634146341463 0.385625 0.8509485094850948 0.383125 0.8672086720867209 0.3825
1 0.42953929539295393 0.589375 0.43766937669376693 0.590625 0.44308943089430897 0.59875 0.43766937669376693 0.6025 0.42140921409214094 0.605 0.4024390243902439 0.60375 0.3943089430894309 0.595 0.4065040650406504 0.590625 0.4281842818428184 0.589375
1 0.008130081300813009 0.639375 0.018970189701897018 0.645 0.02032520325203252 0.654375 0.0040650406504065045 0.659375 0 0.659375 0 0.64 0.006775067750677507 0.639375
1 0.453929539295393 0.58375 0.46747967479674796 0.58625 0.4742547425474255 0.59125 0.47289972899729 0.596875 0.462059620596206 0.599375 0.44579945799457993 0.599375 0.43766937669376693 0.590625 0.44037940379403795 0.585625 0.45257452574525747 0.58375
1 0.24254742547425473 0.445 0.25203252032520324 0.45 0.25203252032520324 0.45625 0.23983739837398374 0.460625 0.21002710027100271 0.459375 0.1991869918699187 0.455 0.1978319783197832 0.450625 0.20596205962059622 0.445625 0.2127371273712737 0.444375 0.24119241192411925 0.445
1 0.22628726287262874 0.558125 0.2506775067750677 0.55875 0.26151761517615174 0.56375 0.26151761517615174 0.568125 0.24390243902439024 0.573125 0.21544715447154472 0.57125 0.20596205962059622 0.5675 0.2046070460704607 0.56375 0.2086720867208672 0.560625 0.21951219512195122 0.5575 0.22493224932249323 0.558125
1 0.2032520325203252 0.423125 0.21951219512195122 0.425 0.23170731707317074 0.43 0.23035230352303523 0.43875 0.2181571815718157 0.4425 0.2073170731707317 0.4425 0.1910569105691057 0.439375 0.18292682926829268 0.435 0.1842818428184282 0.426875 0.19241192411924118 0.42375 0.2018970189701897 0.423125
1 0.5121951219512195 0.48625 0.524390243902439 0.48875 0.5298102981029811 0.49375 0.5284552845528455 0.5025 0.513550135501355 0.508125 0.4986449864498645 0.5075 0.4905149051490515 0.501875 0.4932249322493225 0.490625 0.5013550135501355 0.486875 0.510840108401084 0.48625
1 0.497289972899729 0.383125 0.5040650406504065 0.38625 0.505420054200542 0.394375 0.5013550135501355 0.398125 0.4878048780487805 0.4025 0.47696476964769646 0.401875 0.46883468834688347 0.39875 0.46747967479674796 0.389375 0.470189701897019 0.38625 0.483739837398374 0.381875 0.4959349593495935 0.383125
1 0.8888888888888888 0.369375 0.8983739837398373 0.370625 0.9065040650406504 0.37625 0.9051490514905149 0.38375 0.8956639566395664 0.3875 0.8834688346883469 0.386875 0.8658536585365854 0.38 0.8685636856368564 0.3725 0.8780487804878049 0.369375 0.8875338753387534 0.369375
1 0.2940379403794038 0.336875 0.31029810298102983 0.341875 0.31029810298102983 0.345625 0.3008130081300813 0.350625 0.28184281842818426 0.3525 0.2669376693766938 0.34875 0.2669376693766938 0.344375 0.2750677506775068 0.33875 0.2926829268292683 0.336875
1 0.8238482384823849 0.415625 0.8373983739837398 0.420625 0.8401084010840109 0.42875 0.8360433604336044 0.435 0.8224932249322493 0.439375 0.8048780487804879 0.43875 0.7953929539295393 0.431875 0.7994579945799458 0.42125 0.8062330623306233 0.418125 0.8224932249322493 0.415625
1 0.13956639566395665 0.491875 0.14769647696476965 0.4975 0.14769647696476965 0.505 0.14498644986449866 0.508125 0.13550135501355012 0.510625 0.11788617886178862 0.51 0.1111111111111111 0.505 0.1111111111111111 0.499375 0.11517615176151762 0.495 0.12466124661246612 0.49125 0.13821138211382114 0.491875
1 0.3997289972899729 0.4775 0.4078590785907859 0.480625 0.4092140921409214 0.48875 0.4037940379403794 0.494375 0.39295392953929537 0.4975 0.3807588075880759 0.4975 0.37262872628726285 0.495625 0.36585365853658536 0.49125 0.36585365853658536 0.485 0.37669376693766937 0.478125 0.3983739837398374 0.4775
1 0.2073170731707317 0.535 0.21544715447154472 0.538125 0.21951219512195122 0.543125 0.21544715447154472 0.55125 0.2073170731707317 0.55375 0.19647696476964768 0.55375 0.1897018970189702 0.551875 0.18157181571815717 0.548125 0.17479674796747968 0.539375 0.17750677506775067 0.535 0.18292682926829268 0.53375 0.19647696476964768 0.533125 0.20596205962059622 0.535
1 0.25745257452574527 0.463125 0.27371273712737126 0.465625 0.2791327913279133 0.46875 0.2764227642276423 0.47625 0.2588075880758808 0.48 0.24119241192411925 0.47875 0.23306233062330622 0.47375 0.23712737127371275 0.466875 0.25609756097560976 0.463125
1 0.7262872628726287 0.6325 0.7357723577235772 0.63375 0.7479674796747967 0.641875 0.7479674796747967 0.6475 0.7439024390243902 0.650625 0.7303523035230353 0.653125 0.7168021680216802 0.65125 0.7046070460704607 0.64375 0.7046070460704607 0.6375 0.7086720867208672 0.634375 0.7249322493224932 0.6325
1 0.5785907859078591 0.48125 0.592140921409214 0.48375 0.6043360433604336 0.49125 0.6029810298102981 0.50125 0.592140921409214 0.505 0.5704607046070461 0.504375 0.5582655826558266 0.495625 0.5609756097560976 0.485 0.5663956639566395 0.4825 0.5772357723577236 0.48125
1 0.8550135501355014 0.355625 0.8699186991869918 0.36 0.8726287262872628 0.366875 0.8644986449864499 0.371875 0.8482384823848238 0.375625 0.8265582655826558 0.373125 0.8197831978319783 0.369375 0.8197831978319783 0.363125 0.8265582655826558 0.35875 0.8387533875338753 0.355625 0.8536585365853658 0.355625
1 0.15718157181571815 0.590625 0.16531165311653118 0.594375 0.16531165311653118 0.600625 0.16124661246612465 0.604375 0.14905149051490515 0.60875 0.13279132791327913 0.61 0.12601626016260162 0.609375 0.12059620596205962 0.605625 0.12330623306233063 0.5975 0.13685636856368563 0.59125 0.15582655826558264 0.590625
1 0.2859078590785908 0.418125 0.2750677506775068 0.40875 0.2764227642276423 0.4 0.2859078590785908 0.39375 0.3062330623306233 0.395 0.3130081300813008 0.40125 0.3130081300813008 0.40875 0.3062330623306233 0.416875 0.2872628726287263 0.418125
1 0.3997289972899729 0.573125 0.41192411924119243 0.57875 0.4132791327913279 0.58625 0.4078590785907859 0.590625 0.39295392953929537 0.595 0.37533875338753386 0.59 0.3712737127371274 0.580625 0.38346883468834686 0.573125 0.3983739837398374 0.573125
1 0.3008130081300813 0.645625 0.3062330623306233 0.649375 0.3062330623306233 0.656875 0.2981029810298103 0.661875 0.28319783197831977 0.665 0.2682926829268293 0.665 0.26422764227642276 0.663125 0.2601626016260163 0.6575 0.26151761517615174 0.65375 0.26558265582655827 0.65 0.2777777777777778 0.645625 0.2872628726287263 0.644375 0.2994579945799458 0.645625
1 0.46747967479674796 0.64625 0.4742547425474255 0.646875 0.47831978319783197 0.649375 0.483739837398374 0.658125 0.4823848238482385 0.666875 0.4715447154471545 0.67125 0.45663956639566394 0.669375 0.44850948509485095 0.665 0.4444444444444444 0.65875 0.44986449864498645 0.65 0.45528455284552843 0.6475 0.46612466124661245 0.64625
1 0.5853658536585366 0.618125 0.037940379403794036 0.025
1 0.24661246612466126 0.658125 0.2588075880758808 0.66375 0.2588075880758808 0.670625 0.24932249322493225 0.674375 0.22764227642276422 0.673125 0.22086720867208673 0.67125 0.2140921409214092 0.665625 0.21544715447154472 0.661875 0.22086720867208673 0.659375 0.22899728997289973 0.6575 0.24525745257452575 0.658125
1 0.37398373983739835 0.35875 0.3861788617886179 0.36 0.3997289972899729 0.36875 0.3997289972899729 0.37375 0.3902439024390244 0.376875 0.3685636856368564 0.375625 0.35772357723577236 0.37 0.35772357723577236 0.3625 0.3617886178861789 0.36 0.37262872628726285 0.35875
1 0.37262872628726285 0.62875 0.3821138211382114 0.630625 0.3861788617886179 0.640625 0.38346883468834686 0.645 0.3712737127371274 0.64875 0.3523035230352303 0.6475 0.34417344173441733 0.64375 0.34010840108401086 0.636875 0.34146341463414637 0.63375 0.34959349593495936 0.63 0.3712737127371274 0.62875
1 0.3685636856368564 0.50875 0.3794037940379404 0.510625 0.3888888888888889 0.516875 0.3875338753387534 0.525 0.3780487804878049 0.5275 0.35365853658536583 0.52625 0.34146341463414637 0.52125 0.34417344173441733 0.5125 0.35365853658536583 0.509375 0.36720867208672087 0.50875
1 0.26287262872628725 0.348125 0.2696476964769648 0.350625 0.2750677506775068 0.359375 0.27235772357723576 0.365625 0.26558265582655827 0.369375 0.24932249322493225 0.368125 0.23848238482384823 0.359375 0.24390243902439024 0.349375 0.2506775067750677 0.3475 0.26151761517615174 0.348125
1 0.4010840108401084 0.603125 0.4092140921409214 0.6075 0.4078590785907859 0.615625 0.3956639566395664 0.62 0.3821138211382114 0.62125 0.36585365853658536 0.619375 0.36314363143631434 0.616875 0.36585365853658536 0.608125 0.3699186991869919 0.605625 0.3875338753387534 0.601875 0.3997289972899729 0.603125
1 0.4986449864498645 0.22375 0.510840108401084 0.226875 0.5176151761517616 0.23125 0.518970189701897 0.240625 0.513550135501355 0.243125 0.4905149051490515 0.24125 0.47831978319783197 0.235 0.4796747967479675 0.2275 0.4905149051490515 0.22375 0.497289972899729 0.22375
1 0.1991869918699187 0.458125 0.21002710027100271 0.4625 0.21138211382113822 0.46875 0.2005420054200542 0.475 0.1856368563685637 0.476875 0.17073170731707318 0.475625 0.16531165311653118 0.470625 0.16531165311653118 0.465 0.17750677506775067 0.459375 0.1978319783197832 0.458125
1 0.535230352303523 0.375625 0.5501355013550135 0.38 0.5501355013550135 0.384375 0.5420054200542005 0.389375 0.5271002710027101 0.391875 0.510840108401084 0.39125 0.505420054200542 0.383125 0.516260162601626 0.376875 0.5338753387533876 0.375625
1 0.7506775067750677 0.469375 0.7588075880758808 0.47625 0.7547425474254743 0.483125 0.7425474254742548 0.4875 0.7289972899728997 0.48875 0.7154471544715447 0.4875 0.7100271002710027 0.48375 0.7086720867208672 0.476875 0.7208672086720868 0.47 0.7493224932249323 0.469375
1 0.4634146341463415 0.398125 0.47289972899729 0.400625 0.47696476964769646 0.405 0.47560975609756095 0.410625 0.46612466124661245 0.414375 0.44308943089430897 0.41125 0.4349593495934959 0.404375 0.44173441734417346 0.398125 0.45257452574525747 0.396875 0.462059620596206 0.398125
1 0.4173441734417344 0.623125 0.4241192411924119 0.628125 0.4241192411924119 0.63625 0.4186991869918699 0.643125 0.4105691056910569 0.645 0.3902439024390244 0.6425 0.3875338753387534 0.63125 0.3956639566395664 0.625625 0.4065040650406504 0.623125 0.4159891598915989 0.623125
1 0.2506775067750677 0.54125 0.25474254742547425 0.543125 0.25609756097560976 0.55125 0.25203252032520324 0.556875 0.24390243902439024 0.559375 0.22086720867208673 0.5575 0.2181571815718157 0.548125 0.23035230352303523 0.54125 0.24932249322493225 0.54125
1 0.17886178861788618 0.478125 0.1951219512195122 0.479375 0.20596205962059622 0.484375 0.2032520325203252 0.495 0.1910569105691057 0.4975 0.17750677506775067 0.4975 0.16531165311653118 0.495 0.15718157181571815 0.489375 0.15718157181571815 0.48375 0.16124661246612465 0.480625 0.17750677506775067 0.478125
1 0.20596205962059622 0.389375 0.2181571815718157 0.39375 0.2222222222222222 0.399375 0.22086720867208673 0.404375 0.2086720867208672 0.408125 0.1937669376693767 0.4075 0.1802168021680217 0.4 0.1802168021680217 0.395625 0.18699186991869918 0.390625 0.2046070460704607 0.389375
1 0.481029810298103 0.56875 0.4878048780487805 0.57375 0.48644986449864497 0.58125 0.481029810298103 0.584375 0.46612466124661245 0.58625 0.44850948509485095 0.5825 0.4444444444444444 0.5775 0.44579945799457993 0.573125 0.46070460704607047 0.56875 0.4796747967479675 0.56875
1 0.8915989159891599 0.401875 0.8970189701897019 0.405 0.8943089430894309 0.413125 0.8685636856368564 0.420625 0.8523035230352304 0.418125 0.8495934959349594 0.415625 0.8523035230352304 0.40625 0.8658536585365854 0.400625 0.8834688346883469 0.4 0.8902439024390244 0.401875
1 0.34010840108401086 0.31125 0.3523035230352303 0.314375 0.35365853658536583 0.32125 0.34959349593495936 0.325 0.33875338753387535 0.328125 0.3238482384823848 0.328125 0.31029810298102983 0.321875 0.31029810298102983 0.318125 0.3170731707317073 0.31375 0.33875338753387535 0.31125
1 0.535230352303523 0.541875 0.540650406504065 0.546875 0.5392953929539296 0.553125 0.532520325203252 0.558125 0.5203252032520326 0.560625 0.508130081300813 0.560625 0.5013550135501355 0.5575 0.4986449864498645 0.546875 0.502710027100271 0.5425 0.510840108401084 0.54 0.5284552845528455 0.539375 0.5338753387533876 0.541875
1 0.5149051490514905 0.52 0.524390243902439 0.521875 0.5298102981029811 0.525625 0.5298102981029811 0.5325 0.5230352303523035 0.5375 0.5040650406504065 0.540625 0.4905149051490515 0.5375 0.4878048780487805 0.534375 0.4878048780487805 0.529375 0.494579945799458 0.523125 0.513550135501355 0.520625
1 0.4634146341463415 0.36625 0.47696476964769646 0.3725 0.47696476964769646 0.379375 0.46612466124661245 0.388125 0.45257452574525747 0.38875 0.43766937669376693 0.384375 0.4349593495934959 0.3775 0.44308943089430897 0.369375 0.45257452574525747 0.36625 0.462059620596206 0.36625
1 0.9051490514905149 0.415625 0.9214092140921409 0.41875 0.9254742547425474 0.421875 0.9254742547425474 0.426875 0.9186991869918699 0.431875 0.9024390243902439 0.435 0.8807588075880759 0.434375 0.8712737127371274 0.43 0.8685636856368564 0.425 0.8780487804878049 0.418125 0.8888888888888888 0.415625 0.9037940379403794 0.415625
1 0.8279132791327913 0.5325 0.8373983739837398 0.533125 0.8468834688346883 0.536875 0.8495934959349594 0.539375 0.8468834688346883 0.54625 0.8319783197831978 0.549375 0.8062330623306233 0.54625 0.8021680216802168 0.543125 0.8035230352303523 0.53625 0.8130081300813008 0.533125 0.8265582655826558 0.533125
1 0.540650406504065 0.56375 0.5501355013550135 0.566875 0.551490514905149 0.57375 0.5460704607046071 0.578125 0.532520325203252 0.58125 0.5094850948509485 0.578125 0.5040650406504065 0.575625 0.5040650406504065 0.571875 0.5176151761517616 0.564375 0.5392953929539296 0.56375
1 0.6612466124661247 0.654375 0.6680216802168022 0.66125 0.6666666666666666 0.669375 0.6626016260162602 0.671875 0.6409214092140921 0.675625 0.6314363143631436 0.675 0.6260162601626016 0.671875 0.6246612466124661 0.66125 0.6409214092140921 0.654375 0.6598915989159891 0.654375
1 0.26287262872628725 0.626875 0.27100271002710025 0.6325 0.27235772357723576 0.640625 0.2696476964769648 0.64375 0.2588075880758808 0.646875 0.24796747967479674 0.646875 0.24119241192411925 0.645 0.23441734417344173 0.635 0.24525745257452575 0.6275 0.26151761517615174 0.626875
1 0.44173441734417346 0.46875 0.44715447154471544 0.471875 0.44579945799457993 0.4825 0.4281842818428184 0.486875 0.4132791327913279 0.48625 0.4092140921409214 0.4825 0.4105691056910569 0.476875 0.42140921409214094 0.469375 0.44037940379403795 0.46875
1 0.6219512195121951 0.590625 0.6395663956639567 0.59625 0.6436314363143631 0.60125 0.6409214092140921 0.606875 0.6300813008130082 0.61 0.6084010840108401 0.60875 0.5934959349593496 0.600625 0.5934959349593496 0.595 0.5975609756097561 0.591875 0.6205962059620597 0.590625
1 0.4905149051490515 0.4425 0.494579945799458 0.445 0.494579945799458 0.45 0.489159891598916 0.455 0.481029810298103 0.45875 0.46612466124661245 0.46 0.44308943089430897 0.45625 0.44579945799457993 0.44875 0.46476964769647694 0.44125 0.4742547425474255 0.440625 0.489159891598916 0.4425
1 0.7012195121951219 0.334375 0.044715447154471545 0.0175
1 0.6436314363143631 0.36125 0.6517615176151762 0.35875 0.6666666666666666 0.35875 0.6747967479674797 0.36125 0.6747967479674797 0.373125 0.6720867208672087 0.37625 0.6626016260162602 0.379375 0.6490514905149052 0.379375 0.6368563685636857 0.375 0.6341463414634146 0.369375 0.6436314363143631 0.361875
1 0.6585365853658537 0.615 0.6653116531165312 0.62 0.6653116531165312 0.630625 0.6571815718157181 0.635625 0.6504065040650406 0.636875 0.6436314363143631 0.636875 0.6327913279132791 0.633125 0.6273712737127372 0.621875 0.6355013550135501 0.615625 0.6449864498644986 0.61375 0.6571815718157181 0.615
1 0.5487804878048781 0.3175 0.5636856368563685 0.320625 0.5650406504065041 0.33 0.5609756097560976 0.335 0.5460704607046071 0.34 0.532520325203252 0.339375 0.524390243902439 0.33625 0.521680216802168 0.32625 0.532520325203252 0.319375 0.5474254742547425 0.3175
1 0.2073170731707317 0.704375 0.21544715447154472 0.711875 0.2140921409214092 0.72 0.2046070460704607 0.726875 0.18834688346883469 0.730625 0.1842818428184282 0.729375 0.17886178861788618 0.721875 0.17886178861788618 0.710625 0.1856368563685637 0.705625 0.20596205962059622 0.704375
1 0.7601626016260162 0.379375 0.7696476964769647 0.3825 0.7723577235772358 0.39 0.7696476964769647 0.394375 0.7547425474254743 0.39875 0.7371273712737128 0.3975 0.7303523035230353 0.39375 0.7289972899728997 0.3875 0.7398373983739838 0.38 0.7588075880758808 0.379375
1 0.6707317073170732 0.435 0.6815718157181572 0.439375 0.6829268292682927 0.446875 0.6720867208672087 0.453125 0.6626016260162602 0.454375 0.6449864498644986 0.453125 0.6409214092140921 0.450625 0.6409214092140921 0.444375 0.6544715447154471 0.435625 0.6693766937669376 0.435
1 0.5311653116531165 0.679375 0.540650406504065 0.685625 0.540650406504065 0.693125 0.532520325203252 0.69875 0.521680216802168 0.700625 0.5149051490514905 0.700625 0.5040650406504065 0.6975 0.5 0.693125 0.5 0.684375 0.513550135501355 0.67875 0.5298102981029811 0.679375
1 0.4092140921409214 0.35375 0.42005420054200543 0.355625 0.43089430894308944 0.3625 0.4281842818428184 0.369375 0.4105691056910569 0.373125 0.4010840108401084 0.370625 0.3888888888888889 0.360625 0.3902439024390244 0.355625 0.3956639566395664 0.35375 0.4078590785907859 0.35375
1 0.3224932249322493 0.765 0.32926829268292684 0.77 0.32791327913279134 0.779375 0.31029810298102983 0.785625 0.2967479674796748 0.7875 0.28319783197831977 0.78375 0.2845528455284553 0.775625 0.2940379403794038 0.76875 0.3035230352303523 0.765625 0.32113821138211385 0.765
1 0.9146341463414634 0.501875 0.9281842818428184 0.508125 0.9281842818428184 0.513125 0.9159891598915989 0.51875 0.9065040650406504 0.519375 0.8956639566395664 0.51875 0.8848238482384824 0.515625 0.8753387533875339 0.511875 0.8726287262872628 0.508125 0.8888888888888888 0.501875 0.9132791327913279 0.501875
1 0.31842818428184283 0.425 0.3428184281842818 0.428125 0.34552845528455284 0.435 0.33739837398373984 0.44125 0.3170731707317073 0.443125 0.3008130081300813 0.4425 0.29132791327913277 0.436875 0.2953929539295393 0.430625 0.3035230352303523 0.426875 0.3170731707317073 0.425
1 0.366159891598916 0.467698125 0.366159891598916 0.45795437499999997 0.3379932249322493 0.45470687499999995 0.3256707317073171 0.464450625 0.32391056910569105 0.470134375 0.3503157181571816 0.47500625 0.366159891598916 0.467698125
1 0.508750677506775 0.41816749999999997 0.506990514905149 0.40842375 0.4876260162601626 0.41167187499999996 0.461219512195122 0.41816749999999997 0.47354336043360434 0.429535625 0.49818834688346886 0.429535625 0.508750677506775 0.41816749999999997
1 0.5316355013550135 0.464450625 0.5263536585365853 0.4530825 0.5052289972899728 0.449835 0.4876260162601626 0.456330625 0.4911463414634146 0.46851 0.5157913279132791 0.471758125 0.5316355013550135 0.464450625
1 0.4647411924119241 0.7397100000000001 0.461219512195122 0.73077875 0.44009485094850953 0.7283425 0.42777235772357725 0.735650625 0.4295325203252033 0.74945375 0.4330542005420054 0.7510781249999999 0.45241869918699185 0.74945375 0.4647411924119241 0.7397100000000001