1 0.1991869918699187 0.758125 0.21138211382113822 0.75875 0.22628726287262874 0.754375 0.22357723577235772 0.745 0.21138211382113822 0.740625 0.19647696476964768 0.74 0.1856368563685637 0.7425 0.18292682926829268 0.75125 0.1991869918699187 0.758125
1 0.34552845528455284 0.5525 0.3509485094850949 0.556875 0.36449864498644985 0.561875 0.3780487804878049 0.560625 0.3861788617886179 0.556875 0.38346883468834686 0.5425 0.37533875338753386 0.5375 0.36720867208672087 0.53625 0.34959349593495936 0.538125 0.34552845528455284 0.540625 0.34552845528455284 0.5525
1 0.1856368563685637 0.51125 0.2032520325203252 0.51375 0.2181571815718157 0.508125 0.2181571815718157 0.50375 0.2073170731707317 0.4975 0.17750677506775067 0.498125 0.17479674796747968 0.505 0.1856368563685637 0.51125
1 0.14769647696476965 0.446875 0.15311653116531165 0.449375 0.17750677506775067 0.446875 0.19647696476964768 0.439375 0.19647696476964768 0.43375 0.1856368563685637 0.43 0.15311653116531165 0.435 0.14769647696476965 0.438125 0.14769647696476965 0.446875
1 0.6273712737127372 0.314375 0.6341463414634146 0.316875 0.6504065040650406 0.316875 0.6571815718157181 0.315 0.6639566395663956 0.31 0.6639566395663956 0.3025 0.6585365853658537 0.295625 0.6449864498644986 0.29125 0.6287262872628726 0.29125 0.6205962059620597 0.29375 0.6178861788617886 0.3075 0.6273712737127372 0.314375
1 0.31029810298102983 0.70125 0.32926829268292684 0.69875 0.34010840108401086 0.69375 0.34010840108401086 0.685625 0.3265582655826558 0.680625 0.3075880758807588 0.680625 0.2940379403794038 0.683125 0.2886178861788618 0.686875 0.2886178861788618 0.694375 0.31029810298102983 0.70125
1 0.08536585365853659 0.476875 0.1070460704607046 0.47625 0.12601626016260162 0.470625 0.13143631436314362 0.45875 0.12737127371273713 0.455625 0.11788617886178862 0.45375 0.1043360433604336 0.45375 0.09078590785907859 0.45625 0.07723577235772358 0.4625 0.07452574525745258 0.473125 0.08536585365853659 0.476875
1 0.462059620596206 0.358125 0.47831978319783197 0.359375 0.497289972899729 0.350625 0.497289972899729 0.3425 0.489159891598916 0.33875 0.46476964769647694 0.33875 0.45663956639566394 0.34375 0.453929539295393 0.353125 0.462059620596206 0.358125
1 0.470189701897019 0.338125 0.48644986449864497 0.3375 0.491869918699187 0.33375 0.491869918699187 0.321875 0.4742547425474255 0.3175 0.462059620596206 0.3175 0.45121951219512196 0.320625 0.45121951219512196 0.3325 0.470189701897019 0.338125
1 0.497289972899729 0.335625 0.5149051490514905 0.3375 0.5311653116531165 0.333125 0.532520325203252 0.3175 0.5149051490514905 0.316875 0.5 0.321875 0.494579945799458 0.325625 0.497289972899729 0.335625
1 0.7804878048780488 0.375 0.7981029810298103 0.375 0.8048780487804879 0.3725 0.8075880758807588 0.355625 0.8021680216802168 0.351875 0.7859078590785907 0.349375 0.7696476964769647 0.35625 0.7696476964769647 0.37125 0.7804878048780488 0.375
1 0.6639566395663956 0.34375 0.6856368563685636 0.343125 0.6883468834688347 0.326875 0.6829268292682927 0.324375 0.6666666666666666 0.324375 0.6585365853658537 0.3275 0.6585365853658537 0.34125 0.6639566395663956 0.34375
1 0.23712737127371275 0.345625 0.26422764227642276 0.348125 0.2804878048780488 0.3425 0.28319783197831977 0.335 0.2750677506775068 0.33125 0.24525745257452575 0.33125 0.23441734417344173 0.33625 0.23712737127371275 0.345625
1 0.481029810298103 0.36375 0.489159891598916 0.369375 0.5149051490514905 0.369375 0.5284552845528455 0.36375 0.5284552845528455 0.35125 0.5121951219512195 0.349375 0.4905149051490515 0.353125 0.481029810298103 0.358125 0.481029810298103 0.36375
1 0.8211382113821138 0.675 0.8292682926829268 0.6775 0.8604336043360433 0.6775 0.8780487804878049 0.6725 0.8807588075880759 0.665625 0.8753387533875339 0.660625 0.8509485094850948 0.659375 0.8319783197831978 0.660625 0.8252032520325203 0.663125 0.8211382113821138 0.665625 0.8211382113821138 0.675
1 0.23441734417344173 0.306875 0.25745257452574527 0.3075 0.2669376693766938 0.304375 0.2696476964769648 0.295625 0.25609756097560976 0.28875 0.23170731707317074 0.286875 0.22357723577235772 0.289375 0.22086720867208673 0.3 0.23441734417344173 0.306875
1 0.47696476964769646 0.71375 0.497289972899729 0.70625 0.497289972899729 0.696875 0.48644986449864497 0.691875 0.47289972899729 0.691875 0.45257452574525747 0.7025 0.453929539295393 0.71375 0.47696476964769646 0.71375
1 0.7615176151761518 0.535625 0.7669376693766937 0.540625 0.7804878048780488 0.545 0.7940379403794038 0.544375 0.8062330623306233 0.540625 0.8075880758807588 0.5275 0.8021680216802168 0.524375 0.7859078590785907 0.520625 0.7669376693766937 0.521875 0.7615176151761518 0.52625 0.7615176151761518 0.535625
1 0.24525745257452575 0.506875 0.26422764227642276 0.50625 0.2750677506775068 0.50125 0.2750677506775068 0.491875 0.2669376693766938 0.4875 0.24254742547425473 0.4875 0.23170731707317074 0.4925 0.23170731707317074 0.503125 0.24525745257452575 0.506875
1 0.25203252032520324 0.65875 0.2804878048780488 0.660625 0.2886178861788618 0.655625 0.2886178861788618 0.64625 0.2804878048780488 0.64 0.2588075880758808 0.639375 0.24661246612466126 0.6425 0.24254742547425473 0.6475 0.25203252032520324 0.65875
1 0.38346883468834686 0.735 0.4010840108401084 0.735 0.4105691056910569 0.731875 0.4105691056910569 0.723125 0.3970189701897019 0.71625 0.3915989159891599 0.715 0.3699186991869919 0.71875 0.36720867208672087 0.728125 0.38346883468834686 0.735
1 0.6598915989159891 0.435 0.6693766937669376 0.43 0.6693766937669376 0.41375 0.6612466124661247 0.410625 0.6449864498644986 0.410625 0.6341463414634146 0.415625 0.6341463414634146 0.431875 0.6598915989159891 0.435
1 0.08536585365853659 0.5475 0.09078590785907859 0.5525 0.11517615176151762 0.555625 0.12601626016260162 0.55 0.12601626016260162 0.539375 0.11517615176151762 0.5325 0.09620596205962059 0.5325 0.08536585365853659 0.5375 0.08536585365853659 0.5475
1 0.26422764227642276 0.42875 0.2777777777777778 0.4325 0.2940379403794038 0.431875 0.3021680216802168 0.4275 0.3021680216802168 0.418125 0.2967479674796748 0.414375 0.2845528455284553 0.41125 0.2669376693766938 0.41125 0.2588075880758808 0.41375 0.25609756097560976 0.4225 0.26422764227642276 0.42875
1 0.16124661246612465 0.58125 0.1856368563685637 0.581875 0.19647696476964768 0.57875 0.19647696476964768 0.5675 0.18834688346883469 0.564375 0.16666666666666666 0.5625 0.15040650406504066 0.566875 0.15040650406504066 0.57625 0.16124661246612465 0.58125
1 0.11246612466124661 0.53125 0.13279132791327913 0.535 0.14905149051490515 0.530625 0.15040650406504066 0.52125 0.14227642276422764 0.514375 0.12330623306233063 0.511875 0.10975609756097561 0.51625 0.1070460704607046 0.525625 0.11246612466124661 0.53125
1 0.1991869918699187 0.5325 0.22086720867208673 0.539375 0.23441734417344173 0.5375 0.24254742547425473 0.5325 0.24254742547425473 0.52375 0.23712737127371275 0.51875 0.22764227642276422 0.514375 0.2018970189701897 0.515625 0.19647696476964768 0.519375 0.1991869918699187 0.5325
1 0.5528455284552846 0.6075 0.5772357723577236 0.605 0.5826558265582655 0.6 0.5826558265582655 0.58875 0.5772357723577236 0.584375 0.5609756097560976 0.584375 0.5474254742547425 0.593125 0.5447154471544715 0.600625 0.5528455284552846 0.6075
1 0.3130081300813008 0.58125 0.32926829268292684 0.58125 0.34010840108401086 0.574375 0.33739837398373984 0.56375 0.3238482384823848 0.558125 0.3021680216802168 0.560625 0.3021680216802168 0.575625 0.3130081300813008 0.58125
1 0.7235772357723578 0.601875 0.7479674796747967 0.6025 0.7533875338753387 0.59875 0.7533875338753387 0.59375 0.7371273712737128 0.584375 0.7181571815718157 0.58375 0.7086720867208672 0.5875 0.7073170731707317 0.59375 0.7235772357723578 0.601875
1 0.4051490514905149 0.304375 0.4281842818428184 0.305 0.4349593495934959 0.3025 0.4349593495934959 0.290625 0.4281842818428184 0.285 0.4173441734417344 0.28125 0.3970189701897019 0.281875 0.3915989159891599 0.284375 0.3888888888888889 0.294375 0.4051490514905149 0.304375
1 0.6314363143631436 0.5425 0.6449864498644986 0.546875 0.6639566395663956 0.545 0.6720867208672087 0.5375 0.6693766937669376 0.5275 0.6639566395663956 0.525625 0.6476964769647696 0.525625 0.6327913279132791 0.53 0.6287262872628726 0.533125 0.6314363143631436 0.5425
1 0.16666666666666666 0.43 0.1842818428184282 0.429375 0.19647696476964768 0.419375 0.1937669376693767 0.409375 0.17615176151761516 0.405 0.16124661246612465 0.405625 0.15311653116531165 0.408125 0.15311653116531165 0.425 0.16666666666666666 0.43
1 0.7371273712737128 0.564375 0.7425474254742548 0.566875 0.7506775067750677 0.566875 0.7696476964769647 0.55875 0.7696476964769647 0.55 0.7615176151761518 0.545625 0.7398373983739838 0.546875 0.7344173441734417 0.550625 0.7371273712737128 0.564375
1 0.3265582655826558 0.468125 0.3509485094850949 0.4675 0.3617886178861789 0.45625 0.35636856368563685 0.4475 0.34823848238482386 0.445 0.33739837398373984 0.445625 0.3238482384823848 0.451875 0.32113821138211385 0.46125 0.3265582655826558 0.468125
1 0.3021680216802168 0.408125 0.3130081300813008 0.413125 0.33739837398373984 0.413125 0.34823848238482386 0.408125 0.3509485094850949 0.400625 0.3346883468834688 0.39375 0.3062330623306233 0.396875 0.3021680216802168 0.4 0.3021680216802168 0.408125
1 0 0.650625 0.023035230352303523 0.651875 0.05013550135501355 0.64875 0.052845528455284556 0.64375 0.04200542005420054 0.635 0.028455284552845527 0.633125 0.0040650406504065045 0.634375 0 0.63625 0 0.650625
1 0.17479674796747968 0.39625 0.1937669376693767 0.3975 0.2046070460704607 0.39375 0.2073170731707317 0.381875 0.1978319783197832 0.375 0.17750677506775067 0.375 0.16666666666666666 0.380625 0.16395663956639567 0.386875 0.17479674796747968 0.39625
1 0.8346883468834688 0.603125 0.8617886178861789 0.603125 0.8753387533875339 0.598125 0.8753387533875339 0.59 0.8617886178861789 0.585 0.8482384823848238 0.584375 0.8292682926829268 0.58875 0.8265582655826558 0.59875 0.8346883468834688 0.603125
1 0.25338753387533874 0.685 0.27235772357723576 0.6825 0.2804878048780488 0.6775 0.28319783197831977 0.671875 0.2804878048780488 0.6625 0.2764227642276423 0.660625 0.2506775067750677 0.659375 0.24254742547425473 0.664375 0.24254742547425473 0.680625 0.25338753387533874 0.685
1 0.5284552845528455 0.59375 0.5447154471544715 0.59375 0.5555555555555556 0.58625 0.5555555555555556 0.5725 0.5460704607046071 0.56875 0.5284552845528455 0.569375 0.5176151761517616 0.5725 0.5149051490514905 0.588125 0.5284552845528455 0.59375
1 0.22493224932249323 0.568125 0.23712737127371275 0.570625 0.25338753387533874 0.568125 0.2588075880758808 0.56375 0.25609756097560976 0.54875 0.24254742547425473 0.543125 0.22899728997289973 0.543125 0.2181571815718157 0.546875 0.21544715447154472 0.560625 0.22493224932249323 0.568125
1 0.14498644986449866 0.660625 0.16666666666666666 0.654375 0.17208672086720866 0.65125 0.17208672086720866 0.64625 0.16395663956639567 0.6425 0.14498644986449866 0.6425 0.12330623306233063 0.649375 0.12330623306233063 0.659375 0.14498644986449866 0.660625
1 0.21002710027100271 0.3675 0.2181571815718157 0.37125 0.24119241192411925 0.371875 0.25609756097560976 0.36625 0.25609756097560976 0.356875 0.24796747967479674 0.354375 0.22628726287262874 0.353125 0.21544715447154472 0.35625 0.21002710027100271 0.36125 0.21002710027100271 0.3675
1 0.2886178861788618 0.571875 0.2994579945799458 0.566875 0.3021680216802168 0.56 0.2940379403794038 0.5525 0.2750677506775068 0.5525 0.26151761517615174 0.556875 0.26151761517615174 0.571875 0.2886178861788618 0.571875
1 0.22628726287262874 0.6075 0.23441734417344173 0.610625 0.25203252032520324 0.61 0.2696476964769648 0.6 0.2696476964769648 0.589375 0.26151761517615174 0.584375 0.24796747967479674 0.58375 0.23170731707317074 0.591875 0.22628726287262874 0.598125 0.22628726287262874 0.6075
1 0.6856368563685636 0.675 0.7100271002710027 0.6775 0.7317073170731707 0.6725 0.7344173441734417 0.6675 0.7262872628726287 0.660625 0.7046070460704607 0.659375 0.6897018970189702 0.66125 0.6829268292682927 0.665 0.6856368563685636 0.675
1 0.34552845528455284 0.39875 0.36449864498644985 0.398125 0.3780487804878049 0.39375 0.3807588075880759 0.386875 0.37262872628726285 0.380625 0.34552845528455284 0.379375 0.3346883468834688 0.3825 0.3319783197831978 0.393125 0.34552845528455284 0.39875
1 0.7235772357723578 0.45875 0.7317073170731707 0.463125 0.7669376693766937 0.46375 0.7804878048780488 0.458125 0.7804878048780488 0.449375 0.7710027100271003 0.445 0.7479674796747967 0.445 0.7317073170731707 0.448125 0.7235772357723578 0.4525 0.7235772357723578 0.45875
1 0.5718157181571816 0.3025 0.5934959349593496 0.30875 0.6029810298102981 0.309375 0.6111111111111112 0.3075 0.6151761517615176 0.305 0.6124661246612466 0.295625 0.5989159891598916 0.290625 0.5772357723577236 0.289375 0.5691056910569106 0.293125 0.5718157181571816 0.3025
1 0.17750677506775067 0.491875 0.18834688346883469 0.495 0.21002710027100271 0.495 0.21544715447154472 0.493125 0.22086720867208673 0.485 0.2073170731707317 0.47625 0.1802168021680217 0.475625 0.17479674796747968 0.47875 0.17208672086720866 0.48625 0.17750677506775067 0.491875
1 0.5934959349593496 0.400625 0.6111111111111112 0.400625 0.6205962059620597 0.398125 0.6260162601626016 0.385 0.6165311653116531 0.379375 0.5989159891598916 0.379375 0.5853658536585366 0.384375 0.5853658536585366 0.3975 0.5934959349593496 0.400625
1 0.5257452574525745 0.350625 0.5338753387533876 0.353125 0.5447154471544715 0.350625 0.5555555555555556 0.344375 0.5528455284552846 0.33875 0.5420054200542005 0.33375 0.5230352303523035 0.33375 0.5121951219512195 0.33625 0.5121951219512195 0.350625 0.5257452574525745 0.350625
1 0.6409214092140921 0.47375 0.6558265582655827 0.47875 0.6829268292682927 0.478125 0.6937669376693767 0.471875 0.6937669376693767 0.46875 0.6829268292682927 0.46125 0.6558265582655827 0.46125 0.6327913279132791 0.466875 0.6314363143631436 0.473125 0.6409214092140921 0.47375
1 0.2804878048780488 0.375 0.2859078590785908 0.379375 0.2994579945799458 0.384375 0.3238482384823848 0.383125 0.32926829268292684 0.375 0.3170731707317073 0.365625 0.3021680216802168 0.3625 0.2886178861788618 0.3625 0.2804878048780488 0.36625 0.2804878048780488 0.375
1 0.3157181571815718 0.75625 0.3319783197831978 0.75625 0.34823848238482386 0.75 0.3509485094850949 0.740625 0.34010840108401086 0.73375 0.3130081300813008 0.733125 0.3048780487804878 0.7375 0.3021680216802168 0.748125 0.3157181571815718 0.75625
1 0.6341463414634146 0.28625 0.6476964769647696 0.285625 0.6585365853658537 0.278125 0.6585365853658537 0.268125 0.6409214092140921 0.261875 0.6314363143631436 0.261875 0.6205962059620597 0.26625 0.6205962059620597 0.280625 0.6341463414634146 0.28625
1 0.3265582655826558 0.650625 0.33739837398373984 0.65375 0.3604336043360434 0.650625 0.36449864498644985 0.639375 0.35365853658536583 0.63125 0.33739837398373984 0.63 0.32113821138211385 0.634375 0.31842818428184283 0.644375 0.3265582655826558 0.650625
1 0.4268292682926829 0.345625 0.44037940379403795 0.345625 0.45121951219512196 0.34125 0.45121951219512196 0.3325 0.4444444444444444 0.325 0.42953929539295393 0.323125 0.4159891598915989 0.33 0.4132791327913279 0.338125 0.4268292682926829 0.345625
1 0.2886178861788618 0.635 0.2940379403794038 0.636875 0.3130081300813008 0.63625 0.32113821138211385 0.63125 0.32113821138211385 0.625 0.31029810298102983 0.61625 0.2859078590785908 0.615 0.2804878048780488 0.618125 0.2777777777777778 0.62625 0.2886178861788618 0.635
1 0.06368563685636856 0.579375 0.07859078590785908 0.579375 0.08807588075880758 0.57875 0.1016260162601626 0.57375 0.10975609756097561 0.56875 0.11246612466124661 0.5625 0.1070460704607046 0.55625 0.09078590785907859 0.55375 0.07181571815718157 0.558125 0.06097560975609756 0.564375 0.058265582655826556 0.57625 0.06368563685636856 0.579375
1 0.1070460704607046 0.7325 0.12872628726287264 0.731875 0.14227642276422764 0.726875 0.14227642276422764 0.7225 0.13279132791327913 0.718125 0.12872628726287264 0.711875 0.11517615176151762 0.711875 0.0975609756097561 0.7175 0.09349593495934959 0.726875 0.1070460704607046 0.7325
1 0.6747967479674797 0.414375 0.6856368563685636 0.418125 0.6964769647696477 0.418125 0.7127371273712737 0.410625 0.7073170731707317 0.39625 0.6964769647696477 0.39125 0.6856368563685636 0.39 0.6720867208672087 0.39125 0.6666666666666666 0.39375 0.6639566395663956 0.403125 0.6747967479674797 0.414375
1 0.09349593495934959 0.324375 0.1043360433604336 0.3275 0.12195121951219512 0.3275 0.12872628726287264 0.324375 0.12872628726287264 0.315 0.11246612466124661 0.31 0.09620596205962059 0.31 0.09078590785907859 0.314375 0.09349593495934959 0.324375
1 0.7506775067750677 0.41625 0.7547425474254743 0.42 0.7696476964769647 0.424375 0.7845528455284553 0.424375 0.7940379403794038 0.421875 0.7994579945799458 0.410625 0.7913279132791328 0.405 0.7818428184281843 0.403125 0.7560975609756098 0.40375 0.7506775067750677 0.408125 0.7506775067750677 0.41625
1 0.3238482384823848 0.33125 0.33875338753387535 0.330625 0.34552845528455284 0.323125 0.33739837398373984 0.3125 0.31842818428184283 0.3075 0.3048780487804878 0.31 0.3048780487804878 0.324375 0.3238482384823848 0.33125
1 0.13414634146341464 0.681875 0.14498644986449866 0.681875 0.16124661246612465 0.676875 0.16937669376693767 0.664375 0.16531165311653118 0.660625 0.15311653116531165 0.659375 0.13685636856368563 0.6625 0.12872628726287264 0.6675 0.12601626016260162 0.6775 0.13414634146341464 0.681875
1 0.5745257452574526 0.56 0.5962059620596206 0.561875 0.6151761517615176 0.556875 0.6151761517615176 0.546875 0.6070460704607046 0.540625 0.5853658536585366 0.540625 0.5718157181571816 0.545625 0.5691056910569106 0.555 0.5745257452574526 0.56
1 0.3861788617886179 0.326875 0.4078590785907859 0.32875 0.4186991869918699 0.324375 0.42140921409214094 0.3125 0.4105691056910569 0.3075 0.3915989159891599 0.306875 0.3807588075880759 0.3125 0.3780487804878049 0.321875 0.3861788617886179 0.326875
1 0.7940379403794038 0.605625 0.8130081300813008 0.605 0.8238482384823849 0.598125 0.8211382113821138 0.584375 0.8048780487804879 0.581875 0.7913279132791328 0.585 0.7859078590785907 0.58875 0.7831978319783198 0.601875 0.7940379403794038 0.605625
1 0.5880758807588076 0.62 0.6151761517615176 0.62 0.6260162601626016 0.614375 0.6233062330623306 0.605 0.6124661246612466 0.600625 0.5962059620596206 0.600625 0.5826558265582655 0.605 0.5772357723577236 0.615 0.5880758807588076 0.62
1 0.2994579945799458 0.530625 0.32791327913279134 0.53125 0.3346883468834688 0.529375 0.3346883468834688 0.521875 0.3238482384823848 0.515 0.3048780487804878 0.514375 0.29132791327913277 0.51875 0.2886178861788618 0.525625 0.2994579945799458 0.530625
1 0.6910569105691057 0.56875 0.7181571815718157 0.57125 0.7344173441734417 0.564375 0.7317073170731707 0.553125 0.7208672086720868 0.550625 0.6937669376693767 0.5525 0.6869918699186992 0.55625 0.6856368563685636 0.5625 0.6910569105691057 0.56875
1 0.35365853658536583 0.4325 0.3807588075880759 0.431875 0.3970189701897019 0.425 0.3970189701897019 0.418125 0.3875338753387534 0.413125 0.3780487804878049 0.411875 0.35636856368563685 0.411875 0.34010840108401086 0.418125 0.34010840108401086 0.42875 0.35365853658536583 0.4325
1 0.2859078590785908 0.355625 0.3075880758807588 0.355625 0.3238482384823848 0.34625 0.3238482384823848 0.34125 0.3130081300813008 0.33625 0.29132791327913277 0.33625 0.2804878048780488 0.34125 0.2777777777777778 0.35125 0.2859078590785908 0.355625
1 0.6395663956639567 0.409375 0.6585365853658537 0.403125 0.6639566395663956 0.3975 0.6639566395663956 0.39125 0.6558265582655827 0.3875 0.6422764227642277 0.3875 0.6233062330623306 0.395625 0.6233062330623306 0.40625 0.6395663956639567 0.409375
1 0.5555555555555556 0.76125 0.5799457994579946 0.76125 0.5894308943089431 0.75875 0.5962059620596206 0.75375 0.5962059620596206 0.74625 0.5880758807588076 0.743125 0.5691056910569106 0.743125 0.5528455284552846 0.748125 0.5501355013550135 0.759375 0.5555555555555556 0.76125
1 0.6937669376693767 0.58625 0.7100271002710027 0.586875 0.7181571815718157 0.584375 0.7208672086720868 0.574375 0.7100271002710027 0.569375 0.6883468834688347 0.56875 0.6775067750677507 0.5725 0.6775067750677507 0.58125 0.6937669376693767 0.58625
1 0.13279132791327913 0.718125 0.14227642276422764 0.721875 0.16124661246612465 0.72 0.17479674796747968 0.711875 0.17479674796747968 0.701875 0.16531165311653118 0.695625 0.14227642276422764 0.6975 0.13143631436314362 0.706875 0.12872628726287264 0.713125 0.13279132791327913 0.718125
1 0.6937669376693767 0.445 0.7208672086720868 0.445625 0.7371273712737128 0.443125 0.7452574525745257 0.439375 0.7452574525745257 0.42875 0.7317073170731707 0.425 0.7235772357723578 0.425 0.7046070460704607 0.4275 0.6883468834688347 0.434375 0.6856368563685636 0.441875 0.6937669376693767 0.445
1 0.3997289972899729 0.716875 0.4132791327913279 0.7225 0.43224932249322495 0.7225 0.45121951219512196 0.71375 0.44850948509485095 0.704375 0.4363143631436314 0.701875 0.4078590785907859 0.700625 0.39295392953929537 0.703125 0.3915989159891599 0.71 0.3997289972899729 0.716875
1 0.6639566395663956 0.550625 0.6720867208672087 0.556875 0.6856368563685636 0.5575 0.6991869918699187 0.551875 0.6991869918699187 0.544375 0.6897018970189702 0.535 0.6747967479674797 0.535625 0.6720867208672087 0.5375 0.6639566395663956 0.545 0.6639566395663956 0.550625
1 0.23441734417344173 0.444375 0.27100271002710025 0.44375 0.2750677506775068 0.438125 0.27100271002710025 0.433125 0.26151761517615174 0.43 0.24254742547425473 0.43 0.22764227642276422 0.4325 0.22357723577235772 0.439375 0.23441734417344173 0.444375
1 0.47831978319783197 0.27875 0.494579945799458 0.285625 0.5203252032520326 0.285625 0.5311653116531165 0.28 0.5284552845528455 0.27375 0.5176151761517616 0.26875 0.494579945799458 0.2675 0.48509485094850946 0.269375 0.47831978319783197 0.27375 0.47831978319783197 0.27875
1 0.18834688346883469 0.730625 0.2073170731707317 0.73 0.22357723577235772 0.72375 0.22628726287262874 0.71125 0.2181571815718157 0.706875 0.2046070460704607 0.706875 0.18699186991869918 0.71125 0.1802168021680217 0.716875 0.1802168021680217 0.728125 0.18834688346883469 0.730625
1 0.26151761517615174 0.405625 0.2777777777777778 0.408125 0.2940379403794038 0.40375 0.2940379403794038 0.395 0.28319783197831977 0.388125 0.26151761517615174 0.386875 0.25338753387533874 0.39 0.2506775067750677 0.3975 0.26151761517615174 0.405625
1 0.7018970189701897 0.546875 0.7208672086720868 0.551875 0.7344173441734417 0.550625 0.7425474254742548 0.545 0.7425474254742548 0.5375 0.7371273712737128 0.5325 0.7262872628726287 0.52875 0.7046070460704607 0.529375 0.6964769647696477 0.5325 0.6937669376693767 0.535625 0.7018970189701897 0.546875
1 0.22357723577235772 0.588125 0.23712737127371275 0.58875 0.24796747967479674 0.581875 0.23983739837398374 0.5725 0.22899728997289973 0.569375 0.2073170731707317 0.571875 0.2073170731707317 0.58375 0.22357723577235772 0.588125
1 0.6572886178861789 0.4590925 0.6572886178861789 0.45548375 0.6557235772357723 0.448986875 0.6416395663956639 0.44393375 0.6338143631436314 0.44321187500000003 0.625989159891599 0.444655625 0.6181639566395664 0.45404000000000005 0.6228590785907859 0.46198 0.6432046070460704 0.464145625 0.6572886178861789 0.4590925