0 0.40875 0.7475083056478405 0.4225 0.7475083056478405 0.42625 0.7450166112956811 0.431875 0.7342192691029901 0.43125 0.7217607973421927 0.425 0.7117940199335548 0.415 0.7084717607973422 0.40875 0.7093023255813954 0.400625 0.71843853820598 0.40125 0.7383720930232558 0.40875 0.7475083056478405
0 0.514375 0.5872093023255814 0.52125 0.5913621262458472 0.530625 0.5880398671096345 0.5325 0.5838870431893688 0.5325 0.5697674418604651 0.530625 0.5631229235880398 0.525625 0.5564784053156147 0.516875 0.5539867109634552 0.509375 0.5631229235880398 0.508125 0.5705980066445183 0.514375 0.5872093023255814
0 0.260625 0.7483388704318937 0.265 0.7591362126245847 0.281875 0.7774086378737541 0.29375 0.7807308970099668 0.311875 0.7790697674418605 0.321875 0.7724252491694352 0.338125 0.7458471760797342 0.34125 0.7200996677740864 0.33625 0.6960132890365448 0.3275 0.6818936877076412 0.31375 0.6710963455149501 0.296875 0.6677740863787376 0.278125 0.6760797342192691 0.26625 0.6910299003322259 0.259375 0.7093023255813954 0.258125 0.7350498338870431 0.260625 0.7483388704318937
1 0.2575 0.37624584717607973 0.269375 0.3770764119601329 0.275 0.3687707641196013 0.273125 0.3546511627906977 0.26625 0.3488372093023256 0.255625 0.3480066445182724 0.25 0.35132890365448505 0.24875 0.3546511627906977 0.24875 0.36627906976744184 0.2575 0.37624584717607973
1 0.535625 0.5091362126245847 0.5375 0.5141196013289037 0.5425 0.5191029900332226 0.551875 0.5191029900332226 0.5575 0.5099667774086378 0.556875 0.4900332225913621 0.5475 0.48172757475083056 0.538125 0.48754152823920266 0.535625 0.4941860465116279 0.535625 0.5091362126245847
1 0.49 0.5514950166112956 0.49875 0.5473421926910299 0.50625 0.5382059800664452 0.50625 0.5290697674418605 0.4975 0.5174418604651163 0.485 0.5191029900332226 0.47875 0.5282392026578073 0.479375 0.5431893687707641 0.49 0.5514950166112956
1 0.394375 0.4476744186046512 0.400625 0.4526578073089701 0.41 0.4526578073089701 0.415625 0.4393687707641196 0.41375 0.4277408637873754 0.41125 0.42358803986710963 0.405625 0.4161129568106312 0.40125 0.41445182724252494 0.39375 0.4161129568106312 0.39 0.4227574750830565 0.389375 0.436046511627907 0.394375 0.4476744186046512
1 0.256875 0.47840531561461797 0.264375 0.47840531561461797 0.27125 0.4700996677740864 0.2725 0.45514950166112955 0.2675 0.44601328903654486 0.259375 0.4476744186046512 0.251875 0.457641196013289 0.250625 0.47093023255813954 0.256875 0.47840531561461797
1 0.264375 0.5 0.27125 0.5124584717607974 0.280625 0.5124584717607974 0.285625 0.5058139534883721 0.28625 0.4850498338870432 0.28125 0.47674418604651164 0.276875 0.4742524916943522 0.27125 0.4750830564784053 0.268125 0.4792358803986711 0.264375 0.4850498338870432 0.264375 0.5
1 0.365 0.28488372093023256 0.369375 0.29401993355481726 0.379375 0.2973421926910299 0.389375 0.2931893687707641 0.39375 0.27906976744186046 0.386875 0.26411960132890366 0.371875 0.26411960132890366 0.3675 0.26744186046511625 0.365 0.27325581395348836 0.365 0.28488372093023256
1 0.420625 0.6470099667774086 0.425625 0.6586378737541528 0.438125 0.665282392026578 0.444375 0.6644518272425249 0.449375 0.6586378737541528 0.449375 0.6420265780730897 0.4425 0.6320598006644518 0.43625 0.6295681063122923 0.42375 0.6320598006644518 0.420625 0.6370431893687708 0.420625 0.6470099667774086
1 0.576875 0.5988372093023255 0.584375 0.6021594684385382 0.595 0.5996677740863787 0.605 0.5855481727574751 0.605 0.5672757475083057 0.6025 0.5606312292358804 0.59625 0.5556478405315615 0.586875 0.5548172757475083 0.5775 0.5598006644518272 0.57375 0.5722591362126246 0.5725 0.5880398671096345 0.576875 0.5988372093023255
1 0.3125 0.36129568106312293 0.320625 0.36046511627906974 0.325 0.3496677740863787 0.324375 0.3313953488372093 0.3225 0.3272425249169435 0.316875 0.32059800664451826 0.3125 0.31976744186046513 0.30625 0.3239202657807309 0.304375 0.3289036544850498 0.305 0.3521594684385382 0.3125 0.36129568106312293
1 0.2475 0.526578073089701 0.254375 0.5307308970099668 0.26 0.5290697674418605 0.26625 0.5182724252491694 0.26625 0.5049833887043189 0.264375 0.5 0.2575 0.4908637873754153 0.250625 0.49169435215946844 0.245 0.5 0.244375 0.5174418604651163 0.2475 0.526578073089701
1 0.40375 0.6951827242524917 0.40875 0.7026578073089701 0.4225 0.7059800664451827 0.43125 0.6993355481727574 0.431875 0.6852159468438538 0.426875 0.6769102990033222 0.418125 0.6744186046511628 0.40625 0.6777408637873754 0.40375 0.6818936877076412 0.40375 0.6951827242524917
1 0.42125 0.6723421926910299 0.00125 0.0008305647840531562
1 0.5625 0.3803986710963455 0.57125 0.3903654485049834 0.5775 0.3903654485049834 0.58875 0.3812292358803987 0.59 0.36794019933554817 0.588125 0.36129568106312293 0.583125 0.3546511627906977 0.569375 0.3546511627906977 0.5625 0.3637873754152824 0.560625 0.3696013289036545 0.5625 0.3803986710963455
1 0.519375 0.6287375415282392 0.53 0.6303986710963455 0.5375 0.6270764119601329 0.540625 0.6229235880398671 0.540625 0.6038205980066446 0.531875 0.5938538205980066 0.521875 0.5946843853820598 0.51375 0.6046511627906976 0.513125 0.6162790697674418 0.519375 0.6287375415282392
1 0.37125 0.3795681063122924 0.375625 0.38372093023255816 0.390625 0.3853820598006645 0.3975 0.38205980066445183 0.400625 0.3770764119601329 0.4025 0.3704318936877076 0.40125 0.3588039867109635 0.393125 0.3480066445182724 0.379375 0.34717607973421927 0.369375 0.3546511627906977 0.3675 0.36794019933554817 0.37125 0.3795681063122924
1 0.473125 0.45514950166112955 0.483125 0.46096345514950166 0.49 0.46096345514950166 0.49625 0.45514950166112955 0.4975 0.4418604651162791 0.49125 0.42940199335548174 0.480625 0.4210963455149502 0.473125 0.4210963455149502 0.46875 0.42524916943521596 0.46875 0.44435215946843853 0.473125 0.45514950166112955
1 0.450625 0.6196013289036545 0.458125 0.6270764119601329 0.4675 0.6262458471760798 0.47625 0.6121262458471761 0.475625 0.5921926910299004 0.470625 0.5855481727574751 0.4625 0.584717607973422 0.454375 0.5897009966777409 0.451875 0.5946843853820598 0.449375 0.6046511627906976 0.450625 0.6196013289036545
1 0.435 0.27159468438538203 0.4375 0.27408637873754155 0.444375 0.2724252491694352 0.45625 0.2616279069767442 0.46 0.2516611295681063 0.46 0.24169435215946844 0.455625 0.23421926910299004 0.448125 0.23338870431893688 0.439375 0.23837209302325582 0.4325 0.25249169435215946 0.4325 0.2666112956810631 0.435 0.27159468438538203
1 0.3825 0.5672757475083057 0.395 0.5705980066445183 0.40125 0.5647840531561462 0.40125 0.5481727574750831 0.39125 0.5348837209302325 0.381875 0.532392026578073 0.375 0.5382059800664452 0.375 0.5556478405315615 0.3825 0.5672757475083057
1 0.5675 0.5431893687707641 0.57875 0.5473421926910299 0.58375 0.5456810631229236 0.588125 0.5406976744186046 0.58875 0.5299003322259136 0.58125 0.5157807308970099 0.5675 0.5058139534883721 0.5625 0.5058139534883721 0.5575 0.510797342192691 0.555625 0.5224252491694352 0.5675 0.5431893687707641
1 0.53125 0.5390365448504983 0.539375 0.5514950166112956 0.545 0.5548172757475083 0.5525 0.5548172757475083 0.561875 0.5456810631229236 0.561875 0.5373754152823921 0.55375 0.5257475083056479 0.545625 0.5199335548172758 0.535625 0.5224252491694352 0.53125 0.5282392026578073 0.53125 0.5390365448504983
1 0.585 0.6760797342192691 0.58875 0.6885382059800664 0.598125 0.6951827242524917 0.6075 0.6893687707641196 0.6125 0.6785714285714286 0.613125 0.6719269102990033 0.6125 0.6627906976744186 0.60875 0.6553156146179402 0.605625 0.6519933554817275 0.5975 0.6511627906976745 0.586875 0.6611295681063123 0.585 0.665282392026578 0.585 0.6760797342192691
1 0.406875 0.4161129568106312 0.41125 0.4161129568106312 0.420625 0.4111295681063123 0.425 0.40448504983388706 0.4275 0.39700996677740863 0.4275 0.3862126245847176 0.421875 0.3787375415282392 0.410625 0.37790697674418605 0.40375 0.3845514950166113 0.400625 0.39285714285714285 0.40125 0.4119601328903654 0.406875 0.4161129568106312
1 0.314375 0.4368770764119601 0.32625 0.43521594684385384 0.335 0.4219269102990033 0.335625 0.40863787375415284 0.33125 0.39700996677740863 0.324375 0.3961794019933555 0.316875 0.3995016611295681 0.309375 0.4127906976744186 0.30875 0.4269102990033223 0.314375 0.4368770764119601
1 0.291875 0.4808970099667774 0.301875 0.4808970099667774 0.3125 0.4700996677740864 0.3125 0.457641196013289 0.304375 0.4476744186046512 0.295625 0.4476744186046512 0.28625 0.45514950166112955 0.285625 0.47259136212624586 0.291875 0.4808970099667774
1 0.553125 0.42441860465116277 0.565625 0.42857142857142855 0.571875 0.4260797342192691 0.575625 0.420265780730897 0.575625 0.40863787375415284 0.56875 0.39867109634551495 0.556875 0.3953488372093023 0.54875 0.4011627906976744 0.5475 0.4119601328903654 0.553125 0.42441860465116277
1 0.515 0.5880398671096345 0.524375 0.590531561461794 0.53125 0.5863787375415282 0.5325 0.5697674418604651 0.52875 0.5598006644518272 0.52375 0.5556478405315615 0.516875 0.5556478405315615 0.509375 0.5622923588039868 0.509375 0.5739202657807309 0.515 0.5880398671096345
1 0.451875 0.6910299003322259 0.458125 0.6943521594684385 0.470625 0.6901993355481728 0.47625 0.6769102990033222 0.474375 0.6677740863787376 0.468125 0.6627906976744186 0.455625 0.6661129568106312 0.450625 0.6727574750830565 0.449375 0.686046511627907 0.451875 0.6910299003322259
1 0.410625 0.3181063122923588 0.418125 0.3230897009966777 0.424375 0.3239202657807309 0.430625 0.3230897009966777 0.43375 0.31893687707641194 0.435 0.30980066445182725 0.4325 0.29983388704318936 0.425 0.29069767441860467 0.414375 0.28820598006644516 0.405625 0.29485049833887045 0.40375 0.3064784053156146 0.410625 0.3181063122923588
1 0.59 0.5124584717607974 0.59 0.5232558139534884 0.5925 0.5274086378737541 0.601875 0.5299003322259136 0.608125 0.526578073089701 0.613125 0.5157807308970099 0.6125 0.5008305647840532 0.601875 0.49667774086378735 0.59375 0.5033222591362126 0.59375 0.5074750830564784 0.59 0.5124584717607974
1 0.54875 0.617109634551495 0.553125 0.6295681063122923 0.56 0.632890365448505 0.569375 0.6320598006644518 0.576875 0.617109634551495 0.576875 0.6046511627906976 0.5725 0.5946843853820598 0.56875 0.5897009966777409 0.5625 0.5888704318936877 0.555625 0.5921926910299004 0.550625 0.5988372093023255 0.54875 0.6038205980066446 0.54875 0.617109634551495
1 0.40375 0.6636212624584718 0.413125 0.6669435215946844 0.420625 0.6611295681063123 0.420625 0.6486710963455149 0.415 0.6353820598006644 0.410625 0.6320598006644518 0.403125 0.6320598006644518 0.3975 0.6387043189368771 0.39625 0.6511627906976745 0.40375 0.6636212624584718
1 0.519375 0.6578073089700996 0.52625 0.6636212624584718 0.5425 0.6636212624584718 0.5475 0.6611295681063123 0.5525 0.6511627906976745 0.550625 0.6353820598006644 0.543125 0.6295681063122923 0.535625 0.627906976744186 0.52625 0.632890365448505 0.52125 0.6387043189368771 0.5175 0.6503322259136213 0.519375 0.6578073089700996
1 0.435 0.43521594684385384 0.438125 0.43853820598006643 0.449375 0.44601328903654486 0.455 0.44601328903654486 0.460625 0.4410299003322259 0.4625 0.43023255813953487 0.45625 0.4152823920265781 0.444375 0.40780730897009965 0.4375 0.40780730897009965 0.431875 0.4127906976744186 0.43 0.4219269102990033 0.435 0.43521594684385384
1 0.414375 0.26993355481727577 0.421875 0.26993355481727577 0.43 0.26411960132890366 0.43375 0.24335548172757476 0.429375 0.2367109634551495 0.420625 0.2350498338870432 0.41125 0.23920265780730898 0.40625 0.24667774086378738 0.40625 0.26411960132890366 0.414375 0.26993355481727577
1 0.439375 0.7350498338870431 0.45375 0.7350498338870431 0.46 0.728405315614618 0.460625 0.7167774086378738 0.456875 0.7051495016611296 0.441875 0.7051495016611296 0.434375 0.7151162790697675 0.434375 0.7275747508305648 0.439375 0.7350498338870431
1 0.529375 0.25332225913621265 0.531875 0.25830564784053156 0.53625 0.2616279069767442 0.5475 0.2591362126245847 0.5525 0.25 0.551875 0.2367109634551495 0.546875 0.23255813953488372 0.54 0.23255813953488372 0.5325 0.23754152823920266 0.529375 0.24501661129568106 0.529375 0.25332225913621265
1 0.474375 0.6611295681063123 0.48125 0.6677740863787376 0.48875 0.6719269102990033 0.50125 0.6694352159468439 0.503125 0.665282392026578 0.503125 0.6561461794019934 0.50125 0.6486710963455149 0.49375 0.6387043189368771 0.486875 0.6345514950166113 0.478125 0.6345514950166113 0.471875 0.6428571428571429 0.471875 0.6553156146179402 0.474375 0.6611295681063123
1 0.285625 0.19601328903654486 0.293125 0.2026578073089701 0.3025 0.19933554817275748 0.309375 0.1852159468438538 0.306875 0.17275747508305647 0.300625 0.1669435215946844 0.293125 0.16777408637873753 0.284375 0.18023255813953487 0.28375 0.19102990033222592 0.285625 0.19601328903654486
1 0.483125 0.5971760797342193 0.4875 0.6046511627906976 0.4975 0.6121262458471761 0.50375 0.6121262458471761 0.509375 0.6071428571428571 0.513125 0.5996677740863787 0.51375 0.5888704318936877 0.504375 0.5647840531561462 0.49875 0.5614617940199336 0.49 0.5614617940199336 0.481875 0.5730897009966778 0.48125 0.5880398671096345 0.483125 0.5971760797342193
1 0.524375 0.7583056478405316 0.53125 0.7624584717607974 0.5425 0.760797342192691 0.550625 0.7475083056478405 0.55 0.7375415282392026 0.5425 0.729235880398671 0.5325 0.7308970099667774 0.521875 0.7400332225913622 0.52125 0.7483388704318937 0.524375 0.7583056478405316
1 0.5575 0.590531561461794 0.566875 0.5863787375415282 0.57125 0.5813953488372093 0.57375 0.5730897009966778 0.574375 0.5589700996677741 0.56875 0.5473421926910299 0.560625 0.5465116279069767 0.553125 0.5548172757475083 0.54875 0.563953488372093 0.548125 0.5880398671096345 0.5575 0.590531561461794
1 0.443125 0.3014950166112957 0.451875 0.3014950166112957 0.458125 0.29485049833887045 0.45875 0.2807308970099668 0.451875 0.26993355481727577 0.446875 0.26993355481727577 0.435 0.27740863787375414 0.435 0.292358803986711 0.443125 0.3014950166112957
1 0.571875 0.5033222591362126 0.57375 0.5099667774086378 0.58125 0.5157807308970099 0.58875 0.5141196013289037 0.595 0.5016611295681063 0.595 0.4850498338870432 0.591875 0.47591362126245845 0.583125 0.4692691029900332 0.58 0.4692691029900332 0.57375 0.4750830564784053 0.571875 0.48255813953488375 0.571875 0.5033222591362126
1 0.40125 0.7375415282392026 0.409375 0.7475083056478405 0.41875 0.7483388704318937 0.425 0.7458471760797342 0.431875 0.7325581395348837 0.43 0.7200996677740864 0.421875 0.7109634551495017 0.41125 0.7093023255813954 0.405 0.7134551495016611 0.400625 0.7200996677740864 0.40125 0.7375415282392026
1 0.41625 0.21677740863787376 0.424375 0.2217607973421927 0.43125 0.22009966777408638 0.434375 0.2101328903654485 0.43125 0.19186046511627908 0.425 0.18604651162790697 0.420625 0.18604651162790697 0.414375 0.19186046511627908 0.413125 0.20764119601328904 0.41625 0.21677740863787376