1 0.7666112956810631 0.4075 0.78156146179402 0.41875 0.7998338870431894 0.421875 0.8131229235880398 0.414375 0.8147840531561462 0.40375 0.8106312292358804 0.39625 0.803156146179402 0.39 0.7890365448504983 0.385625 0.7790697674418605 0.385 0.7691029900332226 0.388125 0.7632890365448505 0.393125 0.7624584717607974 0.398125 0.7666112956810631 0.4075
1 0.6204318936877077 0.63125 0.6237541528239202 0.64625 0.6345514950166113 0.649375 0.6486710963455149 0.644375 0.6553156146179402 0.638125 0.6569767441860465 0.628125 0.6478405315614618 0.61375 0.6320598006644518 0.613125 0.6179401993355482 0.619375 0.6162790697674418 0.62625 0.6204318936877077 0.63125
1 0.40780730897009965 0.4875 0.4210963455149502 0.495 0.4393687707641196 0.494375 0.45016611295681064 0.486875 0.45348837209302323 0.480625 0.45016611295681064 0.47125 0.43438538205980065 0.4625 0.41029900332225916 0.46375 0.4019933554817276 0.47125 0.4019933554817276 0.47875 0.40780730897009965 0.4875
1 0.38787375415282394 0.421875 0.3945182724252492 0.425 0.4111295681063123 0.425 0.4210963455149502 0.418125 0.42524916943521596 0.40875 0.42524916943521596 0.39875 0.4219269102990033 0.39375 0.4111295681063123 0.386875 0.3953488372093023 0.388125 0.3845514950166113 0.39625 0.38205980066445183 0.401875 0.38372093023255816 0.415625 0.38787375415282394 0.421875
1 0.38205980066445183 0.586875 0.38704318936877075 0.594375 0.3961794019933555 0.598125 0.4111295681063123 0.598125 0.42441860465116277 0.591875 0.4318936877076412 0.57875 0.43106312292358806 0.571875 0.4277408637873754 0.56875 0.41029900332225916 0.569375 0.39368770764119604 0.56375 0.3853820598006645 0.569375 0.38205980066445183 0.575 0.38205980066445183 0.586875
1 0.6926910299003323 0.436875 0.7068106312292359 0.446875 0.7200996677740864 0.446875 0.7259136212624585 0.438125 0.728405315614618 0.425 0.7192691029900332 0.41 0.7134551495016611 0.406875 0.7026578073089701 0.405 0.6926910299003323 0.406875 0.6885382059800664 0.41375 0.6885382059800664 0.428125 0.6926910299003323 0.436875
1 0.6137873754152824 0.50125 0.6229235880398671 0.50625 0.632890365448505 0.50625 0.6403654485049833 0.504375 0.6561461794019934 0.495 0.659468438538206 0.48125 0.654485049833887 0.47375 0.6470099667774086 0.470625 0.6370431893687708 0.470625 0.6196013289036545 0.47625 0.6121262458471761 0.485 0.6104651162790697 0.495625 0.6137873754152824 0.50125
1 0.5697674418604651 0.355 0.5755813953488372 0.365625 0.5880398671096345 0.37125 0.6038205980066446 0.369375 0.6104651162790697 0.36125 0.6104651162790697 0.35125 0.6054817275747508 0.344375 0.5921926910299004 0.33625 0.5813953488372093 0.33625 0.5730897009966778 0.34125 0.5697674418604651 0.346875 0.5697674418604651 0.355
1 0.39368770764119604 0.3125 0.41029900332225916 0.311875 0.41777408637873753 0.30375 0.4152823920265781 0.288125 0.4119601328903654 0.285625 0.39700996677740863 0.288125 0.38870431893687707 0.3 0.38870431893687707 0.3075 0.39368770764119604 0.3125
1 0.7558139534883721 0.659375 0.7749169435215947 0.660625 0.7890365448504983 0.650625 0.792358803986711 0.644375 0.792358803986711 0.634375 0.7898671096345515 0.629375 0.7790697674418605 0.623125 0.7674418604651163 0.62125 0.7574750830564784 0.626875 0.75 0.634375 0.75 0.654375 0.7558139534883721 0.659375
1 0.35631229235880396 0.293125 0.3637873754152824 0.293125 0.3687707641196013 0.290625 0.38205980066445183 0.28 0.38289036544850497 0.264375 0.3787375415282392 0.259375 0.3712624584717608 0.255625 0.36212624584717606 0.255625 0.3538205980066445 0.258125 0.3438538205980066 0.26875 0.3446843853820598 0.283125 0.35631229235880396 0.293125
1 0.617109634551495 0.76125 0.6295681063122923 0.76875 0.6403654485049833 0.76875 0.6470099667774086 0.76375 0.6511627906976745 0.754375 0.643687707641196 0.733125 0.6370431893687708 0.73 0.6262458471760798 0.72875 0.6196013289036545 0.730625 0.6137873754152824 0.73625 0.6112956810631229 0.75125 0.617109634551495 0.76125
1 0.7799003322259136 0.5575 0.7898671096345515 0.5575 0.7998338870431894 0.555 0.8073089700996677 0.55 0.8172757475083057 0.535625 0.8172757475083057 0.524375 0.803156146179402 0.514375 0.7898671096345515 0.514375 0.7790697674418605 0.52125 0.770764119601329 0.533125 0.7674418604651163 0.55 0.7799003322259136 0.5575
1 0.4019933554817276 0.343125 0.40863787375415284 0.343125 0.4186046511627907 0.33875 0.42857142857142855 0.33 0.4318936877076412 0.32 0.42524916943521596 0.31 0.41362126245847175 0.309375 0.4003322259136213 0.315 0.39368770764119604 0.321875 0.39368770764119604 0.338125 0.4019933554817276 0.343125
1 0.5614617940199336 0.83875 0.5697674418604651 0.845 0.5830564784053156 0.848125 0.5913621262458472 0.8475 0.6013289036544851 0.845 0.6104651162790697 0.83875 0.6112956810631229 0.8275 0.6038205980066446 0.819375 0.5921926910299004 0.816875 0.5855481727574751 0.8125 0.5705980066445183 0.814375 0.5589700996677741 0.819375 0.5581395348837209 0.833125 0.5614617940199336 0.83875
1 0.7084717607973422 0.50375 0.71843853820598 0.51125 0.7342192691029901 0.51 0.7441860465116279 0.4975 0.7433554817275747 0.485 0.7358803986710963 0.474375 0.7308970099667774 0.47125 0.7200996677740864 0.473125 0.7084717607973422 0.48375 0.7059800664451827 0.49 0.7084717607973422 0.50375
1 0.3554817275747508 0.435 0.36212624584717606 0.4375 0.3754152823920266 0.438125 0.3853820598006645 0.431875 0.38704318936877075 0.420625 0.3812292358803987 0.409375 0.3687707641196013 0.40125 0.35631229235880396 0.40125 0.3438538205980066 0.410625 0.3438538205980066 0.42375 0.3554817275747508 0.435
1 0.4526578073089701 0.45875 0.46677740863787376 0.46625 0.4850498338870432 0.46625 0.5 0.45625 0.4983388704318937 0.445 0.4833887043189369 0.4375 0.457641196013289 0.440625 0.45182724252491696 0.445 0.45016611295681064 0.455 0.4526578073089701 0.45875
1 0.4019933554817276 0.545 0.4119601328903654 0.5475 0.42524916943521596 0.5475 0.436046511627907 0.539375 0.4377076411960133 0.52625 0.4260797342192691 0.514375 0.4169435215946844 0.51125 0.40448504983388706 0.51125 0.39700996677740863 0.514375 0.39285714285714285 0.519375 0.39285714285714285 0.534375 0.4019933554817276 0.545
1 0.41943521594684385 0.291875 0.420265780730897 0.3 0.4269102990033223 0.308125 0.4368770764119601 0.3125 0.45182724252491696 0.31125 0.45930232558139533 0.296875 0.45348837209302323 0.279375 0.4393687707641196 0.2725 0.4277408637873754 0.2725 0.4161129568106312 0.279375 0.4152823920265781 0.28625 0.41943521594684385 0.291875
1 0.44435215946843853 0.575625 0.4601328903654485 0.575625 0.4700996677740864 0.569375 0.473421926910299 0.555625 0.4692691029900332 0.545625 0.46511627906976744 0.5425 0.45348837209302323 0.538125 0.4476744186046512 0.538125 0.4393687707641196 0.541875 0.43272425249169433 0.550625 0.43272425249169433 0.564375 0.44435215946843853 0.575625
1 0.7009966777408638 0.6125 0.7093023255813954 0.619375 0.71843853820598 0.623125 0.739202657807309 0.623125 0.7483388704318937 0.62 0.7549833887043189 0.6125 0.7533222591362126 0.6 0.7458471760797342 0.59375 0.7400332225913622 0.591875 0.7200996677740864 0.58875 0.7117940199335548 0.589375 0.7059800664451827 0.591875 0.6976744186046512 0.6 0.696843853820598 0.60625 0.7009966777408638 0.6125
1 0.622093023255814 0.546875 0.6303986710963455 0.54875 0.643687707641196 0.5475 0.6495016611295681 0.538125 0.6495016611295681 0.526875 0.6420265780730897 0.514375 0.6312292358803987 0.508125 0.6179401993355482 0.50625 0.606312292358804 0.51625 0.6071428571428571 0.531875 0.622093023255814 0.546875
1 0.7682724252491694 0.31 0.7757475083056479 0.311875 0.8064784053156147 0.31125 0.8181063122923588 0.304375 0.8197674418604651 0.3 0.8181063122923588 0.290625 0.8014950166112956 0.283125 0.7848837209302325 0.283125 0.7740863787375415 0.285625 0.7674418604651163 0.28875 0.7641196013289037 0.29375 0.7616279069767442 0.30375 0.7682724252491694 0.31
1 0.6320598006644518 0.58125 0.6362126245847176 0.58625 0.6420265780730897 0.58875 0.6611295681063123 0.588125 0.6694352159468439 0.581875 0.6727574750830565 0.575625 0.6719269102990033 0.56375 0.6669435215946844 0.558125 0.6553156146179402 0.5525 0.6486710963455149 0.5525 0.6403654485049833 0.555625 0.6295681063122923 0.566875 0.6287375415282392 0.57375 0.6320598006644518 0.58125
1 0.5490033222591362 0.43 0.5539867109634552 0.43375 0.563953488372093 0.43625 0.5805647840531561 0.436875 0.5888704318936877 0.435 0.5963455149501661 0.4275 0.5963455149501661 0.419375 0.5930232558139535 0.414375 0.5838870431893688 0.40875 0.5664451827242525 0.406875 0.5581395348837209 0.409375 0.5473421926910299 0.4175 0.5465116279069767 0.425625 0.5490033222591362 0.43
1 0.37790697674418605 0.36375 0.39285714285714285 0.3675 0.40780730897009965 0.365 0.41029900332225916 0.354375 0.40365448504983387 0.344375 0.3903654485049834 0.33625 0.3845514950166113 0.33625 0.3795681063122924 0.33375 0.3729235880398671 0.33375 0.3654485049833887 0.33875 0.3654485049833887 0.35125 0.37790697674418605 0.36375
1 0.7225913621262459 0.58875 0.7441860465116279 0.59125 0.7632890365448505 0.58125 0.7666112956810631 0.571875 0.7649501661129569 0.564375 0.760797342192691 0.559375 0.7491694352159468 0.555625 0.7325581395348837 0.55875 0.723421926910299 0.563125 0.7167774086378738 0.569375 0.7167774086378738 0.584375 0.7225913621262459 0.58875
1 0.35299003322259137 0.67875 0.36046511627906974 0.6825 0.3787375415282392 0.681875 0.38372093023255816 0.6775 0.3853820598006645 0.67 0.3754152823920266 0.651875 0.36710963455149503 0.64625 0.3546511627906977 0.64625 0.3430232558139535 0.65375 0.3438538205980066 0.665625 0.35299003322259137 0.67875
1 0.4543189368770764 0.480625 0.47093023255813954 0.49125 0.4900332225913621 0.49375 0.5008305647840532 0.48875 0.5016611295681063 0.48125 0.4983388704318937 0.475625 0.48588039867109634 0.46875 0.462624584717608 0.465625 0.45348837209302323 0.4675 0.45182724252491696 0.4725 0.4543189368770764 0.480625
1 0.6528239202657807 0.75375 0.6569767441860465 0.75875 0.6619601328903655 0.763125 0.6719269102990033 0.76625 0.686046511627907 0.76625 0.6893687707641196 0.764375 0.6943521594684385 0.759375 0.6951827242524917 0.75 0.6885382059800664 0.73625 0.6810631229235881 0.728125 0.6669435215946844 0.71875 0.654485049833887 0.720625 0.6486710963455149 0.7275 0.6470099667774086 0.7375 0.6528239202657807 0.75375
1 0.5166112956810631 0.449375 0.5249169435215947 0.45375 0.5390365448504983 0.451875 0.553156146179402 0.439375 0.553156146179402 0.43 0.5456810631229236 0.425 0.5307308970099668 0.425 0.5157807308970099 0.431875 0.5141196013289037 0.445625 0.5166112956810631 0.449375
1 0.47093023255813954 0.355 0.4850498338870432 0.36125 0.49750830564784054 0.36 0.5033222591362126 0.353125 0.5041528239202658 0.34375 0.4941860465116279 0.326875 0.48421926910299 0.321875 0.47591362126245845 0.320625 0.4676079734219269 0.323125 0.4601328903654485 0.329375 0.4584717607973422 0.338125 0.47093023255813954 0.355
1 0.4983388704318937 0.525625 0.5041528239202658 0.529375 0.5124584717607974 0.529375 0.5240863787375415 0.525 0.5290697674418605 0.519375 0.5299003322259136 0.513125 0.5299003322259136 0.505 0.5240863787375415 0.49875 0.5116279069767442 0.4925 0.5033222591362126 0.4925 0.4958471760797342 0.495 0.48754152823920266 0.50125 0.489202657807309 0.51625 0.4983388704318937 0.525625
1 0.30564784053156147 0.39625 0.3222591362126246 0.395 0.3347176079734219 0.385625 0.3380398671096346 0.380625 0.3380398671096346 0.3725 0.3347176079734219 0.365 0.32475083056478404 0.36 0.3131229235880399 0.36 0.29900332225913623 0.37 0.29485049833887045 0.375625 0.29401993355481726 0.389375 0.30564784053156147 0.39625
1 0.7583056478405316 0.60875 0.7682724252491694 0.62 0.7757475083056479 0.623125 0.7873754152823921 0.624375 0.7956810631229236 0.623125 0.8048172757475083 0.618125 0.8081395348837209 0.613125 0.8073089700996677 0.60375 0.7915282392026578 0.589375 0.7774086378737541 0.58375 0.7682724252491694 0.58375 0.7549833887043189 0.5925 0.7541528239202658 0.598125 0.7583056478405316 0.60875
1 0.4700996677740864 0.6025 0.4750830564784053 0.605 0.4850498338870432 0.606875 0.4958471760797342 0.605625 0.5074750830564784 0.596875 0.5091362126245847 0.58 0.49916943521594687 0.5725 0.4833887043189369 0.57375 0.47591362126245845 0.576875 0.4700996677740864 0.5825 0.4684385382059801 0.596875 0.4700996677740864 0.6025
1 0.4642857142857143 0.639375 0.4833887043189369 0.644375 0.4983388704318937 0.64125 0.5024916943521595 0.638125 0.510797342192691 0.619375 0.5083056478405316 0.615 0.5 0.61125 0.47840531561461797 0.610625 0.4700996677740864 0.614375 0.46179401993355484 0.6225 0.46096345514950166 0.63125 0.4642857142857143 0.639375
1 0.5838870431893688 0.70625 0.5930232558139535 0.71125 0.6021594684385382 0.71125 0.6129568106312292 0.708125 0.6187707641196013 0.70375 0.6254152823920266 0.691875 0.6254152823920266 0.6875 0.622093023255814 0.680625 0.617109634551495 0.6775 0.5988372093023255 0.673125 0.5772425249169435 0.69 0.5772425249169435 0.698125 0.5838870431893688 0.70625
1 0.4269102990033223 0.355 0.436046511627907 0.358125 0.4526578073089701 0.358125 0.4634551495016611 0.35125 0.4634551495016611 0.344375 0.45598006644518274 0.334375 0.44019933554817275 0.32875 0.43106312292358806 0.32875 0.41777408637873753 0.34 0.41777408637873753 0.344375 0.4269102990033223 0.355
1 0.48588039867109634 0.425 0.4941860465116279 0.42875 0.5116279069767442 0.4325 0.5240863787375415 0.42875 0.5290697674418605 0.425 0.5290697674418605 0.41375 0.5182724252491694 0.40625 0.510797342192691 0.40375 0.49335548172757476 0.40375 0.48255813953488375 0.40875 0.48172757475083056 0.42 0.48588039867109634 0.425
1 0.563953488372093 0.405625 0.5880398671096345 0.40875 0.5980066445182725 0.405 0.6021594684385382 0.40125 0.6046511627906976 0.385625 0.5971760797342193 0.378125 0.5880398671096345 0.375 0.5780730897009967 0.375625 0.5622923588039868 0.383125 0.5589700996677741 0.40125 0.563953488372093 0.405625
1 0.4069767441860465 0.56875 0.4269102990033223 0.56875 0.43023255813953487 0.565625 0.42857142857142855 0.555625 0.41943521594684385 0.54875 0.3995016611295681 0.5475 0.3920265780730897 0.553125 0.39285714285714285 0.561875 0.4069767441860465 0.56875
1 0.49916943521594687 0.571875 0.5116279069767442 0.576875 0.5232558139534884 0.57625 0.5282392026578073 0.57375 0.532392026578073 0.560625 0.5290697674418605 0.5525 0.5232558139534884 0.5475 0.5116279069767442 0.54125 0.5049833887043189 0.54125 0.4983388704318937 0.5425 0.489202657807309 0.549375 0.489202657807309 0.563125 0.49916943521594687 0.571875
1 0.34219269102990035 0.381875 0.3546511627906977 0.389375 0.3687707641196013 0.386875 0.37790697674418605 0.376875 0.3770764119601329 0.365 0.3712624584717608 0.358125 0.3637873754152824 0.351875 0.3579734219269103 0.350625 0.3446843853820598 0.35125 0.3380398671096346 0.356875 0.3380398671096346 0.373125 0.34219269102990035 0.381875
1 0.5149501661129569 0.6025 0.5348837209302325 0.606875 0.542358803986711 0.605 0.5490033222591362 0.6 0.5514950166112956 0.588125 0.5390365448504983 0.576875 0.5290697674418605 0.575625 0.5166112956810631 0.5775 0.510797342192691 0.584375 0.5099667774086378 0.595 0.5149501661129569 0.6025
1 0.8214285714285714 0.350625 0.834717607973422 0.350625 0.8488372093023255 0.340625 0.8521594684385382 0.335625 0.8521594684385382 0.321875 0.840531561461794 0.3125 0.8255813953488372 0.313125 0.8122923588039868 0.320625 0.8081395348837209 0.326875 0.8089700996677741 0.343125 0.8214285714285714 0.350625
1 0.5357142857142857 0.529375 0.5431893687707641 0.5325 0.5573089700996677 0.5325 0.5705980066445183 0.52375 0.5730897009966778 0.51875 0.5714285714285714 0.50625 0.5581395348837209 0.4975 0.5440199335548173 0.4975 0.5348837209302325 0.50125 0.5307308970099668 0.509375 0.5307308970099668 0.52375 0.5357142857142857 0.529375
1 0.7259136212624585 0.46375 0.7441860465116279 0.478125 0.7599667774086378 0.480625 0.7757475083056479 0.475625 0.7782392026578073 0.473125 0.7807308970099668 0.4675 0.7790697674418605 0.45875 0.7591362126245847 0.445 0.7450166112956811 0.440625 0.7367109634551495 0.440625 0.7259136212624585 0.4475 0.7242524916943521 0.45125 0.723421926910299 0.458125 0.7259136212624585 0.46375
1 0.6029900332225914 0.314375 0.6179401993355482 0.324375 0.6387043189368771 0.33 0.6528239202657807 0.32875 0.6619601328903655 0.324375 0.6644518272425249 0.32 0.6636212624584718 0.31 0.6586378737541528 0.303125 0.6470099667774086 0.2975 0.6312292358803987 0.29375 0.6187707641196013 0.29375 0.6088039867109635 0.295625 0.6013289036544851 0.3 0.5996677740863787 0.305 0.6029900332225914 0.314375
1 0.43272425249169433 0.52125 0.44435215946843853 0.5325 0.4568106312292359 0.5325 0.4659468438538206 0.529375 0.4750830564784053 0.51875 0.4742524916943522 0.50625 0.4659468438538206 0.496875 0.446843853820598 0.496875 0.4393687707641196 0.5 0.43106312292358806 0.508125 0.43023255813953487 0.51625 0.43272425249169433 0.52125
1 0.6636212624584718 0.459375 0.670265780730897 0.463125 0.6777408637873754 0.46625 0.6893687707641196 0.46625 0.7009966777408638 0.46 0.7009966777408638 0.444375 0.6885382059800664 0.435 0.6810631229235881 0.4325 0.6710963455149501 0.4325 0.6569767441860465 0.439375 0.6569767441860465 0.45125 0.6636212624584718 0.459375
1 0.5132890365448505 0.4 0.5199335548172758 0.4025 0.5373754152823921 0.403125 0.5490033222591362 0.40125 0.5564784053156147 0.3975 0.5614617940199336 0.386875 0.5548172757475083 0.375625 0.5390365448504983 0.369375 0.5282392026578073 0.369375 0.5191029900332226 0.3725 0.5083056478405316 0.383125 0.5058139534883721 0.39125 0.5132890365448505 0.4
1 0.520764119601329 0.82625 0.5307308970099668 0.83375 0.5357142857142857 0.835 0.5548172757475083 0.83375 0.5581395348837209 0.8275 0.5581395348837209 0.816875 0.5523255813953488 0.80625 0.542358803986711 0.800625 0.5232558139534884 0.800625 0.5157807308970099 0.80375 0.5141196013289037 0.816875 0.520764119601329 0.82625
1 0.7383720930232558 0.36 0.7475083056478405 0.36375 0.7549833887043189 0.36375 0.776578073089701 0.355625 0.7832225913621262 0.348125 0.7848837209302325 0.34125 0.78156146179402 0.335625 0.7732558139534884 0.33125 0.7599667774086378 0.33125 0.75 0.33375 0.739202657807309 0.34125 0.7358803986710963 0.346875 0.7350498338870431 0.355625 0.7383720930232558 0.36
1 0.6387043189368771 0.380625 0.643687707641196 0.386875 0.6511627906976745 0.39125 0.6710963455149501 0.39125 0.6818936877076412 0.386875 0.6868770764119602 0.381875 0.6885382059800664 0.37 0.6794019933554817 0.3625 0.6694352159468439 0.36 0.6569767441860465 0.36 0.6478405315614618 0.3625 0.6420265780730897 0.368125 0.6387043189368771 0.3725 0.6387043189368771 0.380625
1 0.4958471760797342 0.675 0.5083056478405316 0.6775 0.5157807308970099 0.675 0.5257475083056479 0.6675 0.5290697674418605 0.660625 0.5290697674418605 0.6475 0.5249169435215947 0.64 0.5182724252491694 0.635 0.5066445182724253 0.634375 0.489202657807309 0.645625 0.48754152823920266 0.649375 0.489202657807309 0.6675 0.4958471760797342 0.675
1 0.53156146179402 0.366875 0.5456810631229236 0.37 0.5589700996677741 0.3775 0.5689368770764119 0.37375 0.5730897009966778 0.36625 0.5730897009966778 0.359375 0.5689368770764119 0.350625 0.5647840531561462 0.3475 0.5564784053156147 0.343125 0.5431893687707641 0.343125 0.5348837209302325 0.34375 0.5290697674418605 0.349375 0.5282392026578073 0.359375 0.53156146179402 0.366875
1 0.553156146179402 0.68875 0.5606312292358804 0.691875 0.5730897009966778 0.690625 0.5813953488372093 0.686875 0.5963455149501661 0.673125 0.5980066445182725 0.660625 0.5880398671096345 0.6525 0.5789036544850499 0.6525 0.5589700996677741 0.6625 0.5490033222591362 0.673125 0.5481727574750831 0.679375 0.553156146179402 0.68875
1 0.4111295681063123 0.460625 0.436046511627907 0.46125 0.44601328903654486 0.455 0.4526578073089701 0.441875 0.4410299003322259 0.429375 0.4377076411960133 0.4275 0.4277408637873754 0.4275 0.4161129568106312 0.431875 0.4053156146179402 0.4425 0.40282392026578073 0.449375 0.4111295681063123 0.460625
1 0.28322259136212624 0.46 0.3064784053156146 0.45875 0.3164451827242525 0.45375 0.3272425249169435 0.444375 0.329734219269103 0.4325 0.3222591362126246 0.4225 0.3089700996677741 0.420625 0.2898671096345515 0.43 0.2807308970099668 0.440625 0.27906976744186046 0.45625 0.28322259136212624 0.46
1 0.2632890365448505 0.345625 0.2823920265780731 0.345625 0.2931893687707641 0.3375 0.29401993355481726 0.323125 0.2898671096345515 0.316875 0.27906976744186046 0.31 0.26411960132890366 0.31 0.25249169435215946 0.319375 0.25249169435215946 0.334375 0.2632890365448505 0.345625
1 0.7657807308970099 0.449375 0.7757475083056479 0.4525 0.7931893687707641 0.449375 0.8039867109634552 0.441875 0.8073089700996677 0.436875 0.8056478405315615 0.42875 0.7915282392026578 0.421875 0.7774086378737541 0.4225 0.7657807308970099 0.426875 0.7583056478405316 0.434375 0.7599667774086378 0.444375 0.7657807308970099 0.449375
1 0.75 0.520625 0.7649501661129569 0.52625 0.7724252491694352 0.52625 0.7790697674418605 0.521875 0.7840531561461794 0.515 0.7848837209302325 0.5 0.7774086378737541 0.49 0.7699335548172758 0.4875 0.7616279069767442 0.4875 0.7541528239202658 0.49 0.7450166112956811 0.5 0.7441860465116279 0.50875 0.75 0.520625
1 0.4700996677740864 0.30375 0.48421926910299 0.305 0.4941860465116279 0.299375 0.4983388704318937 0.290625 0.4983388704318937 0.28125 0.4941860465116279 0.27375 0.4850498338870432 0.26875 0.4717607973421927 0.26875 0.46511627906976744 0.27125 0.4584717607973422 0.278125 0.4601328903654485 0.295 0.4700996677740864 0.30375
1 0.3845514950166113 0.665 0.38870431893687707 0.6675 0.4069767441860465 0.6675 0.41445182724252494 0.654375 0.41362126245847175 0.6425 0.41029900332225916 0.63625 0.40448504983388706 0.631875 0.39285714285714285 0.63 0.38289036544850497 0.63375 0.37624584717607973 0.64 0.3754152823920266 0.650625 0.3845514950166113 0.665
1 0.5888704318936877 0.6075 0.6013289036544851 0.614375 0.6154485049833887 0.613125 0.6262458471760798 0.605 0.6320598006644518 0.59375 0.6337209302325582 0.584375 0.627906976744186 0.574375 0.6196013289036545 0.56875 0.6129568106312292 0.56875 0.5988372093023255 0.57375 0.590531561461794 0.5825 0.5863787375415282 0.5975 0.5888704318936877 0.6075
1 0.5581395348837209 0.594375 0.5697674418604651 0.600625 0.5838870431893688 0.598125 0.5880398671096345 0.593125 0.5897009966777409 0.583125 0.5880398671096345 0.575 0.5822259136212624 0.5675 0.5689368770764119 0.56 0.5606312292358804 0.56 0.5473421926910299 0.569375 0.5481727574750831 0.58125 0.5581395348837209 0.594375
1 0.5191029900332226 0.335 0.5357142857142857 0.34375 0.5539867109634552 0.3425 0.5672757475083057 0.33125 0.563953488372093 0.32 0.5539867109634552 0.3125 0.53156146179402 0.313125 0.5199335548172758 0.321875 0.5149501661129569 0.323125 0.5141196013289037 0.328125 0.5191029900332226 0.335
1 0.7948504983388704 0.485 0.7990033222591362 0.4875 0.8164451827242525 0.4875 0.8230897009966778 0.484375 0.8280730897009967 0.478125 0.8289036544850499 0.468125 0.8239202657807309 0.459375 0.8172757475083057 0.45375 0.8039867109634552 0.449375 0.7948504983388704 0.449375 0.782392026578073 0.456875 0.782392026578073 0.473125 0.7948504983388704 0.485
1 0.6918604651162791 0.701875 0.7026578073089701 0.70875 0.7109634551495017 0.70875 0.7259136212624585 0.69625 0.728405315614618 0.685625 0.7259136212624585 0.67375 0.7200996677740864 0.666875 0.7126245847176079 0.6625 0.6960132890365448 0.663125 0.6910299003322259 0.665625 0.6868770764119602 0.6725 0.6852159468438538 0.685 0.6918604651162791 0.701875
1 0.6212624584717608 0.82125 0.6320598006644518 0.82625 0.6445182724252492 0.826875 0.6602990033222591 0.82375 0.670265780730897 0.81875 0.6760797342192691 0.8125 0.6744186046511628 0.798125 0.6611295681063123 0.79125 0.6345514950166113 0.79125 0.6254152823920266 0.795625 0.6204318936877077 0.800625 0.617109634551495 0.815625 0.6212624584717608 0.82125
1 0.42940199335548174 0.62 0.4584717607973422 0.623125 0.4692691029900332 0.614375 0.4700996677740864 0.6075 0.4676079734219269 0.60375 0.45016611295681064 0.59375 0.43272425249169433 0.59375 0.420265780730897 0.600625 0.4210963455149502 0.6125 0.42940199335548174 0.62
1 0.579734219269103 0.561875 0.5872093023255814 0.57125 0.5996677740863787 0.57375 0.6146179401993356 0.56875 0.622093023255814 0.553125 0.6179401993355482 0.5425 0.6079734219269103 0.5375 0.5988372093023255 0.538125 0.5880398671096345 0.5425 0.579734219269103 0.5525 0.579734219269103 0.561875
1 0.590531561461794 0.654375 0.5971760797342193 0.65625 0.6154485049833887 0.65625 0.6187707641196013 0.65375 0.622093023255814 0.6475 0.622093023255814 0.639375 0.6162790697674418 0.626875 0.6104651162790697 0.6225 0.5938538205980066 0.61625 0.5789036544850499 0.618125 0.5705980066445183 0.625 0.5730897009966778 0.639375 0.590531561461794 0.654375
1 0.6420265780730897 0.43125 0.6553156146179402 0.4375 0.6611295681063123 0.4375 0.670265780730897 0.43375 0.675249169435216 0.429375 0.6785714285714286 0.418125 0.6760797342192691 0.40375 0.6719269102990033 0.39875 0.659468438538206 0.39375 0.6486710963455149 0.3925 0.6378737541528239 0.39625 0.632890365448505 0.401875 0.6320598006644518 0.41875 0.6420265780730897 0.43125
1 0.6910299003322259 0.6625 0.7051495016611296 0.6625 0.7151162790697675 0.659375 0.7225913621262459 0.65375 0.723421926910299 0.646875 0.7200996677740864 0.64 0.7009966777408638 0.629375 0.6918604651162791 0.629375 0.6852159468438538 0.631875 0.6785714285714286 0.63625 0.6744186046511628 0.6425 0.6760797342192691 0.65375 0.6910299003322259 0.6625
1 0.4111295681063123 0.713125 0.4152823920265781 0.716875 0.42441860465116277 0.72 0.4418604651162791 0.72 0.4543189368770764 0.71375 0.45514950166112955 0.699375 0.44933554817275745 0.691875 0.4393687707641196 0.6875 0.4210963455149502 0.6875 0.4127906976744186 0.691875 0.40863787375415284 0.69875 0.40780730897009965 0.704375 0.4111295681063123 0.713125
1 0.7242524916943521 0.4175 0.7350498338870431 0.429375 0.75 0.431875 0.7599667774086378 0.429375 0.7641196013289037 0.42625 0.7682724252491694 0.418125 0.7682724252491694 0.411875 0.7616279069767442 0.39875 0.7541528239202658 0.39375 0.7466777408637874 0.39125 0.7342192691029901 0.39125 0.7209302325581395 0.40125 0.7200996677740864 0.40875 0.7242524916943521 0.4175
1 0.5855481727574751 0.811875 0.5988372093023255 0.8175 0.606312292358804 0.8175 0.6137873754152824 0.81375 0.617109634551495 0.810625 0.6196013289036545 0.796875 0.6162790697674418 0.785625 0.6088039867109635 0.776875 0.6013289036544851 0.77125 0.5880398671096345 0.769375 0.5822259136212624 0.77125 0.5730897009966778 0.779375 0.5730897009966778 0.79625 0.5855481727574751 0.811875
1 0.6777408637873754 0.588125 0.6843853820598007 0.591875 0.6910299003322259 0.59375 0.7001661129568106 0.593125 0.7142857142857143 0.585 0.7134551495016611 0.571875 0.7051495016611296 0.56375 0.6910299003322259 0.55875 0.6794019933554817 0.55875 0.6735880398671097 0.5625 0.6727574750830565 0.58125 0.6777408637873754 0.588125
1 0.5705980066445183 0.283125 0.5880398671096345 0.283125 0.5946843853820598 0.28125 0.6046511627906976 0.2725 0.6021594684385382 0.259375 0.5971760797342193 0.255625 0.584717607973422 0.251875 0.5647840531561462 0.254375 0.5598006644518272 0.258125 0.5573089700996677 0.26375 0.5589700996677741 0.2775 0.5705980066445183 0.283125
1 0.45930232558139533 0.76625 0.4684385382059801 0.769375 0.49169435215946844 0.770625 0.5 0.76875 0.5099667774086378 0.763125 0.5141196013289037 0.758125 0.5149501661129569 0.745 0.5132890365448505 0.740625 0.5049833887043189 0.73625 0.48421926910299 0.735625 0.4659468438538206 0.740625 0.4584717607973422 0.745 0.4543189368770764 0.75125 0.45514950166112955 0.761875 0.45930232558139533 0.76625
1 0.7865448504983389 0.5825 0.7973421926910299 0.58875 0.8106312292358804 0.58875 0.8131229235880398 0.595 0.8172757475083057 0.595 0.8214285714285714 0.598125 0.8313953488372093 0.5975 0.8322259136212624 0.591875 0.829734219269103 0.5875 0.8355481727574751 0.576875 0.8355481727574751 0.5725 0.8313953488372093 0.566875 0.8172757475083057 0.558125 0.8073089700996677 0.556875 0.7940199335548173 0.5575 0.78156146179402 0.56375 0.7807308970099668 0.573125 0.7865448504983389 0.5825
1 0.7192691029900332 0.544375 0.7225913621262459 0.5475 0.7350498338870431 0.551875 0.7574750830564784 0.55 0.7641196013289037 0.5475 0.7691029900332226 0.540625 0.7682724252491694 0.5275 0.7508305647840532 0.52125 0.7350498338870431 0.52125 0.723421926910299 0.524375 0.717607973421927 0.529375 0.7151162790697675 0.536875 0.7192691029900332 0.544375
1 0.6611295681063123 0.79 0.6719269102990033 0.795625 0.6868770764119602 0.794375 0.6910299003322259 0.79 0.6910299003322259 0.7775 0.6852159468438538 0.7675 0.6677740863787376 0.76625 0.6619601328903655 0.764375 0.6578073089700996 0.76 0.6528239202657807 0.764375 0.6519933554817275 0.775 0.6611295681063123 0.79
1 0.45930232558139533 0.675 0.4750830564784053 0.675625 0.4850498338870432 0.670625 0.48754152823920266 0.665 0.4867109634551495 0.6575 0.4850498338870432 0.650625 0.48006644518272423 0.645625 0.4634551495016611 0.639375 0.44518272425249167 0.648125 0.44518272425249167 0.66 0.45930232558139533 0.675
1 0.521594684385382 0.281875 0.5348837209302325 0.288125 0.5398671096345515 0.288125 0.5523255813953488 0.28125 0.5564784053156147 0.2725 0.5556478405315615 0.264375 0.5539867109634552 0.260625 0.5440199335548173 0.253125 0.5257475083056479 0.2525 0.5149501661129569 0.26 0.5141196013289037 0.2725 0.521594684385382 0.281875
1 0.4717607973421927 0.44 0.4833887043189369 0.4225 0.47674418604651164 0.41 0.45016611295681064 0.40875 0.45016611295681064 0.4275 0.4717607973421927 0.44
0 0.6976744186046512 0.15875 0.6843853820598007 0.14375 0.6411960132890365 0.13375 0.6013289036544851 0.1525 0.5897009966777409 0.1725 0.5996677740863787 0.20625 0.6295681063122923 0.21375 0.6677740863787376 0.21875 0.707641196013289 0.18375 0.6976744186046512 0.15875