0 0.22875 0.7898671096345515 0.23625 0.8056478405315615 0.254375 0.8205980066445183 0.27375 0.8222591362126246 0.285625 0.8172757475083057 0.2975 0.8039867109634552 0.304375 0.7931893687707641 0.306875 0.7848837209302325 0.309375 0.7641196013289037 0.305 0.739202657807309 0.295625 0.7225913621262459 0.280625 0.7117940199335548 0.260625 0.7109634551495017 0.2475 0.717607973421927 0.238125 0.7259136212624585 0.23 0.7400332225913622 0.2275 0.7491694352159468 0.22625 0.7782392026578073 0.22875 0.7898671096345515
1 0.425 0.7308970099667774 0.435 0.728405315614618 0.441875 0.7200996677740864 0.443125 0.7134551495016611 0.4425 0.7059800664451827 0.435 0.6976744186046512 0.42875 0.6976744186046512 0.416875 0.7093023255813954 0.416875 0.7225913621262459 0.425 0.7308970099667774
1 0.209375 0.40863787375415284 0.213125 0.41362126245847175 0.224375 0.4210963455149502 0.230625 0.420265780730897 0.234375 0.4169435215946844 0.236875 0.40780730897009965 0.235625 0.3995016611295681 0.23125 0.39285714285714285 0.221875 0.38870431893687707 0.2125 0.39285714285714285 0.209375 0.39700996677740863 0.209375 0.40863787375415284
1 0.40375 0.34053156146179403 0.413125 0.34053156146179403 0.420625 0.3313953488372093 0.418125 0.3181063122923588 0.41375 0.31146179401993357 0.40625 0.31146179401993357 0.39875 0.313953488372093 0.39625 0.31727574750830567 0.39625 0.3330564784053156 0.40375 0.34053156146179403
1 0.524375 0.41943521594684385 0.529375 0.4260797342192691 0.536875 0.4277408637873754 0.544375 0.42524916943521596 0.550625 0.4152823920265781 0.550625 0.40282392026578073 0.5425 0.3920265780730897 0.53125 0.39368770764119604 0.524375 0.4003322259136213 0.521875 0.4111295681063123 0.524375 0.41943521594684385
1 0.446875 0.584717607973422 0.4525 0.5880398671096345 0.463125 0.5855481727574751 0.470625 0.5739202657807309 0.470625 0.5664451827242525 0.468125 0.5598006644518272 0.461875 0.5556478405315615 0.45 0.5573089700996677 0.444375 0.563953488372093 0.443125 0.5772425249169435 0.446875 0.584717607973422
1 0.329375 0.3347176079734219 0.33375 0.3380398671096346 0.34625 0.3380398671096346 0.351875 0.3330564784053156 0.354375 0.31976744186046513 0.353125 0.3131229235880399 0.349375 0.3081395348837209 0.33625 0.30564784053156147 0.3275 0.31146179401993357 0.326875 0.3280730897009967 0.329375 0.3347176079734219
1 0.5 0.5448504983388704 0.505 0.5556478405315615 0.514375 0.5564784053156147 0.519375 0.5514950166112956 0.52125 0.5448504983388704 0.52125 0.5290697674418605 0.514375 0.5182724252491694 0.504375 0.520764119601329 0.5 0.5290697674418605 0.5 0.5448504983388704
1 0.21625 0.5182724252491694 0.22125 0.5224252491694352 0.22625 0.5224252491694352 0.234375 0.5141196013289037 0.235625 0.49667774086378735 0.2325 0.4900332225913621 0.22625 0.489202657807309 0.221875 0.49169435215946844 0.215 0.5041528239202658 0.214375 0.5141196013289037 0.21625 0.5182724252491694
1 0.355625 0.48421926910299 0.36625 0.49335548172757476 0.3725 0.49335548172757476 0.379375 0.48172757475083056 0.379375 0.47259136212624586 0.375 0.46179401993355484 0.36625 0.45514950166112955 0.359375 0.45598006644518274 0.354375 0.46179401993355484 0.35375 0.47591362126245845 0.355625 0.48421926910299
1 0.22875 0.5440199335548173 0.2325 0.5523255813953488 0.240625 0.5564784053156147 0.246875 0.5539867109634552 0.251875 0.5431893687707641 0.251875 0.5332225913621262 0.249375 0.5257475083056479 0.241875 0.5174418604651163 0.235625 0.5174418604651163 0.230625 0.520764119601329 0.22875 0.5257475083056479 0.22875 0.5440199335548173
1 0.27875 0.4792358803986711 0.285625 0.4792358803986711 0.290625 0.47591362126245845 0.29875 0.4634551495016611 0.29875 0.446843853820598 0.29625 0.4418604651162791 0.29 0.4377076411960133 0.28125 0.4410299003322259 0.27375 0.4526578073089701 0.2725 0.47093023255813954 0.27875 0.4792358803986711
1 0.545625 0.6337209302325582 0.560625 0.6312292358803987 0.56875 0.617109634551495 0.56875 0.6021594684385382 0.56625 0.5946843853820598 0.56125 0.5897009966777409 0.548125 0.5888704318936877 0.54375 0.5921926910299004 0.538125 0.6021594684385382 0.5375 0.6262458471760798 0.545625 0.6337209302325582
1 0.504375 0.5880398671096345 0.51625 0.5888704318936877 0.525625 0.5813953488372093 0.52625 0.5739202657807309 0.52375 0.5697674418604651 0.51125 0.5581395348837209 0.501875 0.5581395348837209 0.496875 0.563953488372093 0.4975 0.5789036544850499 0.504375 0.5880398671096345
1 0.26875 0.39700996677740863 0.27625 0.40282392026578073 0.2825 0.4019933554817276 0.286875 0.39368770764119604 0.285625 0.3712624584717608 0.276875 0.36212624584717606 0.27125 0.3637873754152824 0.26625 0.3704318936877076 0.265 0.3853820598006645 0.26875 0.39700996677740863
1 0.5175 0.6619601328903655 0.525625 0.6669435215946844 0.531875 0.6669435215946844 0.539375 0.6586378737541528 0.540625 0.6387043189368771 0.539375 0.632890365448505 0.533125 0.6229235880398671 0.5275 0.6229235880398671 0.519375 0.627906976744186 0.515 0.6337209302325582 0.514375 0.654485049833887 0.5175 0.6619601328903655
1 0.420625 0.6619601328903655 0.431875 0.6636212624584718 0.441875 0.6503322259136213 0.441875 0.6312292358803987 0.435 0.6212624584717608 0.425 0.6237541528239202 0.41625 0.6387043189368771 0.415625 0.654485049833887 0.420625 0.6619601328903655
1 0.214375 0.5730897009966778 0.223125 0.5730897009966778 0.226875 0.5697674418604651 0.23125 0.5581395348837209 0.22875 0.5440199335548173 0.22 0.5340531561461794 0.21375 0.5357142857142857 0.209375 0.5415282392026578 0.209375 0.5681063122923588 0.214375 0.5730897009966778
1 0.444375 0.7018272425249169 0.45375 0.7059800664451827 0.46625 0.7051495016611296 0.46875 0.7018272425249169 0.46875 0.6877076411960132 0.460625 0.675249169435216 0.453125 0.6710963455149501 0.446875 0.6710963455149501 0.44 0.6760797342192691 0.438125 0.6885382059800664 0.444375 0.7018272425249169
1 0.3775 0.36295681063122925 0.390625 0.3646179401993355 0.39625 0.35714285714285715 0.395 0.34136212624584716 0.384375 0.329734219269103 0.37375 0.329734219269103 0.366875 0.33970099667774084 0.3675 0.3521594684385382 0.3775 0.36295681063122925
1 0.33125 0.41362126245847175 0.33375 0.41943521594684385 0.33875 0.42524916943521596 0.34375 0.4269102990033223 0.355625 0.4260797342192691 0.36125 0.4219269102990033 0.365 0.4111295681063123 0.364375 0.4019933554817276 0.36125 0.3945182724252492 0.355 0.38787375415282394 0.34875 0.3853820598006645 0.338125 0.38870431893687707 0.33125 0.3978405315614618 0.33125 0.41362126245847175
1 0.3675 0.45514950166112955 0.375 0.4568106312292359 0.38125 0.4543189368770764 0.39125 0.436046511627907 0.39125 0.4277408637873754 0.384375 0.41777408637873753 0.375 0.4169435215946844 0.365 0.4260797342192691 0.3625 0.4435215946843854 0.3675 0.45514950166112955
1 0.438125 0.4950166112956811 0.444375 0.49916943521594687 0.453125 0.5 0.46 0.49335548172757476 0.46 0.47674418604651164 0.449375 0.46179401993355484 0.438125 0.457641196013289 0.4325 0.4642857142857143 0.4325 0.4850498338870432 0.438125 0.4950166112956811
1 0.3975 0.7001661129568106 0.408125 0.7034883720930233 0.414375 0.6993355481727574 0.416875 0.6926910299003323 0.41625 0.6818936877076412 0.41 0.6719269102990033 0.40375 0.6669435215946844 0.395625 0.6669435215946844 0.388125 0.6744186046511628 0.3875 0.6868770764119602 0.3975 0.7001661129568106
1 0.39625 0.31146179401993357 0.4025 0.3131229235880399 0.41 0.3106312292358804 0.418125 0.29900332225913623 0.420625 0.2915282392026578 0.420625 0.28322259136212624 0.415625 0.2749169435215947 0.406875 0.2757475083056478 0.39625 0.2840531561461794 0.393125 0.2956810631229236 0.3925 0.303156146179402 0.39625 0.31146179401993357
1 0.345625 0.6029900332225914 0.358125 0.6104651162790697 0.366875 0.6046511627906976 0.3675 0.5897009966777409 0.36 0.5780730897009967 0.353125 0.5730897009966778 0.345625 0.5730897009966778 0.34125 0.5764119601328903 0.34125 0.5971760797342193 0.345625 0.6029900332225914
1 0.5275 0.574750830564784 0.540625 0.5830564784053156 0.54875 0.579734219269103 0.551875 0.5672757475083057 0.550625 0.5598006644518272 0.545 0.5523255813953488 0.53375 0.5415282392026578 0.524375 0.5415282392026578 0.52125 0.5456810631229236 0.519375 0.5564784053156147 0.5275 0.574750830564784
1 0.4975 0.3014950166112957 0.506875 0.2973421926910299 0.51125 0.2915282392026578 0.513125 0.28322259136212624 0.50625 0.2724252491694352 0.4975 0.27325581395348836 0.49 0.2815614617940199 0.49 0.29485049833887045 0.4975 0.3014950166112957
1 0.258125 0.5240863787375415 0.2675 0.5224252491694352 0.275625 0.5149501661129569 0.2775 0.5091362126245847 0.275625 0.49750830564784054 0.26875 0.4900332225913621 0.258125 0.4900332225913621 0.25 0.5 0.25 0.5157807308970099 0.258125 0.5240863787375415
1 0.553125 0.7192691029900332 0.55875 0.7259136212624585 0.565625 0.7259136212624585 0.570625 0.7225913621262459 0.57625 0.7134551495016611 0.575625 0.6918604651162791 0.570625 0.6843853820598007 0.565625 0.6827242524916943 0.558125 0.6868770764119602 0.5525 0.6935215946843853 0.550625 0.7093023255813954 0.553125 0.7192691029900332
1 0.480625 0.6237541528239202 0.48625 0.6270764119601329 0.495 0.6245847176079734 0.4975 0.6187707641196013 0.4975 0.6046511627906976 0.49 0.5913621262458472 0.483125 0.5897009966777409 0.47875 0.5921926910299004 0.474375 0.5996677740863787 0.474375 0.6104651162790697 0.480625 0.6237541528239202
1 0.5575 0.5631229235880398 0.56375 0.5647840531561462 0.571875 0.5581395348837209 0.575625 0.5473421926910299 0.575625 0.5406976744186046 0.571875 0.532392026578073 0.56375 0.5299003322259136 0.55875 0.5332225913621262 0.5525 0.5481727574750831 0.5525 0.5564784053156147 0.5575 0.5631229235880398
1 0.52125 0.4659468438538206 0.5325 0.46511627906976744 0.5375 0.45598006644518274 0.5375 0.4476744186046512 0.528125 0.43521594684385384 0.5175 0.43438538205980065 0.51 0.4410299003322259 0.51 0.4526578073089701 0.52125 0.4659468438538206
1 0.481875 0.6611295681063123 0.4875 0.6644518272425249 0.496875 0.6644518272425249 0.50625 0.6561461794019934 0.50625 0.6403654485049833 0.50125 0.6320598006644518 0.485 0.6320598006644518 0.480625 0.6353820598006644 0.47875 0.6411960132890365 0.479375 0.6553156146179402 0.481875 0.6611295681063123
1 0.37 0.3081395348837209 0.3825 0.3106312292358804 0.39125 0.30481727574750833 0.39375 0.2931893687707641 0.39375 0.2815614617940199 0.39125 0.27906976744186046 0.385 0.276578073089701 0.375625 0.2782392026578073 0.3675 0.287375415282392 0.36625 0.29817275747508304 0.37 0.3081395348837209
1 0.485 0.6910299003322259 0.49375 0.6993355481727574 0.505 0.6993355481727574 0.509375 0.696843853820598 0.5175 0.6852159468438538 0.5175 0.6760797342192691 0.514375 0.6669435215946844 0.5075 0.6627906976744186 0.4925 0.6661129568106312 0.484375 0.6794019933554817 0.483125 0.6852159468438538 0.485 0.6910299003322259
1 0.3725 0.7034883720930233 0.381875 0.7051495016611296 0.386875 0.7009966777408638 0.386875 0.686046511627907 0.379375 0.6735880398671097 0.37 0.6710963455149501 0.364375 0.6777408637873754 0.365 0.6935215946843853 0.3725 0.7034883720930233
1 0.514375 0.6245847176079734 0.51875 0.6270764119601329 0.525625 0.6254152823920266 0.534375 0.6146179401993356 0.5375 0.6071428571428571 0.5375 0.5913621262458472 0.5325 0.5838870431893688 0.525625 0.5830564784053156 0.514375 0.5938538205980066 0.511875 0.606312292358804 0.51125 0.6137873754152824 0.514375 0.6245847176079734
1 0.39625 0.4692691029900332 0.40375 0.48006644518272423 0.41125 0.4850498338870432 0.41875 0.4850498338870432 0.425 0.48006644518272423 0.42375 0.46096345514950166 0.41375 0.44933554817275745 0.40375 0.44601328903654486 0.39875 0.4476744186046512 0.395625 0.45182724252491696 0.39375 0.46179401993355484 0.39625 0.4692691029900332
1 0.3775 0.2591362126245847 0.381875 0.2632890365448505 0.39125 0.260797342192691 0.39375 0.2558139534883721 0.3925 0.2350498338870432 0.384375 0.22591362126245848 0.379375 0.22674418604651161 0.375 0.23255813953488372 0.3725 0.24584717607973422 0.3775 0.2591362126245847
1 0.4025 0.7641196013289037 0.406875 0.770764119601329 0.410625 0.7732558139534884 0.41875 0.7724252491694352 0.42875 0.7632890365448505 0.42875 0.75 0.424375 0.7400332225913622 0.41375 0.7367109634551495 0.406875 0.7416943521594684 0.40125 0.7541528239202658 0.4025 0.7641196013289037
1 0.250625 0.2441860465116279 0.259375 0.24335548172757476 0.26625 0.2350498338870432 0.26875 0.22840531561461794 0.2675 0.21843853820598005 0.261875 0.2101328903654485 0.2575 0.2084717607973422 0.25 0.21096345514950166 0.244375 0.22009966777408638 0.24375 0.23421926910299004 0.250625 0.2441860465116279
1 0.451875 0.6378737541528239 0.46 0.6470099667774086 0.473125 0.6461794019933554 0.478125 0.6370431893687708 0.478125 0.6204318936877077 0.47125 0.6046511627906976 0.464375 0.5980066445182725 0.45875 0.5971760797342193 0.450625 0.6013289036544851 0.4475 0.6088039867109635 0.446875 0.6229235880398671 0.451875 0.6378737541528239
1 0.495 0.7931893687707641 0.5075 0.7940199335548173 0.51625 0.7832225913621262 0.51625 0.7682724252491694 0.510625 0.7616279069767442 0.503125 0.7616279069767442 0.49 0.770764119601329 0.49 0.7873754152823921 0.495 0.7931893687707641
1 0.3825 0.7433554817275747 0.389375 0.7441860465116279 0.395 0.7408637873754153 0.400625 0.7308970099667774 0.39875 0.7209302325581395 0.3875 0.7117940199335548 0.38 0.7117940199335548 0.3725 0.7200996677740864 0.3725 0.7350498338870431 0.3825 0.7433554817275747
1 0.54125 0.5514950166112956 0.54875 0.5514950166112956 0.556875 0.5382059800664452 0.556875 0.5191029900332226 0.5475 0.5058139534883721 0.54125 0.5058139534883721 0.53875 0.5083056478405316 0.535 0.5191029900332226 0.535625 0.5431893687707641 0.54125 0.5514950166112956
1 0.375625 0.782392026578073 0.386875 0.7848837209302325 0.398125 0.776578073089701 0.4 0.7649501661129569 0.39375 0.75 0.3825 0.7475083056478405 0.3725 0.7508305647840532 0.369375 0.7558139534883721 0.369375 0.7732558139534884 0.375625 0.782392026578073