1 0.6021594684385382 0.475625 0.6179401993355482 0.47125 0.6403654485049833 0.476875 0.6511627906976745 0.460625 0.6519933554817275 0.449375 0.6420265780730897 0.440625 0.6254152823920266 0.439375 0.6088039867109635 0.445 0.6029900332225914 0.45 0.5988372093023255 0.45875 0.5980066445182725 0.4675 0.6021594684385382 0.475625
1 0.4410299003322259 0.718125 0.446843853820598 0.723125 0.4568106312292359 0.728125 0.473421926910299 0.7275 0.4833887043189369 0.723125 0.4867109634551495 0.716875 0.4867109634551495 0.70875 0.4833887043189369 0.701875 0.47259136212624586 0.700625 0.4526578073089701 0.689375 0.44518272425249167 0.691875 0.43853820598006643 0.69875 0.4377076411960133 0.7075 0.4410299003322259 0.718125
1 0.21179401993355482 0.52375 0.24003322259136212 0.529375 0.2549833887043189 0.52625 0.2724252491694352 0.51125 0.2724252491694352 0.508125 0.2666112956810631 0.50125 0.2616279069767442 0.4975 0.25 0.494375 0.2217607973421927 0.496875 0.21428571428571427 0.50125 0.2084717607973422 0.509375 0.20764119601328904 0.52 0.21179401993355482 0.52375
1 0.5697674418604651 0.405625 0.584717607973422 0.413125 0.5996677740863787 0.414375 0.6162790697674418 0.405625 0.617109634551495 0.389375 0.6054817275747508 0.383125 0.5863787375415282 0.3825 0.5789036544850499 0.384375 0.5672757475083057 0.39125 0.5647840531561462 0.39625 0.5697674418604651 0.405625
1 0.5606312292358804 0.55375 0.5722591362126246 0.55375 0.5838870431893688 0.55 0.5913621262458472 0.5425 0.5963455149501661 0.533125 0.5921926910299004 0.521875 0.5838870431893688 0.514375 0.5647840531561462 0.515 0.5581395348837209 0.5175 0.5490033222591362 0.526875 0.5481727574750831 0.545 0.5606312292358804 0.55375
1 0.5116279069767442 0.46125 0.5174418604651163 0.4675 0.5282392026578073 0.46875 0.5431893687707641 0.46625 0.5573089700996677 0.455 0.5581395348837209 0.4375 0.5514950166112956 0.4325 0.5332225913621262 0.43 0.520764119601329 0.435 0.5141196013289037 0.440625 0.5116279069767442 0.446875 0.5116279069767442 0.46125
1 0.6636212624584718 0.38 0.6727574750830565 0.384375 0.686046511627907 0.384375 0.6951827242524917 0.376875 0.6993355481727574 0.369375 0.6951827242524917 0.35625 0.6885382059800664 0.348125 0.6777408637873754 0.34375 0.6611295681063123 0.34375 0.6519933554817275 0.35 0.6519933554817275 0.363125 0.6636212624584718 0.38
1 0.5448504983388704 0.386875 0.5672757475083057 0.3925 0.5813953488372093 0.381875 0.5813953488372093 0.365 0.5730897009966778 0.354375 0.5606312292358804 0.350625 0.5490033222591362 0.35125 0.5390365448504983 0.356875 0.5357142857142857 0.36125 0.5357142857142857 0.371875 0.5448504983388704 0.386875
1 0.3089700996677741 0.241875 0.32641196013289037 0.243125 0.34053156146179403 0.250625 0.3446843853820598 0.244375 0.3446843853820598 0.2325 0.33554817275747506 0.215625 0.32059800664451826 0.206875 0.3081395348837209 0.206875 0.29983388704318936 0.21375 0.29900332225913623 0.226875 0.3089700996677741 0.241875
1 0.4908637873754153 0.495 0.5024916943521595 0.50125 0.5074750830564784 0.501875 0.5191029900332226 0.50125 0.5282392026578073 0.495 0.53156146179402 0.4875 0.53156146179402 0.478125 0.5249169435215947 0.470625 0.5099667774086378 0.465 0.4950166112956811 0.465 0.489202657807309 0.46625 0.4850498338870432 0.47125 0.4850498338870432 0.48875 0.4908637873754153 0.495
1 0.654485049833887 0.816875 0.659468438538206 0.81875 0.6710963455149501 0.81875 0.686046511627907 0.810625 0.6901993355481728 0.801875 0.6901993355481728 0.7925 0.6835548172757475 0.781875 0.6777408637873754 0.779375 0.6677740863787376 0.779375 0.6478405315614618 0.79375 0.6470099667774086 0.810625 0.654485049833887 0.816875
1 0.5938538205980066 0.52375 0.6054817275747508 0.534375 0.6146179401993356 0.53625 0.6262458471760798 0.535625 0.6403654485049833 0.52375 0.6403654485049833 0.511875 0.6303986710963455 0.5 0.606312292358804 0.4975 0.590531561461794 0.51 0.5897009966777409 0.514375 0.5938538205980066 0.52375
1 0.6511627906976745 0.650625 0.6569767441860465 0.655625 0.675249169435216 0.66 0.6885382059800664 0.65375 0.6926910299003323 0.639375 0.6852159468438538 0.62625 0.6744186046511628 0.620625 0.6627906976744186 0.619375 0.654485049833887 0.62125 0.6470099667774086 0.626875 0.6453488372093024 0.638125 0.6511627906976745 0.650625
1 0.3089700996677741 0.70625 0.31976744186046513 0.709375 0.34634551495016613 0.70875 0.3521594684385382 0.70625 0.36212624584717606 0.69375 0.36129568106312293 0.685625 0.35132890365448505 0.6775 0.3446843853820598 0.675625 0.32059800664451826 0.6775 0.3122923588039867 0.68125 0.3064784053156146 0.68875 0.3073089700996678 0.70375 0.3089700996677741 0.70625
1 0.15282392026578073 0.52625 0.1669435215946844 0.5375 0.18023255813953487 0.538125 0.1893687707641196 0.53625 0.20431893687707642 0.52375 0.21179401993355482 0.5 0.2026578073089701 0.49 0.19435215946843853 0.4875 0.18438538205980065 0.4875 0.1686046511627907 0.49375 0.15863787375415284 0.505 0.15282392026578073 0.5175 0.15282392026578073 0.52625
1 0.3521594684385382 0.528125 0.36627906976744184 0.540625 0.38205980066445183 0.543125 0.3945182724252492 0.535625 0.39700996677740863 0.53125 0.39700996677740863 0.514375 0.3812292358803987 0.499375 0.3712624584717608 0.496875 0.35714285714285715 0.4975 0.3521594684385382 0.50125 0.3496677740863787 0.509375 0.3488372093023256 0.518125 0.3521594684385382 0.528125
1 0.19102990033222592 0.555625 0.2009966777408638 0.565625 0.2084717607973422 0.56875 0.22009966777408638 0.56875 0.2350498338870432 0.561875 0.23837209302325582 0.5575 0.23920265780730898 0.545 0.2350498338870432 0.535 0.22840531561461794 0.52875 0.21511627906976744 0.524375 0.2084717607973422 0.524375 0.19435215946843853 0.5325 0.19102990033222592 0.5375 0.19102990033222592 0.555625
1 0.3222591362126246 0.2075 0.3272425249169435 0.210625 0.3430232558139535 0.21375 0.36212624584717606 0.213125 0.3770764119601329 0.206875 0.38205980066445183 0.203125 0.38704318936877075 0.189375 0.3853820598006645 0.1825 0.3795681063122924 0.17625 0.3687707641196013 0.171875 0.3488372093023256 0.171875 0.3372093023255814 0.174375 0.3280730897009967 0.178125 0.3181063122923588 0.188125 0.31727574750830567 0.2 0.3222591362126246 0.2075
1 0.6636212624584718 0.71 0.670265780730897 0.71375 0.6893687707641196 0.713125 0.7001661129568106 0.699375 0.6993355481727574 0.691875 0.6901993355481728 0.678125 0.6818936877076412 0.67375 0.675249169435216 0.673125 0.6627906976744186 0.6775 0.6561461794019934 0.684375 0.654485049833887 0.696875 0.6636212624584718 0.71
1 0.6129568106312292 0.7875 0.617109634551495 0.79 0.6254152823920266 0.789375 0.632890365448505 0.784375 0.6403654485049833 0.776875 0.6428571428571429 0.769375 0.6403654485049833 0.761875 0.6337209302325582 0.75875 0.617109634551495 0.76125 0.6112956810631229 0.768125 0.6112956810631229 0.7825 0.6129568106312292 0.7875
1 0.5789036544850499 0.33125 0.5897009966777409 0.33625 0.6054817275747508 0.338125 0.6162790697674418 0.335625 0.6270764119601329 0.323125 0.6254152823920266 0.31 0.6154485049833887 0.3025 0.6071428571428571 0.3 0.5880398671096345 0.3 0.5789036544850499 0.30375 0.5730897009966778 0.30875 0.5730897009966778 0.324375 0.5789036544850499 0.33125
1 0.5448504983388704 0.650625 0.5498338870431894 0.654375 0.5573089700996677 0.6575 0.5705980066445183 0.658125 0.5822259136212624 0.65125 0.5855481727574751 0.6425 0.584717607973422 0.631875 0.5813953488372093 0.626875 0.5722591362126246 0.620625 0.5614617940199336 0.62 0.5481727574750831 0.623125 0.5440199335548173 0.625625 0.542358803986711 0.631875 0.5415282392026578 0.643125 0.5448504983388704 0.650625
1 0.47093023255813954 0.460625 0.4850498338870432 0.465 0.49335548172757476 0.465 0.5033222591362126 0.4625 0.5083056478405316 0.45875 0.510797342192691 0.441875 0.49916943521594687 0.4325 0.47591362126245845 0.43125 0.4700996677740864 0.4325 0.4642857142857143 0.43875 0.46179401993355484 0.449375 0.47093023255813954 0.460625
1 0.6046511627906976 0.666875 0.6079734219269103 0.671875 0.6187707641196013 0.676875 0.6295681063122923 0.6775 0.6445182724252492 0.67 0.6511627906976745 0.65125 0.6461794019933554 0.639375 0.6420265780730897 0.63625 0.6196013289036545 0.63625 0.6071428571428571 0.6475 0.6046511627906976 0.653125 0.6046511627906976 0.666875
1 0.37375415282392027 0.468125 0.38372093023255816 0.47375 0.3911960132890365 0.474375 0.4011627906976744 0.469375 0.4111295681063123 0.4675 0.4161129568106312 0.45875 0.41777408637873753 0.448125 0.42358803986710963 0.44 0.4227574750830565 0.43375 0.41029900332225916 0.4225 0.39700996677740863 0.420625 0.38870431893687707 0.4225 0.3795681063122924 0.42875 0.3729235880398671 0.435625 0.36794019933554817 0.445625 0.36710963455149503 0.456875 0.37375415282392027 0.468125
1 0.12541528239202657 0.76875 0.13205980066445183 0.770625 0.14451827242524917 0.769375 0.1553156146179402 0.765 0.1611295681063123 0.76 0.1669435215946844 0.75 0.1669435215946844 0.74 0.16362126245847175 0.733125 0.1569767441860465 0.7275 0.14700996677740863 0.725 0.13205980066445183 0.728125 0.11710963455149502 0.741875 0.11710963455149502 0.76125 0.12541528239202657 0.76875
1 0.3380398671096346 0.49125 0.3504983388704319 0.49375 0.36046511627906974 0.49125 0.36627906976744184 0.486875 0.37209302325581395 0.476875 0.37375415282392027 0.46625 0.36295681063122925 0.4525 0.3521594684385382 0.449375 0.34053156146179403 0.450625 0.329734219269103 0.45625 0.3239202657807309 0.46375 0.3230897009966777 0.48 0.3380398671096346 0.49125
1 0.6021594684385382 0.76125 0.6129568106312292 0.761875 0.6254152823920266 0.758125 0.6303986710963455 0.754375 0.6353820598006644 0.743125 0.6362126245847176 0.73 0.6312292358803987 0.725625 0.6237541528239202 0.72375 0.6146179401993356 0.725625 0.5963455149501661 0.74 0.5938538205980066 0.745 0.5938538205980066 0.75625 0.6021594684385382 0.76125
1 0.47093023255813954 0.638125 0.48421926910299 0.638125 0.49916943521594687 0.628125 0.5033222591362126 0.62 0.5016611295681063 0.61125 0.4941860465116279 0.60375 0.47840531561461797 0.605 0.46179401993355484 0.615625 0.4584717607973422 0.6275 0.47093023255813954 0.638125
1 0.2815614617940199 0.400625 0.29817275747508304 0.40125 0.3081395348837209 0.39875 0.32142857142857145 0.384375 0.3181063122923588 0.375 0.3014950166112957 0.365 0.2782392026578073 0.365 0.26411960132890366 0.373125 0.26411960132890366 0.388125 0.2815614617940199 0.400625
1 0.39285714285714285 0.50875 0.4111295681063123 0.50875 0.4260797342192691 0.5 0.42940199335548174 0.483125 0.4260797342192691 0.47375 0.4210963455149502 0.469375 0.3995016611295681 0.469375 0.38704318936877075 0.476875 0.38289036544850497 0.48375 0.38205980066445183 0.499375 0.39285714285714285 0.50875
1 0.16611295681063123 0.43625 0.1777408637873754 0.446875 0.19352159468438537 0.45375 0.20016611295681064 0.455625 0.21345514950166114 0.45375 0.223421926910299 0.444375 0.22425249169435216 0.435 0.22009966777408638 0.42375 0.21345514950166114 0.416875 0.20431893687707642 0.411875 0.19435215946843853 0.40875 0.18023255813953487 0.409375 0.16777408637873753 0.414375 0.16279069767441862 0.42 0.16196013289036545 0.429375 0.16611295681063123 0.43625
1 0.7491694352159468 0.74875 0.7616279069767442 0.758125 0.7790697674418605 0.759375 0.7915282392026578 0.75125 0.7940199335548173 0.745 0.7931893687707641 0.735 0.7898671096345515 0.728125 0.78156146179402 0.720625 0.7757475083056479 0.71875 0.7599667774086378 0.72 0.75 0.725625 0.7466777408637874 0.733125 0.7458471760797342 0.739375 0.7491694352159468 0.74875
1 0.4883720930232558 0.65125 0.5 0.65625 0.5141196013289037 0.658125 0.5290697674418605 0.6575 0.5406976744186046 0.65125 0.5390365448504983 0.639375 0.5224252491694352 0.63125 0.4983388704318937 0.629375 0.48588039867109634 0.63625 0.4850498338870432 0.645625 0.4883720930232558 0.65125
1 0.26827242524916944 0.36 0.2757475083056478 0.36375 0.2956810631229236 0.3625 0.29983388704318936 0.36 0.3064784053156146 0.348125 0.3073089700996678 0.33375 0.30481727574750833 0.326875 0.29401993355481726 0.313125 0.28820598006644516 0.31 0.2782392026578073 0.31 0.260797342192691 0.325 0.25830564784053156 0.33125 0.25830564784053156 0.348125 0.26827242524916944 0.36
1 0.5589700996677741 0.435 0.5739202657807309 0.441875 0.6004983388704319 0.441875 0.6121262458471761 0.4325 0.6112956810631229 0.4225 0.6046511627906976 0.416875 0.574750830564784 0.41125 0.5689368770764119 0.411875 0.5548172757475083 0.423125 0.5548172757475083 0.429375 0.5589700996677741 0.435
1 0.3014950166112957 0.625625 0.31146179401993357 0.62875 0.3230897009966777 0.629375 0.3380398671096346 0.623125 0.34136212624584716 0.615625 0.3380398671096346 0.60375 0.3230897009966777 0.59375 0.3181063122923588 0.591875 0.3014950166112957 0.591875 0.29069767441860467 0.600625 0.2898671096345515 0.6125 0.3014950166112957 0.625625
1 0.31976744186046513 0.661875 0.3272425249169435 0.669375 0.34136212624584716 0.675 0.3488372093023256 0.675625 0.36046511627906974 0.671875 0.3654485049833887 0.6675 0.3696013289036545 0.654375 0.36710963455149503 0.639375 0.36212624584717606 0.633125 0.3496677740863787 0.625 0.3380398671096346 0.624375 0.3289036544850498 0.626875 0.3222591362126246 0.631875 0.3164451827242525 0.641875 0.31478405315614616 0.65125 0.31976744186046513 0.661875
1 0.44601328903654486 0.753125 0.45930232558139533 0.763125 0.4850498338870432 0.76125 0.5033222591362126 0.748125 0.49916943521594687 0.73625 0.48421926910299 0.728125 0.45514950166112955 0.72875 0.44435215946843853 0.738125 0.4435215946843854 0.7475 0.44601328903654486 0.753125
1 0.5174418604651163 0.734375 0.5299003322259136 0.746875 0.5415282392026578 0.75125 0.5556478405315615 0.749375 0.5647840531561462 0.739375 0.5647840531561462 0.7325 0.5581395348837209 0.71875 0.5440199335548173 0.709375 0.5365448504983389 0.708125 0.520764119601329 0.709375 0.5157807308970099 0.716875 0.5149501661129569 0.728125 0.5174418604651163 0.734375
1 0.16029900332225913 0.671875 0.1777408637873754 0.6825 0.19933554817275748 0.685 0.21096345514950166 0.68 0.21677740863787376 0.675 0.21760797342192692 0.668125 0.21511627906976744 0.6625 0.2009966777408638 0.649375 0.19102990033222592 0.64625 0.16611295681063123 0.64625 0.1569767441860465 0.654375 0.15614617940199335 0.661875 0.16029900332225913 0.671875
1 0.35299003322259137 0.28 0.3654485049833887 0.28625 0.3803986710963455 0.28625 0.3920265780730897 0.2775 0.3953488372093023 0.27125 0.3953488372093023 0.261875 0.3903654485049834 0.2525 0.3795681063122924 0.24375 0.3687707641196013 0.239375 0.3546511627906977 0.24375 0.3496677740863787 0.250625 0.34717607973421927 0.261875 0.35299003322259137 0.28
1 0.22093023255813954 0.671875 0.2367109634551495 0.6775 0.25083056478405313 0.6775 0.26245847176079734 0.669375 0.26578073089701 0.655625 0.2591362126245847 0.639375 0.25332225913621265 0.635 0.2292358803986711 0.631875 0.22009966777408638 0.635 0.21179401993355482 0.644375 0.21096345514950166 0.655 0.22093023255813954 0.671875
1 0.23837209302325582 0.446875 0.24667774086378738 0.449375 0.2757475083056478 0.45 0.2857142857142857 0.446875 0.2931893687707641 0.441875 0.29401993355481726 0.42875 0.2915282392026578 0.425 0.27740863787375414 0.41375 0.2666112956810631 0.410625 0.24584717607973422 0.410625 0.23588039867109634 0.413125 0.23006644518272426 0.416875 0.22425249169435216 0.425 0.22508305647840532 0.436875 0.23837209302325582 0.446875
1 0.4169435215946844 0.375 0.43106312292358806 0.376875 0.45182724252491696 0.36625 0.4642857142857143 0.355625 0.4642857142857143 0.338125 0.45930232558139533 0.33375 0.4393687707641196 0.33375 0.436046511627907 0.33625 0.43106312292358806 0.33625 0.4169435215946844 0.34625 0.4111295681063123 0.35375 0.4119601328903654 0.37125 0.4169435215946844 0.375
1 0.420265780730897 0.654375 0.43438538205980065 0.6575 0.44933554817275745 0.6575 0.4642857142857143 0.65125 0.4676079734219269 0.64375 0.46677740863787376 0.63625 0.45514950166112955 0.626875 0.4476744186046512 0.625 0.42524916943521596 0.625 0.4169435215946844 0.626875 0.4127906976744186 0.63 0.4111295681063123 0.645 0.420265780730897 0.654375
1 0.21511627906976744 0.480625 0.22591362126245848 0.4875 0.23588039867109634 0.48875 0.25 0.4875 0.2591362126245847 0.484375 0.2724252491694352 0.471875 0.27408637873754155 0.463125 0.2724252491694352 0.4575 0.26411960132890366 0.451875 0.24003322259136212 0.449375 0.22425249169435216 0.45375 0.21345514950166114 0.466875 0.21179401993355482 0.475625 0.21511627906976744 0.480625
1 0.2084717607973422 0.609375 0.22425249169435216 0.6175 0.23421926910299004 0.62 0.24833887043189368 0.62 0.2599667774086379 0.6125 0.2616279069767442 0.598125 0.25332225913621265 0.586875 0.24335548172757476 0.58 0.2350498338870432 0.576875 0.21511627906976744 0.576875 0.19767441860465115 0.585 0.19684385382059802 0.598125 0.2084717607973422 0.609375
1 0.4210963455149502 0.46625 0.4277408637873754 0.474375 0.43853820598006643 0.480625 0.4476744186046512 0.483125 0.4543189368770764 0.480625 0.4634551495016611 0.473125 0.46677740863787376 0.4675 0.4634551495016611 0.45375 0.4526578073089701 0.441875 0.44601328903654486 0.438125 0.4269102990033223 0.438125 0.41777408637873753 0.449375 0.4169435215946844 0.45875 0.4210963455149502 0.46625
1 0.5930232558139535 0.593125 0.606312292358804 0.59375 0.617109634551495 0.591875 0.6254152823920266 0.586875 0.6287375415282392 0.58125 0.627906976744186 0.569375 0.622093023255814 0.5625 0.6129568106312292 0.556875 0.5963455149501661 0.555625 0.5880398671096345 0.5575 0.5789036544850499 0.563125 0.574750830564784 0.569375 0.5764119601328903 0.58375 0.5930232558139535 0.593125
1 0.1744186046511628 0.641875 0.18106312292358803 0.644375 0.19435215946843853 0.644375 0.21345514950166114 0.638125 0.21926910299003322 0.63375 0.223421926910299 0.626875 0.223421926910299 0.62125 0.21926910299003322 0.615625 0.21096345514950166 0.61125 0.19601328903654486 0.609375 0.1760797342192691 0.615 0.16611295681063123 0.625 0.1669435215946844 0.63625 0.1744186046511628 0.641875
1 0.5174418604651163 0.28125 0.5282392026578073 0.283125 0.5539867109634552 0.27875 0.5672757475083057 0.273125 0.5755813953488372 0.261875 0.5755813953488372 0.254375 0.5714285714285714 0.2475 0.5656146179401993 0.244375 0.5448504983388704 0.241875 0.5332225913621262 0.241875 0.520764119601329 0.245 0.5116279069767442 0.250625 0.5058139534883721 0.258125 0.5058139534883721 0.2725 0.5174418604651163 0.28125
1 0.4900332225913621 0.386875 0.5008305647840532 0.3975 0.5157807308970099 0.398125 0.520764119601329 0.393125 0.5299003322259136 0.38875 0.5340531561461794 0.3825 0.5332225913621262 0.36375 0.5274086378737541 0.35125 0.5199335548172758 0.348125 0.510797342192691 0.348125 0.5024916943521595 0.35125 0.4900332225913621 0.3625 0.48754152823920266 0.37 0.4900332225913621 0.386875
1 0.28488372093023256 0.480625 0.30980066445182725 0.485 0.3222591362126246 0.479375 0.3239202657807309 0.45875 0.30980066445182725 0.448125 0.3023255813953488 0.445 0.29485049833887045 0.445 0.2799003322259136 0.45 0.2749169435215947 0.454375 0.2749169435215947 0.46875 0.28488372093023256 0.480625
1 0.2666112956810631 0.654375 0.2799003322259136 0.660625 0.2931893687707641 0.659375 0.3023255813953488 0.65125 0.30481727574750833 0.644375 0.30398671096345514 0.63375 0.29485049833887045 0.620625 0.28820598006644516 0.615 0.2749169435215947 0.613125 0.26578073089701 0.61625 0.260797342192691 0.625 0.2599667774086379 0.639375 0.2666112956810631 0.654375
1 0.520764119601329 0.61 0.53156146179402 0.62 0.5473421926910299 0.623125 0.5697674418604651 0.6175 0.5730897009966778 0.615 0.5764119601328903 0.603125 0.5631229235880398 0.591875 0.5415282392026578 0.59 0.5290697674418605 0.59375 0.5240863787375415 0.598125 0.520764119601329 0.603125 0.520764119601329 0.61
1 0.38205980066445183 0.39625 0.38870431893687707 0.408125 0.4003322259136213 0.415625 0.41362126245847175 0.419375 0.4318936877076412 0.418125 0.4393687707641196 0.414375 0.4418604651162791 0.409375 0.44019933554817275 0.39625 0.43521594684385384 0.389375 0.41777408637873753 0.375625 0.4127906976744186 0.375 0.4111295681063123 0.3725 0.39285714285714285 0.3725 0.3853820598006645 0.375625 0.38205980066445183 0.38 0.38205980066445183 0.39625
1 0.40282392026578073 0.821875 0.4152823920265781 0.82875 0.4368770764119601 0.82875 0.45099667774086377 0.821875 0.45514950166112955 0.815625 0.45514950166112955 0.805625 0.45182724252491696 0.800625 0.436046511627907 0.794375 0.4169435215946844 0.795625 0.4053156146179402 0.80125 0.4003322259136213 0.8075 0.3995016611295681 0.81375 0.40282392026578073 0.821875
1 0.3122923588039867 0.2875 0.3272425249169435 0.29875 0.33554817275747506 0.3 0.34551495016611294 0.29625 0.3521594684385382 0.28375 0.3521594684385382 0.27375 0.34634551495016613 0.259375 0.3380398671096346 0.25 0.32475083056478404 0.24375 0.30980066445182725 0.243125 0.29651162790697677 0.250625 0.2973421926910299 0.26875 0.3122923588039867 0.2875
1 0.3812292358803987 0.343125 0.3961794019933555 0.350625 0.4127906976744186 0.350625 0.4318936877076412 0.335 0.43106312292358806 0.32 0.4186046511627907 0.309375 0.39700996677740863 0.31 0.3845514950166113 0.3175 0.3795681063122924 0.326875 0.3787375415282392 0.335625 0.3812292358803987 0.343125
1 0.40282392026578073 0.685 0.41777408637873753 0.691875 0.42857142857142855 0.691875 0.4393687707641196 0.6875 0.44933554817275745 0.681875 0.45514950166112955 0.6725 0.4543189368770764 0.665625 0.44933554817275745 0.66 0.42358803986710963 0.655625 0.4111295681063123 0.658125 0.4003322259136213 0.67 0.3995016611295681 0.678125 0.40282392026578073 0.685
1 0.24750830564784054 0.581875 0.25830564784053156 0.58625 0.2691029900332226 0.58 0.27906976744186046 0.56875 0.2823920265780731 0.5625 0.27906976744186046 0.5475 0.2707641196013289 0.540625 0.25830564784053156 0.539375 0.25 0.541875 0.24086378737541528 0.553125 0.24003322259136212 0.57125 0.24750830564784054 0.581875
1 0.14867109634551495 0.605 0.15780730897009967 0.609375 0.16943521594684385 0.610625 0.17358803986710963 0.613125 0.18853820598006646 0.6075 0.1951827242524917 0.595 0.1951827242524917 0.588125 0.19102990033222592 0.58 0.1760797342192691 0.569375 0.17026578073089702 0.5675 0.15033222591362128 0.569375 0.143687707641196 0.57375 0.1378737541528239 0.5825 0.13870431893687707 0.59375 0.14867109634551495 0.605
1 0.16279069767441862 0.7975 0.1744186046511628 0.800625 0.19684385382059802 0.800625 0.20681063122923588 0.7975 0.21428571428571427 0.7925 0.22009966777408638 0.785 0.22093023255813954 0.77875 0.21760797342192692 0.773125 0.20930232558139536 0.769375 0.18272425249169436 0.7675 0.16362126245847175 0.77125 0.1553156146179402 0.78125 0.1553156146179402 0.79 0.16279069767441862 0.7975
1 0.18272425249169436 0.40125 0.19102990033222592 0.408125 0.20681063122923588 0.41125 0.21677740863787376 0.408125 0.223421926910299 0.4025 0.2292358803986711 0.393125 0.23172757475083056 0.376875 0.22259136212624583 0.3675 0.21677740863787376 0.365 0.20514950166112958 0.365 0.19102990033222592 0.37125 0.18106312292358803 0.3825 0.18023255813953487 0.395625 0.18272425249169436 0.40125
1 0.6204318936877077 0.39375 0.6262458471760798 0.398125 0.6320598006644518 0.400625 0.643687707641196 0.40125 0.6586378737541528 0.393125 0.6611295681063123 0.388125 0.6611295681063123 0.376875 0.6503322259136213 0.3625 0.6445182724252492 0.36 0.6295681063122923 0.36 0.6237541528239202 0.3625 0.6179401993355482 0.373125 0.6179401993355482 0.386875 0.6204318936877077 0.39375
1 0.5 0.5575 0.521594684385382 0.558125 0.5290697674418605 0.5525 0.5332225913621262 0.5425 0.53156146179402 0.533125 0.526578073089701 0.524375 0.5182724252491694 0.519375 0.5116279069767442 0.5175 0.5008305647840532 0.51875 0.4950166112956811 0.52125 0.4867109634551495 0.529375 0.48588039867109634 0.546875 0.5 0.5575
1 0.5299003322259136 0.806875 0.5398671096345515 0.80875 0.553156146179402 0.8075 0.5598006644518272 0.8025 0.563953488372093 0.793125 0.563953488372093 0.7825 0.5606312292358804 0.774375 0.5564784053156147 0.77125 0.5398671096345515 0.7675 0.53156146179402 0.769375 0.520764119601329 0.783125 0.520764119601329 0.795625 0.5299003322259136 0.806875
1 0.6079734219269103 0.495 0.6312292358803987 0.49875 0.643687707641196 0.491875 0.643687707641196 0.483125 0.6362126245847176 0.476875 0.622093023255814 0.473125 0.6104651162790697 0.473125 0.6021594684385382 0.475625 0.6004983388704319 0.48625 0.6079734219269103 0.495
1 0.5199335548172758 0.57625 0.5406976744186046 0.588125 0.5498338870431894 0.59 0.5656146179401993 0.589375 0.5730897009966778 0.584375 0.5722591362126246 0.5725 0.5514950166112956 0.560625 0.5431893687707641 0.558125 0.5307308970099668 0.558125 0.5182724252491694 0.564375 0.5174418604651163 0.571875 0.5199335548172758 0.57625
1 0.4584717607973422 0.820625 0.46677740863787376 0.82625 0.48754152823920266 0.826875 0.5 0.819375 0.5024916943521595 0.81375 0.5008305647840532 0.8025 0.49916943521594687 0.79875 0.489202657807309 0.79125 0.4808970099667774 0.788125 0.4700996677740864 0.788125 0.46179401993355484 0.793125 0.457641196013289 0.79875 0.45598006644518274 0.815625 0.4584717607973422 0.820625
1 0.4003322259136213 0.234375 0.40946843853820597 0.238125 0.4219269102990033 0.239375 0.436046511627907 0.23125 0.4393687707641196 0.224375 0.4393687707641196 0.214375 0.43521594684385384 0.203125 0.4227574750830565 0.18875 0.4111295681063123 0.18375 0.4019933554817276 0.183125 0.38787375415282394 0.19 0.3845514950166113 0.1975 0.3853820598006645 0.215 0.4003322259136213 0.234375
1 0.7192691029900332 0.63625 0.7300664451827242 0.636875 0.7433554817275747 0.634375 0.7583056478405316 0.623125 0.7616279069767442 0.618125 0.7657807308970099 0.609375 0.7641196013289037 0.5975 0.7591362126245847 0.59375 0.75 0.59375 0.7308970099667774 0.598125 0.717607973421927 0.605625 0.7084717607973422 0.61625 0.7093023255813954 0.628125 0.7192691029900332 0.63625
1 0.622093023255814 0.72 0.632890365448505 0.728125 0.6403654485049833 0.731875 0.6578073089700996 0.7325 0.6661129568106312 0.7275 0.6694352159468439 0.716875 0.654485049833887 0.701875 0.6478405315614618 0.69875 0.6345514950166113 0.6975 0.6254152823920266 0.69875 0.6196013289036545 0.7025 0.6187707641196013 0.713125 0.622093023255814 0.72
1 0.44518272425249167 0.550625 0.45930232558139533 0.55375 0.4692691029900332 0.553125 0.47674418604651164 0.550625 0.48421926910299 0.545 0.48588039867109634 0.52625 0.4808970099667774 0.519375 0.47259136212624586 0.515 0.4568106312292359 0.514375 0.4476744186046512 0.5175 0.4418604651162791 0.521875 0.43853820598006643 0.528125 0.43853820598006643 0.5425 0.44518272425249167 0.550625
1 0.4019933554817276 0.73 0.41029900332225916 0.734375 0.4260797342192691 0.735 0.43521594684385384 0.731875 0.4393687707641196 0.728125 0.44019933554817275 0.71625 0.436046511627907 0.705 0.42358803986710963 0.6975 0.4111295681063123 0.696875 0.40282392026578073 0.69875 0.3978405315614618 0.701875 0.3953488372093023 0.70875 0.39700996677740863 0.72375 0.4019933554817276 0.73
1 0.4526578073089701 0.686875 0.4601328903654485 0.69375 0.47591362126245845 0.700625 0.4850498338870432 0.700625 0.5 0.69625 0.5091362126245847 0.68875 0.5132890365448505 0.68 0.5083056478405316 0.66625 0.5 0.6625 0.47259136212624586 0.6625 0.45348837209302323 0.6725 0.45016611295681064 0.6775 0.4526578073089701 0.686875
1 0.5149501661129569 0.4225 0.520764119601329 0.425 0.5398671096345515 0.426875 0.5539867109634552 0.423125 0.5631229235880398 0.413125 0.5664451827242525 0.403125 0.563953488372093 0.39625 0.5514950166112956 0.39 0.5307308970099668 0.389375 0.5199335548172758 0.39375 0.5116279069767442 0.406875 0.5099667774086378 0.415 0.5149501661129569 0.4225
1 0.5722591362126246 0.79875 0.584717607973422 0.803125 0.6004983388704319 0.801875 0.6079734219269103 0.795625 0.6112956810631229 0.789375 0.6088039867109635 0.77625 0.6004983388704319 0.764375 0.5888704318936877 0.759375 0.5739202657807309 0.759375 0.5647840531561462 0.770625 0.5647840531561462 0.788125 0.5722591362126246 0.79875
1 0.1951827242524917 0.7425 0.20016611295681064 0.745 0.22757475083056478 0.745 0.24584717607973422 0.7325 0.25 0.723125 0.25 0.71625 0.23920265780730898 0.709375 0.22674418604651161 0.709375 0.20514950166112958 0.71875 0.19352159468438537 0.72875 0.19269102990033224 0.738125 0.1951827242524917 0.7425
1 0.5581395348837209 0.50125 0.5730897009966778 0.50875 0.5855481727574751 0.508125 0.5963455149501661 0.4975 0.5996677740863787 0.4875 0.5971760797342193 0.47625 0.590531561461794 0.469375 0.5863787375415282 0.46625 0.5622923588039868 0.46625 0.5581395348837209 0.46875 0.5523255813953488 0.478125 0.5514950166112956 0.488125 0.5581395348837209 0.50125
1 0.3446843853820598 0.583125 0.36710963455149503 0.58375 0.3795681063122924 0.57875 0.3911960132890365 0.56625 0.3911960132890365 0.5525 0.38205980066445183 0.545625 0.36794019933554817 0.545625 0.3446843853820598 0.555625 0.3388704318936877 0.564375 0.3380398671096346 0.57375 0.3446843853820598 0.583125
1 0.39700996677740863 0.175625 0.4069767441860465 0.183125 0.42358803986710963 0.1875 0.4335548172757475 0.1875 0.4410299003322259 0.18625 0.4543189368770764 0.18 0.4543189368770764 0.1625 0.45099667774086377 0.1575 0.4393687707641196 0.150625 0.4277408637873754 0.148125 0.4161129568106312 0.14875 0.3995016611295681 0.154375 0.3953488372093023 0.15875 0.3945182724252492 0.169375 0.39700996677740863 0.175625
1 0.4584717607973422 0.191875 0.4700996677740864 0.2025 0.48006644518272423 0.204375 0.49750830564784054 0.204375 0.5016611295681063 0.2025 0.5074750830564784 0.19125 0.49916943521594687 0.174375 0.4900332225913621 0.1675 0.48006644518272423 0.163125 0.46179401993355484 0.16375 0.45598006644518274 0.171875 0.45514950166112955 0.181875 0.4584717607973422 0.191875
1 0.34053156146179403 0.77625 0.3538205980066445 0.78125 0.3712624584717608 0.784375 0.3853820598006645 0.784375 0.3961794019933555 0.7825 0.4053156146179402 0.77625 0.4053156146179402 0.764375 0.4011627906976744 0.759375 0.3812292358803987 0.748125 0.36710963455149503 0.745 0.3480066445182724 0.745625 0.34053156146179403 0.748125 0.3330564784053156 0.755625 0.3338870431893688 0.76875 0.34053156146179403 0.77625
1 0.6976744186046512 0.68875 0.7043189368770764 0.700625 0.7134551495016611 0.704375 0.7267441860465116 0.70375 0.7333887043189369 0.700625 0.7441860465116279 0.690625 0.7483388704318937 0.68 0.7458471760797342 0.670625 0.739202657807309 0.66625 0.7308970099667774 0.664375 0.7167774086378738 0.66625 0.707641196013289 0.670625 0.7018272425249169 0.6775 0.6976744186046512 0.683125 0.6976744186046512 0.68875
1 0.3446843853820598 0.414375 0.3521594684385382 0.420625 0.3646179401993355 0.420625 0.37375415282392027 0.418125 0.38205980066445183 0.41375 0.3862126245847176 0.408125 0.3812292358803987 0.395625 0.3795681063122924 0.381875 0.3712624584717608 0.379375 0.35714285714285715 0.381875 0.3438538205980066 0.39 0.34136212624584716 0.394375 0.34053156146179403 0.40625 0.3446843853820598 0.414375
1 0.5764119601328903 0.623125 0.5880398671096345 0.63125 0.5963455149501661 0.63125 0.6079734219269103 0.628125 0.6154485049833887 0.62375 0.6262458471760798 0.6125 0.6262458471760798 0.605 0.6162790697674418 0.59375 0.5913621262458472 0.595 0.5789036544850499 0.601875 0.574750830564784 0.61125 0.5739202657807309 0.62 0.5764119601328903 0.623125
1 0.5681063122923588 0.735 0.5722591362126246 0.7375 0.5938538205980066 0.74 0.6004983388704319 0.7375 0.606312292358804 0.731875 0.6079734219269103 0.723125 0.6046511627906976 0.716875 0.5938538205980066 0.709375 0.5714285714285714 0.70875 0.5622923588039868 0.71375 0.5598006644518272 0.72125 0.5681063122923588 0.735
0 0.3089700996677741 0.94875 0.3488372093023256 0.95625 0.37209302325581395 0.95625 0.4186046511627907 0.93625 0.42857142857142855 0.905 0.4119601328903654 0.88625 0.3953488372093023 0.87 0.3504983388704319 0.86625 0.30564784053156147 0.87875 0.29900332225913623 0.8975 0.2973421926910299 0.9175 0.3089700996677741 0.94875
1 0.17109634551495018 0.4525 0.14285714285714285 0.44875 0.12292358803986711 0.45625 0.1378737541528239 0.47125 0.1577320880398671 0.48494811312499997 0.19435215946843853 0.48375 0.19933554817275748 0.47 0.19435215946843853 0.45625 0.17109634551495018 0.4525