1 0.5614617940199336 0.4525 0.5606312292358804 0.448125 0.5573089700996677 0.445 0.5465116279069767 0.4425 0.5390365448504983 0.4425 0.532392026578073 0.445 0.5240863787375415 0.45625 0.5249169435215947 0.464375 0.5282392026578073 0.46875 0.5307308970099668 0.46875 0.5398671096345515 0.464375 0.5573089700996677 0.464375 0.5614617940199336 0.4525
1 0.7583056478405316 0.548125 0.7466777408637874 0.53625 0.723421926910299 0.5325 0.7117940199335548 0.534375 0.7051495016611296 0.539375 0.7043189368770764 0.551875 0.7109634551495017 0.5575 0.7209302325581395 0.561875 0.7450166112956811 0.563125 0.7558139534883721 0.558125 0.7583056478405316 0.548125
1 0.6071428571428571 0.345625 0.5996677740863787 0.335 0.5880398671096345 0.335 0.5705980066445183 0.345625 0.5622923588039868 0.35875 0.5647840531561462 0.368125 0.5730897009966778 0.375 0.590531561461794 0.375 0.6013289036544851 0.368125 0.606312292358804 0.358125 0.6071428571428571 0.345625
1 0.7093023255813954 0.48375 0.7059800664451827 0.474375 0.7018272425249169 0.469375 0.6926910299003323 0.464375 0.6827242524916943 0.465625 0.6760797342192691 0.470625 0.6710963455149501 0.47875 0.6710963455149501 0.48875 0.6769102990033222 0.496875 0.6818936877076412 0.500625 0.6935215946843853 0.50375 0.7034883720930233 0.49875 0.7084717607973422 0.490625 0.7093023255813954 0.48375
1 0.7001661129568106 0.50875 0.6877076411960132 0.50375 0.6769102990033222 0.503125 0.665282392026578 0.505625 0.6569767441860465 0.51 0.6478405315614618 0.519375 0.6478405315614618 0.530625 0.6644518272425249 0.535 0.686046511627907 0.53375 0.7034883720930233 0.524375 0.7034883720930233 0.5125 0.7001661129568106 0.50875
1 0.8098006644518272 0.641875 0.803156146179402 0.64 0.7915282392026578 0.640625 0.782392026578073 0.644375 0.7782392026578073 0.649375 0.7774086378737541 0.663125 0.7906976744186046 0.67125 0.8023255813953488 0.67125 0.8181063122923588 0.663125 0.8205980066445183 0.651875 0.8098006644518272 0.641875
1 0.7790697674418605 0.675625 0.7774086378737541 0.665 0.7724252491694352 0.656875 0.7616279069767442 0.649375 0.7533222591362126 0.646875 0.7475083056478405 0.646875 0.7367109634551495 0.651875 0.7342192691029901 0.658125 0.7350498338870431 0.666875 0.7400332225913622 0.676875 0.75 0.684375 0.7591362126245847 0.686875 0.7740863787375415 0.683125 0.7790697674418605 0.675625
1 0.7433554817275747 0.408125 0.7416943521594684 0.3975 0.7358803986710963 0.390625 0.7267441860465116 0.3875 0.7151162790697675 0.39 0.7051495016611296 0.3975 0.6976744186046512 0.408125 0.6976744186046512 0.416875 0.7018272425249169 0.423125 0.7093023255813954 0.428125 0.7225913621262459 0.428125 0.7342192691029901 0.423125 0.7433554817275747 0.408125
1 0.6403654485049833 0.465 0.6320598006644518 0.453125 0.6179401993355482 0.4425 0.6079734219269103 0.439375 0.6021594684385382 0.44 0.5946843853820598 0.449375 0.5988372093023255 0.466875 0.6079734219269103 0.47625 0.6204318936877077 0.4825 0.6320598006644518 0.480625 0.6403654485049833 0.47375 0.6403654485049833 0.465
1 0.6810631229235881 0.313125 0.670265780730897 0.30375 0.6578073089700996 0.303125 0.6486710963455149 0.30625 0.6378737541528239 0.318125 0.6378737541528239 0.329375 0.6486710963455149 0.335 0.6636212624584718 0.334375 0.6710963455149501 0.331875 0.6810631229235881 0.321875 0.6810631229235881 0.313125
1 0.5921926910299004 0.45 0.584717607973422 0.44625 0.5739202657807309 0.44625 0.5647840531561462 0.449375 0.5589700996677741 0.459375 0.5589700996677741 0.46875 0.5697674418604651 0.47875 0.584717607973422 0.480625 0.5880398671096345 0.47875 0.5980066445182725 0.4675 0.5921926910299004 0.45
1 0.6403654485049833 0.300625 0.6362126245847176 0.286875 0.6303986710963455 0.283125 0.6162790697674418 0.283125 0.6079734219269103 0.28625 0.6038205980066446 0.289375 0.5971760797342193 0.30125 0.5971760797342193 0.314375 0.6071428571428571 0.3225 0.6196013289036545 0.3225 0.6254152823920266 0.319375 0.6370431893687708 0.308125 0.6403654485049833 0.300625
1 0.532392026578073 0.4425 0.5332225913621262 0.4225 0.5299003322259136 0.4175 0.521594684385382 0.413125 0.510797342192691 0.411875 0.5049833887043189 0.41375 0.5 0.41875 0.5 0.4475 0.5016611295681063 0.456875 0.5074750830564784 0.459375 0.5149501661129569 0.459375 0.526578073089701 0.45125 0.532392026578073 0.4425
1 0.8662790697674418 0.35375 0.8637873754152824 0.349375 0.8538205980066446 0.34375 0.8222591362126246 0.34625 0.8131229235880398 0.35125 0.8089700996677741 0.35625 0.8098006644518272 0.3725 0.8122923588039868 0.375625 0.8222591362126246 0.38 0.8463455149501661 0.37875 0.8654485049833887 0.36375 0.8662790697674418 0.35375
1 0.6636212624584718 0.648125 0.6611295681063123 0.635625 0.654485049833887 0.629375 0.6411960132890365 0.623125 0.6303986710963455 0.623125 0.622093023255814 0.628125 0.617109634551495 0.636875 0.6179401993355482 0.645625 0.622093023255814 0.653125 0.6303986710963455 0.65875 0.6519933554817275 0.66375 0.6619601328903655 0.65875 0.6636212624584718 0.648125
1 0.6951827242524917 0.42625 0.6918604651162791 0.406875 0.6827242524916943 0.403125 0.6669435215946844 0.403125 0.659468438538206 0.40875 0.6561461794019934 0.414375 0.6569767441860465 0.425625 0.6619601328903655 0.4325 0.670265780730897 0.4375 0.6777408637873754 0.439375 0.6877076411960132 0.435625 0.6951827242524917 0.42625
1 0.7774086378737541 0.37375 0.7774086378737541 0.365625 0.7724252491694352 0.355625 0.7583056478405316 0.34625 0.7475083056478405 0.345625 0.739202657807309 0.349375 0.7350498338870431 0.35625 0.7367109634551495 0.373125 0.7400332225913622 0.37875 0.7491694352159468 0.385 0.7674418604651163 0.38375 0.7740863787375415 0.379375 0.7774086378737541 0.37375
1 0.3496677740863787 0.283125 0.3496677740863787 0.273125 0.34634551495016613 0.268125 0.3347176079734219 0.26 0.31893687707641194 0.259375 0.31146179401993357 0.2625 0.3089700996677741 0.266875 0.3089700996677741 0.283125 0.3131229235880399 0.290625 0.31976744186046513 0.295 0.3338870431893688 0.29625 0.34634551495016613 0.29 0.3496677740863787 0.283125
1 0.5307308970099668 0.549375 0.5299003322259136 0.539375 0.5232558139534884 0.535 0.5008305647840532 0.53625 0.4867109634551495 0.54625 0.4833887043189369 0.553125 0.48421926910299 0.558125 0.489202657807309 0.5625 0.5 0.563125 0.5141196013289037 0.5625 0.5232558139534884 0.559375 0.5307308970099668 0.549375
1 0.915282392026578 0.376875 0.915282392026578 0.37 0.9111295681063123 0.363125 0.904485049833887 0.360625 0.8903654485049833 0.360625 0.8762458471760798 0.365625 0.8679401993355482 0.3725 0.8679401993355482 0.385625 0.872093023255814 0.39 0.8853820598006644 0.395 0.8928571428571429 0.394375 0.9061461794019934 0.389375 0.915282392026578 0.376875
1 0.8820598006644518 0.41625 0.8845514950166113 0.404375 0.8812292358803987 0.395 0.872093023255814 0.39 0.8529900332225914 0.390625 0.840531561461794 0.3975 0.8338870431893688 0.405625 0.8330564784053156 0.41625 0.8413621262458472 0.4275 0.856312292358804 0.43125 0.8654485049833887 0.430625 0.877906976744186 0.4225 0.8820598006644518 0.41625
1 0.5697674418604651 0.44125 0.5730897009966778 0.4375 0.5764119601328903 0.423125 0.5739202657807309 0.416875 0.5672757475083057 0.410625 0.5598006644518272 0.406875 0.5465116279069767 0.40625 0.5348837209302325 0.41375 0.5340531561461794 0.4275 0.5373754152823921 0.435625 0.5440199335548173 0.44 0.5548172757475083 0.443125 0.563953488372093 0.443125 0.5697674418604651 0.44125
1 0.7026578073089701 0.384375 0.6993355481727574 0.3775 0.6843853820598007 0.36625 0.6644518272425249 0.366875 0.6561461794019934 0.376875 0.6569767441860465 0.38375 0.6669435215946844 0.395 0.6744186046511628 0.396875 0.6935215946843853 0.398125 0.7034883720930233 0.395 0.7026578073089701 0.384375
1 0.5166112956810631 0.3875 0.5166112956810631 0.380625 0.5132890365448505 0.37625 0.5008305647840532 0.371875 0.48588039867109634 0.37375 0.4750830564784053 0.380625 0.4700996677740864 0.386875 0.4700996677740864 0.398125 0.47259136212624586 0.401875 0.4808970099667774 0.40625 0.5008305647840532 0.405 0.5116279069767442 0.396875 0.5166112956810631 0.3875
1 0.5253322259136213 0.555 0.0008305647840531562 0.00125
1 0.5764119601328903 0.54375 0.5755813953488372 0.5325 0.5730897009966778 0.529375 0.5681063122923588 0.526875 0.553156146179402 0.526875 0.5465116279069767 0.529375 0.5332225913621262 0.539375 0.5307308970099668 0.546875 0.532392026578073 0.551875 0.5357142857142857 0.556875 0.5490033222591362 0.561875 0.5589700996677741 0.560625 0.5705980066445183 0.555 0.5764119601328903 0.54375
1 0.622093023255814 0.59875 0.617109634551495 0.59625 0.6004983388704319 0.5975 0.5880398671096345 0.604375 0.5789036544850499 0.613125 0.5789036544850499 0.621875 0.5872093023255814 0.6275 0.6021594684385382 0.6275 0.6129568106312292 0.624375 0.6262458471760798 0.610625 0.622093023255814 0.59875
1 0.5157807308970099 0.505625 0.5091362126245847 0.508125 0.49916943521594687 0.515625 0.49169435215946844 0.52625 0.49169435215946844 0.530625 0.4958471760797342 0.53375 0.526578073089701 0.53375 0.5382059800664452 0.525625 0.5398671096345515 0.5125 0.5257475083056479 0.505625 0.5157807308970099 0.505625
1 0.7350498338870431 0.266875 0.7308970099667774 0.260625 0.723421926910299 0.255625 0.7117940199335548 0.2525 0.7034883720930233 0.2525 0.6943521594684385 0.255 0.6852159468438538 0.2625 0.6868770764119602 0.271875 0.6951827242524917 0.28 0.7209302325581395 0.281875 0.7275747508305648 0.280625 0.7333887043189369 0.276875 0.7350498338870431 0.266875
1 0.6295681063122923 0.5425 0.6320598006644518 0.53875 0.6320598006644518 0.530625 0.6162790697674418 0.521875 0.590531561461794 0.524375 0.5838870431893688 0.529375 0.5822259136212624 0.54375 0.5913621262458472 0.5525 0.6021594684385382 0.555 0.6121262458471761 0.554375 0.6212624584717608 0.55 0.6295681063122923 0.5425
1 0.8189368770764119 0.48125 0.8073089700996677 0.474375 0.7832225913621262 0.469375 0.770764119601329 0.469375 0.7649501661129569 0.47125 0.7616279069767442 0.475625 0.7583056478405316 0.48875 0.7724252491694352 0.5 0.8014950166112956 0.5025 0.8147840531561462 0.495625 0.8205980066445183 0.485 0.8189368770764119 0.48125
1 0.760797342192691 0.49125 0.7549833887043189 0.48875 0.739202657807309 0.486875 0.7317275747508306 0.490625 0.729235880398671 0.496875 0.7259136212624585 0.49875 0.7259136212624585 0.50375 0.7333887043189369 0.51 0.7591362126245847 0.515625 0.7699335548172758 0.51 0.770764119601329 0.5025 0.760797342192691 0.49125
1 0.5564784053156147 0.49875 0.5440199335548173 0.490625 0.5224252491694352 0.48875 0.5149501661129569 0.49125 0.5116279069767442 0.496875 0.5141196013289037 0.504375 0.526578073089701 0.505625 0.542358803986711 0.513125 0.5465116279069767 0.513125 0.5539867109634552 0.51 0.5564784053156147 0.49875
1 0.686046511627907 0.558125 0.6843853820598007 0.550625 0.670265780730897 0.53875 0.6470099667774086 0.5325 0.643687707641196 0.53375 0.6387043189368771 0.54125 0.6387043189368771 0.548125 0.6420265780730897 0.55375 0.6470099667774086 0.560625 0.654485049833887 0.565 0.670265780730897 0.56875 0.6785714285714286 0.5675 0.686046511627907 0.558125
1 0.7541528239202658 0.515625 0.7441860465116279 0.51125 0.7342192691029901 0.50875 0.723421926910299 0.50875 0.7134551495016611 0.5125 0.7084717607973422 0.516875 0.7084717607973422 0.530625 0.7275747508305648 0.53125 0.75 0.535 0.7583056478405316 0.529375 0.7583056478405316 0.520625 0.7541528239202658 0.515625
1 0.6901993355481728 0.624375 0.6868770764119602 0.613125 0.675249169435216 0.605 0.6644518272425249 0.60125 0.6586378737541528 0.60125 0.6486710963455149 0.606875 0.6445182724252492 0.615625 0.6453488372093024 0.621875 0.6619601328903655 0.635625 0.6719269102990033 0.64 0.6810631229235881 0.6375 0.6877076411960132 0.6325 0.6901993355481728 0.624375
1 0.5880398671096345 0.581875 0.5813953488372093 0.579375 0.5730897009966778 0.579375 0.5631229235880398 0.581875 0.5564784053156147 0.5875 0.5556478405315615 0.59875 0.5647840531561462 0.60625 0.5830564784053156 0.6075 0.5963455149501661 0.599375 0.5971760797342193 0.589375 0.5880398671096345 0.581875
1 0.6461794019933554 0.345625 0.6403654485049833 0.334375 0.632890365448505 0.33375 0.6254152823920266 0.33875 0.617109634551495 0.33875 0.6137873754152824 0.340625 0.6079734219269103 0.350625 0.6079734219269103 0.363125 0.6154485049833887 0.365625 0.6270764119601329 0.365625 0.6403654485049833 0.36 0.6453488372093024 0.3525 0.6461794019933554 0.345625
1 0.6029900332225914 0.38625 0.5880398671096345 0.38375 0.5780730897009967 0.386875 0.5664451827242525 0.400625 0.5664451827242525 0.40625 0.5689368770764119 0.408125 0.5838870431893688 0.415 0.5921926910299004 0.413125 0.606312292358804 0.401875 0.6071428571428571 0.393125 0.6029900332225914 0.38625
1 0.9485049833887044 0.423125 0.9277408637873754 0.42125 0.9177740863787376 0.428125 0.9127906976744186 0.42875 0.9028239202657807 0.439375 0.9069767441860465 0.4475 0.9210963455149501 0.454375 0.9385382059800664 0.45125 0.9534883720930233 0.439375 0.9551495016611296 0.42875 0.9485049833887044 0.423125
1 0.5099667774086378 0.46 0.48588039867109634 0.459375 0.47591362126245845 0.464375 0.47591362126245845 0.4775 0.489202657807309 0.48875 0.5099667774086378 0.49 0.5224252491694352 0.48375 0.5240863787375415 0.470625 0.5099667774086378 0.46
1 0.8554817275747508 0.464375 0.8579734219269103 0.459375 0.8579734219269103 0.449375 0.8521594684385382 0.439375 0.8421926910299004 0.433125 0.8255813953488372 0.434375 0.8131229235880398 0.448125 0.8131229235880398 0.461875 0.8197674418604651 0.470625 0.8289036544850499 0.475625 0.8363787375415282 0.475625 0.8471760797342193 0.47125 0.8554817275747508 0.464375
1 0.5722591362126246 0.615625 0.5581395348837209 0.615625 0.5481727574750831 0.62125 0.5440199335548173 0.62625 0.5440199335548173 0.6375 0.5589700996677741 0.643125 0.5730897009966778 0.641875 0.5880398671096345 0.6325 0.5872093023255814 0.6275 0.5722591362126246 0.615625
1 0.728405315614618 0.293125 0.7151162790697675 0.283125 0.6918604651162791 0.281875 0.6794019933554817 0.2875 0.6744186046511628 0.29375 0.6735880398671097 0.303125 0.6760797342192691 0.3075 0.6827242524916943 0.3125 0.7117940199335548 0.314375 0.7209302325581395 0.31125 0.729235880398671 0.30375 0.728405315614618 0.293125
1 0.654485049833887 0.515 0.6586378737541528 0.505625 0.6569767441860465 0.50125 0.6470099667774086 0.49 0.6403654485049833 0.486875 0.6295681063122923 0.485 0.6187707641196013 0.486875 0.6137873754152824 0.4925 0.6137873754152824 0.49875 0.6179401993355482 0.513125 0.6237541528239202 0.516875 0.6411960132890365 0.520625 0.6495016611295681 0.51875 0.654485049833887 0.515
1 0.6162790697674418 0.50375 0.6112956810631229 0.495625 0.5888704318936877 0.485 0.574750830564784 0.485 0.5622923588039868 0.49375 0.5589700996677741 0.50125 0.5598006644518272 0.509375 0.5730897009966778 0.51875 0.5880398671096345 0.52375 0.6112956810631229 0.520625 0.617109634551495 0.513125 0.6162790697674418 0.50375
1 0.5415282392026578 0.581875 0.5415282392026578 0.5675 0.5390365448504983 0.56375 0.5249169435215947 0.5625 0.5149501661129569 0.56625 0.5 0.581875 0.5008305647840532 0.59125 0.5141196013289037 0.599375 0.5240863787375415 0.59875 0.5332225913621262 0.59375 0.5382059800664452 0.589375 0.5415282392026578 0.581875
1 0.643687707641196 0.3775 0.6303986710963455 0.36875 0.617109634551495 0.36625 0.6071428571428571 0.37125 0.6046511627906976 0.37625 0.606312292358804 0.38875 0.6146179401993356 0.396875 0.6362126245847176 0.399375 0.6470099667774086 0.391875 0.6470099667774086 0.3825 0.643687707641196 0.3775
1 0.6495016611295681 0.408125 0.643687707641196 0.401875 0.6387043189368771 0.4 0.6187707641196013 0.398125 0.6071428571428571 0.4 0.5971760797342193 0.411875 0.5980066445182725 0.418125 0.6071428571428571 0.42625 0.6121262458471761 0.4275 0.6403654485049833 0.4275 0.6495016611295681 0.41875 0.6495016611295681 0.408125
1 0.4850498338870432 0.586875 0.4900332225913621 0.579375 0.4883720930232558 0.5675 0.4850498338870432 0.565 0.4676079734219269 0.565 0.4568106312292359 0.568125 0.44601328903654486 0.575 0.4435215946843854 0.58 0.44435215946843853 0.58625 0.45099667774086377 0.59375 0.457641196013289 0.59625 0.4684385382059801 0.59625 0.47674418604651164 0.593125 0.4850498338870432 0.586875
1 0.7167774086378738 0.6 0.717607973421927 0.591875 0.7151162790697675 0.586875 0.7051495016611296 0.579375 0.6877076411960132 0.575625 0.6710963455149501 0.579375 0.6627906976744186 0.585 0.6627906976744186 0.595625 0.6744186046511628 0.60375 0.6827242524916943 0.60625 0.7026578073089701 0.6075 0.7084717607973422 0.60625 0.7167774086378738 0.6
1 0.7134551495016611 0.349375 0.7026578073089701 0.3425 0.6910299003322259 0.339375 0.6794019933554817 0.339375 0.6686046511627907 0.345 0.6677740863787376 0.35375 0.6810631229235881 0.365 0.6910299003322259 0.36875 0.7051495016611296 0.36875 0.7151162790697675 0.360625 0.7134551495016611 0.349375
1 0.5705980066445183 0.375 0.5622923588039868 0.365625 0.5465116279069767 0.365625 0.5398671096345515 0.370625 0.5332225913621262 0.38 0.532392026578073 0.38875 0.5348837209302325 0.39375 0.5406976744186046 0.4 0.5514950166112956 0.404375 0.5614617940199336 0.4 0.5705980066445183 0.385 0.5705980066445183 0.375
1 0.7541528239202658 0.459375 0.7475083056478405 0.4525 0.7367109634551495 0.45125 0.7259136212624585 0.455625 0.7117940199335548 0.47125 0.7109634551495017 0.483125 0.7225913621262459 0.49 0.7325581395348837 0.49 0.7475083056478405 0.48125 0.7541528239202658 0.46875 0.7541528239202658 0.459375
1 0.6843853820598007 0.265625 0.6802325581395349 0.261875 0.6760797342192691 0.26 0.6669435215946844 0.260625 0.6486710963455149 0.27125 0.6428571428571429 0.28 0.6428571428571429 0.29375 0.6503322259136213 0.30125 0.6569767441860465 0.3025 0.6694352159468439 0.2975 0.6843853820598007 0.276875 0.6843853820598007 0.265625
1 0.8970099667774086 0.48375 0.8920265780730897 0.474375 0.8803986710963455 0.4675 0.8687707641196013 0.465625 0.8538205980066446 0.469375 0.8488372093023255 0.476875 0.8488372093023255 0.485 0.8571428571428571 0.495625 0.8704318936877077 0.5 0.8870431893687708 0.49875 0.8970099667774086 0.491875 0.8970099667774086 0.48375
1 0.5672757475083057 0.48875 0.5689368770764119 0.479375 0.5556478405315615 0.465625 0.5373754152823921 0.465625 0.5249169435215947 0.475 0.526578073089701 0.485 0.5307308970099668 0.488125 0.5440199335548173 0.490625 0.5481727574750831 0.49375 0.5581395348837209 0.495 0.5672757475083057 0.48875
1 0.9144518272425249 0.398125 0.8986710963455149 0.398125 0.8862126245847176 0.4025 0.8837209302325582 0.42 0.8986710963455149 0.4275 0.9169435215946844 0.4275 0.9260797342192691 0.42125 0.9269102990033222 0.40625 0.9144518272425249 0.398125
0 0.553156146179402 0.8275 0.5980066445182725 0.83 0.632890365448505 0.81375 0.6395348837209303 0.7875 0.6428571428571429 0.76375 0.6229235880398671 0.7375 0.5697674418604651 0.73 0.553156146179402 0.7325 0.5232558139534884 0.755 0.5199335548172758 0.79 0.5299003322259136 0.81375 0.553156146179402 0.8275