1 0.524390243902439 0.5 0.535230352303523 0.496875 0.537940379403794 0.484375 0.532520325203252 0.481875 0.508130081300813 0.480625 0.5 0.485 0.4986449864498645 0.494375 0.5094850948509485 0.499375 0.524390243902439 0.5
1 0.7222222222222222 0.410625 0.7439024390243902 0.41 0.7547425474254743 0.40375 0.7520325203252033 0.3975 0.7411924119241192 0.3925 0.7249322493224932 0.393125 0.7140921409214093 0.400625 0.7140921409214093 0.406875 0.7222222222222222 0.410625
1 0.7303523035230353 0.483125 0.7384823848238482 0.47875 0.7384823848238482 0.470625 0.7317073170731707 0.466875 0.7059620596205962 0.46375 0.6951219512195121 0.469375 0.6951219512195121 0.478125 0.7113821138211383 0.483125 0.7303523035230353 0.483125
1 0.33062330623306235 0.384375 0.34417344173441733 0.381875 0.34688346883468835 0.37375 0.33875338753387535 0.37 0.3035230352303523 0.37 0.2953929539295393 0.3725 0.2953929539295393 0.379375 0.3143631436314363 0.384375 0.33062330623306235 0.384375
1 0.5785907859078591 0.513125 0.5948509485094851 0.508125 0.5894308943089431 0.50125 0.5623306233062331 0.495 0.5487804878048781 0.499375 0.5487804878048781 0.505 0.559620596205962 0.51125 0.5785907859078591 0.513125
1 0.1951219512195122 0.494375 0.21138211382113822 0.495 0.22493224932249323 0.49 0.22357723577235772 0.4825 0.21138211382113822 0.47875 0.19241192411924118 0.47875 0.1842818428184282 0.483125 0.1842818428184282 0.49 0.1951219512195122 0.494375
1 0.3821138211382114 0.449375 0.3902439024390244 0.446875 0.3956639566395664 0.439375 0.39295392953929537 0.435 0.3712737127371274 0.4325 0.35636856368563685 0.4375 0.35501355013550134 0.445625 0.35907859078590787 0.44875 0.3821138211382114 0.449375
1 0.8550135501355014 0.446875 0.8712737127371274 0.449375 0.8875338753387534 0.446875 0.8956639566395664 0.4425 0.8956639566395664 0.43625 0.8875338753387534 0.4325 0.8699186991869918 0.431875 0.8550135501355014 0.435 0.8468834688346883 0.439375 0.8468834688346883 0.443125 0.8550135501355014 0.446875
1 0.4823848238482385 0.45 0.4905149051490515 0.455 0.502710027100271 0.45625 0.510840108401084 0.45375 0.518970189701897 0.4425 0.516260162601626 0.438125 0.505420054200542 0.435 0.4959349593495935 0.435 0.4878048780487805 0.4375 0.4823848238482385 0.443125 0.4823848238482385 0.45
1 0.46612466124661245 0.43625 0.4905149051490515 0.436875 0.4959349593495935 0.434375 0.4932249322493225 0.421875 0.4796747967479675 0.41875 0.46070460704607047 0.420625 0.45257452574525747 0.425 0.45257452574525747 0.431875 0.46612466124661245 0.43625
1 0.23035230352303523 0.31 0.23848238482384823 0.3075 0.23848238482384823 0.295625 0.2222222222222222 0.290625 0.20596205962059622 0.293125 0.2032520325203252 0.30125 0.2140921409214092 0.309375 0.23035230352303523 0.31
1 0.2953929539295393 0.20125 0.31978319783197834 0.203125 0.32791327913279134 0.2 0.3252032520325203 0.188125 0.3008130081300813 0.18375 0.2872628726287263 0.184375 0.2791327913279133 0.1875 0.2791327913279133 0.193125 0.2953929539295393 0.20125
1 0.6747967479674797 0.34125 0.6951219512195121 0.34125 0.7032520325203252 0.335 0.7005420054200542 0.32875 0.6842818428184282 0.3225 0.6666666666666666 0.3225 0.6598915989159891 0.326875 0.6598915989159891 0.33375 0.6747967479674797 0.34125
1 0.6842818428184282 0.473125 0.6924119241192412 0.470625 0.6978319783197832 0.465625 0.6951219512195121 0.45625 0.6680216802168022 0.455625 0.6544715447154471 0.463125 0.6544715447154471 0.468125 0.6653116531165312 0.473125 0.6842818428184282 0.473125
1 0.18699186991869918 0.475625 0.2032520325203252 0.475625 0.21951219512195122 0.46875 0.2181571815718157 0.459375 0.20596205962059622 0.45625 0.18157181571815717 0.45875 0.17615176151761516 0.4625 0.17615176151761516 0.47125 0.18699186991869918 0.475625
1 0.5840108401084011 0.478125 0.6002710027100271 0.478125 0.6138211382113821 0.473125 0.6111111111111112 0.465625 0.6002710027100271 0.4625 0.5813008130081301 0.463125 0.573170731707317 0.4675 0.573170731707317 0.473125 0.5840108401084011 0.478125
1 0.6463414634146342 0.3925 0.6598915989159891 0.3875 0.6626016260162602 0.375 0.6544715447154471 0.3725 0.6436314363143631 0.3725 0.6219512195121951 0.380625 0.6192411924119241 0.386875 0.6246612466124661 0.39125 0.6463414634146342 0.3925
1 0.513550135501355 0.58375 0.532520325203252 0.58125 0.540650406504065 0.57375 0.537940379403794 0.569375 0.532520325203252 0.566875 0.508130081300813 0.566875 0.4986449864498645 0.5725 0.502710027100271 0.581875 0.513550135501355 0.58375
1 0.4959349593495935 0.71125 0.505420054200542 0.71125 0.5203252032520326 0.7075 0.524390243902439 0.7025 0.521680216802168 0.694375 0.5013550135501355 0.69375 0.48644986449864497 0.698125 0.4823848238482385 0.701875 0.48509485094850946 0.708125 0.4959349593495935 0.71125
1 0.8604336043360433 0.529375 0.8821138211382114 0.529375 0.8956639566395664 0.524375 0.8929539295392954 0.515 0.8821138211382114 0.51125 0.8550135501355014 0.51125 0.8441734417344173 0.516875 0.8441734417344173 0.5225 0.8604336043360433 0.529375
1 0.6327913279132791 0.4225 0.6490514905149052 0.421875 0.6571815718157181 0.416875 0.6544715447154471 0.408125 0.6463414634146342 0.403125 0.6273712737127372 0.403125 0.6192411924119241 0.40875 0.6219512195121951 0.418125 0.6327913279132791 0.4225
1 0.8279132791327913 0.560625 0.8468834688346883 0.561875 0.8631436314363143 0.5575 0.8604336043360433 0.5475 0.8550135501355014 0.545625 0.8360433604336044 0.545625 0.8197831978319783 0.55 0.8170731707317073 0.556875 0.8279132791327913 0.560625
1 0.6246612466124661 0.3 0.6490514905149052 0.3 0.6571815718157181 0.294375 0.6571815718157181 0.288125 0.6517615176151762 0.285625 0.6355013550135501 0.28125 0.6192411924119241 0.281875 0.6111111111111112 0.284375 0.6111111111111112 0.294375 0.6246612466124661 0.3
1 0.6680216802168022 0.425 0.6869918699186992 0.426875 0.7005420054200542 0.425 0.7086720867208672 0.421875 0.7086720867208672 0.414375 0.7005420054200542 0.410625 0.6897018970189702 0.408125 0.6626016260162602 0.409375 0.6571815718157181 0.413125 0.6598915989159891 0.421875 0.6680216802168022 0.425
1 0.4241192411924119 0.57625 0.43902439024390244 0.57625 0.44986449864498645 0.566875 0.44715447154471544 0.56375 0.42276422764227645 0.55875 0.4132791327913279 0.56 0.4092140921409214 0.561875 0.4092140921409214 0.569375 0.4241192411924119 0.57625
1 0.518970189701897 0.480625 0.540650406504065 0.481875 0.556910569105691 0.473125 0.5528455284552846 0.470625 0.5487804878048781 0.46875 0.5203252032520326 0.46875 0.510840108401084 0.473125 0.510840108401084 0.478125 0.518970189701897 0.480625
1 0.2127371273712737 0.55875 0.23306233062330622 0.556875 0.24119241192411925 0.550625 0.23848238482384823 0.545 0.22764227642276422 0.54125 0.21002710027100271 0.5425 0.2005420054200542 0.548125 0.2005420054200542 0.555 0.2127371273712737 0.55875
1 0.556910569105691 0.4575 0.573170731707317 0.4575 0.5840108401084011 0.455625 0.592140921409214 0.445625 0.5894308943089431 0.4425 0.5785907859078591 0.438125 0.5555555555555556 0.441875 0.5487804878048781 0.446875 0.551490514905149 0.455625 0.556910569105691 0.4575
1 0.8712737127371274 0.57375 0.8821138211382114 0.57125 0.8821138211382114 0.558125 0.8563685636856369 0.558125 0.8468834688346883 0.5625 0.8468834688346883 0.570625 0.8577235772357723 0.57375 0.8712737127371274 0.57375
1 0.6626016260162602 0.455 0.6734417344173442 0.45375 0.6842818428184282 0.446875 0.6815718157181572 0.4375 0.6639566395663956 0.43625 0.6517615176151762 0.438125 0.6409214092140921 0.444375 0.6463414634146342 0.451875 0.6626016260162602 0.455
1 0.6775067750677507 0.4075 0.6815718157181572 0.39375 0.6775067750677507 0.39125 0.6680216802168022 0.388125 0.6504065040650406 0.39 0.6436314363143631 0.40125 0.6558265582655827 0.40875 0.6775067750677507 0.4075
1 0.7940379403794038 0.4225 0.8143631436314364 0.421875 0.8252032520325203 0.418125 0.8252032520325203 0.411875 0.8211382113821138 0.409375 0.8116531165311653 0.406875 0.7953929539295393 0.406875 0.7791327913279132 0.413125 0.7791327913279132 0.41875 0.7940379403794038 0.4225
1 0.6056910569105691 0.463125 0.6138211382113821 0.468125 0.6327913279132791 0.46625 0.6463414634146342 0.46 0.6436314363143631 0.449375 0.6382113821138211 0.446875 0.6233062330623306 0.446875 0.6138211382113821 0.449375 0.6056910569105691 0.458125 0.6056910569105691 0.463125
1 0.46883468834688347 0.603125 0.4932249322493225 0.603125 0.502710027100271 0.6 0.502710027100271 0.59125 0.4905149051490515 0.586875 0.46612466124661245 0.586875 0.45799457994579945 0.591875 0.45799457994579945 0.5975 0.46883468834688347 0.603125
1 0.3956639566395664 0.595 0.4173441734417344 0.595 0.4254742547425474 0.591875 0.43089430894308944 0.585 0.4268292682926829 0.58 0.4037940379403794 0.57875 0.3983739837398374 0.58125 0.3902439024390244 0.58625 0.3902439024390244 0.591875 0.3956639566395664 0.595
1 0.8089430894308943 0.58375 0.8360433604336044 0.584375 0.8441734417344173 0.581875 0.8495934959349594 0.576875 0.8468834688346883 0.5725 0.8387533875338753 0.56875 0.8089430894308943 0.5675 0.7981029810298103 0.571875 0.7981029810298103 0.57875 0.8089430894308943 0.58375
1 0.6070460704607046 0.33125 0.6246612466124661 0.33375 0.6327913279132791 0.33125 0.6327913279132791 0.315625 0.6192411924119241 0.31 0.6138211382113821 0.31 0.6029810298102981 0.314375 0.6002710027100271 0.325 0.6070460704607046 0.33125
1 0.5785907859078591 0.495 0.5948509485094851 0.4975 0.6111111111111112 0.495 0.6192411924119241 0.4875 0.6165311653116531 0.480625 0.6084010840108401 0.47625 0.6029810298102981 0.47625 0.5799457994579946 0.48125 0.575880758807588 0.485 0.5785907859078591 0.495
1 0.15718157181571815 0.37 0.17615176151761516 0.37125 0.1842818428184282 0.369375 0.18699186991869918 0.36625 0.1842818428184282 0.35625 0.17344173441734417 0.35125 0.15176151761517614 0.350625 0.14363143631436315 0.354375 0.14363143631436315 0.361875 0.15718157181571815 0.37
1 0.6571815718157181 0.3675 0.6626016260162602 0.37 0.6869918699186992 0.37 0.7005420054200542 0.3625 0.6978319783197832 0.3525 0.6924119241192412 0.350625 0.6775067750677507 0.350625 0.6707317073170732 0.3525 0.6571815718157181 0.36 0.6571815718157181 0.3675
1 0.7886178861788617 0.529375 0.8089430894308943 0.52875 0.8143631436314364 0.52375 0.8143631436314364 0.51375 0.8102981029810298 0.51 0.7899728997289973 0.508125 0.7791327913279132 0.51 0.7737127371273713 0.515 0.7737127371273713 0.52125 0.7886178861788617 0.529375
1 0.5121951219512195 0.46875 0.540650406504065 0.468125 0.551490514905149 0.460625 0.5487804878048781 0.45625 0.540650406504065 0.4525 0.513550135501355 0.45375 0.505420054200542 0.45875 0.505420054200542 0.465625 0.5121951219512195 0.46875
1 0.25745257452574527 0.48875 0.2791327913279133 0.48875 0.2899728997289973 0.484375 0.2872628726287263 0.47625 0.2791327913279133 0.473125 0.25609756097560976 0.47375 0.24661246612466126 0.47875 0.24932249322493225 0.485 0.25745257452574527 0.48875
1 0.8414634146341463 0.544375 0.8577235772357723 0.545 0.8685636856368564 0.539375 0.8658536585365854 0.53125 0.8523035230352304 0.52625 0.8292682926829268 0.52625 0.8252032520325203 0.529375 0.8279132791327913 0.539375 0.8414634146341463 0.544375
1 0.3794037940379404 0.24875 0.38482384823848237 0.244375 0.3821138211382114 0.2325 0.35772357723577236 0.22875 0.33604336043360433 0.2325 0.33604336043360433 0.235625 0.3523035230352303 0.24625 0.3794037940379404 0.24875
1 0.36314363143631434 0.62875 0.36314363143631434 0.62 0.35772357723577236 0.615625 0.33062330623306235 0.615 0.3252032520325203 0.619375 0.32791327913279134 0.62625 0.34552845528455284 0.63 0.36314363143631434 0.62875
1 0.28184281842818426 0.504375 0.3170731707317073 0.504375 0.3252032520325203 0.50125 0.32113821138211385 0.493125 0.3116531165311653 0.49 0.2859078590785908 0.48875 0.27100271002710025 0.494375 0.27100271002710025 0.499375 0.28184281842818426 0.504375
1 0.23306233062330622 0.52625 0.24254742547425473 0.523125 0.24661246612466126 0.520625 0.24661246612466126 0.514375 0.23983739837398374 0.51 0.21680216802168023 0.509375 0.2032520325203252 0.514375 0.2005420054200542 0.521875 0.20596205962059622 0.52625 0.23306233062330622 0.52625
1 0.6084010840108401 0.444375 0.6192411924119241 0.44 0.6192411924119241 0.431875 0.6138211382113821 0.43 0.5880758807588076 0.429375 0.5785907859078591 0.43375 0.5785907859078591 0.439375 0.5894308943089431 0.444375 0.6084010840108401 0.444375
1 0.535230352303523 0.4525 0.5433604336043361 0.45 0.5460704607046071 0.44 0.540650406504065 0.4375 0.5298102981029811 0.436875 0.518970189701897 0.439375 0.516260162601626 0.449375 0.5230352303523035 0.4525 0.535230352303523 0.4525
1 0.5650406504065041 0.489375 0.573170731707317 0.486875 0.5785907859078591 0.476875 0.5704607046070461 0.473125 0.551490514905149 0.473125 0.5433604336043361 0.479375 0.5433604336043361 0.485 0.551490514905149 0.48875 0.5650406504065041 0.489375
1 0.7086720867208672 0.46375 0.7303523035230353 0.465 0.7439024390243902 0.46 0.7439024390243902 0.45125 0.7357723577235772 0.448125 0.7113821138211383 0.448125 0.7005420054200542 0.4525 0.7005420054200542 0.46 0.7086720867208672 0.46375
1 0.2588075880758808 0.34125 0.2764227642276423 0.3425 0.2872628726287263 0.340625 0.2899728997289973 0.338125 0.2872628726287263 0.33 0.2791327913279133 0.326875 0.25745257452574527 0.325625 0.24661246612466126 0.3275 0.24661246612466126 0.335 0.2588075880758808 0.34125
1 0.42276422764227645 0.485 0.43902439024390244 0.4875 0.45257452574525747 0.484375 0.45257452574525747 0.469375 0.44173441734417346 0.46625 0.4281842818428184 0.46625 0.42005420054200543 0.469375 0.4173441734417344 0.480625 0.42276422764227645 0.485
1 0.3902439024390244 0.494375 0.4010840108401084 0.484375 0.3983739837398374 0.480625 0.3875338753387534 0.476875 0.3712737127371274 0.478125 0.3604336043360434 0.486875 0.36449864498644985 0.49375 0.3902439024390244 0.494375
1 0.5257452574525745 0.278125 0.5487804878048781 0.278125 0.5623306233062331 0.273125 0.5623306233062331 0.268125 0.556910569105691 0.264375 0.5433604336043361 0.260625 0.5298102981029811 0.260625 0.516260162601626 0.265 0.513550135501355 0.2725 0.5257452574525745 0.278125
1 0.15718157181571815 0.4625 0.16531165311653118 0.45875 0.16531165311653118 0.449375 0.16124661246612465 0.44625 0.14227642276422764 0.444375 0.13279132791327913 0.449375 0.13279132791327913 0.45625 0.14634146341463414 0.463125 0.15718157181571815 0.4625
1 0.25745257452574527 0.595 0.2669376693766938 0.598125 0.2764227642276423 0.598125 0.2872628726287263 0.59375 0.2872628726287263 0.58 0.2791327913279133 0.576875 0.2696476964769648 0.576875 0.2601626016260163 0.58125 0.25474254742547425 0.59125 0.25745257452574527 0.595
1 0.38482384823848237 0.5375 0.4010840108401084 0.535625 0.4092140921409214 0.53125 0.4078590785907859 0.52 0.3983739837398374 0.51625 0.3821138211382114 0.51625 0.3712737127371274 0.52375 0.3712737127371274 0.5325 0.38482384823848237 0.5375
1 0.7140921409214093 0.56 0.7195121951219512 0.56375 0.7357723577235772 0.565625 0.7493224932249323 0.5625 0.7547425474254743 0.558125 0.7547425474254743 0.553125 0.7493224932249323 0.55 0.7384823848238482 0.546875 0.7249322493224932 0.546875 0.7195121951219512 0.54875 0.7140921409214093 0.551875 0.7140921409214093 0.56
1 0.4796747967479675 0.584375 0.4878048780487805 0.581875 0.4878048780487805 0.5725 0.483739837398374 0.569375 0.47696476964769646 0.566875 0.45257452574525747 0.566875 0.44173441734417346 0.575625 0.45528455284552843 0.58375 0.4796747967479675 0.584375
1 0.6951219512195121 0.326875 0.7168021680216802 0.324375 0.7249322493224932 0.32 0.7276422764227642 0.3125 0.7222222222222222 0.309375 0.7046070460704607 0.306875 0.6897018970189702 0.31 0.6842818428184282 0.314375 0.6842818428184282 0.321875 0.6951219512195121 0.326875
1 0.2981029810298103 0.605625 0.3143631436314363 0.605 0.3252032520325203 0.6 0.32113821138211385 0.595625 0.3062330623306233 0.593125 0.2872628726287263 0.59375 0.28184281842818426 0.598125 0.2845528455284553 0.603125 0.2981029810298103 0.605625
1 0.2967479674796748 0.5525 0.3224932249322493 0.5525 0.32926829268292684 0.55 0.3333333333333333 0.545625 0.33062330623306235 0.533125 0.3143631436314363 0.53125 0.3008130081300813 0.535625 0.2926829268292683 0.5425 0.2926829268292683 0.550625 0.2967479674796748 0.5525
1 0.47289972899729 0.37 0.48509485094850946 0.37125 0.4959349593495935 0.369375 0.502710027100271 0.3625 0.5 0.3525 0.48644986449864497 0.350625 0.4715447154471545 0.355625 0.46612466124661245 0.36 0.46612466124661245 0.36625 0.47289972899729 0.37
1 0.18157181571815717 0.431875 0.20596205962059622 0.431875 0.2140921409214092 0.426875 0.21138211382113822 0.419375 0.1897018970189702 0.41625 0.17615176151761516 0.416875 0.16802168021680217 0.420625 0.16802168021680217 0.42625 0.18157181571815717 0.431875
1 0.592140921409214 0.314375 0.6002710027100271 0.315625 0.6192411924119241 0.30875 0.6165311653116531 0.2975 0.6084010840108401 0.294375 0.5975609756097561 0.294375 0.5867208672086721 0.2975 0.5813008130081301 0.305 0.592140921409214 0.314375
1 0.4363143631436314 0.238125 0.4444444444444444 0.238125 0.45528455284552843 0.2325 0.45257452574525747 0.220625 0.44173441734417346 0.216875 0.43224932249322495 0.216875 0.42276422764227645 0.22 0.42276422764227645 0.2325 0.4363143631436314 0.238125
1 0.7005420054200542 0.589375 0.7113821138211383 0.586875 0.7140921409214093 0.57875 0.7073170731707317 0.574375 0.6856368563685636 0.571875 0.6761517615176151 0.574375 0.6734417344173442 0.5775 0.6815718157181572 0.5875 0.7005420054200542 0.589375
1 0.22764227642276422 0.50625 0.24932249322493225 0.50625 0.25745257452574527 0.504375 0.26558265582655827 0.4975 0.26151761517615174 0.493125 0.25203252032520324 0.49 0.23577235772357724 0.49 0.21680216802168023 0.495 0.2140921409214092 0.50125 0.22764227642276422 0.50625
1 0.6382113821138211 0.4975 0.6422764227642277 0.500625 0.6653116531165312 0.50125 0.6761517615176151 0.495 0.6734417344173442 0.4875 0.6626016260162602 0.483125 0.6544715447154471 0.483125 0.6422764227642277 0.486875 0.6382113821138211 0.49 0.6382113821138211 0.4975