0 0.141875 0.3554817275747508 0.145 0.37624584717607973 0.1575 0.3978405315614618 0.173125 0.4119601328903654 0.183125 0.4152823920265781 0.1975 0.4152823920265781 0.214375 0.40946843853820597 0.22875 0.3953488372093023 0.235 0.3845514950166113 0.24 0.36794019933554817 0.24 0.3388704318936877 0.233125 0.31561461794019935 0.2225 0.29900332225913623 0.2025 0.28488372093023256 0.184375 0.2823920265780731 0.17125 0.2865448504983389 0.155625 0.29983388704318936 0.146875 0.31561461794019935 0.143125 0.3280730897009967 0.141875 0.3554817275747508
1 0.60875 0.2749169435215947 0.6125 0.26744186046511625 0.6125 0.25249169435215946 0.601875 0.24086378737541528 0.584375 0.24086378737541528 0.575625 0.25249169435215946 0.578125 0.27325581395348836 0.580625 0.2749169435215947 0.581875 0.2799003322259136 0.5875 0.2823920265780731 0.60125 0.2807308970099668 0.60875 0.2749169435215947
1 0.375 0.659468438538206 0.375 0.6453488372093024 0.370625 0.6387043189368771 0.36625 0.6370431893687708 0.34875 0.6395348837209303 0.340625 0.6536544850498339 0.34375 0.6636212624584718 0.355 0.6710963455149501 0.363125 0.670265780730897 0.37 0.6661129568106312 0.375 0.659468438538206
1 0.77 0.43106312292358806 0.78125 0.4269102990033223 0.785625 0.4161129568106312 0.785625 0.4019933554817276 0.781875 0.3945182724252492 0.774375 0.38704318936877075 0.763125 0.3853820598006645 0.75625 0.38953488372093026 0.753125 0.3961794019933555 0.755 0.4161129568106312 0.758125 0.42358803986710963 0.765625 0.43023255813953487 0.77 0.43106312292358806
1 0.2325 0.6943521594684385 0.233125 0.6794019933554817 0.22625 0.6686046511627907 0.21875 0.6644518272425249 0.2075 0.6686046511627907 0.205 0.6760797342192691 0.205625 0.6901993355481728 0.214375 0.7018272425249169 0.224375 0.7034883720930233 0.22875 0.7009966777408638 0.2325 0.6943521594684385
1 0.3275 0.446843853820598 0.3275 0.4318936877076412 0.321875 0.42524916943521596 0.308125 0.4260797342192691 0.303125 0.43023255813953487 0.300625 0.4368770764119601 0.300625 0.45348837209302323 0.304375 0.46096345514950166 0.319375 0.4584717607973422 0.324375 0.4543189368770764 0.3275 0.446843853820598
1 0.599375 0.33970099667774084 0.60875 0.33637873754152825 0.616875 0.32142857142857145 0.6175 0.30980066445182725 0.614375 0.29900332225913623 0.610625 0.29485049833887045 0.5975 0.29401993355481726 0.5925 0.29817275747508304 0.586875 0.3106312292358804 0.586875 0.32558139534883723 0.589375 0.3338870431893688 0.59375 0.3388704318936877 0.599375 0.33970099667774084
1 0.31125 0.5689368770764119 0.314375 0.5614617940199336 0.314375 0.5431893687707641 0.309375 0.5332225913621262 0.30125 0.5282392026578073 0.29375 0.5299003322259136 0.288125 0.5440199335548173 0.288125 0.5573089700996677 0.29375 0.5705980066445183 0.298125 0.5739202657807309 0.304375 0.5739202657807309 0.31125 0.5689368770764119
1 0.57125 0.24584717607973422 0.575625 0.2441860465116279 0.583125 0.23588039867109634 0.58375 0.21262458471760798 0.574375 0.19767441860465115 0.565 0.19352159468438537 0.558125 0.19352159468438537 0.550625 0.19850498338870431 0.545 0.21760797342192692 0.54625 0.23089700996677742 0.54875 0.2350498338870432 0.5575 0.2367109634551495 0.57125 0.24584717607973422
1 0.805625 0.34551495016611294 0.806875 0.329734219269103 0.805 0.3239202657807309 0.7975 0.31561461794019935 0.790625 0.31561461794019935 0.77875 0.3289036544850498 0.775625 0.35299003322259137 0.778125 0.3596345514950166 0.7875 0.36212624584717606 0.796875 0.35714285714285715 0.805625 0.34551495016611294
1 0.585 0.43023255813953487 0.595625 0.4335548172757475 0.60125 0.4318936877076412 0.60625 0.4269102990033223 0.60875 0.4210963455149502 0.60875 0.40946843853820597 0.60375 0.3995016611295681 0.593125 0.3920265780730897 0.581875 0.39285714285714285 0.57625 0.3978405315614618 0.57375 0.4127906976744186 0.575625 0.4210963455149502 0.57875 0.42524916943521596 0.585 0.43023255813953487
1 0.524375 0.739202657807309 0.51125 0.7300664451827242 0.49875 0.7333887043189369 0.49375 0.7383720930232558 0.491875 0.7458471760797342 0.49375 0.7583056478405316 0.50125 0.7649501661129569 0.518125 0.7632890365448505 0.525625 0.7524916943521595 0.524375 0.739202657807309
1 0.580625 0.3787375415282392 0.593125 0.36129568106312293 0.59375 0.3430232558139535 0.583125 0.33222591362126247 0.5725 0.33222591362126247 0.563125 0.33637873754152825 0.558125 0.34136212624584716 0.553125 0.35299003322259137 0.553125 0.36794019933554817 0.5625 0.38289036544850497 0.5725 0.38289036544850497 0.580625 0.3787375415282392
1 0.293125 0.4642857142857143 0.29875 0.4601328903654485 0.300625 0.45598006644518274 0.299375 0.4418604651162791 0.29125 0.4277408637873754 0.28 0.4219269102990033 0.271875 0.4227574750830565 0.266875 0.4269102990033223 0.266875 0.4418604651162791 0.2775 0.45930232558139533 0.286875 0.4642857142857143 0.293125 0.4642857142857143
1 0.635 0.5141196013289037 0.643125 0.5024916943521595 0.644375 0.49335548172757476 0.641875 0.4850498338870432 0.6375 0.48172757475083056 0.63 0.4808970099667774 0.619375 0.4883720930232558 0.614375 0.5 0.614375 0.5058139534883721 0.616875 0.5141196013289037 0.6275 0.5174418604651163 0.635 0.5141196013289037
1 0.505 0.303156146179402 0.515 0.29401993355481726 0.516875 0.2807308970099668 0.513125 0.27159468438538203 0.5075 0.26744186046511625 0.4975 0.26578073089701 0.491875 0.26827242524916944 0.48375 0.2799003322259136 0.48375 0.28903654485049834 0.485625 0.2931893687707641 0.494375 0.303156146179402 0.505 0.303156146179402
1 0.748125 0.3280730897009967 0.760625 0.31893687707641194 0.763125 0.31146179401993357 0.761875 0.2973421926910299 0.751875 0.2865448504983389 0.741875 0.2865448504983389 0.73375 0.2956810631229236 0.73125 0.30398671096345514 0.73125 0.31561461794019935 0.73375 0.3230897009966777 0.738125 0.3280730897009967 0.748125 0.3280730897009967
1 0.64 0.28903654485049834 0.650625 0.27408637873754155 0.650625 0.25249169435215946 0.645625 0.24833887043189368 0.638125 0.24750830564784054 0.625625 0.25249169435215946 0.61875 0.260797342192691 0.615625 0.26578073089701 0.615 0.2799003322259136 0.619375 0.28903654485049834 0.62875 0.2931893687707641 0.64 0.28903654485049834
1 0.464375 0.6985049833887044 0.470625 0.6985049833887044 0.480625 0.6901993355481728 0.48125 0.675249169435216 0.4775 0.6611295681063123 0.470625 0.6561461794019934 0.46375 0.6561461794019934 0.455625 0.6644518272425249 0.453125 0.6719269102990033 0.453125 0.6802325581395349 0.455625 0.6901993355481728 0.459375 0.6951827242524917 0.464375 0.6985049833887044
1 0.713125 0.4958471760797342 0.711875 0.4775747508305648 0.704375 0.46677740863787376 0.6925 0.4659468438538206 0.686875 0.4700996677740864 0.683125 0.4775747508305648 0.680625 0.5008305647840532 0.6875 0.5132890365448505 0.7025 0.5124584717607974 0.70875 0.5058139534883721 0.713125 0.4958471760797342
1 0.57 0.28322259136212624 0.575 0.27740863787375414 0.575 0.2599667774086379 0.5725 0.2516611295681063 0.5675 0.24501661129568106 0.555625 0.23754152823920266 0.548125 0.23754152823920266 0.54375 0.24169435215946844 0.5425 0.26245847176079734 0.548125 0.2749169435215947 0.560625 0.2840531561461794 0.57 0.28322259136212624
1 0.391875 0.26411960132890366 0.4 0.2558139534883721 0.403125 0.24833887043189368 0.404375 0.24086378737541528 0.401875 0.22757475083056478 0.394375 0.21926910299003322 0.385625 0.21760797342192692 0.376875 0.22425249169435216 0.37375 0.23338870431893688 0.37375 0.24584717607973422 0.380625 0.2599667774086379 0.386875 0.26411960132890366 0.391875 0.26411960132890366
1 0.53875 0.38704318936877075 0.541875 0.3795681063122924 0.54125 0.36295681063122925 0.53375 0.3521594684385382 0.526875 0.3496677740863787 0.51875 0.3554817275747508 0.515 0.3637873754152824 0.515 0.38205980066445183 0.519375 0.3911960132890365 0.526875 0.3945182724252492 0.5325 0.39368770764119604 0.53875 0.38704318936877075
1 0.34375 0.4883720930232558 0.34375 0.4684385382059801 0.339375 0.462624584717608 0.329375 0.462624584717608 0.3175 0.473421926910299 0.314375 0.48255813953488375 0.314375 0.5016611295681063 0.320625 0.510797342192691 0.329375 0.510797342192691 0.339375 0.5 0.34375 0.4883720930232558
1 0.385 0.7508305647840532 0.38875 0.7416943521594684 0.389375 0.7275747508305648 0.3875 0.7225913621262459 0.3825 0.71843853820598 0.375625 0.71843853820598 0.366875 0.7259136212624585 0.36375 0.7358803986710963 0.36375 0.7491694352159468 0.370625 0.7583056478405316 0.376875 0.7591362126245847 0.385 0.7508305647840532
1 0.676875 0.48754152823920266 0.676875 0.473421926910299 0.67 0.462624584717608 0.65875 0.46096345514950166 0.651875 0.47093023255813954 0.65125 0.49335548172757476 0.656875 0.5024916943521595 0.661875 0.5058139534883721 0.67 0.5024916943521595 0.674375 0.49667774086378735 0.676875 0.48754152823920266
1 0.65625 0.3073089700996678 0.645625 0.29817275747508304 0.629375 0.29983388704318936 0.618125 0.30980066445182725 0.618125 0.3280730897009967 0.62625 0.33637873754152825 0.633125 0.3372093023255814 0.64625 0.3330564784053156 0.65625 0.3222591362126246 0.65625 0.3073089700996678
1 0.4575 0.5 0.448125 0.4925249169435216 0.44125 0.4925249169435216 0.42875 0.5016611295681063 0.425625 0.5124584717607974 0.42625 0.5249169435215947 0.43625 0.532392026578073 0.451875 0.5274086378737541 0.4575 0.5166112956810631 0.4575 0.5
1 0.398125 0.5124584717607974 0.406875 0.5174418604651163 0.413125 0.5174418604651163 0.42 0.5149501661129569 0.425625 0.5058139534883721 0.42625 0.49750830564784054 0.423125 0.48754152823920266 0.415625 0.47674418604651164 0.408125 0.47259136212624586 0.401875 0.47259136212624586 0.39625 0.47674418604651164 0.391875 0.48754152823920266 0.391875 0.4925249169435216 0.393125 0.5016611295681063 0.398125 0.5124584717607974
1 0.558125 0.5398671096345515 0.558125 0.5157807308970099 0.551875 0.5116279069767442 0.54375 0.5124584717607974 0.53875 0.5166112956810631 0.529375 0.532392026578073 0.529375 0.5506644518272426 0.534375 0.5564784053156147 0.544375 0.5556478405315615 0.55 0.5523255813953488 0.558125 0.5398671096345515
1 0.295 0.28903654485049834 0.289375 0.27740863787375414 0.283125 0.27159468438538203 0.28 0.27159468438538203 0.273125 0.27740863787375414 0.27125 0.29401993355481726 0.276875 0.3081395348837209 0.28625 0.31146179401993357 0.29375 0.3023255813953488 0.295 0.28903654485049834
1 0.53375 0.3089700996677741 0.54 0.303156146179402 0.54625 0.292358803986711 0.54625 0.27159468438538203 0.54125 0.2616279069767442 0.536875 0.2591362126245847 0.531875 0.2599667774086379 0.524375 0.26993355481727577 0.519375 0.28488372093023256 0.519375 0.2956810631229236 0.521875 0.30481727574750833 0.525625 0.3089700996677741 0.53375 0.3089700996677741
1 0.526875 0.2649501661129568 0.53625 0.24916943521594684 0.53875 0.2425249169435216 0.5375 0.22757475083056478 0.530625 0.22093023255813954 0.521875 0.22093023255813954 0.51375 0.22757475083056478 0.505 0.2441860465116279 0.50375 0.2632890365448505 0.514375 0.2707641196013289 0.519375 0.26993355481727577 0.526875 0.2649501661129568
1 0.66625 0.42857142857142855 0.6675 0.41362126245847175 0.661875 0.39867109634551495 0.654375 0.39368770764119604 0.6475 0.39368770764119604 0.644375 0.3961794019933555 0.640625 0.40365448504983387 0.64 0.4186046511627907 0.648125 0.43438538205980065 0.65625 0.4368770764119601 0.66625 0.42857142857142855
1 0.523125 0.20930232558139536 0.52375 0.19352159468438537 0.515 0.1818936877076412 0.5025 0.17940199335548174 0.498125 0.18272425249169436 0.495 0.19269102990033224 0.49625 0.2059800664451827 0.5075 0.21179401993355482 0.5125 0.21760797342192692 0.519375 0.21428571428571427 0.523125 0.20930232558139536
1 0.429375 0.4700996677740864 0.43625 0.46677740863787376 0.44625 0.4543189368770764 0.451875 0.4410299003322259 0.451875 0.42857142857142855 0.448125 0.4219269102990033 0.443125 0.41777408637873753 0.435625 0.4186046511627907 0.42875 0.42441860465116277 0.42125 0.4368770764119601 0.41875 0.44435215946843853 0.41875 0.46096345514950166 0.424375 0.4692691029900332 0.429375 0.4700996677740864
1 0.5025 0.7300664451827242 0.5075 0.723421926910299 0.51 0.71843853820598 0.51 0.7093023255813954 0.5025 0.6985049833887044 0.490625 0.696843853820598 0.48625 0.6985049833887044 0.479375 0.7068106312292359 0.478125 0.7209302325581395 0.485625 0.7317275747508306 0.495625 0.7333887043189369 0.5025 0.7300664451827242
1 0.255 0.48255813953488375 0.254375 0.4684385382059801 0.245625 0.46179401993355484 0.23625 0.462624584717608 0.23125 0.4659468438538206 0.225625 0.4775747508305648 0.22625 0.4883720930232558 0.230625 0.4958471760797342 0.235625 0.4983388704318937 0.245625 0.49667774086378735 0.255 0.48255813953488375
1 0.4475 0.41029900332225916 0.45875 0.4019933554817276 0.464375 0.3911960132890365 0.464375 0.3696013289036545 0.4575 0.36295681063122925 0.448125 0.36295681063122925 0.439375 0.3696013289036545 0.433125 0.3812292358803987 0.43125 0.3862126245847176 0.43125 0.3995016611295681 0.433125 0.4061461794019934 0.436875 0.40946843853820597 0.4475 0.41029900332225916
1 0.666875 0.3089700996677741 0.6725 0.30564784053156147 0.676875 0.29900332225913623 0.678125 0.2799003322259136 0.673125 0.26827242524916944 0.666875 0.2649501661129568 0.66 0.2649501661129568 0.653125 0.2707641196013289 0.649375 0.2799003322259136 0.649375 0.29485049833887045 0.655 0.30564784053156147 0.659375 0.30980066445182725 0.666875 0.3089700996677741
1 0.42625 0.6619601328903655 0.433125 0.6619601328903655 0.44 0.6553156146179402 0.4425 0.6511627906976745 0.4425 0.6353820598006644 0.43625 0.6237541528239202 0.428125 0.6179401993355482 0.4175 0.6179401993355482 0.411875 0.6229235880398671 0.41 0.6303986710963455 0.41125 0.6461794019933554 0.418125 0.6561461794019934 0.42625 0.6619601328903655
1 0.49625 0.2059800664451827 0.480625 0.21096345514950166 0.47375 0.22259136212624583 0.474375 0.23421926910299004 0.485625 0.2441860465116279 0.5025 0.2441860465116279 0.510625 0.2350498338870432 0.51 0.21677740863787376 0.49625 0.2059800664451827
1 0.38 0.563953488372093 0.38875 0.5631229235880398 0.396875 0.5539867109634552 0.399375 0.5448504983388704 0.399375 0.5332225913621262 0.395 0.5191029900332226 0.38375 0.5099667774086378 0.37125 0.5149501661129569 0.36625 0.5249169435215947 0.36375 0.5365448504983389 0.36625 0.5523255813953488 0.37125 0.5589700996677741 0.38 0.563953488372093
1 0.635625 0.4700996677740864 0.64 0.46096345514950166 0.641875 0.45598006644518274 0.641875 0.44518272425249167 0.64 0.44019933554817275 0.6325 0.43272425249169433 0.625625 0.43272425249169433 0.613125 0.44601328903654486 0.6125 0.4676079734219269 0.618125 0.48006644518272423 0.6275 0.4792358803986711 0.635625 0.4700996677740864
1 0.47875 0.7317275747508306 0.47375 0.723421926910299 0.469375 0.7209302325581395 0.4575 0.7209302325581395 0.455 0.723421926910299 0.453125 0.7350498338870431 0.460625 0.75 0.469375 0.7533222591362126 0.478125 0.7466777408637874 0.47875 0.7317275747508306
1 0.28375 0.5116279069767442 0.29 0.5099667774086378 0.2975 0.49750830564784054 0.298125 0.4850498338870432 0.295 0.473421926910299 0.28125 0.462624584717608 0.275 0.462624584717608 0.27 0.47093023255813954 0.269375 0.4792358803986711 0.27 0.4958471760797342 0.2725 0.5016611295681063 0.2775 0.5091362126245847 0.28375 0.5116279069767442
1 0.4375 0.24750830564784054 0.433125 0.23920265780730898 0.428125 0.2367109634551495 0.419375 0.23920265780730898 0.41125 0.2516611295681063 0.41125 0.2707641196013289 0.4175 0.2799003322259136 0.4275 0.2799003322259136 0.4375 0.26411960132890366 0.4375 0.24750830564784054