1 0.6611295681063123 0.40875 0.654485049833887 0.40375 0.6262458471760798 0.40375 0.6179401993355482 0.408125 0.6079734219269103 0.42 0.6088039867109635 0.436875 0.6137873754152824 0.438125 0.6204318936877077 0.435 0.6320598006644518 0.435 0.6495016611295681 0.439375 0.654485049833887 0.436875 0.6611295681063123 0.4275 0.6611295681063123 0.40875
1 0.4642857142857143 0.63125 0.4584717607973422 0.62625 0.43106312292358806 0.6225 0.41777408637873753 0.626875 0.4111295681063123 0.635625 0.41029900332225916 0.64875 0.4127906976744186 0.654375 0.43272425249169433 0.660625 0.4393687707641196 0.66 0.4526578073089701 0.654375 0.4601328903654485 0.648125 0.4659468438538206 0.63875 0.4642857142857143 0.63125
1 0.4950166112956811 0.670625 0.4742524916943522 0.664375 0.46677740863787376 0.658125 0.45930232558139533 0.6575 0.45514950166112955 0.66 0.4476744186046512 0.67 0.4476744186046512 0.67875 0.45348837209302323 0.68875 0.46096345514950166 0.69375 0.4717607973421927 0.696875 0.48421926910299 0.69625 0.4950166112956811 0.68875 0.4983388704318937 0.680625 0.4950166112956811 0.670625
1 0.26245847176079734 0.46125 0.2516611295681063 0.45875 0.23588039867109634 0.45875 0.22009966777408638 0.46375 0.21179401993355482 0.47625 0.21096345514950166 0.485 0.21428571428571427 0.48875 0.23588039867109634 0.495 0.24916943521594684 0.495 0.26411960132890366 0.48875 0.2757475083056478 0.480625 0.276578073089701 0.471875 0.26245847176079734 0.46125
1 0.25 0.600625 0.2350498338870432 0.600625 0.22591362126245848 0.60375 0.21926910299003322 0.610625 0.21843853820598005 0.62625 0.223421926910299 0.635625 0.24003322259136212 0.645625 0.260797342192691 0.645625 0.2724252491694352 0.63375 0.27408637873754155 0.62625 0.26411960132890366 0.606875 0.25 0.600625
1 0.40946843853820597 0.725625 0.38870431893687707 0.716875 0.37209302325581395 0.71375 0.36129568106312293 0.714375 0.35132890365448505 0.716875 0.34219269102990035 0.724375 0.34219269102990035 0.7375 0.3579734219269103 0.749375 0.38205980066445183 0.75375 0.39700996677740863 0.75375 0.40780730897009965 0.75125 0.41445182724252494 0.745 0.4152823920265781 0.735 0.40946843853820597 0.725625
1 0.5880398671096345 0.478125 0.5755813953488372 0.479375 0.5622923588039868 0.4875 0.5589700996677741 0.4925 0.5581395348837209 0.509375 0.563953488372093 0.51625 0.5705980066445183 0.51875 0.5863787375415282 0.51875 0.6021594684385382 0.50875 0.606312292358804 0.49375 0.5988372093023255 0.481875 0.5880398671096345 0.478125
1 0.6353820598006644 0.53 0.6295681063122923 0.524375 0.617109634551495 0.520625 0.6021594684385382 0.52125 0.5938538205980066 0.524375 0.5855481727574751 0.535625 0.5855481727574751 0.544375 0.5888704318936877 0.55 0.6046511627906976 0.558125 0.627906976744186 0.5575 0.6378737541528239 0.55 0.6403654485049833 0.545 0.6403654485049833 0.5375 0.6353820598006644 0.53
1 0.18853820598006646 0.420625 0.1818936877076412 0.416875 0.1686046511627907 0.41375 0.15448504983388706 0.413125 0.1362126245847176 0.419375 0.13205980066445183 0.425 0.13205980066445183 0.43625 0.14950166112956811 0.449375 0.16029900332225913 0.451875 0.1760797342192691 0.451875 0.1893687707641196 0.446875 0.1951827242524917 0.431875 0.18853820598006646 0.420625
1 0.4003322259136213 0.27125 0.3853820598006645 0.283125 0.38289036544850497 0.300625 0.38787375415282394 0.306875 0.4003322259136213 0.3125 0.420265780730897 0.311875 0.43853820598006643 0.295625 0.436046511627907 0.28 0.420265780730897 0.26875 0.4003322259136213 0.27125
1 0.5656146179401993 0.526875 0.5581395348837209 0.524375 0.5357142857142857 0.524375 0.5282392026578073 0.53125 0.5299003322259136 0.54125 0.5490033222591362 0.551875 0.5614617940199336 0.555625 0.5730897009966778 0.555625 0.5830564784053156 0.55 0.584717607973422 0.544375 0.5822259136212624 0.538125 0.5656146179401993 0.526875
1 0.7018272425249169 0.313125 0.6893687707641196 0.305 0.6835548172757475 0.304375 0.6710963455149501 0.305 0.6619601328903655 0.31 0.6611295681063123 0.324375 0.6710963455149501 0.340625 0.6794019933554817 0.345625 0.696843853820598 0.345625 0.7051495016611296 0.33875 0.7068106312292359 0.33375 0.7068106312292359 0.324375 0.7018272425249169 0.313125
1 0.5938538205980066 0.344375 0.5739202657807309 0.35375 0.5739202657807309 0.360625 0.5780730897009967 0.369375 0.5880398671096345 0.374375 0.6112956810631229 0.376875 0.6262458471760798 0.36625 0.6270764119601329 0.353125 0.6121262458471761 0.344375 0.5938538205980066 0.344375
1 0.3338870431893688 0.170625 0.3239202657807309 0.16625 0.3081395348837209 0.16625 0.303156146179402 0.170625 0.29983388704318936 0.176875 0.29983388704318936 0.18375 0.3089700996677741 0.200625 0.33056478405315615 0.2025 0.3430232558139535 0.209375 0.3480066445182724 0.2 0.34717607973421927 0.190625 0.3338870431893688 0.170625
1 0.6715116279069767 0.6640625 0.0008305647840531562 0.001875
1 0.6470099667774086 0.600625 0.6378737541528239 0.600625 0.6262458471760798 0.605625 0.6179401993355482 0.61625 0.6179401993355482 0.63375 0.6320598006644518 0.6425 0.6495016611295681 0.64125 0.6611295681063123 0.63125 0.6644518272425249 0.619375 0.6611295681063123 0.609375 0.6553156146179402 0.603125 0.6470099667774086 0.600625
1 0.5398671096345515 0.4425 0.5249169435215947 0.43 0.5091362126245847 0.4275 0.4983388704318937 0.43 0.4941860465116279 0.435 0.49169435215946844 0.448125 0.49667774086378735 0.45625 0.5041528239202658 0.4625 0.5141196013289037 0.46625 0.5274086378737541 0.46625 0.5390365448504983 0.4575 0.5415282392026578 0.450625 0.5398671096345515 0.4425
1 0.7051495016611296 0.76125 0.7001661129568106 0.751875 0.6918604651162791 0.74625 0.6852159468438538 0.74625 0.675249169435216 0.75 0.6636212624584718 0.759375 0.6611295681063123 0.764375 0.6611295681063123 0.77625 0.6677740863787376 0.784375 0.675249169435216 0.78625 0.6901993355481728 0.785625 0.7001661129568106 0.77875 0.7051495016611296 0.769375 0.7051495016611296 0.76125
1 0.5880398671096345 0.374375 0.574750830564784 0.375 0.5647840531561462 0.383125 0.5647840531561462 0.39375 0.5789036544850499 0.40375 0.6021594684385382 0.40625 0.6121262458471761 0.40375 0.6187707641196013 0.398125 0.6204318936877077 0.3875 0.6129568106312292 0.378125 0.5880398671096345 0.374375
1 0.40448504983388706 0.479375 0.3961794019933555 0.470625 0.3803986710963455 0.46125 0.36794019933554817 0.46125 0.3579734219269103 0.46625 0.3546511627906977 0.47375 0.3546511627906977 0.485625 0.3579734219269103 0.4925 0.37375415282392027 0.50625 0.38205980066445183 0.509375 0.39285714285714285 0.509375 0.4053156146179402 0.496875 0.40448504983388706 0.479375
1 0.5498338870431894 0.39375 0.5398671096345515 0.39375 0.5332225913621262 0.39625 0.5199335548172758 0.408125 0.520764119601329 0.426875 0.53156146179402 0.4325 0.5431893687707641 0.431875 0.5539867109634552 0.42875 0.5681063122923588 0.413125 0.5664451827242525 0.4 0.5622923588039868 0.39625 0.5498338870431894 0.39375
1 0.24501661129568106 0.51 0.23255813953488372 0.494375 0.22009966777408638 0.491875 0.20681063122923588 0.4925 0.1951827242524917 0.504375 0.19435215946843853 0.519375 0.19684385382059802 0.525 0.20514950166112958 0.5325 0.21179401993355482 0.535 0.22009966777408638 0.535625 0.23421926910299004 0.5325 0.24501661129568106 0.52125 0.24501661129568106 0.51
1 0.3903654485049834 0.144375 0.3862126245847176 0.1375 0.3787375415282392 0.1325 0.36710963455149503 0.129375 0.3538205980066445 0.129375 0.3380398671096346 0.1325 0.3230897009966777 0.141875 0.31893687707641194 0.14875 0.31976744186046513 0.160625 0.3230897009966777 0.165625 0.3289036544850498 0.16875 0.3430232558139535 0.171875 0.3654485049833887 0.171875 0.3795681063122924 0.165625 0.38704318936877075 0.15625 0.3903654485049834 0.144375
1 0.3770764119601329 0.610625 0.3696013289036545 0.600625 0.3588039867109635 0.59375 0.35299003322259137 0.591875 0.3388704318936877 0.59375 0.33554817275747506 0.596875 0.329734219269103 0.598125 0.3239202657807309 0.608125 0.32475083056478404 0.62625 0.329734219269103 0.633125 0.34053156146179403 0.64125 0.3588039867109635 0.64375 0.3654485049833887 0.64125 0.3754152823920266 0.633125 0.3787375415282392 0.623125 0.3770764119601329 0.610625
1 0.2782392026578073 0.4275 0.27740863787375414 0.42375 0.2691029900332226 0.41625 0.26245847176079734 0.41375 0.24169435215946844 0.413125 0.22591362126245848 0.419375 0.21677740863787376 0.430625 0.2159468438538206 0.441875 0.2217607973421927 0.44875 0.23006644518272426 0.451875 0.24501661129568106 0.4525 0.2616279069767442 0.449375 0.2724252491694352 0.441875 0.27740863787375414 0.434375 0.2782392026578073 0.4275
1 0.2757475083056478 0.50625 0.26411960132890366 0.505 0.25083056478405313 0.511875 0.24584717607973422 0.5225 0.24501661129568106 0.5325 0.25083056478405313 0.546875 0.2574750830564784 0.551875 0.2666112956810631 0.551875 0.287375415282392 0.53125 0.28903654485049834 0.52375 0.28488372093023256 0.514375 0.2757475083056478 0.50625
1 0.46677740863787376 0.59375 0.45930232558139533 0.591875 0.43272425249169433 0.591875 0.4269102990033223 0.59375 0.4219269102990033 0.59875 0.4210963455149502 0.6125 0.4260797342192691 0.619375 0.43272425249169433 0.623125 0.46096345514950166 0.625 0.4717607973421927 0.62 0.47674418604651164 0.614375 0.47840531561461797 0.608125 0.46677740863787376 0.59375
1 0.6877076411960132 0.639375 0.6769102990033222 0.6425 0.6677740863787376 0.65375 0.6669435215946844 0.665 0.6827242524916943 0.680625 0.7009966777408638 0.68 0.7134551495016611 0.6675 0.7142857142857143 0.660625 0.7101328903654485 0.651875 0.6960132890365448 0.64 0.6877076411960132 0.639375
1 0.6553156146179402 0.73 0.6470099667774086 0.725 0.6378737541528239 0.725625 0.6312292358803987 0.72875 0.6237541528239202 0.73625 0.6237541528239202 0.748125 0.6262458471760798 0.754375 0.6312292358803987 0.756875 0.6411960132890365 0.75625 0.6470099667774086 0.753125 0.654485049833887 0.745 0.6569767441860465 0.738125 0.6553156146179402 0.73
1 0.436046511627907 0.15625 0.4219269102990033 0.144375 0.4111295681063123 0.140625 0.39867109634551495 0.143125 0.38870431893687707 0.1525 0.38704318936877075 0.170625 0.39867109634551495 0.18875 0.4152823920265781 0.1975 0.43106312292358806 0.19625 0.4393687707641196 0.189375 0.4418604651162791 0.1825 0.4418604651162791 0.17125 0.436046511627907 0.15625
1 0.5822259136212624 0.585 0.574750830564784 0.585 0.5598006644518272 0.58875 0.5556478405315615 0.59375 0.553156146179402 0.60875 0.5589700996677741 0.618125 0.5739202657807309 0.624375 0.5872093023255814 0.623125 0.5963455149501661 0.61 0.5963455149501661 0.6 0.590531561461794 0.58875 0.5822259136212624 0.585
1 0.3073089700996678 0.288125 0.29900332225913623 0.2775 0.29069767441860467 0.27125 0.27906976744186046 0.27125 0.260797342192691 0.28875 0.2599667774086379 0.3075 0.26411960132890366 0.316875 0.27906976744186046 0.325625 0.29651162790697677 0.325625 0.303156146179402 0.321875 0.3081395348837209 0.314375 0.3089700996677741 0.295625 0.3073089700996678 0.288125
1 0.6818936877076412 0.6825 0.6710963455149501 0.668125 0.6602990033222591 0.665625 0.643687707641196 0.665 0.6362126245847176 0.66625 0.632890365448505 0.669375 0.6320598006644518 0.68 0.6387043189368771 0.690625 0.6503322259136213 0.696875 0.6602990033222591 0.69875 0.675249169435216 0.69875 0.6794019933554817 0.695625 0.6818936877076412 0.691875 0.6818936877076412 0.6825
1 0.42857142857142855 0.405 0.42524916943521596 0.39125 0.41362126245847175 0.384375 0.39867109634551495 0.385 0.3853820598006645 0.39125 0.37375415282392027 0.410625 0.3729235880398671 0.42125 0.3812292358803987 0.433125 0.3920265780730897 0.439375 0.39700996677740863 0.439375 0.40946843853820597 0.4325 0.4161129568106312 0.431875 0.4219269102990033 0.4275 0.42857142857142855 0.405
1 0.17358803986710963 0.709375 0.16943521594684385 0.701875 0.16362126245847175 0.69875 0.15780730897009967 0.696875 0.14119601328903655 0.696875 0.13205980066445183 0.701875 0.12043189368770764 0.716875 0.11960132890365449 0.726875 0.12209302325581395 0.733125 0.1303986710963455 0.74 0.14451827242524917 0.74125 0.15863787375415284 0.738125 0.16943521594684385 0.73 0.17358803986710963 0.720625 0.17358803986710963 0.709375
1 0.36129568106312293 0.41375 0.3521594684385382 0.413125 0.34136212624584716 0.41625 0.3313953488372093 0.425 0.3289036544850498 0.43 0.329734219269103 0.444375 0.3446843853820598 0.45625 0.3588039867109635 0.4575 0.36627906976744184 0.455625 0.3803986710963455 0.441875 0.3812292358803987 0.43 0.37790697674418605 0.42375 0.36129568106312293 0.41375
1 0.3222591362126246 0.338125 0.3131229235880399 0.33125 0.29900332225913623 0.325625 0.2815614617940199 0.326875 0.26827242524916944 0.33375 0.2649501661129568 0.339375 0.2649501661129568 0.3475 0.2707641196013289 0.354375 0.2815614617940199 0.3625 0.2931893687707641 0.365 0.3073089700996678 0.36375 0.31478405315614616 0.36 0.32475083056478404 0.34625 0.3222591362126246 0.338125
1 0.223421926910299 0.389375 0.20348837209302326 0.375 0.19102990033222592 0.3725 0.1760797342192691 0.375 0.1669435215946844 0.38 0.16362126245847175 0.385625 0.16362126245847175 0.395 0.1669435215946844 0.4 0.18106312292358803 0.411875 0.19352159468438537 0.418125 0.21760797342192692 0.418125 0.22840531561461794 0.40625 0.22840531561461794 0.4 0.223421926910299 0.389375
1 0.8081395348837209 0.70125 0.803156146179402 0.691875 0.7940199335548173 0.685625 0.7799003322259136 0.685 0.7699335548172758 0.6875 0.7616279069767442 0.6975 0.7616279069767442 0.71125 0.7641196013289037 0.71625 0.770764119601329 0.720625 0.7790697674418605 0.725 0.7906976744186046 0.725625 0.8039867109634552 0.72 0.8081395348837209 0.71375 0.8081395348837209 0.70125
1 0.5705980066445183 0.3125 0.5573089700996677 0.3125 0.5498338870431894 0.315625 0.5440199335548173 0.32125 0.5440199335548173 0.3375 0.5514950166112956 0.348125 0.5730897009966778 0.354375 0.5880398671096345 0.345625 0.590531561461794 0.3325 0.5880398671096345 0.323125 0.5822259136212624 0.316875 0.5705980066445183 0.3125
1 0.5971760797342193 0.26 0.5888704318936877 0.2625 0.579734219269103 0.270625 0.579734219269103 0.283125 0.5946843853820598 0.296875 0.6162790697674418 0.299375 0.6312292358803987 0.290625 0.6345514950166113 0.275625 0.6270764119601329 0.264375 0.6104651162790697 0.259375 0.5971760797342193 0.26
1 0.3081395348837209 0.55875 0.29900332225913623 0.56375 0.2956810631229236 0.569375 0.2956810631229236 0.58125 0.3122923588039867 0.595 0.3280730897009967 0.598125 0.3480066445182724 0.58875 0.3480066445182724 0.574375 0.3313953488372093 0.560625 0.32142857142857145 0.558125 0.3081395348837209 0.55875
1 0.5091362126245847 0.70375 0.4908637873754153 0.695625 0.46677740863787376 0.6975 0.4568106312292359 0.705 0.45514950166112955 0.7175 0.457641196013289 0.7225 0.46677740863787376 0.73 0.4958471760797342 0.73 0.5124584717607974 0.72 0.5141196013289037 0.716875 0.5141196013289037 0.71 0.5091362126245847 0.70375
1 0.5714285714285714 0.6875 0.5581395348837209 0.6775 0.5465116279069767 0.675 0.5357142857142857 0.675625 0.5290697674418605 0.681875 0.5282392026578073 0.685625 0.5274086378737541 0.691875 0.5307308970099668 0.70375 0.5456810631229236 0.716875 0.5606312292358804 0.71875 0.5739202657807309 0.713125 0.5780730897009967 0.705 0.5772425249169435 0.6975 0.5714285714285714 0.6875
1 0.223421926910299 0.63625 0.21843853820598005 0.626875 0.20514950166112958 0.618125 0.18106312292358803 0.613125 0.16777408637873753 0.61625 0.16279069767441862 0.620625 0.1611295681063123 0.635625 0.1669435215946844 0.6425 0.17940199335548174 0.650625 0.19269102990033224 0.654375 0.20431893687707642 0.654375 0.21345514950166114 0.65125 0.22259136212624583 0.64375 0.223421926910299 0.63625
1 0.29651162790697677 0.39 0.2931893687707641 0.385625 0.27740863787375414 0.375625 0.24501661129568106 0.375 0.23421926910299004 0.379375 0.22591362126245848 0.389375 0.22591362126245848 0.394375 0.23754152823920266 0.408125 0.25 0.413125 0.2749169435215947 0.415625 0.2898671096345515 0.41125 0.29651162790697677 0.40625 0.29651162790697677 0.39
1 0.4700996677740864 0.299375 0.4642857142857143 0.294375 0.45930232558139533 0.293125 0.4410299003322259 0.295625 0.41777408637873753 0.314375 0.4152823920265781 0.320625 0.41445182724252494 0.326875 0.4186046511627907 0.334375 0.4269102990033223 0.3375 0.4435215946843854 0.335 0.4526578073089701 0.33125 0.4692691029900332 0.31875 0.4717607973421927 0.311875 0.4700996677740864 0.299375
1 0.20016611295681064 0.5525 0.18438538205980065 0.539375 0.17691029900332225 0.535625 0.1569767441860465 0.535625 0.14867109634551495 0.54 0.14285714285714285 0.5475 0.14285714285714285 0.5625 0.14950166112956811 0.57125 0.15780730897009967 0.575625 0.1644518272425249 0.57875 0.18106312292358803 0.58125 0.1893687707641196 0.57875 0.1951827242524917 0.57375 0.20016611295681064 0.5525
1 0.4003322259136213 0.52125 0.3903654485049834 0.511875 0.3770764119601329 0.51125 0.3579734219269103 0.5175 0.34717607973421927 0.528125 0.3446843853820598 0.5375 0.3480066445182724 0.545 0.3546511627906977 0.550625 0.36627906976744184 0.551875 0.37624584717607973 0.55 0.3903654485049834 0.5425 0.3995016611295681 0.529375 0.4003322259136213 0.52125
1 0.5074750830564784 0.1375 0.4958471760797342 0.125625 0.4850498338870432 0.12125 0.4700996677740864 0.12125 0.462624584717608 0.12375 0.45930232558139533 0.12875 0.4601328903654485 0.1475 0.47093023255813954 0.158125 0.48172757475083056 0.16125 0.5 0.161875 0.5091362126245847 0.1575 0.5116279069767442 0.15375 0.510797342192691 0.144375 0.5074750830564784 0.1375
1 0.2649501661129568 0.561875 0.26245847176079734 0.5575 0.24584717607973422 0.545625 0.2350498338870432 0.543125 0.2159468438538206 0.545625 0.20182724252491693 0.554375 0.2009966777408638 0.56125 0.20514950166112958 0.57125 0.22591362126245848 0.583125 0.24086378737541528 0.588125 0.2516611295681063 0.588125 0.26411960132890366 0.58125 0.26744186046511625 0.57125 0.2649501661129568 0.561875
1 0.4410299003322259 0.35125 0.4219269102990033 0.33625 0.40282392026578073 0.33375 0.39368770764119604 0.33625 0.38787375415282394 0.34125 0.3862126245847176 0.35 0.38870431893687707 0.361875 0.39700996677740863 0.371875 0.41362126245847175 0.381875 0.436046511627907 0.381875 0.44933554817275745 0.3725 0.44933554817275745 0.36375 0.4410299003322259 0.35125
1 0.23006644518272426 0.59 0.22009966777408638 0.58 0.21179401993355482 0.576875 0.2009966777408638 0.576875 0.17857142857142858 0.584375 0.1719269102990033 0.59375 0.17109634551495018 0.6025 0.17691029900332225 0.609375 0.1852159468438538 0.6125 0.20182724252491693 0.613125 0.2059800664451827 0.61 0.21677740863787376 0.6075 0.2292358803986711 0.598125 0.23006644518272426 0.59
1 0.5822259136212624 0.209375 0.5780730897009967 0.205625 0.5722591362126246 0.2025 0.5548172757475083 0.2 0.53156146179402 0.20125 0.5174418604651163 0.20875 0.5141196013289037 0.213125 0.5116279069767442 0.23 0.5174418604651163 0.238125 0.5274086378737541 0.241875 0.5440199335548173 0.241875 0.5689368770764119 0.235625 0.5772425249169435 0.23 0.5838870431893688 0.219375 0.5822259136212624 0.209375
1 0.21511627906976744 0.470625 0.21428571428571427 0.46125 0.19684385382059802 0.4525 0.1777408637873754 0.455625 0.16528239202657807 0.46375 0.15780730897009967 0.478125 0.1569767441860465 0.49375 0.16196013289036545 0.49875 0.1744186046511628 0.504375 0.1877076411960133 0.504375 0.19767441860465115 0.5 0.20764119601328904 0.49 0.21096345514950166 0.47625 0.21511627906976744 0.470625
1 0.3181063122923588 0.41375 0.3081395348837209 0.409375 0.3014950166112957 0.40875 0.2799003322259136 0.416875 0.27740863787375414 0.420625 0.27906976744186046 0.434375 0.2857142857142857 0.4425 0.30398671096345514 0.449375 0.31976744186046513 0.449375 0.32558139534883723 0.44625 0.3289036544850498 0.425 0.3181063122923588 0.41375
1 0.5589700996677741 0.73625 0.5490033222591362 0.73625 0.5415282392026578 0.74 0.5340531561461794 0.750625 0.5332225913621262 0.7625 0.5448504983388704 0.77625 0.563953488372093 0.77625 0.5722591362126246 0.770625 0.5772425249169435 0.75375 0.574750830564784 0.745625 0.5697674418604651 0.74 0.5589700996677741 0.73625
1 0.5855481727574751 0.56375 0.5664451827242525 0.555625 0.5481727574750831 0.555625 0.5348837209302325 0.5625 0.532392026578073 0.566875 0.53156146179402 0.575625 0.5348837209302325 0.58125 0.5440199335548173 0.58625 0.5564784053156147 0.58875 0.5822259136212624 0.583125 0.5880398671096345 0.57375 0.5880398671096345 0.566875 0.5855481727574751 0.56375
1 0.36212624584717606 0.344375 0.35132890365448505 0.35125 0.34717607973421927 0.356875 0.3446843853820598 0.36625 0.3554817275747508 0.383125 0.36627906976744184 0.384375 0.3770764119601329 0.381875 0.3911960132890365 0.371875 0.3853820598006645 0.348125 0.38205980066445183 0.34375 0.36212624584717606 0.344375
1 0.34136212624584716 0.21 0.33554817275747506 0.204375 0.3230897009966777 0.20125 0.3122923588039867 0.20125 0.29817275747508304 0.209375 0.29900332225913623 0.22875 0.31478405315614616 0.248125 0.33222591362126247 0.259375 0.34717607973421927 0.258125 0.3521594684385382 0.254375 0.3546511627906977 0.235625 0.3488372093023256 0.21875 0.34136212624584716 0.21
1 0.43023255813953487 0.665625 0.4169435215946844 0.66625 0.4119601328903654 0.6675 0.4061461794019934 0.674375 0.40448504983388706 0.685625 0.4127906976744186 0.69875 0.42358803986710963 0.70375 0.44019933554817275 0.70375 0.45016611295681064 0.696875 0.45099667774086377 0.680625 0.4377076411960133 0.6675 0.43023255813953487 0.665625
1 0.21511627906976744 0.74 0.17940199335548174 0.74 0.16279069767441862 0.74875 0.16279069767441862 0.764375 0.16777408637873753 0.76875 0.18023255813953487 0.771875 0.20182724252491693 0.771875 0.21345514950166114 0.769375 0.23006644518272426 0.753125 0.22591362126245848 0.745 0.21511627906976744 0.74
1 0.23089700996677742 0.335625 0.22093023255813954 0.32875 0.20681063122923588 0.3275 0.19102990033222592 0.334375 0.1818936877076412 0.346875 0.18106312292358803 0.359375 0.1852159468438538 0.365 0.19684385382059802 0.37375 0.21096345514950166 0.375 0.22840531561461794 0.3625 0.23338870431893688 0.348125 0.23338870431893688 0.34 0.23089700996677742 0.335625
1 0.5382059800664452 0.598125 0.5124584717607974 0.595 0.49667774086378735 0.605 0.49667774086378735 0.6125 0.5008305647840532 0.619375 0.5141196013289037 0.625 0.5290697674418605 0.62625 0.542358803986711 0.624375 0.5514950166112956 0.6175 0.5514950166112956 0.605 0.5382059800664452 0.598125
1 0.5141196013289037 0.771875 0.5033222591362126 0.76125 0.4941860465116279 0.758125 0.4808970099667774 0.75875 0.4750830564784053 0.76125 0.4692691029900332 0.77125 0.4692691029900332 0.785625 0.47093023255813954 0.789375 0.4792358803986711 0.795 0.4867109634551495 0.7975 0.4950166112956811 0.7975 0.5116279069767442 0.790625 0.5149501661129569 0.783125 0.5141196013289037 0.771875
1 0.622093023255814 0.435 0.6154485049833887 0.4375 0.6112956810631229 0.441875 0.6112956810631229 0.45 0.6212624584717608 0.46 0.6445182724252492 0.46125 0.654485049833887 0.45375 0.654485049833887 0.445625 0.6420265780730897 0.438125 0.6303986710963455 0.435 0.622093023255814 0.435
1 0.5041528239202658 0.570625 0.4867109634551495 0.571875 0.4700996677740864 0.585 0.4692691029900332 0.595 0.47840531561461797 0.605 0.4941860465116279 0.605 0.4983388704318937 0.603125 0.510797342192691 0.595 0.5141196013289037 0.58875 0.5124584717607974 0.5775 0.5041528239202658 0.570625
1 0.7790697674418605 0.56375 0.7724252491694352 0.558125 0.7516611295681063 0.560625 0.7400332225913622 0.564375 0.7259136212624585 0.574375 0.7225913621262459 0.579375 0.7209302325581395 0.590625 0.7242524916943521 0.595625 0.7350498338870431 0.601875 0.7491694352159468 0.601875 0.7583056478405316 0.598125 0.7724252491694352 0.586875 0.7790697674418605 0.574375 0.7790697674418605 0.56375
1 0.6420265780730897 0.691875 0.6312292358803987 0.691875 0.6071428571428571 0.710625 0.6071428571428571 0.724375 0.6179401993355482 0.73 0.6270764119601329 0.73 0.6403654485049833 0.725 0.643687707641196 0.721875 0.6503322259136213 0.706875 0.6495016611295681 0.696875 0.6420265780730897 0.691875
1 0.5240863787375415 0.649375 0.5224252491694352 0.639375 0.5124584717607974 0.629375 0.48255813953488375 0.629375 0.47591362126245845 0.63125 0.46179401993355484 0.64375 0.46096345514950166 0.65125 0.4659468438538206 0.6575 0.4750830564784053 0.664375 0.4867109634551495 0.6675 0.5 0.6675 0.5091362126245847 0.665 0.5224252491694352 0.654375 0.5240863787375415 0.649375
1 0.29069767441860467 0.581875 0.27906976744186046 0.58125 0.2707641196013289 0.585 0.2666112956810631 0.591875 0.2666112956810631 0.6125 0.2749169435215947 0.62375 0.2915282392026578 0.629375 0.30398671096345514 0.62625 0.30980066445182725 0.618125 0.31146179401993357 0.605 0.303156146179402 0.58875 0.29069767441860467 0.581875
1 0.4700996677740864 0.416875 0.4642857142857143 0.409375 0.45182724252491696 0.40125 0.4410299003322259 0.400625 0.43106312292358806 0.40375 0.4260797342192691 0.41 0.4260797342192691 0.429375 0.43272425249169433 0.4375 0.4476744186046512 0.446875 0.45930232558139533 0.446875 0.4659468438538206 0.44375 0.47093023255813954 0.436875 0.47259136212624586 0.42625 0.4700996677740864 0.416875
1 0.4601328903654485 0.48125 0.45514950166112955 0.483125 0.446843853820598 0.4925 0.44601328903654486 0.508125 0.46096345514950166 0.51875 0.4775747508305648 0.519375 0.49335548172757476 0.51125 0.4958471760797342 0.49375 0.48421926910299 0.48125 0.47840531561461797 0.479375 0.4601328903654485 0.48125
1 0.39700996677740863 0.2175 0.3903654485049834 0.208125 0.37375415282392027 0.19875 0.3646179401993355 0.19875 0.35714285714285715 0.203125 0.3521594684385382 0.209375 0.3496677740863787 0.220625 0.3554817275747508 0.238125 0.3712624584717608 0.248125 0.3803986710963455 0.248125 0.3862126245847176 0.245625 0.3945182724252492 0.239375 0.39867109634551495 0.2275 0.39700996677740863 0.2175
1 0.42857142857142855 0.765 0.41777408637873753 0.77 0.4119601328903654 0.776875 0.4127906976744186 0.789375 0.42441860465116277 0.7975 0.45182724252491696 0.7975 0.4642857142857143 0.790625 0.4676079734219269 0.785625 0.4659468438538206 0.7725 0.4543189368770764 0.764375 0.42857142857142855 0.765
1 0.5340531561461794 0.353125 0.5249169435215947 0.36 0.5182724252491694 0.371875 0.5191029900332226 0.381875 0.5257475083056479 0.386875 0.5598006644518272 0.386875 0.5730897009966778 0.376875 0.574750830564784 0.369375 0.5722591362126246 0.356875 0.5581395348837209 0.350625 0.5340531561461794 0.353125
1 0.6162790697674418 0.733125 0.606312292358804 0.728125 0.590531561461794 0.726875 0.5838870431893688 0.73 0.5780730897009967 0.736875 0.5764119601328903 0.749375 0.579734219269103 0.76125 0.5938538205980066 0.770625 0.6079734219269103 0.77125 0.6154485049833887 0.769375 0.6237541528239202 0.758125 0.6229235880398671 0.74625 0.6162790697674418 0.733125
1 0.6602990033222591 0.323125 0.643687707641196 0.320625 0.6353820598006644 0.321875 0.627906976744186 0.33375 0.627906976744186 0.35 0.6370431893687708 0.36125 0.6486710963455149 0.36375 0.6561461794019934 0.3625 0.6694352159468439 0.353125 0.6719269102990033 0.34125 0.6619601328903655 0.32875 0.6602990033222591 0.323125
1 0.6370431893687708 0.569375 0.6270764119601329 0.56 0.6046511627906976 0.56 0.590531561461794 0.5675 0.5880398671096345 0.574375 0.5872093023255814 0.585625 0.5938538205980066 0.59375 0.6013289036544851 0.596875 0.6104651162790697 0.596875 0.6254152823920266 0.591875 0.6303986710963455 0.588125 0.6353820598006644 0.581875 0.6370431893687708 0.569375
1 0.526578073089701 0.31 0.5199335548172758 0.31 0.5033222591362126 0.316875 0.49667774086378735 0.328125 0.4958471760797342 0.343125 0.5 0.353125 0.5083056478405316 0.359375 0.5232558139534884 0.36125 0.5406976744186046 0.34375 0.5415282392026578 0.325 0.5382059800664452 0.316875 0.526578073089701 0.31
1 0.25830564784053156 0.6875 0.25 0.680625 0.2350498338870432 0.67875 0.20930232558139536 0.69 0.2009966777408638 0.699375 0.20016611295681064 0.708125 0.20514950166112958 0.714375 0.21096345514950166 0.716875 0.22840531561461794 0.716875 0.23754152823920266 0.71375 0.25 0.705 0.25830564784053156 0.69125 0.25830564784053156 0.6875
1 0.5 0.39375 0.4850498338870432 0.39375 0.47674418604651164 0.39625 0.4717607973421927 0.40125 0.4700996677740864 0.415 0.4808970099667774 0.425 0.49169435215946844 0.429375 0.5141196013289037 0.42625 0.5182724252491694 0.418125 0.5191029900332226 0.40625 0.5083056478405316 0.39625 0.5 0.39375
1 0.5855481727574751 0.4275 0.5730897009966778 0.43 0.5631229235880398 0.4375 0.5606312292358804 0.4425 0.5622923588039868 0.4575 0.5739202657807309 0.46875 0.5897009966777409 0.473125 0.6004983388704319 0.468125 0.6079734219269103 0.4575 0.6088039867109635 0.445 0.5980066445182725 0.43 0.5855481727574751 0.4275
1 0.4526578073089701 0.141875 0.4584717607973422 0.13625 0.45930232558139533 0.125625 0.45514950166112955 0.116875 0.4410299003322259 0.1075 0.41943521594684385 0.10625 0.4061461794019934 0.110625 0.39867109634551495 0.115625 0.39700996677740863 0.128125 0.3995016611295681 0.13375 0.40448504983388706 0.13875 0.4119601328903654 0.141875 0.41777408637873753 0.141875 0.42441860465116277 0.145625 0.4368770764119601 0.145625 0.4526578073089701 0.141875
1 0.7574750830564784 0.6575 0.7616279069767442 0.649375 0.7624584717607974 0.6425 0.7599667774086378 0.63625 0.7458471760797342 0.629375 0.7317275747508306 0.631875 0.7167774086378738 0.64125 0.7117940199335548 0.6475 0.7117940199335548 0.654375 0.7151162790697675 0.658125 0.7159468438538206 0.664375 0.7267441860465116 0.670625 0.7367109634551495 0.670625 0.7475083056478405 0.66625 0.7574750830564784 0.6575
1 0.1852159468438538 0.5840625 0.0016611295681063123 0.000625
1 0.6486710963455149 0.47125 0.6420265780730897 0.46375 0.617109634551495 0.46125 0.6021594684385382 0.471875 0.6021594684385382 0.485625 0.606312292358804 0.491875 0.617109634551495 0.49875 0.6312292358803987 0.50125 0.6403654485049833 0.49875 0.6470099667774086 0.49375 0.6511627906976745 0.47875 0.6486710963455149 0.47125
1 0.6162790697674418 0.68125 0.6121262458471761 0.67875 0.6013289036544851 0.675625 0.5880398671096345 0.675625 0.5772425249169435 0.679375 0.5730897009966778 0.683125 0.5730897009966778 0.69 0.579734219269103 0.70125 0.5897009966777409 0.70625 0.6079734219269103 0.706875 0.6196013289036545 0.69875 0.6204318936877077 0.68875 0.6162790697674418 0.68125
1 0.36046511627906974 0.64625 0.3521594684385382 0.64375 0.3280730897009967 0.64625 0.313953488372093 0.6575 0.313953488372093 0.671875 0.3230897009966777 0.6775 0.3538205980066445 0.6775 0.36627906976744184 0.670625 0.3704318936877076 0.664375 0.3704318936877076 0.65625 0.36710963455149503 0.65125 0.36046511627906974 0.64625
0 0.44019933554817275 0.8575 0.4119601328903654 0.84125 0.4003322259136213 0.835 0.35714285714285715 0.83375 0.3388704318936877 0.84 0.31893687707641194 0.85375 0.30564784053156147 0.87375 0.3073089700996678 0.8825 0.3122923588039867 0.91625 0.3272425249169435 0.92375 0.3554817275747508 0.9325 0.3770764119601329 0.9325 0.4019933554817276 0.925 0.42857142857142855 0.9175 0.4368770764119601 0.88875 0.44019933554817275 0.8575
1 0.4418604651162791 0.46 0.43853820598006643 0.4375 0.4169435215946844 0.43625 0.3920265780730897 0.44625 0.3909311303986711 0.46191216187499995 0.4053156146179402 0.47875 0.4335548172757475 0.47 0.4418604651162791 0.46
1 0.5016677740863787 0.51375 0.5199401993355482 0.525 0.5299069767441861 0.52 0.5398737541528239 0.50625 0.5382126245847176 0.495 0.5232624584717608 0.48625 0.5033289036544851 0.49125 0.49668438538205983 0.5025 0.5016677740863787 0.51375
1 0.694358803986711 0.62625 0.7026644518272426 0.61625 0.7010033222591362 0.59625 0.6843920265780731 0.58375 0.672764119601329 0.58375 0.6611362126245848 0.5975 0.6694418604651163 0.61875 0.694358803986711 0.62625