1 0.34552845528455284 0.650625 0.3428184281842818 0.655 0.33739837398373984 0.654375 0.32113821138211385 0.660625 0.32113821138211385 0.66625 0.32926829268292684 0.6725 0.33739837398373984 0.675 0.34823848238482386 0.675 0.35907859078590787 0.670625 0.35907859078590787 0.665625 0.34823848238482386 0.65625 0.34823848238482386 0.649375 0.35636856368563685 0.64625 0.34010840108401086 0.6475 0.33739837398373984 0.649375 0.34552845528455284 0.650625
1 0.3048780487804878 0.681875 0.3238482384823848 0.685 0.3346883468834688 0.680625 0.3346883468834688 0.673125 0.31978319783197834 0.665625 0.3021680216802168 0.665625 0.2967479674796748 0.6675 0.2940379403794038 0.6725 0.3048780487804878 0.681875
1 0.44850948509485095 0.555 0.462059620596206 0.555 0.47831978319783197 0.550625 0.47831978319783197 0.544375 0.46476964769647694 0.538125 0.4363143631436314 0.54125 0.43224932249322495 0.550625 0.44850948509485095 0.555
1 0.5040650406504065 0.591875 0.5230352303523035 0.591875 0.5365853658536586 0.586875 0.5420054200542005 0.58125 0.5392953929539296 0.576875 0.5311653116531165 0.575625 0.5094850948509485 0.57625 0.5013550135501355 0.58 0.497289972899729 0.58875 0.5040650406504065 0.591875
1 0.2750677506775068 0.47125 0.2940379403794038 0.480625 0.3048780487804878 0.480625 0.31029810298102983 0.47875 0.3075880758807588 0.46625 0.2967479674796748 0.4625 0.28319783197831977 0.463125 0.2750677506775068 0.46625 0.2750677506775068 0.47125
1 0.16666666666666666 0.36625 0.17750677506775067 0.36875 0.19647696476964768 0.3675 0.2018970189701897 0.3625 0.1856368563685637 0.351875 0.16666666666666666 0.35125 0.15853658536585366 0.354375 0.15582655826558264 0.359375 0.16666666666666666 0.36625
1 0.7073170731707317 0.194375 0.7235772357723578 0.193125 0.7371273712737128 0.185625 0.7371273712737128 0.175625 0.7289972899728997 0.171875 0.7100271002710027 0.175625 0.7018970189701897 0.18 0.6991869918699187 0.18875 0.7073170731707317 0.194375
1 0.47831978319783197 0.598125 0.491869918699187 0.606875 0.5176151761517616 0.609375 0.5284552845528455 0.605625 0.5284552845528455 0.598125 0.524390243902439 0.59625 0.497289972899729 0.59 0.48644986449864497 0.59 0.47831978319783197 0.591875 0.47831978319783197 0.598125
1 0.6260162601626016 0.463125 0.6422764227642277 0.463125 0.6476964769647696 0.46 0.6449864498644986 0.449375 0.6287262872628726 0.443125 0.6151761517615176 0.445 0.6151761517615176 0.45875 0.6260162601626016 0.463125
1 0.1070460704607046 0.381875 0.12601626016260162 0.389375 0.13821138211382114 0.3875 0.14498644986449866 0.384375 0.14498644986449866 0.378125 0.13956639566395665 0.3725 0.12872628726287264 0.37 0.10975609756097561 0.37125 0.1043360433604336 0.3725 0.1070460704607046 0.381875
1 0.5121951219512195 0.3875 0.5284552845528455 0.386875 0.5420054200542005 0.379375 0.5420054200542005 0.3725 0.532520325203252 0.36875 0.5121951219512195 0.369375 0.5067750677506775 0.375625 0.5040650406504065 0.384375 0.5121951219512195 0.3875
1 0.5745257452574526 0.379375 0.5907859078590786 0.379375 0.6016260162601627 0.37375 0.6043360433604336 0.364375 0.5962059620596206 0.356875 0.5853658536585366 0.356875 0.5663956639566395 0.365 0.5636856368563685 0.3725 0.5745257452574526 0.379375
1 0.6327913279132791 0.220625 0.6504065040650406 0.216875 0.6558265582655827 0.2125 0.6558265582655827 0.205625 0.6463414634146342 0.2025 0.6368563685636857 0.2025 0.6151761517615176 0.209375 0.6151761517615176 0.219375 0.6327913279132791 0.220625
1 0.13956639566395665 0.418125 0.15853658536585366 0.418125 0.16937669376693767 0.413125 0.16937669376693767 0.406875 0.16124661246612465 0.40375 0.14769647696476965 0.4025 0.13008130081300814 0.404375 0.12872628726287264 0.413125 0.13956639566395665 0.418125
1 0.6666666666666666 0.34 0.6842818428184282 0.33875 0.6937669376693767 0.33375 0.6937669376693767 0.325625 0.6883468834688347 0.3225 0.6720867208672087 0.3225 0.6612466124661247 0.32875 0.6585365853658537 0.338125 0.6666666666666666 0.34
1 0.8915989159891599 0.311875 0.9024390243902439 0.315625 0.9214092140921409 0.314375 0.926829268292683 0.309375 0.926829268292683 0.301875 0.9214092140921409 0.295625 0.9132791327913279 0.291875 0.9051490514905149 0.291875 0.8915989159891599 0.295625 0.8861788617886179 0.3 0.8915989159891599 0.311875
1 0.7750677506775068 0.19625 0.7913279132791328 0.19625 0.8021680216802168 0.190625 0.8021680216802168 0.185 0.7899728997289973 0.180625 0.7777777777777778 0.18 0.7601626016260162 0.183125 0.7588075880758808 0.189375 0.7750677506775068 0.19625
1 0.22899728997289973 0.3125 0.2588075880758808 0.316875 0.2669376693766938 0.3125 0.26422764227642276 0.3025 0.24254742547425473 0.295625 0.22628726287262874 0.299375 0.22357723577235772 0.3075 0.22899728997289973 0.3125
1 0.5826558265582655 0.16 0.5989159891598916 0.16 0.6124661246612466 0.151875 0.6097560975609756 0.141875 0.5934959349593496 0.14 0.5799457994579946 0.144375 0.5772357723577236 0.15125 0.5826558265582655 0.16
1 0.8346883468834688 0.606875 0.8414634146341463 0.611875 0.8563685636856369 0.615 0.8739837398373984 0.613125 0.8780487804878049 0.608125 0.8699186991869918 0.59875 0.8536585365853658 0.59375 0.8428184281842819 0.59375 0.8387533875338753 0.595625 0.8346883468834688 0.598125 0.8346883468834688 0.606875
1 0.16395663956639567 0.219375 0.17208672086720866 0.224375 0.1856368563685637 0.225625 0.2018970189701897 0.219375 0.2046070460704607 0.208125 0.19647696476964768 0.2025 0.1802168021680217 0.2025 0.17208672086720866 0.205625 0.16395663956639567 0.21125 0.16395663956639567 0.219375
1 0.6504065040650406 0.606875 0.6653116531165312 0.608125 0.6747967479674797 0.603125 0.6775067750677507 0.59375 0.6720867208672087 0.58875 0.6612466124661247 0.585 0.6449864498644986 0.58875 0.6422764227642277 0.601875 0.6504065040650406 0.606875
1 0.8319783197831978 0.43 0.8577235772357723 0.43 0.8726287262872628 0.425 0.8726287262872628 0.416875 0.8590785907859079 0.41375 0.8455284552845529 0.414375 0.8292682926829268 0.418125 0.8319783197831978 0.43
1 0.3780487804878049 0.534375 0.4024390243902439 0.5325 0.4132791327913279 0.526875 0.4132791327913279 0.520625 0.4037940379403794 0.516875 0.3861788617886179 0.516875 0.37262872628726285 0.521875 0.3699186991869919 0.529375 0.3780487804878049 0.534375
1 0.4024390243902439 0.30375 0.42140921409214094 0.3075 0.43766937669376693 0.30125 0.4349593495934959 0.291875 0.4268292682926829 0.288125 0.4051490514905149 0.288125 0.3970189701897019 0.29 0.3943089430894309 0.3 0.4024390243902439 0.30375
1 0.3428184281842818 0.659375 0.3617886178861789 0.659375 0.3699186991869919 0.6575 0.37262872628726285 0.650625 0.36585365853658536 0.64625 0.3509485094850949 0.645625 0.34010840108401086 0.6475 0.33739837398373984 0.65625 0.3428184281842818 0.659375
1 0.6883468834688347 0.316875 0.7073170731707317 0.316875 0.7127371273712737 0.314375 0.7100271002710027 0.3025 0.6964769647696477 0.2975 0.6829268292682927 0.2975 0.6775067750677507 0.3 0.6775067750677507 0.3125 0.6883468834688347 0.316875
1 0.05013550135501355 0.431875 0.06097560975609756 0.434375 0.07859078590785908 0.4325 0.08807588075880758 0.4275 0.08807588075880758 0.420625 0.07994579945799458 0.416875 0.06910569105691057 0.416875 0.05420054200542006 0.42 0.05013550135501355 0.4225 0.05013550135501355 0.431875
1 0.34010840108401086 0.378125 0.35907859078590787 0.376875 0.36720867208672087 0.3725 0.36720867208672087 0.365 0.3604336043360434 0.361875 0.34010840108401086 0.361875 0.32926829268292684 0.365 0.32926829268292684 0.37375 0.34010840108401086 0.378125
1 0.24796747967479674 0.49125 0.26151761517615174 0.49125 0.2696476964769648 0.49 0.2804878048780488 0.484375 0.28319783197831977 0.478125 0.2777777777777778 0.474375 0.26422764227642276 0.47375 0.24796747967479674 0.47625 0.23983739837398374 0.480625 0.23712737127371275 0.4875 0.24796747967479674 0.49125
1 0.34823848238482386 0.28625 0.35907859078590787 0.28875 0.37262872628726285 0.28875 0.38346883468834686 0.285625 0.38346883468834686 0.2775 0.36449864498644985 0.26875 0.3509485094850949 0.268125 0.34010840108401086 0.27125 0.33739837398373984 0.27875 0.34823848238482386 0.28625
1 0.35636856368563685 0.58875 0.36720867208672087 0.591875 0.3807588075880759 0.59125 0.3888888888888889 0.585 0.38346883468834686 0.5775 0.37262872628726285 0.57375 0.3509485094850949 0.574375 0.34823848238482386 0.583125 0.35636856368563685 0.58875
1 0.18834688346883469 0.42625 0.19647696476964768 0.42875 0.2073170731707317 0.43 0.22628726287262874 0.4275 0.22899728997289973 0.420625 0.22628726287262874 0.416875 0.2181571815718157 0.414375 0.2018970189701897 0.41375 0.18834688346883469 0.416875 0.1856368563685637 0.4225 0.18834688346883469 0.42625
1 0.5677506775067751 0.54375 0.5785907859078591 0.545 0.5880758807588076 0.543125 0.5962059620596206 0.5375 0.5948509485094851 0.5275 0.5718157181571816 0.52625 0.5636856368563685 0.529375 0.5609756097560976 0.539375 0.5677506775067751 0.54375
1 0.5149051490514905 0.439375 0.5257452574525745 0.438125 0.5338753387533876 0.434375 0.5420054200542005 0.424375 0.5392953929539296 0.420625 0.5149051490514905 0.420625 0.5040650406504065 0.426875 0.5013550135501355 0.435 0.5149051490514905 0.439375
1 0.7804878048780488 0.575625 0.8062330623306233 0.57625 0.8238482384823849 0.57125 0.8238482384823849 0.5625 0.8157181571815718 0.55875 0.7913279132791328 0.55875 0.7777777777777778 0.5625 0.7750677506775068 0.5725 0.7804878048780488 0.575625
1 0.8455284552845529 0.588125 0.8617886178861789 0.588125 0.8726287262872628 0.581875 0.8726287262872628 0.571875 0.8672086720867209 0.56875 0.8482384823848238 0.569375 0.8346883468834688 0.575625 0.8319783197831978 0.58125 0.8455284552845529 0.588125
1 0.8048780487804879 0.2175 0.8346883468834688 0.22 0.8482384823848238 0.218125 0.8455284552845529 0.209375 0.8346883468834688 0.204375 0.8102981029810298 0.2025 0.8021680216802168 0.206875 0.7994579945799458 0.209375 0.8048780487804879 0.2175
1 0.5365853658536586 0.419375 0.5447154471544715 0.42375 0.5663956639566395 0.421875 0.5691056910569106 0.410625 0.559620596205962 0.40625 0.5420054200542005 0.406875 0.5338753387533876 0.410625 0.5365853658536586 0.419375
1 0.24525745257452575 0.288125 0.2601626016260163 0.28875 0.2696476964769648 0.284375 0.2669376693766938 0.2725 0.2506775067750677 0.264375 0.23983739837398374 0.263125 0.23170731707317074 0.265 0.23170731707317074 0.28 0.24525745257452575 0.288125
1 0.8184281842818428 0.538125 0.8265582655826558 0.5425 0.8428184281842819 0.544375 0.8536585365853658 0.539375 0.8536585365853658 0.526875 0.8441734417344173 0.52375 0.8211382113821138 0.525625 0.8157181571815718 0.53125 0.8184281842818428 0.538125
1 0.462059620596206 0.398125 0.483739837398374 0.39875 0.497289972899729 0.395 0.494579945799458 0.385 0.470189701897019 0.380625 0.453929539295393 0.383125 0.45121951219512196 0.39125 0.462059620596206 0.398125
1 0.13821138211382114 0.561875 0.14227642276422764 0.56375 0.15853658536585366 0.56375 0.16666666666666666 0.5575 0.16395663956639567 0.5475 0.15040650406504066 0.5425 0.13414634146341464 0.545625 0.13143631436314362 0.555625 0.13821138211382114 0.561875
1 0.44037940379403795 0.379375 0.46747967479674796 0.376875 0.47289972899729 0.37 0.470189701897019 0.36375 0.44850948509485095 0.3625 0.4349593495934959 0.3675 0.43224932249322495 0.375625 0.44037940379403795 0.379375
1 0.35365853658536583 0.321875 0.36449864498644985 0.3275 0.37533875338753386 0.3275 0.3861788617886179 0.3225 0.3861788617886179 0.314375 0.3780487804878049 0.31 0.35907859078590787 0.31 0.35365853658536583 0.3125 0.35365853658536583 0.321875
1 0.42140921409214094 0.533125 0.43766937669376693 0.539375 0.45934959349593496 0.5375 0.46747967479674796 0.5325 0.46747967479674796 0.526875 0.45663956639566394 0.521875 0.4349593495934959 0.521875 0.4268292682926829 0.524375 0.42140921409214094 0.526875 0.42140921409214094 0.533125
1 0.11788617886178862 0.369375 0.13685636856368563 0.36875 0.15311653116531165 0.3625 0.15311653116531165 0.35375 0.13956639566395665 0.349375 0.12330623306233063 0.350625 0.10975609756097561 0.355625 0.1070460704607046 0.36625 0.11788617886178862 0.369375
1 0.2804878048780488 0.669375 0.2940379403794038 0.669375 0.3021680216802168 0.665625 0.3021680216802168 0.660625 0.29132791327913277 0.65625 0.2804878048780488 0.65625 0.27100271002710025 0.65875 0.2696476964769648 0.665625 0.2804878048780488 0.669375
1 0.8753387533875339 0.54 0.8861788617886179 0.5425 0.9024390243902439 0.5425 0.9105691056910569 0.54 0.9105691056910569 0.533125 0.9024390243902439 0.526875 0.8834688346883469 0.525625 0.8685636856368564 0.528125 0.8672086720867209 0.53625 0.8753387533875339 0.54
1 0.3346883468834688 0.644375 0.3428184281842818 0.64625 0.35907859078590787 0.644375 0.3617886178861789 0.635 0.35636856368563685 0.63125 0.3509485094850949 0.629375 0.3265582655826558 0.629375 0.3238482384823848 0.63625 0.3346883468834688 0.644375
1 0.6639566395663956 0.213125 0.6829268292682927 0.215 0.7032520325203252 0.210625 0.7046070460704607 0.20125 0.6924119241192412 0.194375 0.6720867208672087 0.195 0.6585365853658537 0.19875 0.6558265582655827 0.205625 0.6639566395663956 0.213125
1 0.7994579945799458 0.23375 0.8075880758807588 0.235625 0.8319783197831978 0.235625 0.8401084010840109 0.23125 0.8373983739837398 0.22125 0.8292682926829268 0.219375 0.8021680216802168 0.220625 0.7967479674796748 0.22375 0.7994579945799458 0.23375
1 0.8401084010840109 0.548125 0.8563685636856369 0.555 0.8726287262872628 0.555625 0.8834688346883469 0.551875 0.8834688346883469 0.54125 0.8685636856368564 0.5375 0.8563685636856369 0.538125 0.8401084010840109 0.545625 0.8401084010840109 0.548125
1 0.6070460704607046 0.56375 0.6151761517615176 0.565625 0.6314363143631436 0.56375 0.6449864498644986 0.555625 0.6449864498644986 0.55 0.6395663956639567 0.545625 0.6178861788617886 0.545625 0.6070460704607046 0.55 0.6043360433604336 0.560625 0.6070460704607046 0.56375
1 0.8807588075880759 0.52375 0.9051490514905149 0.52625 0.9132791327913279 0.51875 0.9132791327913279 0.51125 0.8970189701897019 0.505 0.8888888888888888 0.505 0.8780487804878049 0.50875 0.8753387533875339 0.519375 0.8807588075880759 0.52375
1 0.3157181571815718 0.216875 0.3265582655826558 0.2225 0.3319783197831978 0.2225 0.3509485094850949 0.21625 0.3509485094850949 0.210625 0.34552845528455284 0.205625 0.3238482384823848 0.205625 0.3157181571815718 0.209375 0.3157181571815718 0.216875
1 0.6151761517615176 0.59375 0.6368563685636857 0.59375 0.6476964769647696 0.586875 0.6476964769647696 0.579375 0.6368563685636857 0.57375 0.6151761517615176 0.57375 0.6070460704607046 0.581875 0.6043360433604336 0.588125 0.6151761517615176 0.59375
1 0.23170731707317074 0.45625 0.24525745257452575 0.45875 0.2588075880758808 0.4525 0.2588075880758808 0.440625 0.2506775067750677 0.438125 0.23983739837398374 0.438125 0.23170731707317074 0.441875 0.22899728997289973 0.45375 0.23170731707317074 0.45625
1 0.5176151761517616 0.326875 0.5338753387533876 0.326875 0.5420054200542005 0.323125 0.5447154471544715 0.3125 0.540650406504065 0.309375 0.5230352303523035 0.31 0.510840108401084 0.31375 0.5094850948509485 0.321875 0.5176151761517616 0.326875
1 0.1802168021680217 0.5625 0.1937669376693767 0.561875 0.2018970189701897 0.555625 0.1991869918699187 0.545625 0.19241192411924118 0.5425 0.1802168021680217 0.5425 0.16937669376693767 0.546875 0.16937669376693767 0.56 0.1802168021680217 0.5625
1 0.46476964769647694 0.45375 0.47560975609756095 0.455625 0.494579945799458 0.45375 0.497289972899729 0.444375 0.4878048780487805 0.4375 0.46747967479674796 0.435 0.45663956639566394 0.438125 0.453929539295393 0.446875 0.46476964769647694 0.45375
1 0.8509485094850948 0.335 0.8672086720867209 0.335 0.8807588075880759 0.33 0.8807588075880759 0.324375 0.8753387533875339 0.32 0.8617886178861789 0.318125 0.8428184281842819 0.320625 0.8401084010840109 0.32875 0.8509485094850948 0.335
1 0.926829268292683 0.225 0.94579945799458 0.225 0.9566395663956639 0.22125 0.9539295392953929 0.2125 0.943089430894309 0.206875 0.924119241192412 0.205625 0.9132791327913279 0.209375 0.9105691056910569 0.216875 0.926829268292683 0.225
1 0.6151761517615176 0.146875 0.6192411924119241 0.15 0.6287262872628726 0.151875 0.6504065040650406 0.15 0.6558265582655827 0.145625 0.6558265582655827 0.14 0.6504065040650406 0.13625 0.6233062330623306 0.13625 0.6151761517615176 0.14 0.6151761517615176 0.146875
1 0.2669376693766938 0.324375 0.2777777777777778 0.326875 0.2994579945799458 0.324375 0.31029810298102983 0.318125 0.31029810298102983 0.313125 0.2967479674796748 0.3075 0.2804878048780488 0.3075 0.2696476964769648 0.31 0.26422764227642276 0.314375 0.26151761517615174 0.320625 0.2669376693766938 0.324375
1 0.24254742547425473 0.51875 0.2506775067750677 0.52125 0.28319783197831977 0.520625 0.2940379403794038 0.514375 0.2940379403794038 0.51125 0.28319783197831977 0.50625 0.2588075880758808 0.50625 0.24661246612466126 0.509375 0.24254742547425473 0.51125 0.24254742547425473 0.51875
1 0.7208672086720868 0.63375 0.7506775067750677 0.63625 0.7588075880758808 0.631875 0.7588075880758808 0.626875 0.7479674796747967 0.620625 0.7262872628726287 0.619375 0.7154471544715447 0.62125 0.7127371273712737 0.629375 0.7208672086720868 0.63375
1 0.46747967479674796 0.374375 0.470189701897019 0.381875 0.489159891598916 0.385 0.494579945799458 0.3825 0.5013550135501355 0.383125 0.5094850948509485 0.37375 0.502710027100271 0.3675 0.497289972899729 0.365 0.47831978319783197 0.365 0.47289972899729 0.3675 0.47289972899729 0.37125 0.46747967479674796 0.374375
1 0.7723577235772358 0.471875 0.7831978319783198 0.475625 0.7913279132791328 0.475625 0.8130081300813008 0.46875 0.8130081300813008 0.463125 0.8048780487804879 0.45875 0.7831978319783198 0.45875 0.7777777777777778 0.46125 0.7723577235772358 0.465625 0.7723577235772358 0.471875
1 0.12872628726287264 0.431875 0.15718157181571815 0.4325 0.16395663956639567 0.4275 0.16124661246612465 0.4225 0.15311653116531165 0.418125 0.13143631436314362 0.416875 0.12330623306233063 0.420625 0.12059620596205962 0.42625 0.12872628726287264 0.431875
1 0.23441734417344173 0.424375 0.25338753387533874 0.425 0.2601626016260163 0.421875 0.26151761517615174 0.413125 0.25338753387533874 0.408125 0.23712737127371275 0.406875 0.22628726287262874 0.410625 0.22357723577235772 0.41375 0.23441734417344173 0.424375
1 0.28319783197831977 0.601875 0.29132791327913277 0.60375 0.3157181571815718 0.6025 0.3265582655826558 0.595 0.3265582655826558 0.588125 0.31842818428184283 0.585 0.3021680216802168 0.586875 0.28319783197831977 0.595625 0.28319783197831977 0.601875
1 0.5718157181571816 0.35875 0.005420054200542005 0.00125
1 0.6395663956639567 0.33375 0.6598915989159891 0.33125 0.6666666666666666 0.325625 0.6666666666666666 0.315625 0.6585365853658537 0.3125 0.6504065040650406 0.3125 0.6368563685636857 0.314375 0.6314363143631436 0.3175 0.6314363143631436 0.33125 0.6395663956639567 0.33375
1 0.7588075880758808 0.3975 0.7642276422764228 0.40125 0.7859078590785907 0.4025 0.7994579945799458 0.398125 0.7994579945799458 0.393125 0.7953929539295393 0.389375 0.7723577235772358 0.386875 0.7588075880758808 0.39 0.7588075880758808 0.3975
1 0.6666666666666666 0.508125 0.6883468834688347 0.509375 0.7018970189701897 0.505 0.7018970189701897 0.49875 0.6883468834688347 0.4925 0.6666666666666666 0.49125 0.6571815718157181 0.493125 0.6531165311653117 0.5 0.6666666666666666 0.508125
1 0.44850948509485095 0.321875 0.462059620596206 0.3125 0.45934959349593496 0.304375 0.45121951219512196 0.301875 0.43766937669376693 0.30125 0.4268292682926829 0.306875 0.4268292682926829 0.320625 0.44850948509485095 0.321875
1 0.8753387533875339 0.571875 0.8997289972899729 0.57375 0.9132791327913279 0.56875 0.9132791327913279 0.5625 0.9051490514905149 0.55875 0.8861788617886179 0.558125 0.8739837398373984 0.560625 0.8699186991869918 0.56875 0.8753387533875339 0.571875
1 0.4132791327913279 0.3725 0.4268292682926829 0.3725 0.44037940379403795 0.365 0.44037940379403795 0.35625 0.43224932249322495 0.353125 0.4241192411924119 0.353125 0.4078590785907859 0.358125 0.4078590785907859 0.37 0.4132791327913279 0.3725
1 0.5365853658536586 0.185 0.5474254742547425 0.189375 0.5691056910569106 0.18875 0.5745257452574526 0.185 0.5718157181571816 0.176875 0.5582655826558266 0.17125 0.5447154471544715 0.17125 0.5338753387533876 0.174375 0.5365853658536586 0.185
1 0.46476964769647694 0.358125 0.47560975609756095 0.364375 0.5013550135501355 0.364375 0.5067750677506775 0.361875 0.5067750677506775 0.35625 0.4959349593495935 0.349375 0.48644986449864497 0.346875 0.470189701897019 0.348125 0.46476964769647694 0.350625 0.46476964769647694 0.358125
1 0.22086720867208673 0.36875 0.23712737127371275 0.371875 0.25609756097560976 0.369375 0.25609756097560976 0.36125 0.24254742547425473 0.35375 0.22357723577235772 0.353125 0.21544715447154472 0.355625 0.2127371273712737 0.3625 0.22086720867208673 0.36875
1 0.8997289972899729 0.489375 0.9214092140921409 0.49125 0.9349593495934959 0.4875 0.9376693766937669 0.478125 0.9322493224932249 0.475625 0.9105691056910569 0.475625 0.9010840108401084 0.4775 0.8970189701897019 0.480625 0.8997289972899729 0.489375
1 0.13685636856368563 0.50125 0.14363143631436315 0.508125 0.16531165311653118 0.50875 0.17479674796747968 0.50375 0.17208672086720866 0.49125 0.16260162601626016 0.489375 0.14363143631436315 0.490625 0.13685636856368563 0.495 0.13685636856368563 0.50125
1 0.2018970189701897 0.57375 0.22357723577235772 0.57375 0.22899728997289973 0.57125 0.22628726287262874 0.558125 0.22086720867208673 0.555625 0.2046070460704607 0.555625 0.1991869918699187 0.558125 0.19647696476964768 0.5675 0.2018970189701897 0.57375
1 0.8048780487804879 0.251875 0.8157181571815718 0.256875 0.8401084010840109 0.256875 0.8509485094850948 0.251875 0.8482384823848238 0.245625 0.8346883468834688 0.239375 0.8130081300813008 0.239375 0.8021680216802168 0.244375 0.8048780487804879 0.251875
1 0.1043360433604336 0.2575 0.10975609756097561 0.259375 0.12330623306233063 0.259375 0.13143631436314362 0.256875 0.13414634146341464 0.245 0.12872628726287264 0.240625 0.1070460704607046 0.238125 0.09620596205962059 0.241875 0.09349593495934959 0.250625 0.1043360433604336 0.2575
1 0.8184281842818428 0.3025 0.8265582655826558 0.30625 0.8495934959349594 0.305 0.8644986449864499 0.29875 0.8644986449864499 0.293125 0.8550135501355014 0.28875 0.8292682926829268 0.290625 0.8184281842818428 0.295625 0.8184281842818428 0.3025
1 0.4878048780487805 0.66 0.5067750677506775 0.660625 0.5121951219512195 0.6575 0.5121951219512195 0.64625 0.502710027100271 0.641875 0.491869918699187 0.641875 0.483739837398374 0.645625 0.481029810298103 0.651875 0.4878048780487805 0.66
1 0.8536585365853658 0.4 0.8672086720867209 0.400625 0.8753387533875339 0.398125 0.8780487804878049 0.389375 0.8658536585365854 0.3825 0.8455284552845529 0.383125 0.8414634146341463 0.385625 0.8401084010840109 0.39375 0.8536585365853658 0.4
1 0.3807588075880759 0.160625 0.3888888888888889 0.165 0.4051490514905149 0.165 0.42140921409214094 0.15625 0.4186991869918699 0.145625 0.4132791327913279 0.143125 0.3997289972899729 0.143125 0.3875338753387534 0.1475 0.3807588075880759 0.151875 0.3807588075880759 0.160625
1 0.6964769647696477 0.379375 0.7046070460704607 0.3825 0.7289972899728997 0.3825 0.7371273712737128 0.379375 0.7344173441734417 0.371875 0.7222222222222222 0.364375 0.7073170731707317 0.3625 0.6964769647696477 0.3675 0.6937669376693767 0.374375 0.6964769647696477 0.379375
1 0.6233062330623306 0.415625 0.6368563685636857 0.41375 0.6449864498644986 0.40875 0.6449864498644986 0.40125 0.6341463414634146 0.395 0.6205962059620597 0.39625 0.6097560975609756 0.403125 0.6097560975609756 0.41125 0.6233062330623306 0.415625
1 0.5447154471544715 0.579375 0.5555555555555556 0.58375 0.5663956639566395 0.58375 0.5826558265582655 0.57625 0.5853658536585366 0.56875 0.5718157181571816 0.564375 0.551490514905149 0.5675 0.5447154471544715 0.571875 0.5447154471544715 0.579375
1 0.8807588075880759 0.3975 0.8888888888888888 0.4 0.9146341463414634 0.400625 0.926829268292683 0.3975 0.926829268292683 0.389375 0.9186991869918699 0.385 0.9024390243902439 0.383125 0.8807588075880759 0.386875 0.8780487804878049 0.39375 0.8807588075880759 0.3975
1 0.6937669376693767 0.605 0.7113821138211383 0.605625 0.7262872628726287 0.598125 0.7262872628726287 0.591875 0.7195121951219512 0.58875 0.7018970189701897 0.588125 0.6883468834688347 0.591875 0.6856368563685636 0.601875 0.6937669376693767 0.605
1 0.6612466124661247 0.146875 0.6720867208672087 0.148125 0.6991869918699187 0.143125 0.6991869918699187 0.135 0.6883468834688347 0.13125 0.6720867208672087 0.131875 0.6626016260162602 0.134375 0.6585365853658537 0.1375 0.6612466124661247 0.146875
1 0.47560975609756095 0.43625 0.494579945799458 0.435 0.5040650406504065 0.42875 0.5040650406504065 0.421875 0.494579945799458 0.418125 0.483739837398374 0.418125 0.46476964769647694 0.425 0.46476964769647694 0.434375 0.47560975609756095 0.43625
1 0.6666666666666666 0.566875 0.6883468834688347 0.566875 0.6991869918699187 0.56 0.6991869918699187 0.553125 0.6937669376693767 0.548125 0.6883468834688347 0.545625 0.6720867208672087 0.545625 0.6639566395663956 0.550625 0.6612466124661247 0.56 0.6666666666666666 0.566875
1 0.37533875338753386 0.644375 0.3943089430894309 0.644375 0.4132791327913279 0.636875 0.4132791327913279 0.629375 0.4051490514905149 0.62625 0.38346883468834686 0.62625 0.3699186991869919 0.63125 0.36720867208672087 0.64 0.37533875338753386 0.644375
1 0.7100271002710027 0.15875 0.7208672086720868 0.16375 0.7411924119241192 0.163125 0.7560975609756098 0.1575 0.7560975609756098 0.150625 0.7506775067750677 0.146875 0.7262872628726287 0.146875 0.7154471544715447 0.15125 0.7100271002710027 0.154375 0.7100271002710027 0.15875
1 0.5745257452574526 0.58625 0.5826558265582655 0.59 0.5934959349593496 0.59125 0.6070460704607046 0.585 0.6097560975609756 0.576875 0.6002710027100271 0.571875 0.5880758807588076 0.571875 0.5826558265582655 0.57375 0.5745257452574526 0.579375 0.5745257452574526 0.58625
1 0.6016260162601627 0.449375 0.6124661246612466 0.4425 0.6124661246612466 0.434375 0.6016260162601627 0.4325 0.5826558265582655 0.435 0.5745257452574526 0.439375 0.5745257452574526 0.449375 0.6016260162601627 0.449375
1 0.6747967479674797 0.619375 0.7005420054200542 0.620625 0.7100271002710027 0.6175 0.7100271002710027 0.608125 0.6910569105691057 0.605625 0.6747967479674797 0.608125 0.6693766937669376 0.610625 0.6747967479674797 0.619375
1 0.5392953929539296 0.288125 0.5528455284552846 0.293125 0.5772357723577236 0.293125 0.5880758807588076 0.283125 0.5853658536585366 0.27875 0.5636856368563685 0.2725 0.5420054200542005 0.27375 0.5365853658536586 0.27625 0.5392953929539296 0.288125
1 0.6314363143631436 0.235625 0.6422764227642277 0.238125 0.6612466124661247 0.235625 0.6666666666666666 0.23125 0.6666666666666666 0.225625 0.6544715447154471 0.22 0.6476964769647696 0.219375 0.6273712737127372 0.223125 0.6233062330623306 0.23 0.6314363143631436 0.235625
1 0.2967479674796748 0.6225 0.31029810298102983 0.625 0.32113821138211385 0.624375 0.32926829268292684 0.618125 0.3238482384823848 0.609375 0.31029810298102983 0.605 0.2994579945799458 0.605 0.2940379403794038 0.608125 0.29132791327913277 0.618125 0.2967479674796748 0.6225
1 0.7696476964769647 0.348125 0.7777777777777778 0.35125 0.7926829268292683 0.35125 0.8102981029810298 0.34375 0.8102981029810298 0.33625 0.7994579945799458 0.33125 0.7764227642276422 0.334375 0.7696476964769647 0.33875 0.7696476964769647 0.348125
1 0.7127371273712737 0.49 0.7208672086720868 0.495 0.7289972899728997 0.49625 0.7425474254742548 0.494375 0.7506775067750677 0.49 0.7506775067750677 0.480625 0.7344173441734417 0.47625 0.7208672086720868 0.478125 0.7127371273712737 0.481875 0.7127371273712737 0.49
1 0.6991869918699187 0.234375 0.7127371273712737 0.235625 0.7262872628726287 0.23375 0.7317073170731707 0.22375 0.7235772357723578 0.21875 0.7168021680216802 0.216875 0.7018970189701897 0.216875 0.6910569105691057 0.220625 0.6883468834688347 0.2275 0.6991869918699187 0.234375
1 0.8726287262872628 0.381875 0.8861788617886179 0.384375 0.9010840108401084 0.38125 0.9051490514905149 0.3725 0.8943089430894309 0.365 0.8780487804878049 0.3625 0.8617886178861789 0.366875 0.8617886178861789 0.375625 0.8726287262872628 0.381875
1 0.24254742547425473 0.575625 0.25338753387533874 0.575625 0.2588075880758808 0.57375 0.26422764227642276 0.565625 0.26151761517615174 0.558125 0.25609756097560976 0.555625 0.23170731707317074 0.555625 0.23170731707317074 0.571875 0.24254742547425473 0.575625
1 0.4159891598915989 0.451875 0.4349593495934959 0.451875 0.43766937669376693 0.436875 0.4268292682926829 0.43 0.4105691056910569 0.43 0.4105691056910569 0.448125 0.4159891598915989 0.451875
1 0.5094850948509485 0.290625 0.5230352303523035 0.290625 0.5338753387533876 0.285625 0.5338753387533876 0.27125 0.5230352303523035 0.26625 0.5149051490514905 0.26625 0.5040650406504065 0.27125 0.5040650406504065 0.28625 0.5094850948509485 0.290625
1 0.3021680216802168 0.66 0.3170731707317073 0.660625 0.3319783197831978 0.654375 0.3319783197831978 0.6475 0.3238482384823848 0.644375 0.29132791327913277 0.644375 0.2886178861788618 0.654375 0.3021680216802168 0.66
1 0.9159891598915989 0.511875 0.926829268292683 0.51125 0.9376693766937669 0.50625 0.9322493224932249 0.49875 0.924119241192412 0.495 0.9159891598915989 0.49375 0.9024390243902439 0.4975 0.8997289972899729 0.504375 0.9159891598915989 0.511875
1 0.3915989159891599 0.280625 0.4078590785907859 0.280625 0.4186991869918699 0.2725 0.4159891598915989 0.265 0.4024390243902439 0.259375 0.3888888888888889 0.259375 0.3807588075880759 0.2625 0.3807588075880759 0.275 0.3915989159891599 0.280625
1 0.8157181571815718 0.410625 0.8346883468834688 0.410625 0.8482384823848238 0.4025 0.8482384823848238 0.39625 0.8387533875338753 0.3925 0.8157181571815718 0.39375 0.8102981029810298 0.3975 0.8075880758807588 0.40375 0.8157181571815718 0.410625
1 0.7195121951219512 0.554375 0.7398373983739838 0.555625 0.7479674796747967 0.551875 0.7506775067750677 0.546875 0.7479674796747967 0.54 0.7384823848238482 0.535 0.7235772357723578 0.53625 0.7181571815718157 0.54 0.7154471544715447 0.550625 0.7195121951219512 0.554375
1 0.3319783197831978 0.6075 0.34823848238482386 0.606875 0.3617886178861789 0.6 0.3617886178861789 0.593125 0.3509485094850949 0.589375 0.3346883468834688 0.59 0.3238482384823848 0.595 0.3238482384823848 0.605 0.3319783197831978 0.6075
1 0.42953929539295393 0.284375 0.44850948509485095 0.283125 0.462059620596206 0.275625 0.45934959349593496 0.27 0.44850948509485095 0.26625 0.43224932249322495 0.26625 0.4186991869918699 0.270625 0.4159891598915989 0.28 0.42953929539295393 0.284375
1 0.20098373983739837 0.31870312500000003 0.21644308943089433 0.311023125 0.20692953929539296 0.302246875 0.18076558265582657 0.30060125 0.1569810298102981 0.304989375 0.15817073170731707 0.310475 0.17006233062330622 0.3170575 0.20098373983739837 0.31870312500000003
1 0.5744078590785908 0.1513975 0.5589485094850949 0.1475575 0.5422981029810299 0.1552375 0.5422981029810299 0.166756875 0.5589485094850949 0.17059687499999998 0.5791653116531165 0.16401375 0.5744078590785908 0.1513975
1 0.4007777777777778 0.21283437500000002 0.40434552845528454 0.205155 0.3865067750677507 0.20186375 0.3686680216802168 0.2078975 0.3686680216802168 0.21886812500000002 0.3758035230352304 0.22325687500000002 0.39839972899729 0.219416875 0.4007777777777778 0.21283437500000002
1 0.9323726287262872 0.23093624999999998 0.9181016260162601 0.222159375 0.9002628726287263 0.222708125 0.8943170731707317 0.23203312499999998 0.8919376693766937 0.23861562500000003 0.9252371273712737 0.23806750000000002 0.9323726287262872 0.23093624999999998
1 0.5755975609756098 0.301698125 0.5672723577235772 0.29401875 0.5434878048780488 0.29731 0.5434878048780488 0.307731875 0.5744078590785908 0.311571875 0.5755975609756098 0.301698125
1 0.5779756097560975 0.359295 0.5898685636856368 0.35216375 0.5863008130081301 0.345033125 0.5684620596205961 0.347226875 0.5482452574525746 0.35216375 0.5482452574525746 0.361489375 0.5589485094850949 0.364780625 0.5779756097560975 0.359295
1 0.8063116531165312 0.416891875 0.8015555555555556 0.407566875 0.7825271002710027 0.403178125 0.7563631436314363 0.404275625 0.7611205962059621 0.417440625 0.7837168021680218 0.42128 0.8063116531165312 0.416891875
1 0.9514010840108401 0.38891624999999996 0.953779132791328 0.380688125 0.9430758807588075 0.374654375 0.9264268292682927 0.38013937499999995 0.9335623306233063 0.39330437500000004 0.9514010840108401 0.38891624999999996