1 0.2018970189701897 0.82375 0.22086720867208673 0.82375 0.23170731707317074 0.82125 0.24254742547425473 0.81375 0.23848238482384823 0.80875 0.22899728997289973 0.806875 0.2127371273712737 0.8075 0.2046070460704607 0.81 0.1991869918699187 0.81375 0.2018970189701897 0.82375
1 0.28319783197831977 0.686875 0.2967479674796748 0.68875 0.3130081300813008 0.6825 0.3130081300813008 0.6775 0.3075880758807588 0.67375 0.2886178861788618 0.670625 0.2777777777777778 0.673125 0.2750677506775068 0.681875 0.28319783197831977 0.686875
1 0.42953929539295393 0.680625 0.43766937669376693 0.685 0.45934959349593496 0.685 0.47560975609756095 0.6775 0.4715447154471545 0.67125 0.45934959349593496 0.668125 0.4363143631436314 0.671875 0.42953929539295393 0.675 0.42953929539295393 0.680625
1 0.5447154471544715 0.76875 0.5636856368563685 0.76625 0.5691056910569106 0.76375 0.5718157181571816 0.758125 0.5582655826558266 0.751875 0.5420054200542005 0.75125 0.5311653116531165 0.75625 0.5284552845528455 0.764375 0.5447154471544715 0.76875
1 0.26151761517615174 0.629375 0.26422764227642276 0.62625 0.26151761517615174 0.623125 0.2588075880758808 0.625 0.25609756097560976 0.629375 0.26151761517615174 0.629375
1 0.21544715447154472 0.6175 0.24119241192411925 0.618125 0.24796747967479674 0.6125 0.24796747967479674 0.603125 0.24119241192411925 0.59875 0.22086720867208673 0.598125 0.2127371273712737 0.601875 0.21002710027100271 0.6125 0.21544715447154472 0.6175
1 0.1991869918699187 0.55375 0.22357723577235772 0.5525 0.22899728997289973 0.54875 0.22899728997289973 0.5425 0.2222222222222222 0.539375 0.2073170731707317 0.538125 0.1951219512195122 0.541875 0.1937669376693767 0.550625 0.1991869918699187 0.55375
1 0.23712737127371275 0.678125 0.25609756097560976 0.6775 0.2696476964769648 0.670625 0.26422764227642276 0.6625 0.24525745257452575 0.66125 0.22628726287262874 0.66625 0.22357723577235772 0.6725 0.23712737127371275 0.678125
1 0.6612466124661247 0.64625 0.6720867208672087 0.650625 0.6856368563685636 0.650625 0.6937669376693767 0.646875 0.6937669376693767 0.635 0.6829268292682927 0.629375 0.6693766937669376 0.629375 0.6639566395663956 0.63125 0.6585365853658537 0.63625 0.6612466124661247 0.64625
1 0.5962059620596206 0.5375 0.6043360433604336 0.5375 0.6124661246612466 0.535 0.6178861788617886 0.529375 0.6151761517615176 0.52125 0.6056910569105691 0.51875 0.592140921409214 0.52 0.5880758807588076 0.530625 0.5962059620596206 0.5375
1 0.7642276422764228 0.671875 0.7872628726287263 0.6725 0.7913279132791328 0.670625 0.7967479674796748 0.6625 0.7859078590785907 0.65625 0.7696476964769647 0.655625 0.7560975609756098 0.658125 0.7533875338753387 0.665625 0.7642276422764228 0.671875
1 0.6341463414634146 0.4875 0.6517615176151762 0.486875 0.6612466124661247 0.48125 0.6612466124661247 0.473125 0.6504065040650406 0.469375 0.6314363143631436 0.47125 0.6300813008130082 0.484375 0.6341463414634146 0.4875
1 0.044715447154471545 0.53875 0.05555555555555555 0.5425 0.07723577235772358 0.539375 0.07994579945799458 0.529375 0.07588075880758807 0.5275 0.05555555555555555 0.524375 0.04200542005420054 0.52625 0.03929539295392954 0.535625 0.044715447154471545 0.53875
1 0.8211382113821138 0.473125 0.8373983739837398 0.470625 0.8428184281842819 0.46625 0.8319783197831978 0.45875 0.8102981029810298 0.4575 0.8021680216802168 0.460625 0.8021680216802168 0.468125 0.8211382113821138 0.473125
1 0.2506775067750677 0.409375 0.2669376693766938 0.406875 0.2669376693766938 0.400625 0.25338753387533874 0.39375 0.22764227642276422 0.394375 0.22899728997289973 0.40625 0.2506775067750677 0.409375
1 0.6436314363143631 0.33125 0.6531165311653117 0.33375 0.6693766937669376 0.3325 0.6720867208672087 0.323125 0.6680216802168022 0.319375 0.6504065040650406 0.319375 0.6409214092140921 0.321875 0.6395663956639567 0.32875 0.6436314363143631 0.33125
1 0.3157181571815718 0.735 0.33739837398373984 0.733125 0.34552845528455284 0.7275 0.34552845528455284 0.72375 0.33739837398373984 0.71875 0.31842818428184283 0.71875 0.3008130081300813 0.723125 0.2994579945799458 0.73 0.3157181571815718 0.735
1 0.7289972899728997 0.7325 0.7479674796747967 0.734375 0.7588075880758808 0.731875 0.7588075880758808 0.72 0.7533875338753387 0.7175 0.7425474254742548 0.714375 0.7208672086720868 0.716875 0.7181571815718157 0.725 0.7289972899728997 0.7325
1 0.21544715447154472 0.419375 0.22357723577235772 0.421875 0.23712737127371275 0.4225 0.24525745257452575 0.420625 0.24796747967479674 0.411875 0.24254742547425473 0.408125 0.23577235772357724 0.40625 0.2127371273712737 0.40625 0.2073170731707317 0.408125 0.2073170731707317 0.415625 0.21544715447154472 0.419375
1 0.6991869918699187 0.49125 0.7046070460704607 0.494375 0.7127371273712737 0.49625 0.7317073170731707 0.49625 0.7452574525745257 0.491875 0.7479674796747967 0.4875 0.7317073170731707 0.479375 0.7100271002710027 0.47875 0.7046070460704607 0.480625 0.6991869918699187 0.484375 0.6991869918699187 0.49125
1 0.8075880758807588 0.595 0.8319783197831978 0.595 0.8482384823848238 0.588125 0.8482384823848238 0.581875 0.8346883468834688 0.5775 0.8184281842818428 0.57875 0.8048780487804879 0.583125 0.8021680216802168 0.591875 0.8075880758807588 0.595
1 0.39295392953929537 0.605625 0.3997289972899729 0.608125 0.4159891598915989 0.608125 0.42276422764227645 0.60625 0.42953929539295393 0.6 0.42953929539295393 0.59375 0.42140921409214094 0.589375 0.4024390243902439 0.589375 0.3915989159891599 0.59375 0.3888888888888889 0.601875 0.39295392953929537 0.605625
1 0.5040650406504065 0.8025 0.518970189701897 0.80375 0.5338753387533876 0.800625 0.5365853658536586 0.7925 0.5284552845528455 0.7875 0.5149051490514905 0.785 0.497289972899729 0.7875 0.494579945799458 0.795625 0.5040650406504065 0.8025
1 0.6395663956639567 0.51875 0.6598915989159891 0.519375 0.6693766937669376 0.515 0.6720867208672087 0.509375 0.6585365853658537 0.501875 0.6504065040650406 0.501875 0.6368563685636857 0.50625 0.6341463414634146 0.516875 0.6395663956639567 0.51875
1 0.09620596205962059 0.700625 0.12059620596205962 0.69625 0.12601626016260162 0.691875 0.12601626016260162 0.6875 0.11653116531165311 0.6825 0.1016260162601626 0.6825 0.08265582655826559 0.68875 0.07994579945799458 0.6925 0.09620596205962059 0.700625
1 0.24525745257452575 0.4375 0.2588075880758808 0.441875 0.2777777777777778 0.441875 0.2804878048780488 0.43375 0.27371273712737126 0.4275 0.2588075880758808 0.424375 0.2506775067750677 0.425 0.24254742547425473 0.4275 0.24525745257452575 0.4375
1 0.43224932249322495 0.721875 0.44308943089430897 0.725625 0.462059620596206 0.725 0.47289972899729 0.72 0.47289972899729 0.708125 0.46612466124661245 0.704375 0.453929539295393 0.704375 0.44715447154471544 0.706875 0.43224932249322495 0.714375 0.43224932249322495 0.721875
1 0.14769647696476965 0.586875 0.16395663956639567 0.59375 0.1802168021680217 0.593125 0.18834688346883469 0.586875 0.18834688346883469 0.58125 0.17479674796747968 0.57375 0.16395663956639567 0.5725 0.15311653116531165 0.574375 0.14769647696476965 0.57875 0.14769647696476965 0.586875
1 0.22628726287262874 0.634375 0.2506775067750677 0.634375 0.2669376693766938 0.629375 0.26422764227642276 0.623125 0.25745257452574527 0.62 0.22899728997289973 0.62 0.22086720867208673 0.623125 0.2181571815718157 0.629375 0.22628726287262874 0.634375
1 0.6829268292682927 0.706875 0.6964769647696477 0.708125 0.7073170731707317 0.70625 0.7154471544715447 0.701875 0.7127371273712737 0.69375 0.6910569105691057 0.690625 0.6829268292682927 0.694375 0.6775067750677507 0.69875 0.6829268292682927 0.706875
1 0.5338753387533876 0.681875 0.5447154471544715 0.685 0.5718157181571816 0.6825 0.5772357723577236 0.678125 0.5718157181571816 0.6725 0.5555555555555556 0.668125 0.535230352303523 0.67125 0.5311653116531165 0.67875 0.5338753387533876 0.681875
1 0.3021680216802168 0.459375 0.3238482384823848 0.460625 0.3238482384823848 0.444375 0.3048780487804878 0.443125 0.2967479674796748 0.445625 0.2940379403794038 0.4525 0.3021680216802168 0.459375
1 0.6178861788617886 0.52875 0.6233062330623306 0.5325 0.6395663956639567 0.5375 0.6585365853658537 0.535625 0.6612466124661247 0.52875 0.6531165311653117 0.52125 0.6368563685636857 0.5175 0.6260162601626016 0.5175 0.6178861788617886 0.52125 0.6178861788617886 0.52875
1 0.7588075880758808 0.649375 0.7669376693766937 0.654375 0.7804878048780488 0.655625 0.7940379403794038 0.649375 0.7940379403794038 0.638125 0.7845528455284553 0.63375 0.7628726287262872 0.635 0.7560975609756098 0.64 0.7588075880758808 0.649375
1 0.04742547425474255 0.68875 0.058265582655826556 0.69375 0.07994579945799458 0.693125 0.08536585365853659 0.68875 0.08265582655826559 0.678125 0.06639566395663957 0.67375 0.05013550135501355 0.675625 0.044715447154471545 0.678125 0.04742547425474255 0.68875
1 0.2588075880758808 0.50625 0.2777777777777778 0.50625 0.28319783197831977 0.503125 0.28184281842818426 0.495625 0.2696476964769648 0.49 0.24796747967479674 0.49 0.24796747967479674 0.501875 0.2588075880758808 0.50625
1 0.4051490514905149 0.669375 0.42140921409214094 0.67 0.43766937669376693 0.665 0.4349593495934959 0.6575 0.4186991869918699 0.6525 0.4024390243902439 0.6525 0.3943089430894309 0.655625 0.3915989159891599 0.66125 0.4051490514905149 0.669375
1 0.12059620596205962 0.444375 0.14363143631436315 0.445625 0.15040650406504066 0.443125 0.15040650406504066 0.43625 0.14227642276422764 0.431875 0.12601626016260162 0.43 0.11653116531165311 0.4325 0.11246612466124661 0.438125 0.12059620596205962 0.444375
1 0.8482384823848238 0.609375 0.8685636856368564 0.610625 0.8807588075880759 0.606875 0.8807588075880759 0.59875 0.8699186991869918 0.59375 0.8563685636856369 0.593125 0.8455284552845529 0.596875 0.8428184281842819 0.605 0.8482384823848238 0.609375
1 0.38482384823848237 0.72125 0.3915989159891599 0.72375 0.4078590785907859 0.723125 0.4132791327913279 0.715 0.4078590785907859 0.71125 0.4065040650406504 0.705 0.3943089430894309 0.7025 0.3807588075880759 0.706875 0.3780487804878049 0.71375 0.38482384823848237 0.72125
1 0.6856368563685636 0.46875 0.7046070460704607 0.475625 0.7208672086720868 0.475625 0.7317073170731707 0.468125 0.7262872628726287 0.46125 0.7208672086720868 0.45875 0.6937669376693767 0.45875 0.6856368563685636 0.4625 0.6856368563685636 0.46875
1 0.7046070460704607 0.33375 0.7154471544715447 0.33875 0.7262872628726287 0.34 0.7452574525745257 0.335625 0.7506775067750677 0.33125 0.7493224932249323 0.32 0.7317073170731707 0.318125 0.7113821138211383 0.3225 0.7046070460704607 0.326875 0.7046070460704607 0.33375
1 0.5392953929539296 0.701875 0.5555555555555556 0.706875 0.5718157181571816 0.70625 0.5880758807588076 0.69875 0.5799457994579946 0.691875 0.5528455284552846 0.691875 0.540650406504065 0.695 0.5365853658536586 0.6975 0.5392953929539296 0.701875
1 0.22628726287262874 0.46625 0.23170731707317074 0.470625 0.25474254742547425 0.47125 0.26151761517615174 0.4675 0.26151761517615174 0.45875 0.24661246612466126 0.455 0.23170731707317074 0.45625 0.22628726287262874 0.460625 0.22628726287262874 0.46625
1 0.2940379403794038 0.65625 0.31029810298102983 0.65625 0.31842818428184283 0.651875 0.31029810298102983 0.6425 0.2953929539295393 0.639375 0.2859078590785908 0.64125 0.28319783197831977 0.64625 0.2940379403794038 0.65625
1 0.34552845528455284 0.6475 0.36314363143631434 0.64625 0.36720867208672087 0.64375 0.36720867208672087 0.63375 0.36314363143631434 0.630625 0.33739837398373984 0.63 0.3346883468834688 0.644375 0.34552845528455284 0.6475
1 0.5447154471544715 0.7975 0.5487804878048781 0.8 0.5609756097560976 0.805 0.5772357723577236 0.805 0.5853658536585366 0.800625 0.5826558265582655 0.790625 0.5704607046070461 0.785625 0.5555555555555556 0.785625 0.5487804878048781 0.788125 0.5447154471544715 0.790625 0.5447154471544715 0.7975
1 0.11653116531165311 0.73875 0.12330623306233063 0.74 0.14905149051490515 0.738125 0.15853658536585366 0.735 0.16395663956639567 0.73 0.15582655826558264 0.723125 0.13143631436314362 0.723125 0.11517615176151762 0.73 0.11246612466124661 0.734375 0.11653116531165311 0.73875
1 0.34552845528455284 0.529375 0.36720867208672087 0.53125 0.38346883468834686 0.525625 0.3807588075880759 0.52125 0.3699186991869919 0.516875 0.34552845528455284 0.51625 0.34146341463414637 0.518125 0.33739837398373984 0.524375 0.34552845528455284 0.529375
1 0.35907859078590787 0.50625 0.3699186991869919 0.50625 0.38346883468834686 0.5 0.3861788617886179 0.49 0.3821138211382114 0.486875 0.37262872628726285 0.48625 0.3617886178861789 0.4875 0.3509485094850949 0.49375 0.34823848238482386 0.503125 0.35907859078590787 0.50625
1 0.2046070460704607 0.659375 0.2127371273712737 0.6625 0.23170731707317074 0.6625 0.23712737127371275 0.658125 0.23441734417344173 0.649375 0.2181571815718157 0.644375 0.2018970189701897 0.646875 0.1991869918699187 0.65375 0.2046070460704607 0.659375
1 0.5284552845528455 0.660625 0.5338753387533876 0.6625 0.5555555555555556 0.660625 0.5609756097560976 0.65125 0.5582655826558266 0.646875 0.5447154471544715 0.646875 0.5284552845528455 0.650625 0.5230352303523035 0.654375 0.5284552845528455 0.660625
1 0.2046070460704607 0.504375 0.23712737127371275 0.50375 0.24254742547425473 0.49875 0.23712737127371275 0.4925 0.2222222222222222 0.489375 0.1978319783197832 0.490625 0.1937669376693767 0.499375 0.2046070460704607 0.504375
1 0.7127371273712737 0.7875 0.7208672086720868 0.7925 0.7344173441734417 0.7925 0.7479674796747967 0.785625 0.7479674796747967 0.7775 0.7384823848238482 0.77375 0.7235772357723578 0.774375 0.7181571815718157 0.776875 0.7127371273712737 0.78125 0.7127371273712737 0.7875
1 0.47560975609756095 0.82375 0.491869918699187 0.821875 0.497289972899729 0.8175 0.497289972899729 0.808125 0.483739837398374 0.80375 0.46747967479674796 0.80875 0.46747967479674796 0.820625 0.47560975609756095 0.82375
1 0.06097560975609756 0.708125 0.06910569105691057 0.71 0.09349593495934959 0.708125 0.1016260162601626 0.70375 0.1002710027100271 0.70125 0.09349593495934959 0.700625 0.07994579945799458 0.694375 0.06639566395663957 0.6975 0.06097560975609756 0.70125 0.06097560975609756 0.708125
1 0.5447154471544715 0.50875 0.5691056910569106 0.50875 0.5799457994579946 0.504375 0.5799457994579946 0.5 0.5718157181571816 0.496875 0.5420054200542005 0.4975 0.5392953929539296 0.505 0.5447154471544715 0.50875
1 0.7750677506775068 0.51875 0.7886178861788617 0.524375 0.8008130081300813 0.524375 0.8075880758807588 0.52125 0.8075880758807588 0.513125 0.7913279132791328 0.50625 0.7777777777777778 0.505 0.7723577235772358 0.50625 0.7750677506775068 0.51875
1 0.7208672086720868 0.59125 0.7384823848238482 0.591875 0.7479674796747967 0.58875 0.7479674796747967 0.5775 0.7289972899728997 0.576875 0.7181571815718157 0.58 0.7154471544715447 0.58875 0.7208672086720868 0.59125
1 0.036585365853658534 0.673125 0.058265582655826556 0.6725 0.06910569105691057 0.66625 0.06910569105691057 0.6575 0.06097560975609756 0.654375 0.044715447154471545 0.654375 0.03116531165311653 0.659375 0.028455284552845527 0.670625 0.036585365853658534 0.673125
1 0.21544715447154472 0.4875 0.23712737127371275 0.4875 0.24796747967479674 0.481875 0.24796747967479674 0.475625 0.23441734417344173 0.471875 0.2181571815718157 0.473125 0.21002710027100271 0.47625 0.2073170731707317 0.485 0.21544715447154472 0.4875
1 0.2967479674796748 0.605 0.3157181571815718 0.605 0.3238482384823848 0.601875 0.3265582655826558 0.59375 0.3170731707317073 0.589375 0.3021680216802168 0.58875 0.2872628726287263 0.593125 0.2859078590785908 0.6 0.2967479674796748 0.605
1 0.2994579945799458 0.671875 0.3238482384823848 0.670625 0.3346883468834688 0.665625 0.3346883468834688 0.658125 0.3238482384823848 0.65625 0.3075880758807588 0.65625 0.29132791327913277 0.660625 0.2886178861788618 0.6675 0.2994579945799458 0.671875
1 0.7452574525745257 0.555625 0.7642276422764228 0.555 0.7750677506775068 0.551875 0.7777777777777778 0.54875 0.7750677506775068 0.54375 0.7628726287262872 0.540625 0.7398373983739838 0.5425 0.7317073170731707 0.545625 0.7289972899728997 0.551875 0.7452574525745257 0.555625
1 0.7127371273712737 0.615 0.7330623306233063 0.615 0.7452574525745257 0.6125 0.7452574525745257 0.605 0.7344173441734417 0.598125 0.7100271002710027 0.598125 0.7018970189701897 0.601875 0.6991869918699187 0.608125 0.7127371273712737 0.615
1 0.4186991869918699 0.55375 0.4241192411924119 0.5575 0.4349593495934959 0.56 0.44986449864498645 0.5575 0.45663956639566394 0.550625 0.44986449864498645 0.543125 0.42953929539295393 0.54125 0.4241192411924119 0.54375 0.4186991869918699 0.546875 0.4186991869918699 0.55375
1 0.8021680216802168 0.676875 0.8102981029810298 0.67875 0.8252032520325203 0.678125 0.8292682926829268 0.675 0.8292682926829268 0.665625 0.8130081300813008 0.658125 0.7994579945799458 0.660625 0.7967479674796748 0.671875 0.8021680216802168 0.676875
1 0.07046070460704607 0.481875 0.08536585365853659 0.484375 0.1016260162601626 0.48125 0.1070460704607046 0.471875 0.0975609756097561 0.465625 0.08265582655826559 0.46375 0.06910569105691057 0.4675 0.06639566395663957 0.47875 0.07046070460704607 0.481875
1 0.7181571815718157 0.4325 0.7208672086720868 0.43 0.7289972899728997 0.42875 0.7317073170731707 0.419375 0.7222222222222222 0.41625 0.7046070460704607 0.415625 0.6937669376693767 0.418125 0.6937669376693767 0.431875 0.7181571815718157 0.4325
1 0.4024390243902439 0.58875 0.4186991869918699 0.588125 0.43224932249322495 0.58375 0.43224932249322495 0.5775 0.4281842818428184 0.57625 0.4159891598915989 0.574375 0.3915989159891599 0.57625 0.3888888888888889 0.583125 0.4024390243902439 0.58875
1 0.2967479674796748 0.473125 0.3252032520325203 0.474375 0.3428184281842818 0.470625 0.3428184281842818 0.46625 0.3346883468834688 0.46125 0.3075880758807588 0.46 0.2940379403794038 0.463125 0.29132791327913277 0.470625 0.2967479674796748 0.473125
1 0.4132791327913279 0.715 0.4349593495934959 0.71375 0.45121951219512196 0.70375 0.44850948509485095 0.69875 0.43766937669376693 0.6975 0.4186991869918699 0.69875 0.4105691056910569 0.7025 0.4078590785907859 0.709375 0.4132791327913279 0.715
1 0.47289972899729 0.534375 0.48644986449864497 0.5325 0.494579945799458 0.52625 0.491869918699187 0.52125 0.470189701897019 0.514375 0.462059620596206 0.515 0.45799457994579945 0.5175 0.45934959349593496 0.530625 0.47289972899729 0.534375
1 0.532520325203252 0.754375 0.5501355013550135 0.75 0.5501355013550135 0.745 0.540650406504065 0.74 0.5203252032520326 0.738125 0.5094850948509485 0.740625 0.5067750677506775 0.75125 0.532520325203252 0.754375
1 0.18834688346883469 0.64125 0.2127371273712737 0.64125 0.22086720867208673 0.638125 0.22357723577235772 0.633125 0.21138211382113822 0.62625 0.1910569105691057 0.62625 0.1802168021680217 0.629375 0.17750677506775067 0.63625 0.18834688346883469 0.64125
1 0.3021680216802168 0.638125 0.3157181571815718 0.64125 0.3346883468834688 0.64 0.3428184281842818 0.629375 0.3319783197831978 0.625 0.3075880758807588 0.625 0.2967479674796748 0.629375 0.3021680216802168 0.638125
1 0.16124661246612465 0.853125 0.1856368563685637 0.853125 0.19647696476964768 0.848125 0.1937669376693767 0.84 0.1856368563685637 0.836875 0.16937669376693767 0.836875 0.15311653116531165 0.841875 0.15311653116531165 0.85 0.16124661246612465 0.853125
1 0.07994579945799458 0.413125 0.0921409214092141 0.414375 0.10298102981029811 0.4125 0.10975609756097561 0.408125 0.1070460704607046 0.39875 0.0989159891598916 0.39625 0.08265582655826559 0.39625 0.07723577235772358 0.39875 0.07452574525745258 0.408125 0.07994579945799458 0.413125
1 0.7669376693766937 0.49875 0.7777777777777778 0.49875 0.7967479674796748 0.491875 0.7967479674796748 0.485 0.7859078590785907 0.48125 0.7750677506775068 0.48125 0.7588075880758808 0.4875 0.7560975609756098 0.4925 0.7669376693766937 0.49875
1 0.5826558265582655 0.68375 0.5880758807588076 0.686875 0.6016260162601627 0.686875 0.6178861788617886 0.681875 0.6205962059620597 0.6725 0.6097560975609756 0.668125 0.5880758807588076 0.673125 0.5826558265582655 0.6775 0.5826558265582655 0.68375
1 0.7777777777777778 0.56375 0.7994579945799458 0.56375 0.8102981029810298 0.560625 0.8102981029810298 0.556875 0.8021680216802168 0.5525 0.7804878048780488 0.550625 0.7669376693766937 0.553125 0.7669376693766937 0.560625 0.7777777777777778 0.56375
1 0.32113821138211385 0.316875 0.34010840108401086 0.316875 0.35365853658536583 0.31125 0.34959349593495936 0.303125 0.33739837398373984 0.3 0.3238482384823848 0.3 0.3130081300813008 0.305 0.31029810298102983 0.31 0.32113821138211385 0.316875
1 0.15853658536585366 0.779375 0.17615176151761516 0.779375 0.18834688346883469 0.77375 0.18834688346883469 0.76125 0.18292682926829268 0.759375 0.16666666666666666 0.759375 0.15582655826558264 0.763125 0.15311653116531165 0.775625 0.15853658536585366 0.779375
1 0.6422764227642277 0.56875 0.6585365853658537 0.5625 0.6612466124661247 0.5525 0.6531165311653117 0.54875 0.6368563685636857 0.54875 0.6233062330623306 0.55375 0.6233062330623306 0.566875 0.6422764227642277 0.56875
1 0.6720867208672087 0.346875 0.6856368563685636 0.34625 0.6937669376693767 0.3425 0.6937669376693767 0.338125 0.6869918699186992 0.333125 0.6775067750677507 0.3325 0.6639566395663956 0.338125 0.6612466124661247 0.3425 0.6720867208672087 0.346875
1 0.3997289972899729 0.49125 0.4186991869918699 0.4975 0.43224932249322495 0.49625 0.4349593495934959 0.486875 0.4254742547425474 0.479375 0.4010840108401084 0.479375 0.3970189701897019 0.483125 0.3997289972899729 0.49125
1 0.8373983739837398 0.529375 0.8523035230352304 0.52625 0.8563685636856369 0.5225 0.8536585365853658 0.51125 0.8455284552845529 0.50875 0.8346883468834688 0.50875 0.8265582655826558 0.51125 0.8265582655826558 0.5275 0.8373983739837398 0.529375
1 0.6233062330623306 0.805 0.6287262872628726 0.8075 0.6476964769647696 0.806875 0.6504065040650406 0.7925 0.6341463414634146 0.785625 0.6192411924119241 0.786875 0.6151761517615176 0.795625 0.6233062330623306 0.805
1 0.5365853658536586 0.45375 0.55420054200542 0.45 0.5636856368563685 0.445 0.5663956639566395 0.4375 0.559620596205962 0.434375 0.5501355013550135 0.43375 0.5392953929539296 0.435 0.5257452574525745 0.441875 0.5230352303523035 0.450625 0.5365853658536586 0.45375
1 0.6666666666666666 0.31 0.6802168021680217 0.30875 0.6937669376693767 0.3 0.6937669376693767 0.295625 0.6856368563685636 0.290625 0.6720867208672087 0.290625 0.6558265582655827 0.2975 0.6531165311653117 0.30375 0.6666666666666666 0.31
1 0.5501355013550135 0.63 0.5609756097560976 0.63625 0.5772357723577236 0.635625 0.5853658536585366 0.629375 0.5826558265582655 0.62 0.5718157181571816 0.61625 0.5555555555555556 0.618125 0.5501355013550135 0.620625 0.5501355013550135 0.63
1 0.5474254742547425 0.549375 0.005420054200542005 0.00125
1 0.573170731707317 0.551875 0.5853658536585366 0.555625 0.6002710027100271 0.555625 0.6070460704607046 0.5525 0.6043360433604336 0.543125 0.5934959349593496 0.5375 0.5718157181571816 0.538125 0.5691056910569106 0.54875 0.573170731707317 0.551875
1 0.2994579945799458 0.40625 0.3130081300813008 0.40625 0.32113821138211385 0.403125 0.3238482384823848 0.39875 0.32113821138211385 0.39 0.31029810298102983 0.3875 0.2940379403794038 0.389375 0.29132791327913277 0.403125 0.2994579945799458 0.40625
1 0.483739837398374 0.779375 0.489159891598916 0.7825 0.5067750677506775 0.783125 0.5230352303523035 0.779375 0.5284552845528455 0.77125 0.5203252032520326 0.765 0.5067750677506775 0.764375 0.491869918699187 0.7675 0.483739837398374 0.77125 0.483739837398374 0.779375
1 0.6720867208672087 0.321875 0.6802168021680217 0.326875 0.6991869918699187 0.326875 0.7154471544715447 0.319375 0.7154471544715447 0.313125 0.7046070460704607 0.31 0.6856368563685636 0.31 0.6802168021680217 0.311875 0.6720867208672087 0.315 0.6720867208672087 0.321875
1 0.5392953929539296 0.74 0.556910569105691 0.74125 0.5772357723577236 0.7375 0.5799457994579946 0.731875 0.5704607046070461 0.725 0.5555555555555556 0.72375 0.5447154471544715 0.725625 0.5365853658536586 0.72875 0.5392953929539296 0.74
1 0.5663956639566395 0.660625 0.5880758807588076 0.66 0.5989159891598916 0.6575 0.6070460704607046 0.65125 0.6043360433604336 0.64625 0.5934959349593496 0.6425 0.5718157181571816 0.644375 0.5609756097560976 0.64875 0.5582655826558266 0.6575 0.5663956639566395 0.660625
1 0.6476964769647696 0.50125 0.6707317073170732 0.501875 0.6802168021680217 0.4975 0.6829268292682927 0.494375 0.6747967479674797 0.48875 0.6612466124661247 0.48625 0.6395663956639567 0.4875 0.6368563685636857 0.495 0.6476964769647696 0.50125
1 0.6666666666666666 0.7325 0.6720867208672087 0.735 0.6883468834688347 0.73625 0.7100271002710027 0.731875 0.7100271002710027 0.72375 0.7018970189701897 0.72 0.6829268292682927 0.72 0.6720867208672087 0.723125 0.6666666666666666 0.726875 0.6666666666666666 0.7325
1 0.5826558265582655 0.463125 0.5934959349593496 0.46625 0.6178861788617886 0.46625 0.6314363143631436 0.46 0.6287262872628726 0.4525 0.6205962059620597 0.450625 0.6043360433604336 0.450625 0.5907859078590786 0.45375 0.5799457994579946 0.46 0.5826558265582655 0.463125
1 0.6991869918699187 0.6925 0.7127371273712737 0.69375 0.7262872628726287 0.68875 0.7289972899728997 0.676875 0.7208672086720868 0.670625 0.7046070460704607 0.670625 0.6937669376693767 0.675 0.6910569105691057 0.68875 0.6991869918699187 0.6925
1 0.6043360433604336 0.499375 0.6178861788617886 0.50125 0.6314363143631436 0.4975 0.6341463414634146 0.486875 0.6260162601626016 0.481875 0.6097560975609756 0.483125 0.6016260162601627 0.4875 0.5989159891598916 0.495 0.6043360433604336 0.499375
1 0.5365853658536586 0.5475 0.5501355013550135 0.5525 0.5704607046070461 0.553125 0.5691056910569106 0.540625 0.5623306233062331 0.5375 0.5420054200542005 0.5375 0.5365853658536586 0.54 0.5365853658536586 0.5475
1 0.7371273712737128 0.479375 0.7615176151761518 0.478125 0.7723577235772358 0.470625 0.7696476964769647 0.46625 0.7615176151761518 0.46375 0.7452574525745257 0.46375 0.7317073170731707 0.46875 0.7289972899728997 0.475625 0.7371273712737128 0.479375
1 0.6653116531165312 0.609375 0.6910569105691057 0.609375 0.6991869918699187 0.6025 0.6937669376693767 0.591875 0.6775067750677507 0.58875 0.6612466124661247 0.59375 0.6585365853658537 0.60375 0.6653116531165312 0.609375
1 0.5474254742547425 0.779375 0.5582655826558266 0.784375 0.5704607046070461 0.785 0.5826558265582655 0.779375 0.5799457994579946 0.77125 0.5663956639566395 0.765 0.5501355013550135 0.76625 0.5447154471544715 0.7675 0.5474254742547425 0.779375
1 0.07723577235772358 0.628125 0.09078590785907859 0.62625 0.0989159891598916 0.6225 0.09620596205962059 0.608125 0.07452574525745258 0.608125 0.06368563685636856 0.614375 0.06368563685636856 0.625 0.07723577235772358 0.628125
1 0.7154471544715447 0.4525 0.7262872628726287 0.45375 0.7425474254742548 0.449375 0.7425474254742548 0.444375 0.7317073170731707 0.438125 0.7046070460704607 0.438125 0.7018970189701897 0.446875 0.7154471544715447 0.4525
1 0.24796747967479674 0.660625 0.2764227642276423 0.66125 0.29132791327913277 0.65625 0.29132791327913277 0.6525 0.28319783197831977 0.6475 0.2506775067750677 0.649375 0.24525745257452575 0.651875 0.24796747967479674 0.660625
1 0.2696476964769648 0.521875 0.2845528455284553 0.521875 0.2940379403794038 0.519375 0.2940379403794038 0.51125 0.2899728997289973 0.50875 0.26151761517615174 0.506875 0.25474254742547425 0.509375 0.25609756097560976 0.519375 0.2696476964769648 0.521875
1 0.44850948509485095 0.265 0.45934959349593496 0.26875 0.470189701897019 0.268125 0.47831978319783197 0.263125 0.47289972899729 0.255625 0.45934959349593496 0.251875 0.44850948509485095 0.251875 0.44308943089430897 0.254375 0.44037940379403795 0.259375 0.44850948509485095 0.265
1 0.3428184281842818 0.76625 0.36314363143631434 0.764375 0.37262872628726285 0.75875 0.3699186991869919 0.754375 0.35636856368563685 0.75 0.3428184281842818 0.75 0.3319783197831978 0.754375 0.32926829268292684 0.763125 0.3428184281842818 0.76625
1 0.8021680216802168 0.646875 0.8075880758807588 0.649375 0.8197831978319783 0.649375 0.8401084010840109 0.645625 0.8455284552845529 0.64125 0.8428184281842819 0.63625 0.8346883468834688 0.633125 0.8184281842818428 0.633125 0.8075880758807588 0.63625 0.8021680216802168 0.639375 0.8021680216802168 0.646875
1 0.7533875338753387 0.6 0.7723577235772358 0.6 0.7886178861788617 0.59375 0.7886178861788617 0.586875 0.7804878048780488 0.58375 0.7560975609756098 0.58375 0.7479674796747967 0.588125 0.7452574525745257 0.595625 0.7533875338753387 0.6
1 0.7235772357723578 0.671875 0.7371273712737128 0.680625 0.7506775067750677 0.68 0.7588075880758808 0.675625 0.7560975609756098 0.66625 0.7452574525745257 0.660625 0.7303523035230353 0.66125 0.7235772357723578 0.665625 0.7235772357723578 0.671875
1 0.43224932249322495 0.470625 0.43766937669376693 0.473125 0.453929539295393 0.47375 0.46747967479674796 0.465 0.4634146341463415 0.454375 0.45257452574525747 0.449375 0.44308943089430897 0.449375 0.42953929539295393 0.455625 0.4268292682926829 0.46375 0.43224932249322495 0.470625
1 0.173050135501355 0.34079375 0.173050135501355 0.33038249999999997 0.13844037940379403 0.331770625 0.12941056910569104 0.33801749999999997 0.13693495934959352 0.34634625 0.15047831978319784 0.347734375 0.1745542005420054 0.34634625 0.173050135501355 0.34079375
1 0.41682520325203254 0.33038249999999997 0.4153197831978319 0.32482999999999995 0.37920460704607045 0.318583125 0.3731856368563686 0.324135625 0.3882330623306233 0.332464375 0.4093008130081301 0.336629375 0.41682520325203254 0.33038249999999997
1 0.4619674796747968 0.480998125 0.45444444444444443 0.475445 0.4424065040650406 0.475445 0.43789159891598917 0.47822125 0.43789159891598917 0.4851625 0.44842547425474255 0.4886325 0.46046341463414636 0.486550625 0.4619674796747968 0.480998125
1 0.19863143631436314 0.558735 0.19712601626016263 0.55387625 0.19411653116531166 0.5511 0.18358401084010842 0.549711875 0.17004065040650407 0.554570625 0.16703116531165313 0.5566525 0.17154471544715447 0.562899375 0.1896029810298103 0.562899375 0.19863143631436314 0.558735
1 0.49808265582655825 0.50876125 0.49808265582655825 0.5039025 0.4920636856368563 0.49626750000000003 0.47852032520325205 0.49626750000000003 0.4694918699186992 0.50320875 0.4679878048780488 0.513619375 0.4800257452574526 0.512925625 0.49808265582655825 0.50876125
1 0.15800271002710026 0.612179375 0.14897289972899727 0.620508125 0.17335216802168021 0.626755 0.19110704607046072 0.626755 0.18508807588075882 0.617731875 0.1805731707317073 0.608014375 0.15800271002710026 0.612179375
1 0.20314498644986448 0.622590625 0.2196978319783198 0.622590625 0.21367886178861786 0.618425625 0.20916531165311653 0.61079125 0.19261246612466124 0.612179375 0.19110704607046072 0.61981375 0.20314498644986448 0.622590625
1 0.449929539295393 0.5406887499999999 0.46046341463414636 0.539300625 0.46046341463414636 0.531665625 0.4589579945799458 0.5281956250000001 0.44541598915989156 0.5275012499999999 0.43337669376693766 0.5275012499999999 0.4288631436314363 0.537218125 0.43337669376693766 0.5427712499999999 0.449929539295393 0.5406887499999999
1 0.4243482384823848 0.681586875 0.42284417344173447 0.675340625 0.41080487804878046 0.6732581249999999 0.40177642276422765 0.67464625 0.3972628726287263 0.68019875 0.4002723577235773 0.6892218750000001 0.4153197831978319 0.68991625 0.4243482384823848 0.681586875
1 0.42284417344173447 0.75030125 0.4183292682926829 0.7419724999999999 0.4032818428184282 0.7378075 0.38973848238482384 0.739195625 0.38221409214092145 0.7426662500000001 0.37770054200542 0.749606875 0.3882330623306233 0.7579362500000001 0.4002723577235773 0.756548125 0.4183292682926829 0.756548125 0.42284417344173447 0.75030125
1 0.7915149051490515 0.7947225 0.7870013550135502 0.7884756249999999 0.7779715447154472 0.783616875 0.7644295392953929 0.7850050000000001 0.75540108401084 0.78986375 0.7538956639566395 0.79264 0.7629241192411924 0.798886875 0.7839918699186992 0.798886875 0.7915149051490515 0.7947225
1 0.8231151761517614 0.685751875 0.8125826558265583 0.68019875 0.7915149051490515 0.6774225 0.7854959349593497 0.6808931250000001 0.7854959349593497 0.68991625 0.7900108401084011 0.694775 0.7915149051490515 0.694080625 0.8155921409214093 0.6926925 0.8231151761517614 0.685751875