1 0.3048780487804878 0.615 0.29132791327913277 0.62 0.29132791327913277 0.63375 0.2967479674796748 0.63625 0.31029810298102983 0.63625 0.32113821138211385 0.63375 0.3265582655826558 0.62625 0.3265582655826558 0.618125 0.31978319783197834 0.615 0.3048780487804878 0.615
1 0.7452574525745257 0.450625 0.7425474254742548 0.45875 0.7506775067750677 0.463125 0.7723577235772358 0.463125 0.7859078590785907 0.45625 0.7859078590785907 0.451875 0.7764227642276422 0.446875 0.7560975609756098 0.446875 0.7452574525745257 0.450625
1 0.5420054200542005 0.600625 0.5392953929539296 0.608125 0.5474254742547425 0.615 0.5691056910569106 0.615 0.5745257452574526 0.613125 0.5772357723577236 0.608125 0.5691056910569106 0.5975 0.5555555555555556 0.595625 0.5420054200542005 0.600625
1 0.2588075880758808 0.5325 0.2506775067750677 0.54125 0.25338753387533874 0.546875 0.26151761517615174 0.55 0.27235772357723576 0.55 0.2804878048780488 0.5475 0.29132791327913277 0.534375 0.2804878048780488 0.529375 0.2588075880758808 0.5325
1 0.2181571815718157 0.46875 0.23712737127371275 0.475625 0.2506775067750677 0.475625 0.26151761517615174 0.470625 0.26151761517615174 0.46375 0.24796747967479674 0.45875 0.2181571815718157 0.45875 0.2181571815718157 0.46875
1 0.6747967479674797 0.535625 0.6666666666666666 0.539375 0.6639566395663956 0.551875 0.6775067750677507 0.5575 0.6897018970189702 0.5575 0.7018970189701897 0.550625 0.7046070460704607 0.5425 0.6964769647696477 0.5375 0.6869918699186992 0.535625 0.6747967479674797 0.535625
1 0.15853658536585366 0.436875 0.14498644986449866 0.44 0.14227642276422764 0.446875 0.15311653116531165 0.451875 0.17479674796747968 0.45375 0.18834688346883469 0.451875 0.1937669376693767 0.448125 0.1910569105691057 0.441875 0.17750677506775067 0.4375 0.15853658536585366 0.436875
1 0.5230352303523035 0.4875 0.5013550135501355 0.48875 0.497289972899729 0.491875 0.497289972899729 0.49875 0.5040650406504065 0.503125 0.5149051490514905 0.505 0.5284552845528455 0.504375 0.5365853658536586 0.5 0.5338753387533876 0.491875 0.5230352303523035 0.4875
1 0.7831978319783198 0.425 0.7859078590785907 0.43625 0.7967479674796748 0.438125 0.8130081300813008 0.436875 0.8184281842818428 0.425 0.8102981029810298 0.420625 0.7899728997289973 0.42125 0.7831978319783198 0.425
1 0.5582655826558266 0.4975 0.5528455284552846 0.50125 0.5501355013550135 0.50875 0.5555555555555556 0.513125 0.5745257452574526 0.514375 0.5880758807588076 0.51 0.5907859078590786 0.50375 0.5867208672086721 0.496875 0.5691056910569106 0.495 0.5582655826558266 0.4975
1 0.3130081300813008 0.351875 0.31029810298102983 0.354375 0.3075880758807588 0.36 0.3157181571815718 0.3675 0.3238482384823848 0.369375 0.33739837398373984 0.36875 0.3428184281842818 0.365 0.34010840108401086 0.356875 0.3252032520325203 0.350625 0.3130081300813008 0.351875
1 0.5718157181571816 0.595 0.5691056910569106 0.59875 0.5772357723577236 0.608125 0.5962059620596206 0.609375 0.6043360433604336 0.6075 0.6043360433604336 0.598125 0.5989159891598916 0.59375 0.5799457994579946 0.591875 0.5718157181571816 0.595
1 0.7669376693766937 0.514375 0.7669376693766937 0.524375 0.7777777777777778 0.529375 0.8021680216802168 0.52875 0.8048780487804879 0.52125 0.7967479674796748 0.51375 0.7913279132791328 0.511875 0.7750677506775068 0.511875 0.7669376693766937 0.514375
1 0.3807588075880759 0.483125 0.3780487804878049 0.48875 0.38346883468834686 0.496875 0.3915989159891599 0.499375 0.4051490514905149 0.499375 0.4159891598915989 0.49 0.4105691056910569 0.48125 0.3888888888888889 0.479375 0.3807588075880759 0.483125
1 0.34552845528455284 0.4225 0.34010840108401086 0.425 0.34010840108401086 0.431875 0.34823848238482386 0.4375 0.36720867208672087 0.439375 0.3807588075880759 0.436875 0.3807588075880759 0.42875 0.36720867208672087 0.4225 0.34552845528455284 0.4225
1 0.32926829268292684 0.624375 0.3265582655826558 0.633125 0.34010840108401086 0.638125 0.35501355013550134 0.63875 0.36720867208672087 0.63375 0.36720867208672087 0.625 0.35636856368563685 0.62125 0.34010840108401086 0.62125 0.32926829268292684 0.624375
1 0.22764227642276422 0.54625 0.22357723577235772 0.55 0.22357723577235772 0.55875 0.23712737127371275 0.565625 0.24796747967479674 0.566875 0.26151761517615174 0.56 0.2588075880758808 0.54875 0.24796747967479674 0.544375 0.22764227642276422 0.54625
1 0.37262872628726285 0.555625 0.36314363143631434 0.558125 0.3617886178861789 0.566875 0.36720867208672087 0.570625 0.3807588075880759 0.5725 0.4065040650406504 0.570625 0.4105691056910569 0.5625 0.4051490514905149 0.5575 0.3970189701897019 0.555625 0.37262872628726285 0.555625
1 0.2750677506775068 0.50625 0.27235772357723576 0.515 0.2804878048780488 0.51875 0.2967479674796748 0.521875 0.31029810298102983 0.520625 0.31029810298102983 0.51 0.3048780487804878 0.506875 0.2940379403794038 0.505 0.2750677506775068 0.50625
1 0.22086720867208673 0.3925 0.2127371273712737 0.39625 0.21544715447154472 0.405 0.22628726287262874 0.409375 0.24932249322493225 0.40875 0.25338753387533874 0.405 0.25338753387533874 0.39625 0.23712737127371275 0.39125 0.22086720867208673 0.3925
1 0.1802168021680217 0.561875 0.17750677506775067 0.57375 0.18292682926829268 0.576875 0.19647696476964768 0.57875 0.21544715447154472 0.571875 0.2181571815718157 0.560625 0.2127371273712737 0.5575 0.18834688346883469 0.5575 0.1802168021680217 0.561875
1 0.6802168021680217 0.585 0.6775067750677507 0.59375 0.6883468834688347 0.59875 0.7100271002710027 0.6 0.7154471544715447 0.598125 0.7181571815718157 0.591875 0.7127371273712737 0.58625 0.7059620596205962 0.58375 0.6802168021680217 0.585
1 0.3861788617886179 0.45875 0.3807588075880759 0.46125 0.3807588075880759 0.46875 0.3861788617886179 0.470625 0.4186991869918699 0.470625 0.4241192411924119 0.468125 0.4241192411924119 0.463125 0.4159891598915989 0.45875 0.3861788617886179 0.45875
1 0.2967479674796748 0.555625 0.2859078590785908 0.56 0.28319783197831977 0.571875 0.2886178861788618 0.575625 0.2994579945799458 0.5775 0.32113821138211385 0.575625 0.3265582655826558 0.566875 0.3238482384823848 0.560625 0.31842818428184283 0.558125 0.2967479674796748 0.555625
1 0.7127371273712737 0.40125 0.7073170731707317 0.403125 0.6991869918699187 0.406875 0.6991869918699187 0.410625 0.7127371273712737 0.418125 0.7317073170731707 0.418125 0.7452574525745257 0.414375 0.7479674796747967 0.405625 0.7371273712737128 0.40125 0.7127371273712737 0.40125
1 0.5 0.625 0.491869918699187 0.629375 0.491869918699187 0.63625 0.5013550135501355 0.64125 0.5176151761517616 0.64125 0.5311653116531165 0.634375 0.5284552845528455 0.625 0.5203252032520326 0.623125 0.5 0.625
1 0.6449864498644986 0.608125 0.6585365853658537 0.606875 0.6612466124661247 0.593125 0.6476964769647696 0.586875 0.6287262872628726 0.588125 0.6287262872628726 0.601875 0.6449864498644986 0.608125
1 0.1910569105691057 0.58 0.1856368563685637 0.58625 0.1856368563685637 0.595 0.1937669376693767 0.598125 0.2127371273712737 0.5975 0.22357723577235772 0.591875 0.22086720867208673 0.58 0.2127371273712737 0.575625 0.1910569105691057 0.58
1 0.25609756097560976 0.583125 0.2764227642276423 0.58375 0.2859078590785908 0.576875 0.2804878048780488 0.56375 0.2588075880758808 0.56375 0.2506775067750677 0.566875 0.25609756097560976 0.583125
1 0.3021680216802168 0.40375 0.2886178861788618 0.40375 0.2804878048780488 0.406875 0.28319783197831977 0.416875 0.2994579945799458 0.4225 0.3157181571815718 0.4225 0.32113821138211385 0.420625 0.3238482384823848 0.41125 0.3157181571815718 0.406875 0.3021680216802168 0.40375
1 0.2181571815718157 0.415625 0.21544715447154472 0.421875 0.22628726287262874 0.4275 0.25338753387533874 0.42625 0.26422764227642276 0.418125 0.26422764227642276 0.413125 0.25338753387533874 0.409375 0.22628726287262874 0.41125 0.2181571815718157 0.415625
1 0.4159891598915989 0.49 0.4105691056910569 0.4925 0.4051490514905149 0.499375 0.4078590785907859 0.506875 0.4186991869918699 0.509375 0.42953929539295393 0.50875 0.44037940379403795 0.50125 0.43766937669376693 0.4925 0.4268292682926829 0.49 0.4159891598915989 0.49
1 0.47831978319783197 0.325625 0.47560975609756095 0.33125 0.489159891598916 0.33875 0.5094850948509485 0.34 0.5230352303523035 0.335625 0.5203252032520326 0.33125 0.5094850948509485 0.3275 0.489159891598916 0.325 0.47831978319783197 0.325625
1 0.6395663956639567 0.61125 0.6368563685636857 0.619375 0.6476964769647696 0.625 0.6639566395663956 0.62625 0.6775067750677507 0.6225 0.6775067750677507 0.61625 0.6693766937669376 0.610625 0.6585365853658537 0.609375 0.6395663956639567 0.61125
1 0.3699186991869919 0.45375 0.3780487804878049 0.458125 0.4051490514905149 0.455625 0.4105691056910569 0.446875 0.4051490514905149 0.44 0.3888888888888889 0.438125 0.37262872628726285 0.441875 0.3699186991869919 0.45375
1 0.6476964769647696 0.556875 0.6449864498644986 0.560625 0.6531165311653117 0.57125 0.6693766937669376 0.57125 0.6747967479674797 0.569375 0.6775067750677507 0.560625 0.6680216802168022 0.554375 0.6558265582655827 0.5525 0.6476964769647696 0.556875
1 0.24796747967479674 0.524375 0.23441734417344173 0.524375 0.22357723577235772 0.529375 0.22086720867208673 0.535625 0.22764227642276422 0.54125 0.23848238482384823 0.543125 0.25338753387533874 0.540625 0.2588075880758808 0.534375 0.2588075880758808 0.529375 0.25338753387533874 0.52625 0.24796747967479674 0.524375
1 0.32926829268292684 0.4425 0.3265582655826558 0.449375 0.33739837398373984 0.455625 0.35365853658536583 0.45625 0.36314363143631434 0.453125 0.36720867208672087 0.445 0.3617886178861789 0.439375 0.34552845528455284 0.4375 0.32926829268292684 0.4425
1 0.29132791327913277 0.535625 0.2859078590785908 0.539375 0.2804878048780488 0.545625 0.28319783197831977 0.5525 0.29132791327913277 0.555625 0.31029810298102983 0.555 0.31842818428184283 0.54875 0.3157181571815718 0.538125 0.31029810298102983 0.535625 0.29132791327913277 0.535625
1 0.6151761517615176 0.46625 0.6395663956639567 0.46625 0.6476964769647696 0.460625 0.6476964769647696 0.4525 0.6355013550135501 0.449375 0.6260162601626016 0.449375 0.6151761517615176 0.45375 0.6151761517615176 0.46625
1 0.6775067750677507 0.4975 0.6720867208672087 0.504375 0.6802168021680217 0.509375 0.7018970189701897 0.51125 0.7181571815718157 0.50625 0.7181571815718157 0.5 0.7073170731707317 0.495 0.6883468834688347 0.494375 0.6775067750677507 0.4975
1 0.35365853658536583 0.660625 0.33739837398373984 0.66625 0.33739837398373984 0.681875 0.3428184281842818 0.68375 0.3617886178861789 0.6825 0.37262872628726285 0.676875 0.37533875338753386 0.6725 0.37262872628726285 0.6625 0.36720867208672087 0.660625 0.35365853658536583 0.660625
1 0.7235772357723578 0.586875 0.7181571815718157 0.58875 0.7208672086720868 0.601875 0.7289972899728997 0.605 0.7425474254742548 0.605 0.7506775067750677 0.601875 0.7533875338753387 0.591875 0.7452574525745257 0.586875 0.7235772357723578 0.586875
1 0.5311653116531165 0.348125 0.5311653116531165 0.36125 0.5420054200542005 0.365 0.5555555555555556 0.365 0.5609756097560976 0.3625 0.5582655826558266 0.349375 0.5487804878048781 0.345625 0.5365853658536586 0.345625 0.5311653116531165 0.348125
1 0.462059620596206 0.613125 0.45934959349593496 0.62 0.470189701897019 0.628125 0.489159891598916 0.629375 0.5 0.625 0.5 0.618125 0.491869918699187 0.61125 0.47289972899729 0.61 0.462059620596206 0.613125
1 0.4132791327913279 0.383125 0.3970189701897019 0.385625 0.3943089430894309 0.3975 0.3983739837398374 0.4 0.4105691056910569 0.4025 0.4268292682926829 0.400625 0.43224932249322495 0.39625 0.43224932249322495 0.39 0.4268292682926829 0.385625 0.4132791327913279 0.383125
1 0.23983739837398374 0.4825 0.23712737127371275 0.48875 0.2506775067750677 0.495 0.2669376693766938 0.49625 0.28319783197831977 0.49125 0.28319783197831977 0.4875 0.2696476964769648 0.48125 0.24796747967479674 0.480625 0.23983739837398374 0.4825
1 0.23712737127371275 0.50125 0.23441734417344173 0.50875 0.23983739837398374 0.51625 0.25609756097560976 0.519375 0.27235772357723576 0.514375 0.2750677506775068 0.50125 0.2669376693766938 0.4975 0.24796747967479674 0.49625 0.23712737127371275 0.50125
1 0.5745257452574526 0.5525 0.5880758807588076 0.555 0.6070460704607046 0.55 0.6097560975609756 0.538125 0.6043360433604336 0.535625 0.5826558265582655 0.535625 0.5745257452574526 0.54 0.5745257452574526 0.5525
1 0.7140921409214093 0.521875 0.7100271002710027 0.530625 0.7208672086720868 0.534375 0.7398373983739838 0.535 0.7533875338753387 0.529375 0.7533875338753387 0.5225 0.7452574525745257 0.519375 0.7235772357723578 0.519375 0.7140921409214093 0.521875
1 0.22086720867208673 0.56875 0.2181571815718157 0.57625 0.22357723577235772 0.581875 0.23983739837398374 0.586875 0.2506775067750677 0.584375 0.25338753387533874 0.576875 0.24796747967479674 0.5675 0.22899728997289973 0.56625 0.22086720867208673 0.56875
1 0.5528455284552846 0.566875 0.5501355013550135 0.57375 0.5609756097560976 0.58125 0.5745257452574526 0.58125 0.5880758807588076 0.576875 0.5880758807588076 0.5625 0.5718157181571816 0.560625 0.5609756097560976 0.5625 0.5528455284552846 0.566875
1 0.5040650406504065 0.57875 0.5013550135501355 0.58875 0.5121951219512195 0.59375 0.5257452574525745 0.59375 0.5392953929539296 0.58875 0.5420054200542005 0.579375 0.5338753387533876 0.57375 0.5149051490514905 0.57375 0.5040650406504065 0.57875
1 0.3617886178861789 0.39125 0.35636856368563685 0.39375 0.35365853658536583 0.40125 0.35907859078590787 0.408125 0.3699186991869919 0.41125 0.38482384823848237 0.41125 0.3943089430894309 0.40625 0.3943089430894309 0.39875 0.3780487804878049 0.39125 0.3617886178861789 0.39125
1 0.8130081300813008 0.504375 0.8048780487804879 0.50625 0.8075880758807588 0.51875 0.8184281842818428 0.5225 0.8414634146341463 0.521875 0.8455284552845529 0.51875 0.8455284552845529 0.51125 0.8333333333333334 0.50625 0.8130081300813008 0.504375
1 0.6775067750677507 0.5725 0.6910569105691057 0.57875 0.6991869918699187 0.57875 0.7127371273712737 0.571875 0.7127371273712737 0.56375 0.6964769647696477 0.558125 0.6802168021680217 0.560625 0.6775067750677507 0.5725
1 0.6178861788617886 0.5575 0.6084010840108401 0.559375 0.6016260162601627 0.565625 0.6056910569105691 0.57 0.6178861788617886 0.57375 0.6422764227642277 0.57375 0.6504065040650406 0.570625 0.6476964769647696 0.5625 0.6395663956639567 0.55875 0.6178861788617886 0.5575
1 0.42005420054200543 0.4775 0.4159891598915989 0.480625 0.4186991869918699 0.489375 0.4349593495934959 0.4925 0.453929539295393 0.49125 0.45934959349593496 0.480625 0.45121951219512196 0.47625 0.42953929539295393 0.475625 0.42005420054200543 0.4775
1 0.45121951219512196 0.4325 0.44308943089430897 0.435 0.44308943089430897 0.441875 0.45121951219512196 0.444375 0.481029810298103 0.446875 0.494579945799458 0.4425 0.494579945799458 0.4375 0.47831978319783197 0.4325 0.45121951219512196 0.4325
1 0.37262872628726285 0.36875 0.37262872628726285 0.376875 0.38346883468834686 0.381875 0.4105691056910569 0.381875 0.4132791327913279 0.37375 0.4078590785907859 0.37 0.3943089430894309 0.36625 0.3780487804878049 0.36625 0.37262872628726285 0.36875
1 0.5067750677506775 0.600625 0.497289972899729 0.60375 0.494579945799458 0.6125 0.5013550135501355 0.618125 0.5230352303523035 0.623125 0.5365853658536586 0.62 0.5392953929539296 0.61 0.532520325203252 0.603125 0.5230352303523035 0.600625 0.5067750677506775 0.600625
1 0.5338753387533876 0.51875 0.5311653116531165 0.529375 0.5392953929539296 0.534375 0.559620596205962 0.535625 0.5718157181571816 0.530625 0.5718157181571816 0.52375 0.559620596205962 0.51625 0.5420054200542005 0.515 0.5338753387533876 0.51875
1 0.5311653116531165 0.42375 0.5284552845528455 0.43375 0.5365853658536586 0.4375 0.559620596205962 0.4375 0.5718157181571816 0.43 0.5718157181571816 0.42375 0.5609756097560976 0.41875 0.5474254742547425 0.418125 0.5311653116531165 0.42375
1 0.47831978319783197 0.361875 0.470189701897019 0.365 0.46747967479674796 0.369375 0.47289972899729 0.375625 0.48644986449864497 0.379375 0.5 0.379375 0.5121951219512195 0.374375 0.5094850948509485 0.36625 0.497289972899729 0.361875 0.47831978319783197 0.361875
1 0.25338753387533874 0.625 0.2506775067750677 0.63 0.26151761517615174 0.63875 0.2750677506775068 0.64 0.2859078590785908 0.63625 0.2859078590785908 0.6225 0.2804878048780488 0.62 0.26422764227642276 0.62 0.25338753387533874 0.625
1 0.6788617886178862 0.46875 0.6531165311653117 0.469375 0.6476964769647696 0.471875 0.6476964769647696 0.47875 0.6531165311653117 0.483125 0.6747967479674797 0.486875 0.6856368563685636 0.485625 0.6910569105691057 0.48125 0.6883468834688347 0.473125 0.6788617886178862 0.46875
1 0.5474254742547425 0.6175 0.5447154471544715 0.625 0.5555555555555556 0.63125 0.5691056910569106 0.633125 0.5826558265582655 0.629375 0.5826558265582655 0.620625 0.5772357723577236 0.618125 0.5636856368563685 0.615 0.5474254742547425 0.6175
1 0.6666666666666666 0.408125 0.6612466124661247 0.410625 0.6612466124661247 0.418125 0.6747967479674797 0.42375 0.6924119241192412 0.425 0.7046070460704607 0.4225 0.7073170731707317 0.416875 0.6951219512195121 0.408125 0.6666666666666666 0.408125
1 0.3333333333333333 0.63625 0.32113821138211385 0.64 0.31842818428184283 0.644375 0.3238482384823848 0.65125 0.3428184281842818 0.659375 0.35501355013550134 0.658125 0.35907859078590787 0.65625 0.35907859078590787 0.64625 0.3509485094850949 0.64 0.3333333333333333 0.63625
1 0.6639566395663956 0.596875 0.6612466124661247 0.606875 0.6666666666666666 0.61 0.6815718157181572 0.61 0.6883468834688347 0.605625 0.6883468834688347 0.598125 0.6802168021680217 0.59375 0.6720867208672087 0.59375 0.6639566395663956 0.596875
1 0.35758943089430895 0.521513125 0.3614485094850949 0.51439375 0.353730352303523 0.5037143749999999 0.3267181571815718 0.5025275 0.3151422764227642 0.513206875 0.32028726287262876 0.520326875 0.3331504065040651 0.525073125 0.35758943089430895 0.521513125