0 0.784375 0.4958471760797342 0.77 0.49667774086378735 0.756875 0.5 0.748125 0.5058139534883721 0.73 0.5290697674418605 0.724375 0.5448504983388704 0.721875 0.5589700996677741 0.72125 0.5855481727574751 0.73 0.6154485049833887 0.736875 0.6270764119601329 0.750625 0.6411960132890365 0.771875 0.6511627906976745 0.793125 0.6519933554817275 0.811875 0.6453488372093024 0.83125 0.6254152823920266 0.840625 0.6004983388704319 0.843125 0.5822259136212624 0.8425 0.5689368770764119 0.838125 0.5465116279069767 0.83375 0.5348837209302325 0.819375 0.5141196013289037 0.80125 0.5 0.784375 0.4958471760797342
0 0.02 0.1760797342192691 0.015 0.17691029900332225 0.016875 0.18438538205980065 0.02 0.18438538205980065 0.02125 0.18106312292358803 0.02 0.1760797342192691
1 0.7 0.3754152823920266 0.706875 0.38704318936877075 0.706875 0.3911960132890365 0.71125 0.39700996677740863 0.71875 0.4011627906976744 0.73125 0.39700996677740863 0.735 0.38289036544850497 0.73375 0.3729235880398671 0.72625 0.36129568106312293 0.716875 0.3554817275747508 0.706875 0.35714285714285715 0.7 0.3654485049833887 0.7 0.3754152823920266
1 0.474375 0.3845514950166113 0.47625 0.3903654485049834 0.48375 0.3978405315614618 0.490625 0.4152823920265781 0.49875 0.4161129568106312 0.505 0.41362126245847175 0.51 0.40780730897009965 0.51 0.3903654485049834 0.5075 0.38205980066445183 0.5 0.3712624584717608 0.495 0.36794019933554817 0.483125 0.36710963455149503 0.47625 0.3729235880398671 0.474375 0.3845514950166113
1 0.48375 0.3280730897009967 0.48375 0.3430232558139535 0.486875 0.3521594684385382 0.49375 0.35631229235880396 0.5 0.35631229235880396 0.5125 0.3496677740863787 0.519375 0.3338870431893688 0.519375 0.31727574750830567 0.516875 0.3131229235880399 0.513125 0.3081395348837209 0.50625 0.30564784053156147 0.49875 0.3064784053156146 0.49125 0.31146179401993357 0.48375 0.3280730897009967
1 0.47375 0.22508305647840532 0.480625 0.2350498338870432 0.498125 0.23421926910299004 0.503125 0.22508305647840532 0.5025 0.2101328903654485 0.49875 0.20514950166112958 0.493125 0.2026578073089701 0.479375 0.20514950166112958 0.474375 0.21345514950166114 0.47375 0.22508305647840532
1 0.656875 0.3903654485049834 0.661875 0.39700996677740863 0.66875 0.39867109634551495 0.683125 0.3961794019933555 0.6925 0.38205980066445183 0.6925 0.3704318936877076 0.69 0.3646179401993355 0.680625 0.3546511627906977 0.673125 0.3546511627906977 0.66625 0.3579734219269103 0.656875 0.3696013289036545 0.656875 0.3903654485049834
1 0.515625 0.22508305647840532 0.525625 0.22591362126245848 0.530625 0.223421926910299 0.53625 0.21428571428571427 0.53625 0.20182724252491693 0.53375 0.19352159468438537 0.519375 0.18438538205980065 0.505 0.18438538205980065 0.5 0.19102990033222592 0.50375 0.21511627906976744 0.515625 0.22508305647840532
1 0.53625 0.5431893687707641 0.536875 0.5539867109634552 0.550625 0.5705980066445183 0.5675 0.5722591362126246 0.575 0.5656146179401993 0.579375 0.5556478405315615 0.579375 0.5448504983388704 0.5775 0.5406976744186046 0.57125 0.5307308970099668 0.5625 0.5249169435215947 0.546875 0.5249169435215947 0.53875 0.5332225913621262 0.53625 0.5431893687707641
1 0.6125 0.3795681063122924 0.615625 0.3953488372093023 0.62625 0.40448504983388706 0.635 0.40448504983388706 0.645625 0.39700996677740863 0.649375 0.38704318936877075 0.64875 0.37375415282392027 0.641875 0.36212624584717606 0.62875 0.3546511627906977 0.6175 0.35714285714285715 0.60875 0.3712624584717608 0.6125 0.3795681063122924
1 0.45 0.41445182724252494 0.454375 0.4260797342192691 0.464375 0.4368770764119601 0.47875 0.43853820598006643 0.48375 0.43521594684385384 0.48875 0.42441860465116277 0.48875 0.4119601328903654 0.485625 0.4019933554817276 0.4725 0.38704318936877075 0.465625 0.3845514950166113 0.456875 0.3853820598006645 0.45 0.39700996677740863 0.45 0.41445182724252494
1 0.328125 0.5556478405315615 0.34125 0.5681063122923588 0.353125 0.5664451827242525 0.35875 0.5581395348837209 0.35875 0.5440199335548173 0.35375 0.5332225913621262 0.34375 0.5249169435215947 0.3325 0.5257475083056479 0.3275 0.5307308970099668 0.326875 0.5348837209302325 0.328125 0.5556478405315615
1 0.651875 0.5523255813953488 0.656875 0.5589700996677741 0.664375 0.5622923588039868 0.68 0.5581395348837209 0.685625 0.5473421926910299 0.684375 0.5290697674418605 0.675625 0.5191029900332226 0.665625 0.5182724252491694 0.66 0.520764119601329 0.651875 0.5299003322259136 0.651875 0.5523255813953488
1 0.5675 0.3521594684385382 0.573125 0.36046511627906974 0.581875 0.36710963455149503 0.59875 0.3637873754152824 0.6025 0.3538205980066445 0.60125 0.3430232558139535 0.590625 0.329734219269103 0.58375 0.32641196013289037 0.57125 0.329734219269103 0.565 0.3380398671096346 0.5675 0.3521594684385382
1 0.229375 0.5946843853820598 0.23375 0.5996677740863787 0.240625 0.6021594684385382 0.248125 0.5988372093023255 0.255 0.5872093023255814 0.255 0.5672757475083057 0.246875 0.5581395348837209 0.239375 0.5581395348837209 0.235625 0.5614617940199336 0.22875 0.5739202657807309 0.229375 0.5946843853820598
1 0.54 0.6154485049833887 0.553125 0.6154485049833887 0.561875 0.6079734219269103 0.5625 0.5855481727574751 0.550625 0.574750830564784 0.53625 0.574750830564784 0.529375 0.5822259136212624 0.529375 0.6029900332225914 0.54 0.6154485049833887
1 0.329375 0.3064784053156146 0.328125 0.31893687707641194 0.335625 0.3330564784053156 0.35625 0.33637873754152825 0.36375 0.3313953488372093 0.365625 0.32558139534883723 0.365 0.3122923588039867 0.3575 0.29900332225913623 0.35125 0.2956810631229236 0.340625 0.2956810631229236 0.334375 0.29900332225913623 0.329375 0.3064784053156146
1 0.43125 0.6013289036544851 0.438125 0.6104651162790697 0.4475 0.6154485049833887 0.456875 0.6162790697674418 0.4675 0.6121262458471761 0.47375 0.6038205980066446 0.475625 0.5996677740863787 0.475625 0.590531561461794 0.4725 0.584717607973422 0.456875 0.5739202657807309 0.439375 0.574750830564784 0.43125 0.579734219269103 0.42875 0.5938538205980066 0.43125 0.6013289036544851
1 0.584375 0.5398671096345515 0.584375 0.5564784053156147 0.594375 0.5681063122923588 0.599375 0.5705980066445183 0.6175 0.5697674418604651 0.624375 0.5672757475083057 0.63125 0.5573089700996677 0.6325 0.5456810631229236 0.630625 0.5415282392026578 0.623125 0.5299003322259136 0.610625 0.5249169435215947 0.599375 0.5249169435215947 0.590625 0.5307308970099668 0.584375 0.5398671096345515
1 0.53125 0.30564784053156147 0.5325 0.33222591362126247 0.536875 0.3388704318936877 0.543125 0.3430232558139535 0.553125 0.34053156146179403 0.559375 0.33222591362126247 0.560625 0.32641196013289037 0.560625 0.30564784053156147 0.558125 0.29485049833887045 0.550625 0.2857142857142857 0.54 0.28488372093023256 0.535 0.292358803986711 0.53125 0.30564784053156147
1 0.534375 0.44019933554817275 0.541875 0.44435215946843853 0.550625 0.44518272425249167 0.556875 0.4426910299003322 0.561875 0.4393687707641196 0.565 0.4318936877076412 0.565 0.4219269102990033 0.5625 0.4161129568106312 0.550625 0.40780730897009965 0.538125 0.40780730897009965 0.52875 0.41777408637873753 0.529375 0.4318936877076412 0.534375 0.44019933554817275
1 0.49375 0.5033222591362126 0.49375 0.5174418604651163 0.49625 0.5232558139534884 0.5075 0.526578073089701 0.515 0.5232558139534884 0.5225 0.5149501661129569 0.528125 0.5008305647840532 0.526875 0.4833887043189369 0.519375 0.47591362126245845 0.510625 0.47591362126245845 0.5025 0.48255813953488375 0.496875 0.49169435215946844 0.49375 0.5033222591362126
1 0.35625 0.6353820598006644 0.36 0.643687707641196 0.370625 0.6511627906976745 0.376875 0.6511627906976745 0.38375 0.6470099667774086 0.39 0.6345514950166113 0.39 0.6121262458471761 0.38375 0.6038205980066446 0.376875 0.6004983388704319 0.36625 0.6029900332225914 0.355625 0.6212624584717608 0.35625 0.6353820598006644
1 0.330625 0.41777408637873753 0.3325 0.42524916943521596 0.339375 0.43438538205980065 0.345 0.4368770764119601 0.36 0.4377076411960133 0.365625 0.43521594684385384 0.375625 0.42441860465116277 0.37875 0.4161129568106312 0.379375 0.40365448504983387 0.376875 0.39700996677740863 0.370625 0.38787375415282394 0.36625 0.3853820598006645 0.34875 0.3853820598006645 0.3325 0.4011627906976744 0.330625 0.41777408637873753
1 0.623125 0.3504983388704319 0.641875 0.36129568106312293 0.651875 0.36046511627906974 0.66625 0.3480066445182724 0.66875 0.3347176079734219 0.66625 0.3280730897009967 0.661875 0.3230897009966777 0.639375 0.3230897009966777 0.63125 0.329734219269103 0.625 0.3388704318936877 0.623125 0.3504983388704319
1 0.578125 0.3803986710963455 0.578125 0.39700996677740863 0.584375 0.40780730897009965 0.58875 0.4111295681063123 0.595 0.41362126245847175 0.60375 0.4127906976744186 0.60875 0.4111295681063123 0.613125 0.40448504983388706 0.615 0.3953488372093023 0.614375 0.3853820598006645 0.610625 0.37624584717607973 0.60125 0.36710963455149503 0.58625 0.36710963455149503 0.581875 0.3712624584717608 0.578125 0.3803986710963455
1 0.46875 0.2931893687707641 0.46875 0.303156146179402 0.47375 0.31893687707641194 0.479375 0.3222591362126246 0.485 0.32142857142857145 0.49375 0.3081395348837209 0.495625 0.2931893687707641 0.49375 0.2823920265780731 0.48875 0.2782392026578073 0.48125 0.27740863787375414 0.475 0.2799003322259136 0.47125 0.2857142857142857 0.46875 0.2931893687707641
1 0.5775 0.3181063122923588 0.580625 0.3239202657807309 0.591875 0.3313953488372093 0.60125 0.3313953488372093 0.60875 0.3272425249169435 0.616875 0.3181063122923588 0.6175 0.2973421926910299 0.605 0.2857142857142857 0.593125 0.2857142857142857 0.578125 0.2956810631229236 0.575625 0.30398671096345514 0.5775 0.3181063122923588
1 0.5 0.5490033222591362 0.49875 0.5681063122923588 0.50875 0.5863787375415282 0.52125 0.5880398671096345 0.524375 0.5855481727574751 0.528125 0.5764119601328903 0.52875 0.5556478405315615 0.526875 0.5490033222591362 0.520625 0.5415282392026578 0.509375 0.5398671096345515 0.501875 0.5448504983388704 0.5 0.5490033222591362
1 0.43625 0.457641196013289 0.439375 0.4692691029900332 0.45 0.4808970099667774 0.469375 0.47840531561461797 0.47375 0.4700996677740864 0.473125 0.45598006644518274 0.4675 0.4410299003322259 0.454375 0.4277408637873754 0.443125 0.43106312292358806 0.43625 0.44435215946843853 0.43625 0.457641196013289
1 0.4525 0.5224252491694352 0.4625 0.5224252491694352 0.473125 0.5149501661129569 0.478125 0.5083056478405316 0.480625 0.5 0.480625 0.4900332225913621 0.475625 0.4833887043189369 0.470625 0.48006644518272423 0.453125 0.48172757475083056 0.443125 0.4958471760797342 0.443125 0.5132890365448505 0.4525 0.5224252491694352
1 0.495625 0.2749169435215947 0.496875 0.2857142857142857 0.500625 0.29401993355481726 0.505625 0.29817275747508304 0.51 0.29817275747508304 0.521875 0.2898671096345515 0.529375 0.2757475083056478 0.52875 0.2616279069767442 0.52375 0.25332225913621265 0.519375 0.2516611295681063 0.5075 0.2549833887043189 0.5 0.26411960132890366 0.495625 0.2749169435215947
1 0.22875 0.4019933554817276 0.230625 0.40780730897009965 0.23625 0.41445182724252494 0.243125 0.4152823920265781 0.25 0.4111295681063123 0.255 0.40448504983388706 0.259375 0.3911960132890365 0.259375 0.3770764119601329 0.256875 0.3687707641196013 0.24875 0.36129568106312293 0.240625 0.36046511627906974 0.234375 0.3646179401993355 0.22875 0.3729235880398671 0.22875 0.4019933554817276
1 0.5675 0.4900332225913621 0.56875 0.5083056478405316 0.571875 0.5141196013289037 0.583125 0.5224252491694352 0.59625 0.5232558139534884 0.60375 0.5149501661129569 0.60625 0.5049833887043189 0.60375 0.4900332225913621 0.59375 0.48006644518272423 0.586875 0.47674418604651164 0.579375 0.47674418604651164 0.57 0.4850498338870432 0.5675 0.4900332225913621
1 0.3825 0.5681063122923588 0.3875 0.5813953488372093 0.390625 0.584717607973422 0.401875 0.5872093023255814 0.408125 0.584717607973422 0.41125 0.579734219269103 0.415 0.5705980066445183 0.41375 0.5614617940199336 0.405 0.5440199335548173 0.395 0.5431893687707641 0.385625 0.5498338870431894 0.3825 0.5581395348837209 0.3825 0.5681063122923588
1 0.408125 0.12790697674418605 0.408125 0.14285714285714285 0.415625 0.15033222591362128 0.42375 0.15033222591362128 0.433125 0.1461794019933555 0.44125 0.132890365448505 0.439375 0.11960132890365449 0.43625 0.11461794019933555 0.43125 0.11212624584717608 0.423125 0.11212624584717608 0.416875 0.11544850498338871 0.408125 0.12790697674418605
1 0.4575 0.5481727574750831 0.454375 0.5581395348837209 0.455 0.5722591362126246 0.470625 0.579734219269103 0.485 0.5730897009966778 0.498125 0.5523255813953488 0.498125 0.5390365448504983 0.495625 0.532392026578073 0.491875 0.5290697674418605 0.480625 0.5282392026578073 0.47125 0.53156146179402 0.4575 0.5481727574750831
1 0.625 0.20930232558139536 0.624375 0.22259136212624583 0.62625 0.2350498338870432 0.63375 0.24501661129568106 0.63875 0.24750830564784054 0.65125 0.24501661129568106 0.655625 0.24086378737541528 0.66375 0.2292358803986711 0.66625 0.22093023255813954 0.66625 0.19601328903654486 0.661875 0.19102990033222592 0.654375 0.18853820598006646 0.6425 0.18853820598006646 0.63375 0.19435215946843853 0.625 0.20930232558139536
1 0.4375 0.3280730897009967 0.44 0.3338870431893688 0.4575 0.3330564784053156 0.4625 0.3280730897009967 0.46875 0.3131229235880399 0.4675 0.2956810631229236 0.460625 0.2898671096345515 0.4525 0.2898671096345515 0.443125 0.2956810631229236 0.4375 0.30980066445182725 0.4375 0.3280730897009967
1 0.3975 0.6104651162790697 0.3975 0.6204318936877077 0.4 0.6295681063122923 0.408125 0.6411960132890365 0.41625 0.6470099667774086 0.429375 0.6495016611295681 0.438125 0.6445182724252492 0.44 0.6378737541528239 0.439375 0.622093023255814 0.428125 0.6046511627906976 0.413125 0.5980066445182725 0.4075 0.5980066445182725 0.4 0.6029900332225914 0.3975 0.6104651162790697
1 0.470625 0.2632890365448505 0.474375 0.2757475083056478 0.493125 0.276578073089701 0.505 0.2574750830564784 0.505625 0.25 0.49875 0.23588039867109634 0.484375 0.2350498338870432 0.480625 0.23754152823920266 0.470625 0.2541528239202658 0.470625 0.2632890365448505
1 0.323125 0.3588039867109635 0.3275 0.3687707641196013 0.335625 0.3754152823920266 0.3425 0.37790697674418605 0.3525 0.3770764119601329 0.360625 0.3712624584717608 0.365 0.3646179401993355 0.365625 0.3488372093023256 0.3575 0.3372093023255814 0.34 0.33554817275747506 0.3325 0.3380398671096346 0.325 0.3446843853820598 0.323125 0.3588039867109635
1 0.439375 0.34053156146179403 0.438125 0.35714285714285715 0.44 0.3646179401993355 0.448125 0.37624584717607973 0.455625 0.3803986710963455 0.464375 0.3812292358803987 0.4725 0.37624584717607973 0.475625 0.3696013289036545 0.475625 0.3521594684385382 0.470625 0.3438538205980066 0.46375 0.3380398671096346 0.4575 0.3347176079734219 0.446875 0.3338870431893688 0.439375 0.34053156146179403
1 0.411875 0.1951827242524917 0.41375 0.20431893687707642 0.42125 0.21428571428571427 0.433125 0.21677740863787376 0.441875 0.20514950166112958 0.44125 0.18604651162790697 0.433125 0.1719269102990033 0.42625 0.16777408637873753 0.42125 0.17026578073089702 0.413125 0.1818936877076412 0.411875 0.1951827242524917
1 0.5675 0.5755813953488372 0.56375 0.5872093023255814 0.56375 0.6146179401993356 0.575625 0.6295681063122923 0.581875 0.6320598006644518 0.593125 0.6303986710963455 0.60375 0.6137873754152824 0.60375 0.5863787375415282 0.60125 0.5789036544850499 0.59125 0.5681063122923588 0.5775 0.5664451827242525 0.5725 0.5697674418604651 0.5675 0.5755813953488372
1 0.35875 0.48421926910299 0.35875 0.49916943521594687 0.370625 0.5224252491694352 0.3775 0.5274086378737541 0.384375 0.5282392026578073 0.39 0.526578073089701 0.396875 0.5141196013289037 0.395 0.49169435215946844 0.385 0.47674418604651164 0.37875 0.47259136212624586 0.3675 0.4717607973421927 0.361875 0.47674418604651164 0.35875 0.48421926910299
1 0.40625 0.5382059800664452 0.406875 0.5465116279069767 0.41125 0.5564784053156147 0.41625 0.5631229235880398 0.423125 0.5672757475083057 0.43625 0.5672757475083057 0.44125 0.563953488372093 0.44625 0.5564784053156147 0.446875 0.542358803986711 0.44 0.5290697674418605 0.43125 0.5249169435215947 0.414375 0.526578073089701 0.408125 0.53156146179402 0.40625 0.5382059800664452
1 0.48875 0.1669435215946844 0.48875 0.18106312292358803 0.491875 0.18687707641196014 0.4975 0.19019933554817275 0.50875 0.18272425249169436 0.518125 0.18438538205980065 0.52375 0.17857142857142858 0.52375 0.16362126245847175 0.518125 0.15614617940199335 0.5125 0.15282392026578073 0.496875 0.1569767441860465 0.49125 0.1611295681063123 0.48875 0.1669435215946844