1 0.8008130081300813 0.18625 0.7981029810298103 0.17625 0.7791327913279132 0.17625 0.7682926829268293 0.17875 0.7574525745257452 0.18625 0.7615176151761518 0.19125 0.7710027100271003 0.193125 0.7872628726287263 0.1925 0.7953929539295393 0.19 0.8008130081300813 0.18625
1 0.7168021680216802 0.313125 0.7032520325203252 0.31125 0.6869918699186992 0.3175 0.6869918699186992 0.3225 0.6924119241192412 0.32625 0.7113821138211383 0.329375 0.7222222222222222 0.326875 0.7249322493224932 0.318125 0.7168021680216802 0.313125
1 0.5704607046070461 0.319375 0.5623306233062331 0.315 0.540650406504065 0.315 0.524390243902439 0.3225 0.5284552845528455 0.32875 0.540650406504065 0.331875 0.5636856368563685 0.328125 0.5704607046070461 0.325 0.5704607046070461 0.319375
1 0.45528455284552843 0.23125 0.4363143631436314 0.23375 0.43089430894308944 0.23625 0.4281842818428184 0.241875 0.44173441734417346 0.248125 0.45799457994579945 0.24875 0.46883468834688347 0.24375 0.4715447154471545 0.235625 0.45528455284552843 0.23125
1 0.7411924119241192 0.375 0.7439024390243902 0.370625 0.7384823848238482 0.370625 0.7357723577235772 0.37375 0.7384823848238482 0.376875 0.7411924119241192 0.375
1 0.7845528455284553 0.3825 0.7588075880758808 0.381875 0.7520325203252033 0.3875 0.7520325203252033 0.396875 0.7588075880758808 0.40125 0.7791327913279132 0.401875 0.7872628726287263 0.398125 0.7899728997289973 0.3875 0.7845528455284553 0.3825
1 0.8008130081300813 0.44625 0.7764227642276422 0.4475 0.7710027100271003 0.45125 0.7710027100271003 0.4575 0.7777777777777778 0.460625 0.7926829268292683 0.461875 0.8048780487804879 0.458125 0.8062330623306233 0.449375 0.8008130081300813 0.44625
1 0.7439024390243902 0.3225 0.7303523035230353 0.329375 0.7357723577235772 0.3375 0.7547425474254743 0.33875 0.7737127371273713 0.33375 0.7764227642276422 0.3275 0.7628726287262872 0.321875 0.7439024390243902 0.3225
1 0.34146341463414637 0.36375 0.33875338753387535 0.35375 0.32791327913279134 0.349375 0.3143631436314363 0.349375 0.3062330623306233 0.353125 0.3062330623306233 0.365 0.3170731707317073 0.370625 0.33062330623306235 0.370625 0.33604336043360433 0.36875 0.34146341463414637 0.36375
1 0.4037940379403794 0.4625 0.3956639566395664 0.4625 0.3875338753387534 0.465 0.3821138211382114 0.470625 0.38482384823848237 0.47875 0.3943089430894309 0.48125 0.4078590785907859 0.48 0.41192411924119243 0.469375 0.4037940379403794 0.4625
1 0.23577235772357724 0.328125 0.2127371273712737 0.3275 0.2086720867208672 0.329375 0.2032520325203252 0.3375 0.2140921409214092 0.34375 0.23035230352303523 0.344375 0.24390243902439024 0.341875 0.24661246612466126 0.334375 0.23577235772357724 0.328125
1 0.34823848238482386 0.513125 0.33875338753387535 0.51875 0.33875338753387535 0.526875 0.34959349593495936 0.530625 0.3685636856368564 0.52875 0.3699186991869919 0.515625 0.36585365853658536 0.5125 0.34823848238482386 0.513125
1 0.9552845528455285 0.46125 0.9444444444444444 0.4575 0.9227642276422764 0.460625 0.9200542005420054 0.470625 0.924119241192412 0.4725 0.9444444444444444 0.475625 0.9579945799457995 0.47375 0.9607046070460704 0.464375 0.9552845528455285 0.46125
1 0.16260162601626016 0.529375 0.15718157181571815 0.53375 0.16802168021680217 0.54125 0.1897018970189702 0.5425 0.1978319783197832 0.539375 0.1978319783197832 0.531875 0.17886178861788618 0.526875 0.16260162601626016 0.529375
1 0.7330623306233063 0.599375 0.7466124661246613 0.60625 0.7723577235772358 0.605625 0.7710027100271003 0.59375 0.7493224932249323 0.590625 0.7330623306233063 0.593125 0.7330623306233063 0.599375
1 0.35636856368563685 0.66875 0.34688346883468835 0.66625 0.33062330623306235 0.6675 0.32791327913279134 0.676875 0.3319783197831978 0.680625 0.34959349593495936 0.680625 0.35907859078590787 0.678125 0.3604336043360434 0.67125 0.35636856368563685 0.66875
1 0.6842818428184282 0.265 0.6626016260162602 0.266875 0.6544715447154471 0.2725 0.6544715447154471 0.27625 0.6626016260162602 0.28125 0.6815718157181572 0.28125 0.6991869918699187 0.276875 0.7005420054200542 0.27 0.6842818428184282 0.265
1 0.27100271002710025 0.2675 0.25203252032520324 0.265625 0.24119241192411925 0.268125 0.24119241192411925 0.28 0.24661246612466126 0.2825 0.25745257452574527 0.285625 0.2791327913279133 0.283125 0.28184281842818426 0.275 0.27100271002710025 0.2675
1 0.7926829268292683 0.591875 0.7926829268292683 0.584375 0.7845528455284553 0.580625 0.7764227642276422 0.578125 0.7628726287262872 0.5775 0.7547425474254743 0.579375 0.7520325203252033 0.588125 0.7574525745257452 0.591875 0.7642276422764228 0.59375 0.7872628726287263 0.59375 0.7926829268292683 0.591875
1 0.2953929539295393 0.519375 0.3008130081300813 0.515625 0.3008130081300813 0.50875 0.2953929539295393 0.505625 0.2872628726287263 0.50375 0.2682926829268293 0.50375 0.25474254742547425 0.508125 0.25203252032520324 0.5125 0.2682926829268293 0.520625 0.2899728997289973 0.52125 0.2953929539295393 0.519375
1 0.19241192411924118 0.405 0.16802168021680217 0.405 0.15176151761517614 0.411875 0.15176151761517614 0.418125 0.16531165311653118 0.4225 0.18157181571815717 0.42125 0.1951219512195122 0.416875 0.1978319783197832 0.408125 0.19241192411924118 0.405
1 0.6084010840108401 0.40625 0.6111111111111112 0.398125 0.6070460704607046 0.394375 0.6002710027100271 0.391875 0.5840108401084011 0.391875 0.5772357723577236 0.39375 0.5704607046070461 0.4 0.5704607046070461 0.40625 0.5785907859078591 0.410625 0.5975609756097561 0.410625 0.6084010840108401 0.40625
1 0.4959349593495935 0.1975 0.481029810298103 0.19625 0.46612466124661245 0.199375 0.4634146341463415 0.2075 0.4715447154471545 0.2125 0.48509485094850946 0.215 0.502710027100271 0.2125 0.505420054200542 0.204375 0.4959349593495935 0.1975
1 0.3604336043360434 0.48125 0.34010840108401086 0.480625 0.33062330623306235 0.485 0.32791327913279134 0.490625 0.34146341463414637 0.498125 0.34959349593495936 0.498125 0.36314363143631434 0.49375 0.36585365853658536 0.483125 0.3604336043360434 0.48125
1 0.9037940379403794 0.299375 0.8794037940379403 0.30375 0.8739837398373984 0.308125 0.8739837398373984 0.3125 0.8834688346883469 0.3175 0.8983739837398373 0.3175 0.9173441734417345 0.31125 0.9200542005420054 0.3075 0.9037940379403794 0.299375
1 0.7547425474254743 0.5625 0.7411924119241192 0.558125 0.7222222222222222 0.558125 0.7195121951219512 0.56625 0.7262872628726287 0.5725 0.7411924119241192 0.575625 0.7493224932249323 0.575 0.7574525745257452 0.5725 0.7547425474254743 0.5625
1 0.5677506775067751 0.285625 0.5677506775067751 0.278125 0.556910569105691 0.274375 0.537940379403794 0.275 0.5271002710027101 0.28 0.5271002710027101 0.291875 0.5338753387533876 0.295625 0.5460704607046071 0.295625 0.5528455284552846 0.293125 0.5677506775067751 0.285625
1 0.8523035230352304 0.42125 0.8523035230352304 0.413125 0.8360433604336044 0.40625 0.8197831978319783 0.406875 0.8116531165311653 0.413125 0.8116531165311653 0.41875 0.8252032520325203 0.42625 0.8360433604336044 0.4275 0.8468834688346883 0.425625 0.8523035230352304 0.42125
1 0.7737127371273713 0.365625 0.7493224932249323 0.365625 0.7330623306233063 0.370625 0.7357723577235772 0.376875 0.7425474254742548 0.38 0.7710027100271003 0.38 0.7791327913279132 0.376875 0.7818428184281843 0.370625 0.7737127371273713 0.365625
1 0.3170731707317073 0.293125 0.3035230352303523 0.291875 0.2926829268292683 0.29375 0.2845528455284553 0.298125 0.2872628726287263 0.30625 0.3089430894308943 0.309375 0.3170731707317073 0.305625 0.3224932249322493 0.30125 0.3170731707317073 0.293125
1 0.46612466124661245 0.318125 0.45528455284552843 0.315 0.4281842818428184 0.3175 0.42276422764227645 0.321875 0.4281842818428184 0.3275 0.4444444444444444 0.331875 0.46476964769647694 0.32875 0.46883468834688347 0.32125 0.46612466124661245 0.318125
1 0.6761517615176151 0.555625 0.6951219512195121 0.556875 0.7032520325203252 0.554375 0.7059620596205962 0.5475 0.6978319783197832 0.540625 0.6761517615176151 0.539375 0.6761517615176151 0.555625
1 0.3821138211382114 0.47875 0.3821138211382114 0.47125 0.37669376693766937 0.4675 0.3604336043360434 0.4625 0.34146341463414637 0.464375 0.33875338753387535 0.47125 0.34688346883468835 0.47875 0.36314363143631434 0.4825 0.37398373983739835 0.4825 0.3821138211382114 0.47875
1 0.24119241192411925 0.350625 0.23306233062330622 0.345625 0.21951219512195122 0.344375 0.20596205962059622 0.350625 0.20596205962059622 0.361875 0.21544715447154472 0.36625 0.23712737127371275 0.365 0.24390243902439024 0.36 0.24119241192411925 0.350625
1 0.9525745257452575 0.31125 0.9417344173441734 0.30625 0.9200542005420054 0.306875 0.9146341463414634 0.31125 0.9173441734417345 0.321875 0.9336043360433605 0.32625 0.9498644986449865 0.324375 0.9552845528455285 0.321875 0.9525745257452575 0.31125
1 0.7222222222222222 0.49375 0.7168021680216802 0.496875 0.7181571815718157 0.504375 0.7303523035230353 0.51 0.7520325203252033 0.51 0.7520325203252033 0.498125 0.7411924119241192 0.49375 0.7222222222222222 0.49375
1 0.5948509485094851 0.330625 0.5785907859078591 0.33 0.5623306233062331 0.335 0.5650406504065041 0.3425 0.5813008130081301 0.3475 0.5975609756097561 0.3475 0.6056910569105691 0.344375 0.6084010840108401 0.33875 0.5948509485094851 0.330625
1 0.8794037940379403 0.555625 0.8563685636856369 0.554375 0.8495934959349594 0.556875 0.8495934959349594 0.56375 0.8577235772357723 0.568125 0.8739837398373984 0.57 0.8834688346883469 0.5675 0.8875338753387534 0.561875 0.8794037940379403 0.555625
1 0.15176151761517614 0.390625 0.13143631436314362 0.389375 0.11924119241192412 0.393125 0.11924119241192412 0.40125 0.13008130081300814 0.40625 0.14363143631436315 0.406875 0.15447154471544716 0.403125 0.15718157181571815 0.395 0.15176151761517614 0.390625
1 0.6219512195121951 0.28625 0.6151761517615176 0.27875 0.6084010840108401 0.27625 0.592140921409214 0.276875 0.5867208672086721 0.285 0.592140921409214 0.28875 0.5934959349593496 0.295 0.6056910569105691 0.2975 0.6192411924119241 0.293125 0.6219512195121951 0.28625
1 0.3143631436314363 0.53125 0.2953929539295393 0.524375 0.2791327913279133 0.524375 0.2682926829268293 0.531875 0.27371273712737126 0.53875 0.2791327913279133 0.54125 0.3062330623306233 0.54125 0.3143631436314363 0.5375 0.3143631436314363 0.53125
1 0.2953929539295393 0.673125 0.2953929539295393 0.66625 0.2845528455284553 0.66125 0.27371273712737126 0.66 0.25474254742547425 0.664375 0.24932249322493225 0.66875 0.2506775067750677 0.68 0.2682926829268293 0.681875 0.2886178861788618 0.6775 0.2953929539295393 0.673125
1 0.46070460704607047 0.298125 0.4444444444444444 0.293125 0.4281842818428184 0.29375 0.41192411924119243 0.30125 0.42005420054200543 0.308125 0.44715447154471544 0.308125 0.45934959349593496 0.305 0.4634146341463415 0.3025 0.46070460704607047 0.298125
1 0.7737127371273713 0.53375 0.7682926829268293 0.529375 0.7452574525745257 0.52875 0.7384823848238482 0.5325 0.7384823848238482 0.54125 0.7533875338753387 0.545 0.7682926829268293 0.54375 0.7737127371273713 0.539375 0.7737127371273713 0.53375
1 0.6897018970189702 0.34375 0.6815718157181572 0.348125 0.6897018970189702 0.3575 0.7046070460704607 0.360625 0.7140921409214093 0.35875 0.7168021680216802 0.35375 0.7059620596205962 0.34375 0.6897018970189702 0.34375
1 0.6368563685636857 0.35375 0.6327913279132791 0.35625 0.6327913279132791 0.36625 0.6368563685636857 0.369375 0.6626016260162602 0.37 0.6653116531165312 0.355625 0.6544715447154471 0.3525 0.6368563685636857 0.35375
1 0.45121951219512196 0.211875 0.45528455284552843 0.209375 0.45528455284552843 0.2025 0.45121951219512196 0.2 0.43902439024390244 0.195 0.42276422764227645 0.195 0.4146341463414634 0.199375 0.4173441734417344 0.209375 0.42953929539295393 0.214375 0.4444444444444444 0.214375 0.45121951219512196 0.211875
1 0.8875338753387534 0.265625 0.8834688346883469 0.26125 0.8766937669376694 0.26 0.8509485094850948 0.261875 0.8414634146341463 0.265 0.8360433604336044 0.27 0.8441734417344173 0.276875 0.8685636856368564 0.276875 0.8848238482384824 0.27 0.8875338753387534 0.265625
1 0.6544715447154471 0.470625 0.6327913279132791 0.46875 0.6165311653116531 0.474375 0.6192411924119241 0.47875 0.6300813008130082 0.483125 0.6544715447154471 0.48375 0.6585365853658537 0.481875 0.6626016260162602 0.475625 0.6544715447154471 0.470625
1 0.6517615176151762 0.496875 0.6409214092140921 0.49375 0.6300813008130082 0.49375 0.6165311653116531 0.5 0.6138211382113821 0.51 0.6178861788617886 0.513125 0.6273712737127372 0.51375 0.6382113821138211 0.5125 0.6490514905149052 0.50625 0.6517615176151762 0.496875
1 0.7953929539295393 0.340625 0.7872628726287263 0.3375 0.7682926829268293 0.3375 0.7628726287262872 0.341875 0.7655826558265583 0.350625 0.7818428184281843 0.355625 0.7981029810298103 0.353125 0.8008130081300813 0.34625 0.7953929539295393 0.340625
1 0.4715447154471545 0.339375 0.46612466124661245 0.3375 0.4444444444444444 0.339375 0.43902439024390244 0.34875 0.44173441734417346 0.353125 0.45528455284552843 0.353125 0.4715447154471545 0.349375 0.47696476964769646 0.345625 0.4715447154471545 0.339375
1 0.7628726287262872 0.49625 0.7574525745257452 0.50125 0.7628726287262872 0.5075 0.7777777777777778 0.510625 0.8021680216802168 0.509375 0.8062330623306233 0.500625 0.7953929539295393 0.495625 0.7628726287262872 0.49625
1 0.2872628726287263 0.21875 0.2872628726287263 0.2125 0.2791327913279133 0.2075 0.26558265582655827 0.2075 0.25203252032520324 0.214375 0.25203252032520324 0.2225 0.26151761517615174 0.22625 0.2764227642276423 0.225625 0.28184281842818426 0.223125 0.2872628726287263 0.21875
1 0.508130081300813 0.178125 0.502710027100271 0.1825 0.502710027100271 0.191875 0.516260162601626 0.19625 0.532520325203252 0.19125 0.532520325203252 0.179375 0.524390243902439 0.17625 0.508130081300813 0.178125
1 0.9390243902439024 0.29875 0.9390243902439024 0.291875 0.9308943089430894 0.29 0.9065040650406504 0.291875 0.8983739837398373 0.29625 0.8997289972899729 0.29875 0.9065040650406504 0.299375 0.9200542005420054 0.305625 0.9336043360433605 0.3025 0.9390243902439024 0.29875
1 0.43089430894308944 0.49125 0.42005420054200543 0.495625 0.42005420054200543 0.5 0.4281842818428184 0.503125 0.45799457994579945 0.5025 0.46070460704607047 0.495 0.45528455284552843 0.49125 0.43089430894308944 0.49125
1 0.22493224932249323 0.48125 0.21138211382113822 0.475625 0.1991869918699187 0.475625 0.19241192411924118 0.47875 0.19241192411924118 0.486875 0.2086720867208672 0.49375 0.2222222222222222 0.495 0.22764227642276422 0.49375 0.22493224932249323 0.48125
1 0.26151761517615174 0.408125 0.25203252032520324 0.41125 0.25203252032520324 0.4225 0.27100271002710025 0.423125 0.28184281842818426 0.42 0.2845528455284553 0.41125 0.2791327913279133 0.40875 0.26151761517615174 0.408125
1 0.9634146341463414 0.326875 0.9417344173441734 0.3275 0.9308943089430894 0.33375 0.9308943089430894 0.3425 0.9390243902439024 0.345625 0.9552845528455285 0.345625 0.9688346883468835 0.340625 0.9715447154471545 0.329375 0.9634146341463414 0.326875
1 0.7845528455284553 0.5125 0.7628726287262872 0.5125 0.7520325203252033 0.518125 0.7520325203252033 0.524375 0.7655826558265583 0.528125 0.7818428184281843 0.526875 0.7899728997289973 0.52375 0.7926829268292683 0.515 0.7845528455284553 0.5125
1 0.7032520325203252 0.395 0.6842818428184282 0.395 0.6761517615176151 0.398125 0.6734417344173442 0.40625 0.6829268292682927 0.410625 0.6978319783197832 0.41125 0.7127371273712737 0.406875 0.7140921409214093 0.4 0.7032520325203252 0.395
1 0.7005420054200542 0.328125 0.6761517615176151 0.329375 0.6653116531165312 0.334375 0.6653116531165312 0.341875 0.6761517615176151 0.34375 0.6924119241192412 0.34375 0.7086720867208672 0.339375 0.7113821138211383 0.3325 0.7005420054200542 0.328125
1 0.27100271002710025 0.448125 0.25474254742547425 0.444375 0.23577235772357724 0.445 0.22493224932249323 0.448125 0.2222222222222222 0.45125 0.22493224932249323 0.45625 0.23712737127371275 0.459375 0.2601626016260163 0.4575 0.2682926829268293 0.454375 0.27100271002710025 0.448125
1 0.2872628726287263 0.385 0.2669376693766938 0.385 0.25474254742547425 0.3875 0.25474254742547425 0.395 0.26558265582655827 0.401875 0.2899728997289973 0.401875 0.2981029810298103 0.398125 0.3008130081300813 0.391875 0.2872628726287263 0.385
1 0.5813008130081301 0.453125 0.5813008130081301 0.44625 0.575880758807588 0.4425 0.5650406504065041 0.44 0.5501355013550135 0.4425 0.5433604336043361 0.449375 0.5501355013550135 0.456875 0.5704607046070461 0.45875 0.575880758807588 0.45625 0.5813008130081301 0.453125
1 0.1978319783197832 0.323125 0.1897018970189702 0.32125 0.17479674796747968 0.321875 0.17073170731707318 0.325 0.17073170731707318 0.334375 0.18699186991869918 0.341875 0.2005420054200542 0.339375 0.2032520325203252 0.328125 0.1978319783197832 0.323125
1 0.9295392953929539 0.518125 0.9146341463414634 0.515625 0.8983739837398373 0.51875 0.8929539295392954 0.528125 0.9024390243902439 0.534375 0.9173441734417345 0.53625 0.9308943089430894 0.5325 0.9336043360433605 0.52125 0.9295392953929539 0.518125
1 0.28184281842818426 0.5675 0.2791327913279133 0.57 0.27100271002710025 0.57125 0.2682926829268293 0.580625 0.2777777777777778 0.58375 0.2953929539295393 0.584375 0.3062330623306233 0.581875 0.3062330623306233 0.568125 0.28184281842818426 0.5675
1 0.5975609756097561 0.41125 0.5813008130081301 0.411875 0.5677506775067751 0.41625 0.5677506775067751 0.4225 0.5718157181571816 0.42375 0.5840108401084011 0.425625 0.6084010840108401 0.42375 0.6111111111111112 0.416875 0.5975609756097561 0.41125
1 0.7032520325203252 0.526875 0.6747967479674797 0.525625 0.6571815718157181 0.529375 0.6571815718157181 0.53375 0.6653116531165312 0.53875 0.6924119241192412 0.54 0.7059620596205962 0.536875 0.7086720867208672 0.529375 0.7032520325203252 0.526875
1 0.5867208672086721 0.285 0.5650406504065041 0.28625 0.5487804878048781 0.29625 0.551490514905149 0.30125 0.5623306233062331 0.3025 0.5813008130081301 0.30125 0.5894308943089431 0.2975 0.592140921409214 0.290625 0.5867208672086721 0.285
1 0.5271002710027101 0.465625 0.513550135501355 0.4675 0.505420054200542 0.47375 0.508130081300813 0.47875 0.5298102981029811 0.485625 0.537940379403794 0.485 0.5420054200542005 0.4825 0.540650406504065 0.469375 0.5271002710027101 0.465625
1 0.44986449864498645 0.25 0.44986449864498645 0.255 0.45934959349593496 0.26 0.4796747967479675 0.261875 0.4905149051490515 0.259375 0.4932249322493225 0.24875 0.46747967479674796 0.245625 0.44986449864498645 0.25
1 0.8116531165311653 0.35875 0.7872628726287263 0.35875 0.7791327913279132 0.361875 0.7764227642276422 0.366875 0.7886178861788617 0.37375 0.8089430894308943 0.37375 0.8197831978319783 0.370625 0.8224932249322493 0.36375 0.8116531165311653 0.35875
1 0.6842818428184282 0.35875 0.6653116531165312 0.36 0.6571815718157181 0.370625 0.6680216802168022 0.375 0.6924119241192412 0.375 0.7032520325203252 0.370625 0.6978319783197832 0.361875 0.6842818428184282 0.35875
1 0.8387533875338753 0.146875 0.8143631436314364 0.146875 0.8035230352303523 0.151875 0.8062330623306233 0.16 0.8143631436314364 0.163125 0.8306233062330624 0.163125 0.8468834688346883 0.158125 0.8468834688346883 0.15 0.8387533875338753 0.146875
1 0.9254742547425474 0.591875 0.9200542005420054 0.586875 0.907859078590786 0.585625 0.8970189701897019 0.5875 0.8902439024390244 0.591875 0.8929539295392954 0.60125 0.9010840108401084 0.60375 0.9173441734417345 0.60375 0.9227642276422764 0.60125 0.9254742547425474 0.591875
1 0.23306233062330622 0.50125 0.2222222222222222 0.50125 0.2032520325203252 0.508125 0.2032520325203252 0.515 0.2140921409214092 0.51875 0.22493224932249323 0.51875 0.24119241192411925 0.5125 0.24390243902439024 0.5075 0.23306233062330622 0.50125
1 0.4173441734417344 0.31625 0.41192411924119243 0.313125 0.3983739837398374 0.313125 0.3821138211382114 0.318125 0.3794037940379404 0.3275 0.3902439024390244 0.331875 0.41192411924119243 0.326875 0.4173441734417344 0.3225 0.4173441734417344 0.31625
1 0.2222222222222222 0.43625 0.2005420054200542 0.43625 0.1897018970189702 0.439375 0.1897018970189702 0.443125 0.1978319783197832 0.4475 0.21951219512195122 0.449375 0.23306233062330622 0.446875 0.23306233062330622 0.439375 0.2222222222222222 0.43625
1 0.6788617886178862 0.683125 0.6598915989159891 0.683125 0.6463414634146342 0.68875 0.6504065040650406 0.696875 0.6626016260162602 0.7 0.6761517615176151 0.7 0.6869918699186992 0.695 0.6897018970189702 0.69 0.6788617886178862 0.683125
1 0.8414634146341463 0.220625 0.8238482384823849 0.220625 0.8116531165311653 0.22625 0.8116531165311653 0.23875 0.8170731707317073 0.240625 0.8333333333333334 0.240625 0.8441734417344173 0.236875 0.8468834688346883 0.224375 0.8414634146341463 0.220625
1 0.34146341463414637 0.4375 0.33875338753387535 0.4475 0.34688346883468835 0.45125 0.36314363143631434 0.45125 0.37669376693766937 0.44625 0.37669376693766937 0.433125 0.35772357723577236 0.43125 0.34146341463414637 0.4375
1 0.32791327913279134 0.653125 0.3143631436314363 0.65375 0.3062330623306233 0.6575 0.3062330623306233 0.661875 0.3130081300813008 0.666875 0.3224932249322493 0.6675 0.33604336043360433 0.661875 0.33875338753387535 0.6575 0.32791327913279134 0.653125
1 0.5813008130081301 0.5025 0.5677506775067751 0.50375 0.5650406504065041 0.513125 0.5745257452574526 0.520625 0.5989159891598916 0.520625 0.6029810298102981 0.516875 0.6002710027100271 0.50875 0.5813008130081301 0.5025
1 0.16260162601626016 0.470625 0.14769647696476965 0.47375 0.14363143631436315 0.4775 0.14634146341463414 0.48875 0.15447154471544716 0.49125 0.16531165311653118 0.49125 0.17344173441734417 0.48875 0.17344173441734417 0.4725 0.16260162601626016 0.470625
1 0.3712737127371274 0.1925 0.3523035230352303 0.193125 0.34959349593495936 0.2075 0.36585365853658536 0.214375 0.3807588075880759 0.213125 0.38482384823848237 0.204375 0.37669376693766937 0.195 0.3712737127371274 0.1925
1 0.47696476964769646 0.549375 0.4634146341463415 0.54625 0.44579945799457993 0.55 0.4363143631436314 0.555 0.43360433604336046 0.5625 0.44037940379403795 0.565625 0.44986449864498645 0.56625 0.46070460704607047 0.565 0.4742547425474255 0.558125 0.47696476964769646 0.549375
1 0.3333333333333333 0.69 0.31978319783197834 0.69125 0.3062330623306233 0.7 0.3062330623306233 0.704375 0.3143631436314363 0.709375 0.32791327913279134 0.709375 0.34417344173441733 0.7025 0.34688346883468835 0.69625 0.3333333333333333 0.69
1 0.44986449864498645 0.37 0.43902439024390244 0.36375 0.42276422764227645 0.364375 0.4146341463414634 0.370625 0.4173441734417344 0.38 0.4281842818428184 0.38375 0.4444444444444444 0.381875 0.44986449864498645 0.379375 0.44986449864498645 0.37
1 0.45257452574525747 0.450625 0.005420054200542005 0.00125
1 0.4268292682926829 0.448125 0.4146341463414634 0.444375 0.3997289972899729 0.444375 0.39295392953929537 0.4475 0.3956639566395664 0.456875 0.4065040650406504 0.4625 0.4281842818428184 0.461875 0.43089430894308944 0.45125 0.4268292682926829 0.448125
1 0.7005420054200542 0.59375 0.6869918699186992 0.59375 0.6788617886178862 0.596875 0.6761517615176151 0.60125 0.6788617886178862 0.61 0.6897018970189702 0.6125 0.7059620596205962 0.610625 0.7086720867208672 0.596875 0.7005420054200542 0.59375
1 0.516260162601626 0.22875 0.516260162601626 0.220625 0.510840108401084 0.2175 0.4932249322493225 0.216875 0.47696476964769646 0.220625 0.4715447154471545 0.22875 0.4796747967479675 0.235 0.4932249322493225 0.235625 0.508130081300813 0.2325 0.516260162601626 0.22875
1 0.32791327913279134 0.685 0.32791327913279134 0.678125 0.31978319783197834 0.673125 0.3008130081300813 0.673125 0.2845528455284553 0.680625 0.2845528455284553 0.686875 0.2953929539295393 0.69 0.3143631436314363 0.69 0.31978319783197834 0.688125 0.32791327913279134 0.685
1 0.46070460704607047 0.26 0.44308943089430897 0.25875 0.42276422764227645 0.2625 0.42005420054200543 0.268125 0.42953929539295393 0.275 0.4444444444444444 0.27625 0.45528455284552843 0.274375 0.4634146341463415 0.27125 0.46070460704607047 0.26
1 0.44173441734417346 0.3425 0.43360433604336046 0.339375 0.41192411924119243 0.34 0.4010840108401084 0.3425 0.39295392953929537 0.34875 0.3956639566395664 0.35375 0.4065040650406504 0.3575 0.4281842818428184 0.355625 0.43902439024390244 0.35125 0.44173441734417346 0.3425
1 0.3523035230352303 0.49875 0.32926829268292684 0.498125 0.31978319783197834 0.5025 0.3170731707317073 0.505625 0.3252032520325203 0.51125 0.33875338753387535 0.51375 0.3604336043360434 0.5125 0.36314363143631434 0.505 0.3523035230352303 0.49875
1 0.3333333333333333 0.273125 0.3333333333333333 0.2675 0.32791327913279134 0.265 0.3116531165311653 0.26375 0.2899728997289973 0.268125 0.2899728997289973 0.27625 0.2981029810298103 0.28 0.3170731707317073 0.28 0.32791327913279134 0.276875 0.3333333333333333 0.273125
1 0.42005420054200543 0.54 0.4173441734417344 0.536875 0.4065040650406504 0.53375 0.3821138211382114 0.53375 0.3685636856368564 0.54 0.3712737127371274 0.5475 0.3794037940379404 0.549375 0.3956639566395664 0.549375 0.4092140921409214 0.54625 0.42005420054200543 0.54
1 0.3008130081300813 0.3075 0.2872628726287263 0.30625 0.27371273712737126 0.31125 0.27100271002710025 0.323125 0.2791327913279133 0.329375 0.2953929539295393 0.329375 0.3062330623306233 0.325 0.3089430894308943 0.31125 0.3008130081300813 0.3075
1 0.3956639566395664 0.500625 0.3821138211382114 0.49875 0.3685636856368564 0.5025 0.36585365853658536 0.513125 0.37398373983739835 0.518125 0.3902439024390244 0.516875 0.3983739837398374 0.5125 0.4010840108401084 0.505 0.3956639566395664 0.500625
1 0.44986449864498645 0.4475 0.42953929539295393 0.446875 0.43089430894308944 0.459375 0.43766937669376693 0.4625 0.45799457994579945 0.4625 0.4634146341463415 0.46 0.4634146341463415 0.4525 0.44986449864498645 0.4475
1 0.26287262872628725 0.520625 0.23848238482384823 0.521875 0.22764227642276422 0.529375 0.23035230352303523 0.53375 0.23848238482384823 0.53625 0.25474254742547425 0.53625 0.2682926829268293 0.53125 0.27100271002710025 0.524375 0.26287262872628725 0.520625
1 0.3089430894308943 0.390625 0.3008130081300813 0.3975 0.3062330623306233 0.408125 0.3224932249322493 0.41125 0.33875338753387535 0.40625 0.34146341463414637 0.39625 0.3346883468834688 0.390625 0.3089430894308943 0.390625
1 0.45257452574525747 0.220625 0.44173441734417346 0.215625 0.42953929539295393 0.215 0.4173441734417344 0.220625 0.42005420054200543 0.22875 0.43360433604336046 0.235 0.44986449864498645 0.23375 0.45528455284552843 0.2325 0.45257452574525747 0.220625
1 0.9092140921409214 0.37375 0.9010840108401084 0.3775 0.9037940379403794 0.391875 0.9254742547425474 0.391875 0.9363143631436315 0.385625 0.9363143631436315 0.375 0.9227642276422764 0.371875 0.9092140921409214 0.37375
1 0.27371273712737126 0.54625 0.25745257452574527 0.550625 0.25745257452574527 0.555625 0.2682926829268293 0.561875 0.2953929539295393 0.561875 0.2981029810298103 0.553125 0.2845528455284553 0.5475 0.27371273712737126 0.54625
1 0.7235772357723578 0.33875 0.7086720867208672 0.34375 0.7086720867208672 0.3475 0.7168021680216802 0.3525 0.7493224932249323 0.350625 0.7547425474254743 0.348125 0.7520325203252033 0.339375 0.7235772357723578 0.33875
1 0.7303523035230353 0.478125 0.7154471544715447 0.478125 0.7059620596205962 0.480625 0.7059620596205962 0.48875 0.7100271002710027 0.49125 0.7384823848238482 0.493125 0.7452574525745257 0.490625 0.7439024390243902 0.480625 0.7303523035230353 0.478125
1 0.559620596205962 0.740625 0.551490514905149 0.735 0.540650406504065 0.73125 0.5298102981029811 0.731875 0.521680216802168 0.736875 0.5271002710027101 0.744375 0.540650406504065 0.748125 0.551490514905149 0.748125 0.556910569105691 0.745625 0.559620596205962 0.740625
1 0.6571815718157181 0.23375 0.6368563685636857 0.235625 0.6273712737127372 0.24125 0.6300813008130082 0.245625 0.6436314363143631 0.25 0.6571815718157181 0.25 0.6680216802168022 0.245625 0.6707317073170732 0.236875 0.6571815718157181 0.23375
1 0.19241192411924118 0.36375 0.1978319783197832 0.360625 0.1978319783197832 0.353125 0.19241192411924118 0.350625 0.1802168021680217 0.350625 0.15989159891598917 0.354375 0.15447154471544716 0.35875 0.15718157181571815 0.36375 0.16531165311653118 0.366875 0.18157181571815717 0.366875 0.19241192411924118 0.36375
1 0.24661246612466126 0.4 0.22764227642276422 0.4 0.21138211382113822 0.40625 0.21138211382113822 0.413125 0.21951219512195122 0.41625 0.24390243902439024 0.41625 0.25203252032520324 0.411875 0.25474254742547425 0.404375 0.24661246612466126 0.4
1 0.2764227642276423 0.328125 0.26287262872628725 0.319375 0.24932249322493225 0.32 0.24119241192411925 0.324375 0.24390243902439024 0.33375 0.25474254742547425 0.339375 0.2696476964769648 0.33875 0.2764227642276423 0.334375 0.2764227642276423 0.328125
1 0.573170731707317 0.53625 0.5677506775067751 0.529375 0.5623306233062331 0.526875 0.5460704607046071 0.52625 0.532520325203252 0.535 0.5365853658536586 0.545625 0.5474254742547425 0.550625 0.556910569105691 0.550625 0.5704607046070461 0.544375 0.573170731707317 0.53625
1 0.8269498644986449 0.6696175 0.8615596205962059 0.6682293749999999 0.870589430894309 0.6619825 0.8630650406504066 0.65365375 0.8495216802168022 0.652265625 0.8254457994579946 0.65365375 0.8269498644986449 0.65920625 0.8269498644986449 0.6696175
1 0.6207953929539295 0.681416875 0.6268143631436315 0.6758643750000001 0.6117669376693766 0.667535625 0.5906991869918699 0.663370625 0.5831747967479675 0.6696175 0.5846802168021681 0.6751699999999999 0.6207953929539295 0.681416875
1 0.5455555555555556 0.524555 0.5575934959349593 0.524555 0.5621084010840108 0.52177875 0.5621084010840108 0.5148375000000001 0.5515745257452574 0.5113675 0.5395365853658537 0.513449375 0.5380325203252032 0.5190018750000001 0.5455555555555556 0.524555
1 0.8013685636856368 0.441265 0.8028739837398373 0.44612375 0.8058834688346883 0.4489 0.8164159891598916 0.450288125 0.8299593495934959 0.445429375 0.8329688346883469 0.4433475 0.8284552845528455 0.437100625 0.8103970189701897 0.437100625 0.8013685636856368 0.441265
1 0.5019173441734418 0.49609749999999997 0.5079363143631437 0.5037325 0.521479674796748 0.5037325 0.5305081300813008 0.49679125 0.5320121951219512 0.48638062499999996 0.5199742547425474 0.48707437499999995 0.5019173441734418 0.49123875 0.5019173441734418 0.49609749999999997
1 0.8266478319783198 0.373245 0.8088929539295392 0.373245 0.8149119241192412 0.382268125 0.8194268292682927 0.391985625 0.8419972899728997 0.38782062500000003 0.8510271002710027 0.37949187500000003 0.8266478319783198 0.373245
1 0.786321138211382 0.381574375 0.7908346883468834 0.38920875000000005 0.8073875338753387 0.38782062500000003 0.8088929539295392 0.38018625 0.7968550135501354 0.377409375 0.7803021680216803 0.377409375 0.786321138211382 0.381574375
1 0.5500704607046071 0.45931125 0.5395365853658537 0.460699375 0.5395365853658537 0.468334375 0.5410420054200542 0.47180437499999994 0.5545840108401084 0.47249875 0.5666233062330623 0.47249875 0.5711368563685637 0.462781875 0.5666233062330623 0.45722875 0.5500704607046071 0.45931125
1 0.5771558265582656 0.32465937500000003 0.5891951219512196 0.326741875 0.5982235772357724 0.32535375 0.6027371273712737 0.31980125000000004 0.5997276422764227 0.310778125 0.5846802168021681 0.31008375 0.5756517615176152 0.318413125 0.5771558265582656 0.32465937500000003
1 0.5816707317073171 0.243451875 0.5771558265582656 0.24969874999999997 0.5816707317073171 0.2580275 0.5967181571815718 0.2621925 0.6102615176151761 0.260804375 0.6177859078590786 0.25733374999999997 0.62229945799458 0.250393125 0.6117669376693766 0.24206375000000002 0.5997276422764227 0.243451875 0.5816707317073171 0.243451875
1 0.20848509485094852 0.2052775 0.21299864498644988 0.21152437500000001 0.22202845528455284 0.216383125 0.23557046070460705 0.21499500000000002 0.2445989159891599 0.21013625000000002 0.24610433604336043 0.20736000000000002 0.23707588075880756 0.201113125 0.2160081300813008 0.201113125 0.20848509485094852 0.2052775
1 0.17688482384823848 0.314248125 0.18741734417344172 0.31980125000000004 0.20848509485094852 0.3225775 0.21450406504065042 0.319106875 0.21450406504065042 0.31008375 0.20998915989159891 0.305225 0.20848509485094852 0.305919375 0.18440785907859078 0.3073075 0.17688482384823848 0.314248125