0 0.524375 0.11710963455149502 0.526875 0.12956810631229235 0.538125 0.14950166112956811 0.54875 0.1611295681063123 0.5625 0.16611295681063123 0.576875 0.16611295681063123 0.5925 0.1611295681063123 0.609375 0.14451827242524917 0.618125 0.12541528239202657 0.62125 0.09800664451827243 0.619375 0.07724252491694353 0.61125 0.059800664451827246 0.59625 0.04401993355481727 0.576875 0.03820598006644518 0.551875 0.04401993355481727 0.535625 0.0606312292358804 0.52625 0.07973421926910298 0.524375 0.08803986710963455 0.524375 0.11710963455149502
1 0.46125 0.16943521594684385 0.473125 0.18438538205980065 0.480625 0.18438538205980065 0.484375 0.18023255813953487 0.486875 0.1719269102990033 0.485 0.15282392026578073 0.480625 0.14700996677740863 0.475625 0.14534883720930233 0.469375 0.14534883720930233 0.46375 0.14950166112956811 0.46125 0.15614617940199335 0.46125 0.16943521594684385
1 0.615 0.6096345514950167 0.63 0.6104651162790697 0.638125 0.6046511627906976 0.644375 0.5946843853820598 0.64625 0.5888704318936877 0.64625 0.5755813953488372 0.645 0.5722591362126246 0.63625 0.5672757475083057 0.62625 0.5689368770764119 0.619375 0.574750830564784 0.613125 0.5863787375415282 0.61125 0.6038205980066446 0.615 0.6096345514950167
1 0.445625 0.7873754152823921 0.4625 0.7882059800664452 0.473125 0.7749169435215947 0.473125 0.7641196013289037 0.470625 0.7541528239202658 0.463125 0.7466777408637874 0.449375 0.7450166112956811 0.4375 0.7533222591362126 0.4375 0.7749169435215947 0.445625 0.7873754152823921
1 0.3375 0.4219269102990033 0.3425 0.42524916943521596 0.350625 0.42524916943521596 0.358125 0.4210963455149502 0.36625 0.40448504983388706 0.365 0.38870431893687707 0.355625 0.3795681063122924 0.34375 0.38289036544850497 0.33375 0.3978405315614618 0.33375 0.4152823920265781 0.3375 0.4219269102990033
1 0.64625 0.520764119601329 0.6525 0.5282392026578073 0.6625 0.526578073089701 0.671875 0.5091362126245847 0.669375 0.48754152823920266 0.664375 0.48006644518272423 0.6575 0.4750830564784053 0.651875 0.47591362126245845 0.644375 0.48754152823920266 0.6425 0.5124584717607974 0.64625 0.520764119601329
1 0.560625 0.9194352159468439 0.574375 0.9194352159468439 0.581875 0.9111295681063123 0.58125 0.8961794019933554 0.57375 0.8820598006644518 0.55875 0.8795681063122923 0.5525 0.882890365448505 0.550625 0.8870431893687708 0.550625 0.9069767441860465 0.560625 0.9194352159468439
1 0.50125 0.728405315614618 0.50625 0.7308970099667774 0.514375 0.7300664451827242 0.520625 0.7259136212624585 0.52625 0.7200996677740864 0.52875 0.7093023255813954 0.52625 0.7001661129568106 0.519375 0.6935215946843853 0.506875 0.6951827242524917 0.4975 0.7051495016611296 0.4975 0.7209302325581395 0.50125 0.728405315614618
1 0.409375 0.25830564784053156 0.414375 0.260797342192691 0.4275 0.25830564784053156 0.43625 0.24501661129568106 0.435 0.23421926910299004 0.42875 0.22591362126245848 0.425 0.22425249169435216 0.411875 0.22591362126245848 0.40375 0.2350498338870432 0.40375 0.25 0.409375 0.25830564784053156
1 0.49 0.4368770764119601 0.5 0.4418604651162791 0.50875 0.4410299003322259 0.513125 0.4368770764119601 0.513125 0.41777408637873753 0.50125 0.4011627906976744 0.49 0.39700996677740863 0.483125 0.3995016611295681 0.47875 0.4053156146179402 0.47875 0.420265780730897 0.49 0.4368770764119601
1 0.440625 0.6893687707641196 0.448125 0.6951827242524917 0.455625 0.6951827242524917 0.46125 0.6901993355481728 0.463125 0.6810631229235881 0.46 0.6677740863787376 0.45625 0.6611295681063123 0.444375 0.654485049833887 0.439375 0.6569767441860465 0.435 0.6644518272425249 0.435 0.6785714285714286 0.440625 0.6893687707641196
1 0.545625 0.6237541528239202 0.556875 0.632890365448505 0.566875 0.632890365448505 0.57125 0.6295681063122923 0.57625 0.617109634551495 0.57625 0.6054817275747508 0.57125 0.5880398671096345 0.563125 0.5789036544850499 0.55625 0.5755813953488372 0.548125 0.5755813953488372 0.540625 0.584717607973422 0.54 0.6104651162790697 0.545625 0.6237541528239202
1 0.6075 0.6993355481727574 0.62 0.7134551495016611 0.63125 0.7134551495016611 0.638125 0.7043189368770764 0.63625 0.6843853820598007 0.62625 0.665282392026578 0.6225 0.6627906976744186 0.614375 0.6627906976744186 0.61125 0.6644518272425249 0.605 0.675249169435216 0.60375 0.6852159468438538 0.6075 0.6993355481727574
1 0.665625 0.5390365448504983 0.6675 0.5431893687707641 0.671875 0.5448504983388704 0.68125 0.5440199335548173 0.685625 0.5398671096345515 0.690625 0.5282392026578073 0.69125 0.5149501661129569 0.681875 0.5049833887043189 0.675625 0.5058139534883721 0.670625 0.5116279069767442 0.663125 0.5257475083056479 0.665625 0.5390365448504983
1 0.451875 0.287375415282392 0.46125 0.29651162790697677 0.470625 0.3014950166112957 0.47625 0.3014950166112957 0.484375 0.29401993355481726 0.484375 0.2799003322259136 0.47625 0.2649501661129568 0.46875 0.260797342192691 0.45875 0.260797342192691 0.45 0.26827242524916944 0.449375 0.2807308970099668 0.451875 0.287375415282392
1 0.5775 0.6619601328903655 0.5925 0.6661129568106312 0.603125 0.6578073089700996 0.605 0.6428571428571429 0.6025 0.6353820598006644 0.595 0.6270764119601329 0.58875 0.6237541528239202 0.581875 0.6237541528239202 0.571875 0.6345514950166113 0.571875 0.6536544850498339 0.5775 0.6619601328903655
1 0.604375 0.5282392026578073 0.615 0.532392026578073 0.623125 0.5274086378737541 0.62625 0.5182724252491694 0.62625 0.5016611295681063 0.619375 0.489202657807309 0.608125 0.489202657807309 0.600625 0.5 0.6 0.5182724252491694 0.604375 0.5282392026578073
1 0.638125 0.3795681063122924 0.641875 0.38289036544850497 0.6575 0.38205980066445183 0.665625 0.3704318936877076 0.665 0.3546511627906977 0.655625 0.3438538205980066 0.6425 0.3438538205980066 0.63375 0.3546511627906977 0.631875 0.36710963455149503 0.638125 0.3795681063122924
1 0.618125 0.4111295681063123 0.620625 0.41943521594684385 0.625 0.42524916943521596 0.638125 0.42857142857142855 0.64375 0.4269102990033223 0.64875 0.4219269102990033 0.650625 0.4111295681063123 0.646875 0.4019933554817276 0.64125 0.3953488372093023 0.6375 0.39285714285714285 0.62875 0.39285714285714285 0.620625 0.3978405315614618 0.618125 0.4011627906976744 0.618125 0.4111295681063123
1 0.284375 0.5074750830564784 0.290625 0.5124584717607974 0.3 0.510797342192691 0.305 0.5008305647840532 0.30625 0.4900332225913621 0.30375 0.47674418604651164 0.3 0.4717607973421927 0.293125 0.4692691029900332 0.285625 0.4700996677740864 0.28125 0.47591362126245845 0.27875 0.4867109634551495 0.284375 0.5074750830564784
1 0.305 0.4634551495016611 0.31 0.47259136212624586 0.319375 0.47591362126245845 0.333125 0.4700996677740864 0.33625 0.4659468438538206 0.3375 0.4543189368770764 0.33125 0.4410299003322259 0.313125 0.4410299003322259 0.3075 0.446843853820598 0.305 0.4526578073089701 0.305 0.4634551495016611
1 0.441875 0.39700996677740863 0.4475 0.4053156146179402 0.451875 0.4069767441860465 0.46125 0.4053156146179402 0.47125 0.39368770764119604 0.475625 0.38205980066445183 0.473125 0.3704318936877076 0.464375 0.36212624584717606 0.45625 0.36212624584717606 0.444375 0.3729235880398671 0.441875 0.3795681063122924 0.441875 0.39700996677740863
1 0.486875 0.24086378737541528 0.48875 0.24335548172757476 0.4975 0.24335548172757476 0.509375 0.23421926910299004 0.51625 0.21843853820598005 0.51625 0.20930232558139536 0.51125 0.19933554817275748 0.504375 0.19767441860465115 0.49375 0.20514950166112958 0.485 0.22009966777408638 0.484375 0.23006644518272426 0.486875 0.24086378737541528
1 0.600625 0.5672757475083057 0.608125 0.5730897009966778 0.6225 0.5722591362126246 0.63125 0.5614617940199336 0.63125 0.5539867109634552 0.625 0.5440199335548173 0.618125 0.5390365448504983 0.605 0.5373754152823921 0.600625 0.5390365448504983 0.595625 0.5456810631229236 0.595625 0.5573089700996677 0.600625 0.5672757475083057
1 0.635 0.5573089700996677 0.64625 0.5631229235880398 0.65375 0.5622923588039868 0.659375 0.5573089700996677 0.660625 0.5431893687707641 0.6575 0.5340531561461794 0.646875 0.5232558139534884 0.644375 0.5174418604651163 0.63375 0.5149501661129569 0.629375 0.5166112956810631 0.625 0.5232558139534884 0.625 0.5415282392026578 0.635 0.5573089700996677
1 0.576875 0.8504983388704319 0.584375 0.8612956810631229 0.595 0.8621262458471761 0.605 0.8504983388704319 0.605625 0.834717607973422 0.60125 0.8239202657807309 0.595 0.8205980066445183 0.589375 0.8214285714285714 0.58375 0.8239202657807309 0.5775 0.8313953488372093 0.575625 0.8363787375415282 0.576875 0.8504983388704319
1 0.410625 0.5672757475083057 0.418125 0.5780730897009967 0.426875 0.5830564784053156 0.435 0.5830564784053156 0.441875 0.574750830564784 0.441875 0.5614617940199336 0.4325 0.5456810631229236 0.425 0.5406976744186046 0.416875 0.5406976744186046 0.410625 0.5448504983388704 0.409375 0.5481727574750831 0.40875 0.5581395348837209 0.410625 0.5672757475083057
1 0.33375 0.3330564784053156 0.340625 0.3380398671096346 0.349375 0.33637873754152825 0.353125 0.3313953488372093 0.354375 0.31727574750830567 0.35125 0.29983388704318936 0.346875 0.292358803986711 0.341875 0.2898671096345515 0.335 0.292358803986711 0.330625 0.29983388704318936 0.32875 0.31727574750830567 0.33375 0.3330564784053156
1 0.598125 0.23006644518272426 0.605625 0.23837209302325582 0.616875 0.23837209302325582 0.623125 0.23421926910299004 0.62625 0.22840531561461794 0.62625 0.2159468438538206 0.62 0.2084717607973422 0.608125 0.20764119601328904 0.600625 0.21511627906976744 0.598125 0.22009966777408638 0.598125 0.23006644518272426
1 0.444375 0.7308970099667774 0.45 0.7367109634551495 0.46125 0.7408637873754153 0.4675 0.7400332225913622 0.475625 0.7308970099667774 0.475625 0.7167774086378738 0.470625 0.707641196013289 0.465625 0.7051495016611296 0.449375 0.7051495016611296 0.444375 0.7101328903654485 0.441875 0.7225913621262459 0.444375 0.7308970099667774
1 0.641875 0.6021594684385382 0.641875 0.6112956810631229 0.645625 0.6187707641196013 0.651875 0.6237541528239202 0.6625 0.6237541528239202 0.675 0.6154485049833887 0.68 0.6004983388704319 0.68 0.5880398671096345 0.676875 0.5813953488372093 0.6675 0.5730897009966778 0.654375 0.5730897009966778 0.649375 0.5764119601328903 0.64625 0.5921926910299004 0.641875 0.6021594684385382
1 0.598125 0.7475083056478405 0.613125 0.7483388704318937 0.619375 0.7450166112956811 0.623125 0.7375415282392026 0.623125 0.7200996677740864 0.61375 0.7101328903654485 0.60375 0.7093023255813954 0.5925 0.7192691029900332 0.591875 0.7367109634551495 0.598125 0.7475083056478405
1 0.255 0.5157807308970099 0.258125 0.526578073089701 0.264375 0.53156146179402 0.273125 0.5299003322259136 0.2775 0.5257475083056479 0.280625 0.5182724252491694 0.280625 0.5008305647840532 0.275 0.4908637873754153 0.27 0.48754152823920266 0.261875 0.4883720930232558 0.2575 0.49335548172757476 0.255 0.5 0.255 0.5157807308970099
1 0.455625 0.2350498338870432 0.47 0.23837209302325582 0.478125 0.2350498338870432 0.48125 0.23089700996677742 0.48625 0.21096345514950166 0.480625 0.20431893687707642 0.469375 0.2009966777408638 0.45625 0.20514950166112958 0.450625 0.21511627906976744 0.45 0.22425249169435216 0.455625 0.2350498338870432
1 0.61875 0.6561461794019934 0.625 0.6611295681063123 0.634375 0.6611295681063123 0.638125 0.6586378737541528 0.64375 0.6486710963455149 0.645625 0.6370431893687708 0.64125 0.617109634551495 0.633125 0.6112956810631229 0.628125 0.6121262458471761 0.620625 0.6146179401993356 0.615 0.622093023255814 0.613125 0.6420265780730897 0.61875 0.6561461794019934
1 0.5 0.6445182724252492 0.504375 0.6495016611295681 0.51875 0.6495016611295681 0.525625 0.6428571428571429 0.530625 0.6303986710963455 0.529375 0.6154485049833887 0.52625 0.6079734219269103 0.52125 0.6046511627906976 0.514375 0.6038205980066446 0.506875 0.6071428571428571 0.5 0.6196013289036545 0.4975 0.6320598006644518 0.5 0.6445182724252492
1 0.471875 0.6893687707641196 0.48125 0.6935215946843853 0.49 0.6935215946843853 0.4975 0.686046511627907 0.49625 0.6669435215946844 0.483125 0.6528239202657807 0.473125 0.6528239202657807 0.463125 0.6627906976744186 0.46375 0.6760797342192691 0.471875 0.6893687707641196
1 0.410625 0.3637873754152824 0.419375 0.3696013289036545 0.428125 0.3704318936877076 0.439375 0.36627906976744184 0.446875 0.35299003322259137 0.446875 0.34053156146179403 0.43875 0.3289036544850498 0.43 0.3230897009966777 0.41375 0.3272425249169435 0.406875 0.3380398671096346 0.406875 0.35631229235880396 0.410625 0.3637873754152824
1 0.264375 0.4634551495016611 0.26875 0.4700996677740864 0.279375 0.47093023255813954 0.285625 0.46511627906976744 0.288125 0.45930232558139533 0.28875 0.44518272425249167 0.285 0.4368770764119601 0.28 0.43521594684385384 0.26625 0.44518272425249167 0.264375 0.45099667774086377 0.264375 0.4634551495016611
1 0.509375 0.8911960132890365 0.516875 0.8903654485049833 0.520625 0.8870431893687708 0.529375 0.8762458471760798 0.530625 0.8704318936877077 0.529375 0.8529900332225914 0.525 0.8471760797342193 0.509375 0.8480066445182725 0.501875 0.8529900332225914 0.496875 0.8629568106312292 0.4975 0.8803986710963455 0.509375 0.8911960132890365
1 0.4325 0.43853820598006643 0.438125 0.44518272425249167 0.449375 0.44933554817275745 0.458125 0.4410299003322259 0.458125 0.4219269102990033 0.449375 0.40863787375415284 0.438125 0.4053156146179402 0.43125 0.4127906976744186 0.43 0.43023255813953487 0.4325 0.43853820598006643
1 0.576875 0.7109634551495017 0.58375 0.7200996677740864 0.591875 0.7192691029900332 0.6 0.7026578073089701 0.6 0.6918604651162791 0.596875 0.6769102990033222 0.59 0.6677740863787376 0.58125 0.6661129568106312 0.5725 0.6802325581395349 0.571875 0.6943521594684385 0.576875 0.7109634551495017
1 0.316875 0.14950166112956811 0.328125 0.14950166112956811 0.333125 0.14534883720930233 0.338125 0.1362126245847176 0.338125 0.12209302325581395 0.330625 0.11378737541528239 0.319375 0.11378737541528239 0.31 0.12375415282392027 0.31 0.14285714285714285 0.316875 0.14950166112956811
1 0.533125 0.5564784053156147 0.540625 0.5631229235880398 0.5525 0.5622923588039868 0.560625 0.5556478405315615 0.56375 0.5498338870431894 0.561875 0.5357142857142857 0.551875 0.526578073089701 0.540625 0.5282392026578073 0.5325 0.5357142857142857 0.53125 0.5514950166112956 0.533125 0.5564784053156147
1 0.485 0.25830564784053156 0.4925 0.2757475083056478 0.5 0.2799003322259136 0.509375 0.27740863787375414 0.513125 0.26827242524916944 0.51125 0.2516611295681063 0.5025 0.24335548172757476 0.4875 0.24584717607973422 0.485 0.2516611295681063 0.485 0.25830564784053156
1 0.27125 0.3496677740863787 0.285625 0.35299003322259137 0.293125 0.3480066445182724 0.293125 0.33222591362126247 0.288125 0.3230897009966777 0.279375 0.31893687707641194 0.27125 0.31893687707641194 0.263125 0.32475083056478404 0.2625 0.33637873754152825 0.27125 0.3496677740863787
1 0.524375 0.44933554817275745 0.53 0.45598006644518274 0.5375 0.46096345514950166 0.54625 0.46179401993355484 0.555 0.4543189368770764 0.555625 0.4393687707641196 0.5525 0.43106312292358806 0.540625 0.4169435215946844 0.5325 0.41362126245847175 0.524375 0.4169435215946844 0.5225 0.4210963455149502 0.521875 0.4410299003322259 0.524375 0.44933554817275745