1 0.36625 0.2350498338870432 0.36875 0.24584717607973422 0.378125 0.2549833887043189 0.38875 0.25332225913621265 0.39625 0.24584717607973422 0.3975 0.22757475083056478 0.395 0.2217607973421927 0.38875 0.21677740863787376 0.375625 0.21677740863787376 0.366875 0.22674418604651161 0.36625 0.2350498338870432
1 0.6375 0.4410299003322259 0.644375 0.45182724252491696 0.651875 0.45514950166112955 0.665 0.45514950166112955 0.67125 0.44933554817275745 0.675 0.44019933554817275 0.673125 0.4269102990033223 0.66375 0.4161129568106312 0.6475 0.4152823920265781 0.6375 0.4269102990033223 0.63625 0.43521594684385384 0.6375 0.4410299003322259
1 0.415 0.22674418604651161 0.415 0.2350498338870432 0.418125 0.24335548172757476 0.434375 0.25830564784053156 0.44 0.25830564784053156 0.4475 0.25332225913621265 0.454375 0.2441860465116279 0.4575 0.2367109634551495 0.456875 0.23172757475083056 0.454375 0.223421926910299 0.45125 0.22009966777408638 0.4375 0.21428571428571427 0.42125 0.21677740863787376 0.415 0.22674418604651161
1 0.50875 0.5224252491694352 0.516875 0.53156146179402 0.528125 0.53156146179402 0.534375 0.5257475083056479 0.53875 0.5174418604651163 0.53875 0.5008305647840532 0.534375 0.4958471760797342 0.52625 0.4950166112956811 0.515625 0.5008305647840532 0.50875 0.5132890365448505 0.50875 0.5224252491694352
1 0.429375 0.4227574750830565 0.433125 0.42940199335548174 0.439375 0.4368770764119601 0.44875 0.4410299003322259 0.456875 0.4393687707641196 0.46 0.43438538205980065 0.461875 0.42441860465116277 0.46 0.4186046511627907 0.4525 0.40780730897009965 0.4425 0.4019933554817276 0.43625 0.40282392026578073 0.428125 0.4127906976744186 0.429375 0.4227574750830565
1 0.7425 0.2541528239202658 0.746875 0.26411960132890366 0.754375 0.26744186046511625 0.763125 0.25830564784053156 0.76625 0.24833887043189368 0.765625 0.23089700996677742 0.763125 0.22674418604651161 0.755 0.223421926910299 0.75 0.22591362126245848 0.743125 0.2367109634551495 0.7425 0.2541528239202658
1 0.505625 0.23920265780730898 0.50875 0.24750830564784054 0.519375 0.2541528239202658 0.528125 0.25083056478405313 0.531875 0.23920265780730898 0.53125 0.22425249169435216 0.52375 0.21096345514950166 0.513125 0.2084717607973422 0.50875 0.21428571428571427 0.505 0.22674418604651161 0.505625 0.23920265780730898
1 0.476875 0.3687707641196013 0.48875 0.37209302325581395 0.495625 0.36794019933554817 0.49875 0.36295681063122925 0.498125 0.3488372093023256 0.49 0.3380398671096346 0.47625 0.33554817275747506 0.4675 0.34136212624584716 0.465625 0.3538205980066445 0.476875 0.3687707641196013
1 0.411875 0.4634551495016611 0.41625 0.4700996677740864 0.423125 0.4742524916943522 0.43625 0.473421926910299 0.44375 0.4684385382059801 0.449375 0.4584717607973422 0.449375 0.4476744186046512 0.4475 0.44435215946843853 0.434375 0.43438538205980065 0.42125 0.4368770764119601 0.415625 0.4410299003322259 0.411875 0.4476744186046512 0.411875 0.4634551495016611
1 0.505625 0.3073089700996678 0.510625 0.3106312292358804 0.516875 0.3106312292358804 0.52625 0.303156146179402 0.53375 0.28488372093023256 0.53375 0.2757475083056478 0.530625 0.26827242524916944 0.519375 0.26578073089701 0.508125 0.27408637873754155 0.5025 0.2857142857142857 0.5025 0.3023255813953488 0.505625 0.3073089700996678
1 0.361875 0.53156146179402 0.361875 0.5440199335548173 0.365625 0.553156146179402 0.37125 0.5573089700996677 0.380625 0.5589700996677741 0.386875 0.5573089700996677 0.395 0.5498338870431894 0.399375 0.5431893687707641 0.40125 0.532392026578073 0.4 0.5157807308970099 0.39 0.5041528239202658 0.38 0.5041528239202658 0.37125 0.5116279069767442 0.36625 0.5174418604651163 0.361875 0.53156146179402
1 0.6375 0.21345514950166114 0.646875 0.21345514950166114 0.65625 0.2009966777408638 0.65625 0.1760797342192691 0.646875 0.1669435215946844 0.6375 0.16777408637873753 0.628125 0.18106312292358803 0.62875 0.20514950166112958 0.6375 0.21345514950166114
1 0.564375 0.3588039867109635 0.575 0.3546511627906977 0.579375 0.3488372093023256 0.579375 0.32641196013289037 0.5775 0.3230897009966777 0.57 0.3131229235880399 0.554375 0.31146179401993357 0.548125 0.3239202657807309 0.553125 0.34717607973421927 0.564375 0.3588039867109635
1 0.6275 0.3795681063122924 0.62875 0.3911960132890365 0.64125 0.4061461794019934 0.655625 0.4053156146179402 0.669375 0.3903654485049834 0.67125 0.3803986710963455 0.66875 0.3704318936877076 0.66125 0.36212624584717606 0.65375 0.3588039867109635 0.644375 0.3588039867109635 0.630625 0.3696013289036545 0.6275 0.3795681063122924
1 0.586875 0.1877076411960133 0.591875 0.19933554817275748 0.606875 0.20930232558139536 0.614375 0.2084717607973422 0.620625 0.2026578073089701 0.620625 0.18272425249169436 0.6175 0.17524916943521596 0.60375 0.16362126245847175 0.591875 0.16279069767441862 0.586875 0.16943521594684385 0.586875 0.1877076411960133
1 0.618125 0.3081395348837209 0.623125 0.31976744186046513 0.63125 0.3280730897009967 0.641875 0.329734219269103 0.64625 0.32641196013289037 0.649375 0.32059800664451826 0.64875 0.30398671096345514 0.641875 0.2857142857142857 0.635 0.27906976744186046 0.6225 0.27906976744186046 0.618125 0.28488372093023256 0.618125 0.3081395348837209
1 0.51375 0.39700996677740863 0.524375 0.4111295681063123 0.53375 0.4127906976744186 0.539375 0.40946843853820597 0.5425 0.3995016611295681 0.54125 0.38704318936877075 0.5325 0.3696013289036545 0.529375 0.36710963455149503 0.51875 0.36710963455149503 0.5125 0.37624584717607973 0.51375 0.39700996677740863
1 0.73125 0.43438538205980065 0.739375 0.44518272425249167 0.749375 0.44518272425249167 0.755 0.4377076411960133 0.759375 0.4227574750830565 0.759375 0.41362126245847175 0.75625 0.40282392026578073 0.753125 0.39700996677740863 0.745625 0.3953488372093023 0.738125 0.3995016611295681 0.731875 0.4111295681063123 0.73125 0.43438538205980065
1 0.544375 0.29900332225913623 0.546875 0.30398671096345514 0.555 0.30980066445182725 0.563125 0.3106312292358804 0.56875 0.3081395348837209 0.575 0.3014950166112957 0.578125 0.29401993355481726 0.5775 0.2823920265780731 0.56875 0.27408637873754155 0.555625 0.2749169435215947 0.54625 0.2840531561461794 0.54375 0.292358803986711 0.544375 0.29900332225913623
1 0.57625 0.2558139534883721 0.5775 0.2616279069767442 0.586875 0.27408637873754155 0.5975 0.276578073089701 0.604375 0.27325581395348836 0.610625 0.26411960132890366 0.610625 0.25083056478405313 0.60375 0.23920265780730898 0.5975 0.2350498338870432 0.586875 0.23421926910299004 0.578125 0.24003322259136212 0.57625 0.2558139534883721
1 0.654375 0.27408637873754155 0.661875 0.28488372093023256 0.6725 0.28820598006644516 0.68 0.2782392026578073 0.679375 0.2599667774086379 0.6725 0.24916943521594684 0.658125 0.24667774086378738 0.651875 0.2541528239202658 0.65125 0.2616279069767442 0.654375 0.27408637873754155
1 0.5625 0.584717607973422 0.570625 0.5988372093023255 0.578125 0.5996677740863787 0.586875 0.5888704318936877 0.588125 0.5730897009966778 0.58125 0.5589700996677741 0.57375 0.5564784053156147 0.56625 0.5581395348837209 0.5625 0.5647840531561462 0.5625 0.584717607973422
1 0.48875 0.5024916943521595 0.49125 0.5091362126245847 0.496875 0.5124584717607974 0.5075 0.5132890365448505 0.519375 0.4958471760797342 0.518125 0.4808970099667774 0.5125 0.47259136212624586 0.504375 0.47259136212624586 0.49875 0.47591362126245845 0.48875 0.4900332225913621 0.48875 0.5024916943521595
1 0.635 0.4717607973421927 0.639375 0.4850498338870432 0.649375 0.49335548172757476 0.65375 0.4941860465116279 0.6625 0.4900332225913621 0.66625 0.4850498338870432 0.66625 0.4676079734219269 0.661875 0.4601328903654485 0.65625 0.45598006644518274 0.64375 0.4543189368770764 0.63625 0.46179401993355484 0.635 0.4717607973421927
1 0.53375 0.36794019933554817 0.536875 0.3787375415282392 0.54375 0.3903654485049834 0.55125 0.3945182724252492 0.561875 0.39368770764119604 0.5675 0.38372093023255816 0.5675 0.3712624584717608 0.565 0.3646179401993355 0.558125 0.35299003322259137 0.55 0.34717607973421927 0.539375 0.3480066445182724 0.53375 0.3579734219269103 0.53375 0.36794019933554817
1 0.604375 0.2350498338870432 0.605 0.24335548172757476 0.60875 0.24750830564784054 0.611875 0.25830564784053156 0.61625 0.2632890365448505 0.623125 0.2632890365448505 0.6275 0.2599667774086379 0.6325 0.24750830564784054 0.6325 0.23588039867109634 0.63 0.22674418604651161 0.62625 0.2217607973421927 0.620625 0.21926910299003322 0.61125 0.22009966777408638 0.606875 0.22591362126245848 0.604375 0.2350498338870432
1 0.54 0.41445182724252494 0.54 0.4219269102990033 0.55125 0.44019933554817275 0.558125 0.44435215946843853 0.5675 0.44435215946843853 0.5725 0.4393687707641196 0.57375 0.4335548172757475 0.5725 0.4152823920265781 0.5625 0.40282392026578073 0.550625 0.3995016611295681 0.545625 0.4019933554817276 0.5425 0.40780730897009965 0.54 0.41445182724252494
1 0.42125 0.3795681063122924 0.42375 0.38870431893687707 0.429375 0.39700996677740863 0.43625 0.4011627906976744 0.44125 0.4011627906976744 0.448125 0.39700996677740863 0.4525 0.38953488372093026 0.454375 0.3812292358803987 0.4525 0.3712624584717608 0.443125 0.35714285714285715 0.43 0.3538205980066445 0.425625 0.3579734219269103 0.42125 0.36794019933554817 0.42125 0.3795681063122924
1 0.5375 0.4950166112956811 0.54375 0.48421926910299 0.54375 0.4601328903654485 0.536875 0.45348837209302323 0.530625 0.45348837209302323 0.521875 0.4642857142857143 0.521875 0.489202657807309 0.526875 0.4941860465116279 0.5375 0.4950166112956811
1 0.46375 0.44518272425249167 0.464375 0.46511627906976744 0.47375 0.47840531561461797 0.480625 0.4792358803986711 0.488125 0.4692691029900332 0.490625 0.457641196013289 0.490625 0.4410299003322259 0.485625 0.43023255813953487 0.480625 0.4260797342192691 0.47125 0.4277408637873754 0.465625 0.4377076411960133 0.46375 0.44518272425249167
1 0.5175 0.5622923588039868 0.524375 0.5622923588039868 0.53375 0.5564784053156147 0.53375 0.5398671096345515 0.526875 0.5332225913621262 0.513125 0.5340531561461794 0.508125 0.5431893687707641 0.51 0.5581395348837209 0.5175 0.5622923588039868
1 0.349375 0.38372093023255816 0.355 0.3978405315614618 0.36375 0.4011627906976744 0.370625 0.4003322259136213 0.37875 0.3961794019933555 0.381875 0.3903654485049834 0.38375 0.3795681063122924 0.3825 0.37375415282392027 0.376875 0.3654485049833887 0.36375 0.36295681063122925 0.355625 0.36710963455149503 0.35125 0.3729235880398671 0.349375 0.38372093023255816
1 0.5325 0.24003322259136212 0.5325 0.2599667774086379 0.535625 0.2649501661129568 0.54 0.2666112956810631 0.55 0.2666112956810631 0.558125 0.2632890365448505 0.57 0.2441860465116279 0.570625 0.23255813953488372 0.5675 0.22508305647840532 0.560625 0.22093023255813954 0.550625 0.2217607973421927 0.54375 0.22591362126245848 0.5325 0.24003322259136212
1 0.3125 0.3729235880398671 0.314375 0.38289036544850497 0.320625 0.39368770764119604 0.325625 0.39700996677740863 0.3325 0.3978405315614618 0.33875 0.3953488372093023 0.341875 0.3903654485049834 0.341875 0.3795681063122924 0.3375 0.36627906976744184 0.329375 0.35631229235880396 0.32 0.3554817275747508 0.314375 0.36212624584717606 0.3125 0.3729235880398671
1 0.36875 0.4260797342192691 0.375625 0.43521594684385384 0.379375 0.4368770764119601 0.395 0.43438538205980065 0.40625 0.42358803986710963 0.408125 0.4111295681063123 0.395 0.4011627906976744 0.381875 0.40282392026578073 0.37125 0.4111295681063123 0.36875 0.4169435215946844 0.36875 0.4260797342192691
1 0.48125 0.5681063122923588 0.491875 0.5764119601328903 0.508125 0.5730897009966778 0.51 0.5689368770764119 0.51 0.5539867109634552 0.5075 0.5465116279069767 0.49875 0.5390365448504983 0.484375 0.5390365448504983 0.47875 0.5473421926910299 0.47875 0.5606312292358804 0.48125 0.5681063122923588
1 0.54625 0.48421926910299 0.558125 0.4867109634551495 0.565625 0.48172757475083056 0.5725 0.4684385382059801 0.5725 0.4526578073089701 0.56875 0.4476744186046512 0.555625 0.446843853820598 0.54625 0.457641196013289 0.544375 0.4634551495016611 0.544375 0.48006644518272423 0.54625 0.48421926910299
1 0.555625 0.21345514950166114 0.558125 0.21760797342192692 0.57125 0.22840531561461794 0.581875 0.22840531561461794 0.589375 0.223421926910299 0.59375 0.21677740863787376 0.593125 0.20514950166112958 0.586875 0.19352159468438537 0.57625 0.18853820598006646 0.560625 0.19102990033222592 0.554375 0.2026578073089701 0.555625 0.21345514950166114
1 0.500625 0.45514950166112955 0.5075 0.4634551495016611 0.519375 0.46677740863787376 0.53125 0.45016611295681064 0.53375 0.43106312292358806 0.53125 0.42524916943521596 0.525625 0.420265780730897 0.519375 0.41943521594684385 0.506875 0.4260797342192691 0.5 0.4418604651162791 0.500625 0.45514950166112955
1 0.4625 0.24833887043189368 0.470625 0.2591362126245847 0.47875 0.26411960132890366 0.48875 0.26411960132890366 0.493125 0.2616279069767442 0.49875 0.25083056478405313 0.498125 0.23754152823920266 0.488125 0.22259136212624583 0.47375 0.21843853820598005 0.465625 0.2217607973421927 0.46 0.2350498338870432 0.4625 0.24833887043189368
1 0.489375 0.6021594684385382 0.495625 0.606312292358804 0.51 0.6054817275747508 0.516875 0.6004983388704319 0.519375 0.595514950166113 0.519375 0.584717607973422 0.516875 0.5789036544850499 0.51 0.5730897009966778 0.491875 0.5780730897009967 0.486875 0.5880398671096345 0.486875 0.5971760797342193 0.489375 0.6021594684385382
1 0.434375 0.27906976744186046 0.439375 0.29401993355481726 0.4475 0.3014950166112957 0.4575 0.30398671096345514 0.4625 0.30066445182724255 0.46875 0.28820598006644516 0.4675 0.2757475083056478 0.461875 0.2649501661129568 0.456875 0.2616279069767442 0.4425 0.2599667774086379 0.43625 0.26578073089701 0.434375 0.27906976744186046
1 0.443125 0.17691029900332225 0.441875 0.1877076411960133 0.4425 0.2026578073089701 0.4475 0.21428571428571427 0.454375 0.22009966777408638 0.4625 0.2217607973421927 0.470625 0.21843853820598005 0.475 0.21345514950166114 0.4775 0.20681063122923588 0.47625 0.19019933554817275 0.478125 0.18687707641196014 0.478125 0.18106312292358803 0.475625 0.1760797342192691 0.46875 0.16611295681063123 0.460625 0.1611295681063123 0.453125 0.16196013289036545 0.448125 0.1669435215946844 0.443125 0.17691029900332225
1 0.479375 0.20514950166112958 0.48875 0.21511627906976744 0.5 0.21760797342192692 0.5075 0.2101328903654485 0.5075 0.19186046511627908 0.49875 0.17940199335548174 0.48875 0.17691029900332225 0.48 0.18272425249169436 0.47625 0.1951827242524917 0.479375 0.20514950166112958
1 0.566875 0.6528239202657807 0.58125 0.6495016611295681 0.589375 0.6387043189368771 0.588125 0.6245847176079734 0.578125 0.6187707641196013 0.568125 0.622093023255814 0.560625 0.6303986710963455 0.560625 0.6486710963455149 0.566875 0.6528239202657807
1 0.39 0.37209302325581395 0.39 0.3862126245847176 0.3925 0.3945182724252492 0.4 0.40448504983388706 0.408125 0.40946843853820597 0.41625 0.4061461794019934 0.42125 0.4003322259136213 0.42375 0.3953488372093023 0.423125 0.38372093023255816 0.42125 0.3812292358803987 0.420625 0.37209302325581395 0.40875 0.36129568106312293 0.398125 0.36212624584717606 0.39 0.37209302325581395
0 0.27142875 0.11983887043189369 0.23392875 0.14712873754152825 0.23303562500000002 0.21120099667774087 0.24642875 0.24679651162790694 0.274106875 0.26340780730897007 0.299106875 0.26103488372093026 0.31696437499999996 0.2551021594684385 0.33392874999999994 0.22069269102990033 0.330356875 0.1981486710963455 0.333035625 0.17085880398671097 0.319643125 0.14712873754152825 0.304464375 0.12339784053156146 0.27142875 0.11983887043189369