1 0.7953929539295393 0.439375 0.7845528455284553 0.43375 0.7710027100271003 0.43125 0.7560975609756098 0.433125 0.7493224932249323 0.43625 0.7493224932249323 0.443125 0.7574525745257452 0.4475 0.7737127371273713 0.45 0.7926829268292683 0.449375 0.7953929539295393 0.439375
1 0.41192411924119243 0.349375 0.4010840108401084 0.349375 0.3821138211382114 0.35625 0.3794037940379404 0.365 0.3902439024390244 0.370625 0.4092140921409214 0.370625 0.42005420054200543 0.365625 0.42276422764227645 0.35625 0.41192411924119243 0.349375
1 0.3780487804878049 0.443125 0.35501355013550134 0.44375 0.34688346883468835 0.4525 0.34959349593495936 0.4575 0.35772357723577236 0.460625 0.3712737127371274 0.46 0.3794037940379404 0.4575 0.3821138211382114 0.44625 0.3780487804878049 0.443125
1 0.4986449864498645 0.40625 0.4878048780487805 0.401875 0.46883468834688347 0.403125 0.46070460704607047 0.408125 0.46476964769647694 0.4175 0.4742547425474255 0.42125 0.4986449864498645 0.42 0.502710027100271 0.41625 0.4986449864498645 0.40625
1 0.17886178861788618 0.474375 0.17073170731707318 0.47875 0.17344173441734417 0.490625 0.19241192411924118 0.491875 0.2032520325203252 0.488125 0.20596205962059622 0.479375 0.1991869918699187 0.475 0.17886178861788618 0.474375
1 0.7032520325203252 0.553125 0.6991869918699187 0.546875 0.6869918699186992 0.5425 0.6734417344173442 0.54375 0.6707317073170732 0.5525 0.6761517615176151 0.558125 0.6815718157181572 0.560625 0.6951219512195121 0.560625 0.7005420054200542 0.558125 0.7032520325203252 0.553125
1 0.3089430894308943 0.3475 0.2940379403794038 0.34875 0.2845528455284553 0.355625 0.2845528455284553 0.36375 0.2899728997289973 0.368125 0.3116531165311653 0.370625 0.3224932249322493 0.366875 0.3252032520325203 0.353125 0.3089430894308943 0.3475
1 0.4444444444444444 0.405 0.4444444444444444 0.39625 0.43902439024390244 0.393125 0.42005420054200543 0.393125 0.4065040650406504 0.3975 0.4037940379403794 0.408125 0.4105691056910569 0.411875 0.42276422764227645 0.413125 0.43766937669376693 0.41 0.4444444444444444 0.405
1 0.7276422764227642 0.355625 0.7222222222222222 0.34875 0.7140921409214093 0.34625 0.6951219512195121 0.34875 0.6897018970189702 0.3525 0.6897018970189702 0.36375 0.6951219512195121 0.366875 0.7113821138211383 0.368125 0.7249322493224932 0.36125 0.7276422764227642 0.355625
1 0.41192411924119243 0.291875 0.3970189701897019 0.29125 0.38482384823848237 0.295625 0.38482384823848237 0.30375 0.3956639566395664 0.30875 0.4092140921409214 0.310625 0.4241192411924119 0.305625 0.4254742547425474 0.30375 0.41192411924119243 0.291875
1 0.6165311653116531 0.408125 0.5989159891598916 0.408125 0.5894308943089431 0.415625 0.592140921409214 0.42625 0.5975609756097561 0.428125 0.6165311653116531 0.428125 0.6219512195121951 0.42625 0.6219512195121951 0.410625 0.6165311653116531 0.408125
1 0.6626016260162602 0.488125 0.6680216802168022 0.485625 0.6680216802168022 0.47875 0.6626016260162602 0.47375 0.6517615176151762 0.470625 0.6368563685636857 0.470625 0.6273712737127372 0.474375 0.6246612466124661 0.47875 0.6327913279132791 0.48625 0.6422764227642277 0.48875 0.6626016260162602 0.488125
1 0.6653116531165312 0.26 0.6463414634146342 0.26 0.6327913279132791 0.265625 0.6327913279132791 0.2725 0.6382113821138211 0.276875 0.6680216802168022 0.276875 0.6761517615176151 0.273125 0.6788617886178862 0.265625 0.6653116531165312 0.26
1 0.502710027100271 0.27 0.502710027100271 0.261875 0.4932249322493225 0.2575 0.47696476964769646 0.2575 0.46476964769647694 0.2625 0.46070460704607047 0.27 0.46747967479674796 0.275 0.4878048780487805 0.276875 0.4986449864498645 0.273125 0.502710027100271 0.27
1 0.7872628726287263 0.34375 0.7737127371273713 0.335625 0.7601626016260162 0.335 0.7466124661246613 0.3425 0.7493224932249323 0.3525 0.7601626016260162 0.35875 0.7804878048780488 0.356875 0.7872628726287263 0.3525 0.7872628726287263 0.34375
1 0.4959349593495935 0.315 0.4878048780487805 0.309375 0.4796747967479675 0.3075 0.46747967479674796 0.308125 0.45528455284552843 0.314375 0.45257452574525747 0.324375 0.46070460704607047 0.329375 0.4796747967479675 0.329375 0.4932249322493225 0.324375 0.4959349593495935 0.315
1 0.2981029810298103 0.303125 0.27100271002710025 0.30375 0.2682926829268293 0.314375 0.27371273712737126 0.3175 0.2791327913279133 0.319375 0.3035230352303523 0.319375 0.3089430894308943 0.3175 0.3116531165311653 0.31125 0.2981029810298103 0.303125
1 0.3170731707317073 0.290625 0.3035230352303523 0.291875 0.2981029810298103 0.295 0.2981029810298103 0.3025 0.3048780487804878 0.30625 0.3170731707317073 0.308125 0.3252032520325203 0.303125 0.32791327913279134 0.293125 0.3170731707317073 0.290625
1 0.4634146341463415 0.47375 0.44037940379403795 0.47375 0.4281842818428184 0.479375 0.4254742547425474 0.488125 0.42953929539295393 0.49125 0.45257452574525747 0.493125 0.46883468834688347 0.488125 0.4715447154471545 0.478125 0.4634146341463415 0.47375
1 0.7926829268292683 0.50125 0.7655826558265583 0.50125 0.7574525745257452 0.51 0.7628726287262872 0.51625 0.7723577235772358 0.51875 0.7872628726287263 0.51875 0.7981029810298103 0.515 0.8008130081300813 0.508125 0.7926829268292683 0.50125
1 0.8333333333333334 0.3375 0.8333333333333334 0.32625 0.8252032520325203 0.3225 0.8089430894308943 0.323125 0.7953929539295393 0.33 0.7926829268292683 0.340625 0.8008130081300813 0.345625 0.8170731707317073 0.345625 0.8279132791327913 0.3425 0.8333333333333334 0.3375
1 0.5907859078590786 0.4375 0.5813008130081301 0.4425 0.5813008130081301 0.44625 0.5948509485094851 0.451875 0.6219512195121951 0.449375 0.6246612466124661 0.44 0.6111111111111112 0.43625 0.5907859078590786 0.4375
1 0.6815718157181572 0.464375 0.6815718157181572 0.459375 0.6707317073170732 0.453125 0.6490514905149052 0.454375 0.6409214092140921 0.45875 0.6382113821138211 0.464375 0.6490514905149052 0.470625 0.6626016260162602 0.47125 0.6761517615176151 0.4675 0.6815718157181572 0.464375
1 0.8577235772357723 0.454375 0.8292682926829268 0.455 0.8197831978319783 0.460625 0.8252032520325203 0.4675 0.8333333333333334 0.470625 0.8631436314363143 0.470625 0.8712737127371274 0.4675 0.8739837398373984 0.46 0.8577235772357723 0.454375
1 0.21951219512195122 0.384375 0.21138211382113822 0.37875 0.20596205962059622 0.376875 0.18699186991869918 0.376875 0.17886178861788618 0.38 0.17886178861788618 0.389375 0.1897018970189702 0.395 0.21138211382113822 0.395 0.21680216802168023 0.393125 0.21951219512195122 0.384375
1 0.7113821138211383 0.345625 0.7222222222222222 0.341875 0.7249322493224932 0.328125 0.7195121951219512 0.324375 0.7140921409214093 0.3225 0.6964769647696477 0.3225 0.6897018970189702 0.324375 0.6815718157181572 0.330625 0.6815718157181572 0.339375 0.6869918699186992 0.3425 0.6951219512195121 0.345625 0.7113821138211383 0.345625
1 0.28184281842818426 0.495625 0.25338753387533874 0.495625 0.24119241192411925 0.500625 0.24390243902439024 0.51 0.25474254742547425 0.5125 0.2764227642276423 0.5125 0.2899728997289973 0.5075 0.2926829268292683 0.50125 0.28184281842818426 0.495625
1 0.27371273712737126 0.385 0.2791327913279133 0.381875 0.2791327913279133 0.376875 0.26558265582655827 0.371875 0.24661246612466126 0.371875 0.23577235772357724 0.375 0.23035230352303523 0.38 0.23306233062330622 0.385 0.24390243902439024 0.38875 0.2601626016260163 0.38875 0.27371273712737126 0.385
1 0.6897018970189702 0.39 0.6842818428184282 0.381875 0.6680216802168022 0.380625 0.6598915989159891 0.3825 0.6517615176151762 0.386875 0.6517615176151762 0.396875 0.6571815718157181 0.40125 0.6707317073170732 0.405 0.6869918699186992 0.398125 0.6897018970189702 0.39
1 0.4986449864498645 0.29625 0.5 0.2875 0.491869918699187 0.28125 0.4715447154471545 0.276875 0.46070460704607047 0.279375 0.45528455284552843 0.283125 0.45528455284552843 0.293125 0.46070460704607047 0.298125 0.4715447154471545 0.30125 0.48509485094850946 0.30125 0.4986449864498645 0.29625
1 0.36585365853658536 0.30625 0.3604336043360434 0.299375 0.34688346883468835 0.293125 0.3333333333333333 0.29375 0.3252032520325203 0.300625 0.32791327913279134 0.310625 0.34010840108401086 0.315 0.35772357723577236 0.315 0.36314363143631434 0.3125 0.36585365853658536 0.30625
1 0.8143631436314364 0.30125 0.7913279132791328 0.304375 0.7845528455284553 0.309375 0.7845528455284553 0.3175 0.7981029810298103 0.326875 0.8089430894308943 0.324375 0.8224932249322493 0.3175 0.8224932249322493 0.304375 0.8143631436314364 0.30125
1 0.7289972899728997 0.3175 0.7249322493224932 0.32 0.7276422764227642 0.335 0.7384823848238482 0.33875 0.7520325203252033 0.336875 0.7574525745257452 0.334375 0.7547425474254743 0.3175 0.7289972899728997 0.3175
1 0.7303523035230353 0.495625 0.7168021680216802 0.48875 0.6978319783197832 0.486875 0.6842818428184282 0.491875 0.6842818428184282 0.49875 0.6978319783197832 0.505 0.7249322493224932 0.505 0.7303523035230353 0.5025 0.7303523035230353 0.495625
1 0.6138211382113821 0.518125 0.6084010840108401 0.5125 0.6002710027100271 0.51 0.5772357723577236 0.51125 0.573170731707317 0.51375 0.5745257452574526 0.524375 0.592140921409214 0.529375 0.6029810298102981 0.52875 0.6111111111111112 0.525625 0.6138211382113821 0.518125
1 0.7168021680216802 0.276875 0.7168021680216802 0.265625 0.7086720867208672 0.2625 0.6991869918699187 0.261875 0.6815718157181572 0.265625 0.6761517615176151 0.2725 0.6761517615176151 0.28 0.6815718157181572 0.283125 0.7032520325203252 0.283125 0.7168021680216802 0.276875
1 0.5975609756097561 0.4 0.592140921409214 0.3975 0.573170731707317 0.398125 0.5623306233062331 0.405 0.5623306233062331 0.413125 0.5813008130081301 0.418125 0.5894308943089431 0.41625 0.5975609756097561 0.40875 0.5975609756097561 0.4
1 0.7872628726287263 0.48125 0.7682926829268293 0.48125 0.7547425474254743 0.484375 0.7466124661246613 0.49375 0.7547425474254743 0.5 0.7737127371273713 0.5 0.7926829268292683 0.495 0.7981029810298103 0.488125 0.7872628726287263 0.48125
1 0.6436314363143631 0.3425 0.6436314363143631 0.3375 0.6327913279132791 0.33 0.6029810298102981 0.329375 0.5962059620596206 0.33125 0.592140921409214 0.3425 0.6029810298102981 0.3475 0.6165311653116531 0.34875 0.6395663956639567 0.344375 0.6436314363143631 0.3425
1 0.34417344173441733 0.42875 0.3333333333333333 0.424375 0.3157181571815718 0.4225 0.3062330623306233 0.423125 0.3008130081300813 0.42625 0.3008130081300813 0.435625 0.3116531165311653 0.44125 0.33062330623306235 0.4425 0.34417344173441733 0.438125 0.34417344173441733 0.42875
1 0.535230352303523 0.54125 0.5298102981029811 0.536875 0.518970189701897 0.53375 0.5 0.534375 0.4878048780487805 0.54125 0.4932249322493225 0.548125 0.505420054200542 0.551875 0.521680216802168 0.5525 0.5311653116531165 0.549375 0.535230352303523 0.54125
1 0.7384823848238482 0.39 0.7330623306233063 0.386875 0.7195121951219512 0.3825 0.6978319783197832 0.385 0.6978319783197832 0.395 0.7032520325203252 0.398125 0.7140921409214093 0.4 0.7303523035230353 0.4 0.7357723577235772 0.398125 0.7384823848238482 0.39
1 0.6246612466124661 0.45 0.6029810298102981 0.4525 0.5975609756097561 0.455 0.5975609756097561 0.465625 0.6029810298102981 0.469375 0.6246612466124661 0.470625 0.6355013550135501 0.464375 0.6382113821138211 0.456875 0.6246612466124661 0.45
1 0.3170731707317073 0.40875 0.3170731707317073 0.401875 0.3062330623306233 0.3975 0.2791327913279133 0.398125 0.2682926829268293 0.404375 0.2682926829268293 0.408125 0.2764227642276423 0.413125 0.2953929539295393 0.415625 0.3116531165311653 0.411875 0.3170731707317073 0.40875
1 0.33875338753387535 0.334375 0.33604336043360433 0.3325 0.31978319783197834 0.3325 0.3116531165311653 0.335625 0.3143631436314363 0.348125 0.3252032520325203 0.3525 0.34146341463414637 0.349375 0.34417344173441733 0.3425 0.33875338753387535 0.334375
1 0.7818428184281843 0.36 0.7737127371273713 0.35875 0.7574525745257452 0.361875 0.7493224932249323 0.37 0.7520325203252033 0.376875 0.7737127371273713 0.379375 0.7872628726287263 0.37375 0.7899728997289973 0.36625 0.7818428184281843 0.36
1 0.6734417344173442 0.24125 0.6571815718157181 0.236875 0.6490514905149052 0.238125 0.6409214092140921 0.245625 0.6436314363143631 0.254375 0.6585365853658537 0.26 0.6802168021680217 0.25875 0.6842818428184282 0.25 0.6734417344173442 0.24125
1 0.25203252032520324 0.29625 0.23712737127371275 0.298125 0.23306233062330622 0.300625 0.23577235772357724 0.314375 0.24525745257452575 0.3175 0.25474254742547425 0.3175 0.26558265582655827 0.314375 0.26558265582655827 0.30125 0.25203252032520324 0.29625
1 0.6504065040650406 0.51875 0.6544715447154471 0.510625 0.6490514905149052 0.50375 0.6355013550135501 0.49875 0.6178861788617886 0.5 0.6111111111111112 0.505 0.6111111111111112 0.5125 0.6165311653116531 0.516875 0.6273712737127372 0.520625 0.6463414634146342 0.520625 0.6504065040650406 0.51875
1 0.521680216802168 0.27 0.502710027100271 0.27 0.4959349593495935 0.275 0.4959349593495935 0.28 0.5067750677506775 0.29 0.521680216802168 0.29125 0.535230352303523 0.286875 0.535230352303523 0.275 0.521680216802168 0.27
1 0.7655826558265583 0.411875 0.7371273712737128 0.41125 0.7276422764227642 0.415625 0.7276422764227642 0.420625 0.7411924119241192 0.42625 0.7601626016260162 0.4275 0.7696476964769647 0.425625 0.7737127371273713 0.416875 0.7655826558265583 0.411875
1 0.7737127371273713 0.403125 0.7737127371273713 0.390625 0.7628726287262872 0.385625 0.7452574525745257 0.386875 0.7357723577235772 0.395 0.7357723577235772 0.40625 0.7439024390243902 0.41 0.7628726287262872 0.41 0.7682926829268293 0.406875 0.7737127371273713 0.403125
1 0.43902439024390244 0.268125 0.41192411924119243 0.268125 0.4092140921409214 0.28 0.4146341463414634 0.2825 0.42276422764227645 0.285 0.43902439024390244 0.285 0.44579945799457993 0.283125 0.44986449864498645 0.27625 0.43902439024390244 0.268125
1 0.7520325203252033 0.261875 0.7384823848238482 0.2575 0.7303523035230353 0.2575 0.7195121951219512 0.261875 0.7195121951219512 0.27625 0.7276422764227642 0.279375 0.7493224932249323 0.27625 0.7547425474254743 0.2725 0.7520325203252033 0.261875
1 0.4363143631436314 0.323125 0.4146341463414634 0.3225 0.4037940379403794 0.3275 0.4010840108401084 0.33875 0.4092140921409214 0.3425 0.43089430894308944 0.3425 0.43902439024390244 0.3375 0.44173441734417346 0.326875 0.4363143631436314 0.323125
1 0.17886178861788618 0.390625 0.16531165311653118 0.384375 0.14227642276422764 0.385 0.13550135501355012 0.391875 0.13821138211382114 0.396875 0.14905149051490515 0.401875 0.16802168021680217 0.4025 0.17886178861788618 0.401875 0.17886178861788618 0.390625
1 0.3089430894308943 0.3425 0.3116531165311653 0.334375 0.3062330623306233 0.3275 0.3008130081300813 0.325 0.2845528455284553 0.325 0.2764227642276423 0.328125 0.27100271002710025 0.334375 0.27371273712737126 0.3425 0.2859078590785908 0.34625 0.3035230352303523 0.345625 0.3089430894308943 0.3425
1 0.7574525745257452 0.36375 0.7547425474254743 0.355625 0.7466124661246613 0.353125 0.7317073170731707 0.35375 0.7168021680216802 0.365625 0.7168021680216802 0.37125 0.7330623306233063 0.375 0.7439024390243902 0.37375 0.7520325203252033 0.36875 0.7574525745257452 0.36375
1 0.5840108401084011 0.418125 0.5677506775067751 0.415 0.5460704607046071 0.416875 0.5433604336043361 0.428125 0.5528455284552846 0.433125 0.5677506775067751 0.433125 0.5813008130081301 0.430625 0.5867208672086721 0.428125 0.5840108401084011 0.418125
1 0.37398373983739835 0.329375 0.34959349593495936 0.328125 0.33875338753387535 0.3325 0.34146341463414637 0.34 0.3523035230352303 0.345625 0.37669376693766937 0.345625 0.3875338753387534 0.341875 0.3902439024390244 0.3375 0.37398373983739835 0.329375
1 0.5487804878048781 0.465 0.5149051490514905 0.464375 0.505420054200542 0.46875 0.505420054200542 0.4725 0.518970189701897 0.478125 0.551490514905149 0.47875 0.5582655826558266 0.475625 0.5623306233062331 0.470625 0.5487804878048781 0.465
1 0.6327913279132791 0.53375 0.6219512195121951 0.529375 0.6056910569105691 0.52875 0.5962059620596206 0.53125 0.592140921409214 0.54 0.6111111111111112 0.54625 0.6273712737127372 0.54625 0.6355013550135501 0.5425 0.6327913279132791 0.53375
1 0.45528455284552843 0.370625 0.43360433604336046 0.370625 0.42276422764227645 0.375625 0.4254742547425474 0.385625 0.43902439024390244 0.391875 0.45528455284552843 0.391875 0.4634146341463415 0.3875 0.46612466124661245 0.3775 0.45528455284552843 0.370625
1 0.34552845528455284 0.2775 0.33875338753387535 0.275 0.3170731707317073 0.275 0.3089430894308943 0.279375 0.3143631436314363 0.288125 0.32791327913279134 0.293125 0.34688346883468835 0.29125 0.34959349593495936 0.28 0.34552845528455284 0.2775
1 0.44037940379403795 0.55 0.4363143631436314 0.553125 0.43902439024390244 0.565 0.453929539295393 0.568125 0.46883468834688347 0.5675 0.4742547425474255 0.5625 0.46883468834688347 0.550625 0.44037940379403795 0.55
1 0.7804878048780488 0.315 0.7710027100271003 0.313125 0.7628726287262872 0.314375 0.7574525745257452 0.3175 0.7601626016260162 0.334375 0.7764227642276422 0.336875 0.7899728997289973 0.33 0.7926829268292683 0.324375 0.7804878048780488 0.315
1 0.42276422764227645 0.3025 0.43902439024390244 0.304375 0.44986449864498645 0.30125 0.44986449864498645 0.28625 0.42276422764227645 0.28625 0.4173441734417344 0.290625 0.42276422764227645 0.3025
1 0.33604336043360433 0.5 0.33062330623306235 0.491875 0.31978319783197834 0.48875 0.2926829268292683 0.48875 0.2872628726287263 0.490625 0.2872628726287263 0.496875 0.2981029810298103 0.505 0.3224932249322493 0.505625 0.33062330623306235 0.50375 0.33604336043360433 0.5
1 0.23848238482384823 0.4475 0.2140921409214092 0.4475 0.2032520325203252 0.454375 0.2032520325203252 0.460625 0.2086720867208672 0.464375 0.23035230352303523 0.464375 0.24525745257452575 0.45875 0.24661246612466126 0.45125 0.23848238482384823 0.4475
1 0.4878048780487805 0.575 0.4796747967479675 0.579375 0.489159891598916 0.58625 0.5121951219512195 0.589375 0.5271002710027101 0.588125 0.5271002710027101 0.580625 0.513550135501355 0.575 0.4878048780487805 0.575
1 0.6653116531165312 0.216875 0.6612466124661247 0.213125 0.6490514905149052 0.2125 0.6355013550135501 0.215625 0.6246612466124661 0.224375 0.6273712737127372 0.23375 0.6368563685636857 0.236875 0.6463414634146342 0.236875 0.6626016260162602 0.2325 0.6653116531165312 0.216875