0 0.5581395348837209 0.295 0.563953488372093 0.304375 0.5813953488372093 0.319375 0.5897009966777409 0.324375 0.606312292358804 0.33 0.6237541528239202 0.333125 0.6395348837209303 0.333125 0.6569767441860465 0.32875 0.6744186046511628 0.321875 0.6870431893687708 0.312375 0.7009966777408638 0.295625 0.7051495016611296 0.281875 0.7051495016611296 0.263125 0.7001661129568106 0.25 0.6910299003322259 0.236875 0.6827242524916943 0.23 0.670265780730897 0.221875 0.654485049833887 0.21625 0.6254152823920266 0.2125 0.5921926910299004 0.21875 0.5780730897009967 0.22625 0.5647840531561462 0.238125 0.5548172757475083 0.256875 0.553156146179402 0.279375 0.5581395348837209 0.295
1 0.446843853820598 0.713125 0.4568106312292359 0.72 0.4717607973421927 0.72 0.48172757475083056 0.71375 0.48754152823920266 0.7025 0.4850498338870432 0.6875 0.47259136212624586 0.6775 0.46677740863787376 0.675625 0.45514950166112955 0.6775 0.44518272425249167 0.683125 0.4410299003322259 0.68875 0.4410299003322259 0.705625 0.446843853820598 0.713125
1 0.19767441860465115 0.546875 0.20930232558139536 0.5525 0.23421926910299004 0.5525 0.24003322259136212 0.5475 0.2441860465116279 0.546875 0.24833887043189368 0.540625 0.2441860465116279 0.53 0.22840531561461794 0.521875 0.21096345514950166 0.5225 0.19933554817275748 0.526875 0.19269102990033224 0.531875 0.19186046511627908 0.5375 0.19767441860465115 0.546875
1 0.21677740863787376 0.671875 0.22508305647840532 0.675 0.23837209302325582 0.675 0.24584717607973422 0.6725 0.2541528239202658 0.665 0.2541528239202658 0.65125 0.23920265780730898 0.645625 0.23421926910299004 0.64125 0.22093023255813954 0.6425 0.20681063122923588 0.651875 0.20764119601328904 0.665 0.21677740863787376 0.671875
1 0.38372093023255816 0.713125 0.39368770764119604 0.716875 0.4111295681063123 0.716875 0.41943521594684385 0.71125 0.4260797342192691 0.7025 0.42940199335548174 0.691875 0.4269102990033223 0.67875 0.41943521594684385 0.670625 0.4111295681063123 0.6675 0.3945182724252492 0.6675 0.3845514950166113 0.6725 0.37624584717607973 0.683125 0.37624584717607973 0.70125 0.38372093023255816 0.713125
1 0.13870431893687707 0.476875 0.14700996677740863 0.484375 0.16196013289036545 0.49 0.17358803986710963 0.4875 0.19102990033222592 0.4875 0.2009966777408638 0.483125 0.20681063122923588 0.47375 0.2059800664451827 0.463125 0.2009966777408638 0.454375 0.19102990033222592 0.448125 0.18106312292358803 0.445625 0.16528239202657807 0.445 0.15282392026578073 0.4475 0.14451827242524917 0.451875 0.1345514950166113 0.46125 0.13372093023255813 0.468125 0.13870431893687707 0.476875
1 0.4019933554817276 0.52875 0.4119601328903654 0.534375 0.4260797342192691 0.534375 0.44518272425249167 0.51625 0.44933554817275745 0.508125 0.44435215946843853 0.4975 0.44019933554817275 0.494375 0.436046511627907 0.494375 0.4219269102990033 0.499375 0.40946843853820597 0.5 0.3995016611295681 0.510625 0.39867109634551495 0.51875 0.4019933554817276 0.52875
1 0.5647840531561462 0.61 0.5764119601328903 0.614375 0.584717607973422 0.615 0.5946843853820598 0.613125 0.6013289036544851 0.609375 0.6046511627906976 0.595625 0.6021594684385382 0.58875 0.5930232558139535 0.58375 0.5880398671096345 0.581875 0.5664451827242525 0.581875 0.5614617940199336 0.58375 0.5573089700996677 0.58875 0.5573089700996677 0.60125 0.5647840531561462 0.61
1 0.4867109634551495 0.545625 0.49667774086378735 0.545625 0.5083056478405316 0.540625 0.5132890365448505 0.535625 0.5191029900332226 0.51875 0.5132890365448505 0.509375 0.5083056478405316 0.506875 0.49916943521594687 0.506875 0.4908637873754153 0.509375 0.4833887043189369 0.515 0.47674418604651164 0.524375 0.47591362126245845 0.54 0.4867109634551495 0.545625
1 0.6785714285714286 0.716875 0.6843853820598007 0.718125 0.7051495016611296 0.71625 0.7159468438538206 0.70875 0.717607973421927 0.704375 0.717607973421927 0.69875 0.7134551495016611 0.691875 0.7001661129568106 0.6875 0.6843853820598007 0.6875 0.6777408637873754 0.689375 0.670265780730897 0.696875 0.670265780730897 0.708125 0.6785714285714286 0.716875
1 0.20514950166112958 0.38625 0.2159468438538206 0.3925 0.2350498338870432 0.39125 0.24501661129568106 0.384375 0.24916943521594684 0.37375 0.24833887043189368 0.3675 0.24501661129568106 0.3625 0.23421926910299004 0.355625 0.21428571428571427 0.355625 0.20681063122923588 0.36 0.20182724252491693 0.366875 0.2026578073089701 0.381875 0.20514950166112958 0.38625
1 0.6636212624584718 0.628125 0.6710963455149501 0.62875 0.6868770764119602 0.624375 0.696843853820598 0.614375 0.6993355481727574 0.608125 0.6926910299003323 0.598125 0.6810631229235881 0.595 0.670265780730897 0.598125 0.6569767441860465 0.61 0.6569767441860465 0.6225 0.6636212624584718 0.628125
1 0.2549833887043189 0.73 0.27325581395348836 0.73 0.27906976744186046 0.728125 0.28488372093023256 0.7225 0.287375415282392 0.713125 0.27740863787375414 0.7025 0.25830564784053156 0.69625 0.24750830564784054 0.6975 0.23920265780730898 0.7025 0.23920265780730898 0.719375 0.2549833887043189 0.73
1 0.5249169435215947 0.5325 0.53156146179402 0.5375 0.5448504983388704 0.5375 0.5581395348837209 0.529375 0.5606312292358804 0.515 0.5581395348837209 0.50625 0.5539867109634552 0.501875 0.5431893687707641 0.5 0.5332225913621262 0.51 0.5232558139534884 0.514375 0.5224252491694352 0.52375 0.5249169435215947 0.5325
1 0.26411960132890366 0.551875 0.27325581395348836 0.555625 0.2815614617940199 0.555625 0.29651162790697677 0.551875 0.3064784053156146 0.546875 0.3131229235880399 0.539375 0.31478405315614616 0.52875 0.31146179401993357 0.521875 0.3073089700996678 0.519375 0.303156146179402 0.5175 0.2898671096345515 0.5175 0.276578073089701 0.521875 0.26411960132890366 0.533125 0.2616279069767442 0.540625 0.26411960132890366 0.551875
1 0.18023255813953487 0.624375 0.19186046511627908 0.62875 0.20182724252491693 0.62875 0.21345514950166114 0.62125 0.2159468438538206 0.615 0.21511627906976744 0.6 0.20764119601328904 0.59 0.19933554817275748 0.58375 0.1951827242524917 0.581875 0.18272425249169436 0.581875 0.17691029900332225 0.584375 0.16777408637873753 0.595625 0.16777408637873753 0.609375 0.18023255813953487 0.624375
1 0.31976744186046513 0.599375 0.3313953488372093 0.608125 0.3380398671096346 0.61 0.36295681063122925 0.609375 0.3729235880398671 0.598125 0.37375415282392027 0.591875 0.3696013289036545 0.584375 0.34717607973421927 0.57375 0.3239202657807309 0.57375 0.3164451827242525 0.579375 0.31976744186046513 0.599375
1 0.38372093023255816 0.581875 0.39867109634551495 0.586875 0.40946843853820597 0.586875 0.4219269102990033 0.58125 0.4227574750830565 0.56375 0.40946843853820597 0.54625 0.40282392026578073 0.5425 0.38787375415282394 0.54125 0.38289036544850497 0.5425 0.37209302325581395 0.5525 0.37209302325581395 0.568125 0.38372093023255816 0.581875
1 0.5033222591362126 0.503125 0.5182724252491694 0.51125 0.5290697674418605 0.51125 0.5382059800664452 0.504375 0.5415282392026578 0.4975 0.5373754152823921 0.480625 0.5290697674418605 0.47125 0.520764119601329 0.46625 0.5083056478405316 0.465 0.49667774086378735 0.475 0.49667774086378735 0.491875 0.5033222591362126 0.503125
1 0.38870431893687707 0.420625 0.3995016611295681 0.431875 0.41029900332225916 0.434375 0.42524916943521596 0.431875 0.43438538205980065 0.4225 0.4368770764119601 0.410625 0.43521594684385384 0.40375 0.42524916943521596 0.391875 0.41445182724252494 0.388125 0.3995016611295681 0.389375 0.38704318936877075 0.399375 0.3862126245847176 0.415 0.38870431893687707 0.420625
1 0.20514950166112958 0.455 0.21179401993355482 0.460625 0.22259136212624583 0.465 0.2350498338870432 0.463125 0.2441860465116279 0.455625 0.25 0.446875 0.25 0.434375 0.24501661129568106 0.425 0.23421926910299004 0.41625 0.22591362126245848 0.413125 0.2084717607973422 0.414375 0.2009966777408638 0.423125 0.19933554817275748 0.44625 0.20514950166112958 0.455
1 0.6129568106312292 0.619375 0.6312292358803987 0.62 0.6420265780730897 0.6125 0.6445182724252492 0.6 0.6403654485049833 0.59375 0.6254152823920266 0.591875 0.617109634551495 0.59375 0.6079734219269103 0.600625 0.606312292358804 0.604375 0.606312292358804 0.613125 0.6129568106312292 0.619375
1 0.27408637873754155 0.6025 0.2840531561461794 0.608125 0.29651162790697677 0.608125 0.3064784053156146 0.603125 0.3164451827242525 0.58875 0.313953488372093 0.579375 0.3089700996677741 0.5725 0.29983388704318936 0.5675 0.2823920265780731 0.5725 0.2724252491694352 0.584375 0.2707641196013289 0.598125 0.27408637873754155 0.6025
1 0.15780730897009967 0.515625 0.17275747508305647 0.525625 0.1893687707641196 0.525625 0.20016611295681064 0.51875 0.20182724252491693 0.505 0.19933554817275748 0.5 0.1852159468438538 0.49 0.16611295681063123 0.49 0.15946843853820597 0.495 0.1553156146179402 0.501875 0.15448504983388706 0.509375 0.15780730897009967 0.515625
1 0.143687707641196 0.69625 0.15282392026578073 0.70375 0.16029900332225913 0.705 0.18272425249169436 0.703125 0.19933554817275748 0.69125 0.2009966777408638 0.686875 0.19933554817275748 0.680625 0.18853820598006646 0.670625 0.17524916943521596 0.668125 0.16029900332225913 0.670625 0.1461794019933555 0.67875 0.14285714285714285 0.68375 0.143687707641196 0.69625
1 0.2707641196013289 0.475625 0.2931893687707641 0.47625 0.30398671096345514 0.468125 0.30481727574750833 0.45375 0.3014950166112957 0.448125 0.2915282392026578 0.44 0.27740863787375414 0.436875 0.2666112956810631 0.4375 0.2599667774086379 0.440625 0.25332225913621265 0.4475 0.2541528239202658 0.46125 0.2707641196013289 0.475625
1 0.29485049833887045 0.68875 0.30564784053156147 0.691875 0.32142857142857145 0.6925 0.3289036544850498 0.690625 0.33637873754152825 0.685 0.3372093023255814 0.675625 0.3330564784053156 0.6675 0.313953488372093 0.65625 0.3081395348837209 0.654375 0.2931893687707641 0.654375 0.2823920265780731 0.658125 0.27740863787375414 0.665 0.2782392026578073 0.676875 0.29485049833887045 0.68875
1 0.21179401993355482 0.504375 0.223421926910299 0.51125 0.22840531561461794 0.513125 0.24335548172757476 0.513125 0.2574750830564784 0.503125 0.2574750830564784 0.4875 0.25 0.476875 0.23837209302325582 0.469375 0.21843853820598005 0.46875 0.20681063122923588 0.475625 0.20431893687707642 0.48 0.20514950166112958 0.49625 0.21179401993355482 0.504375
1 0.2159468438538206 0.599375 0.22840531561461794 0.6 0.2367109634551495 0.598125 0.24667774086378738 0.59375 0.25830564784053156 0.58375 0.2632890365448505 0.57375 0.2632890365448505 0.56375 0.2599667774086379 0.55875 0.25 0.553125 0.23588039867109634 0.55375 0.223421926910299 0.559375 0.2084717607973422 0.576875 0.20764119601328904 0.58875 0.2159468438538206 0.599375
1 0.40282392026578073 0.494375 0.4111295681063123 0.49875 0.4210963455149502 0.49875 0.436046511627907 0.491875 0.44518272425249167 0.471875 0.44435215946843853 0.46625 0.43853820598006643 0.4575 0.43106312292358806 0.45375 0.4169435215946844 0.45375 0.40282392026578073 0.46125 0.3978405315614618 0.469375 0.39700996677740863 0.48625 0.40282392026578073 0.494375
1 0.5722591362126246 0.560625 0.5764119601328903 0.56375 0.5880398671096345 0.566875 0.6071428571428571 0.560625 0.6121262458471761 0.555625 0.6162790697674418 0.545625 0.6121262458471761 0.5325 0.5996677740863787 0.526875 0.5880398671096345 0.526875 0.5772425249169435 0.53125 0.5689368770764119 0.5425 0.5681063122923588 0.550625 0.5722591362126246 0.560625
1 0.23920265780730898 0.645625 0.24833887043189368 0.64875 0.2549833887043189 0.64875 0.2724252491694352 0.639375 0.2724252491694352 0.620625 0.2616279069767442 0.610625 0.2549833887043189 0.608125 0.2367109634551495 0.608125 0.22508305647840532 0.61625 0.22508305647840532 0.633125 0.23920265780730898 0.645625
1 0.3845514950166113 0.3725 0.39285714285714285 0.376875 0.39867109634551495 0.376875 0.41362126245847175 0.37125 0.41943521594684385 0.36625 0.42441860465116277 0.355625 0.4227574750830565 0.344375 0.40863787375415284 0.33625 0.3953488372093023 0.33625 0.38704318936877075 0.34 0.38205980066445183 0.34375 0.37790697674418605 0.351875 0.3787375415282392 0.365 0.3845514950166113 0.3725
1 0.3579734219269103 0.511875 0.37209302325581395 0.51875 0.38205980066445183 0.51875 0.3903654485049834 0.51375 0.39368770764119604 0.508125 0.3945182724252492 0.49875 0.3903654485049834 0.49125 0.3803986710963455 0.481875 0.37209302325581395 0.479375 0.36212624584717606 0.480625 0.35714285714285715 0.483125 0.3521594684385382 0.49 0.3521594684385382 0.504375 0.3579734219269103 0.511875
1 0.13870431893687707 0.64375 0.15033222591362128 0.6575 0.16528239202657807 0.6625 0.18106312292358803 0.6625 0.19019933554817275 0.6575 0.19186046511627908 0.64875 0.1893687707641196 0.636875 0.1760797342192691 0.625 0.1644518272425249 0.62 0.15282392026578073 0.619375 0.143687707641196 0.62125 0.13704318936877077 0.626875 0.1362126245847176 0.6375 0.13870431893687707 0.64375
1 0.49750830564784054 0.609375 0.5058139534883721 0.614375 0.5174418604651163 0.613125 0.5257475083056479 0.606875 0.5290697674418605 0.598125 0.5290697674418605 0.58625 0.526578073089701 0.581875 0.5182724252491694 0.576875 0.5058139534883721 0.576875 0.49916943521594687 0.58 0.4941860465116279 0.586875 0.49335548172757476 0.598125 0.49750830564784054 0.609375
1 0.35714285714285715 0.45375 0.37209302325581395 0.45625 0.3903654485049834 0.4525 0.39285714285714285 0.449375 0.3903654485049834 0.439375 0.3803986710963455 0.42875 0.3687707641196013 0.420625 0.36212624584717606 0.418125 0.3521594684385382 0.418125 0.3446843853820598 0.420625 0.34136212624584716 0.425 0.34136212624584716 0.439375 0.35714285714285715 0.45375
1 0.5398671096345515 0.69375 0.5573089700996677 0.694375 0.5689368770764119 0.691875 0.5813953488372093 0.68 0.5813953488372093 0.673125 0.5755813953488372 0.6675 0.5672757475083057 0.665 0.5456810631229236 0.665625 0.5299003322259136 0.67375 0.5290697674418605 0.68625 0.5398671096345515 0.69375
1 0.4393687707641196 0.555 0.45514950166112955 0.560625 0.46677740863787376 0.5575 0.4742524916943522 0.540625 0.4742524916943522 0.52625 0.4700996677740864 0.519375 0.45930232558139533 0.514375 0.4543189368770764 0.514375 0.4426910299003322 0.5175 0.43272425249169433 0.5275 0.43106312292358806 0.544375 0.4393687707641196 0.555
1 0.4900332225913621 0.701875 0.49750830564784054 0.708125 0.5141196013289037 0.71 0.5249169435215947 0.706875 0.5290697674418605 0.69875 0.5290697674418605 0.6875 0.5224252491694352 0.6775 0.510797342192691 0.673125 0.5008305647840532 0.6725 0.4900332225913621 0.676875 0.4867109634551495 0.680625 0.4867109634551495 0.695 0.4900332225913621 0.701875
1 0.4700996677740864 0.441875 0.4850498338870432 0.45375 0.49169435215946844 0.45625 0.5141196013289037 0.45625 0.5224252491694352 0.451875 0.526578073089701 0.440625 0.5083056478405316 0.425 0.5024916943521595 0.425 0.49750830564784054 0.4225 0.48255813953488375 0.4225 0.4692691029900332 0.4275 0.4676079734219269 0.435625 0.4700996677740864 0.441875
1 0.5431893687707641 0.493125 0.5539867109634552 0.5 0.5805647840531561 0.5 0.5880398671096345 0.49625 0.5913621262458472 0.491875 0.5921926910299004 0.476875 0.5872093023255814 0.471875 0.574750830564784 0.46625 0.5556478405315615 0.46375 0.5456810631229236 0.46625 0.5382059800664452 0.4725 0.5373754152823921 0.48 0.5431893687707641 0.493125
1 0.4169435215946844 0.81375 0.43521594684385384 0.820625 0.446843853820598 0.820625 0.46511627906976744 0.815625 0.47591362126245845 0.803125 0.47591362126245845 0.79875 0.47093023255813954 0.79125 0.45514950166112955 0.785625 0.4435215946843854 0.78625 0.42857142857142855 0.79125 0.41777408637873753 0.800625 0.4152823920265781 0.805625 0.4169435215946844 0.81375
1 0.5290697674418605 0.439375 0.5581395348837209 0.439375 0.5730897009966778 0.4325 0.5780730897009967 0.425 0.579734219269103 0.414375 0.5772425249169435 0.408125 0.5730897009966778 0.40375 0.5589700996677741 0.39875 0.5348837209302325 0.39875 0.5224252491694352 0.40375 0.5141196013289037 0.410625 0.5141196013289037 0.428125 0.5290697674418605 0.439375
1 0.2159468438538206 0.82875 0.22009966777408638 0.833125 0.2292358803986711 0.834375 0.24833887043189368 0.831875 0.2599667774086379 0.82375 0.2632890365448505 0.81875 0.2616279069767442 0.8125 0.24916943521594684 0.805625 0.23421926910299004 0.805625 0.22591362126245848 0.808125 0.21511627906976744 0.816875 0.21345514950166114 0.82375 0.2159468438538206 0.82875
1 0.6029900332225914 0.58875 0.6121262458471761 0.59125 0.6312292358803987 0.59 0.643687707641196 0.58125 0.6403654485049833 0.5675 0.6254152823920266 0.560625 0.6079734219269103 0.560625 0.5930232558139535 0.566875 0.5913621262458472 0.569375 0.5921926910299004 0.58125 0.6029900332225914 0.58875
1 0.37209302325581395 0.314375 0.38787375415282394 0.324375 0.40780730897009965 0.32875 0.41943521594684385 0.3175 0.420265780730897 0.31 0.4161129568106312 0.3025 0.40282392026578073 0.293125 0.38372093023255816 0.29125 0.37624584717607973 0.29375 0.3696013289036545 0.3 0.3687707641196013 0.306875 0.37209302325581395 0.314375