1 0.42375 0.5830564784053156 0.43 0.590531561461794 0.43125 0.5988372093023255 0.428125 0.6079734219269103 0.42125 0.6146179401993356 0.41125 0.6121262458471761 0.409375 0.6021594684385382 0.411875 0.5921926910299004 0.418125 0.5838870431893688 0.423125 0.5830564784053156
1 0.46125 0.6320598006644518 0.46875 0.6370431893687708 0.46875 0.6478405315614618 0.460625 0.6661129568106312 0.45375 0.6710963455149501 0.449375 0.6710963455149501 0.445 0.665282392026578 0.445 0.6495016611295681 0.45 0.6395348837209303 0.460625 0.6320598006644518
1 0.451875 0.6046511627906976 0.45625 0.6104651162790697 0.455625 0.6262458471760798 0.4525 0.6337209302325582 0.443125 0.6428571428571429 0.438125 0.6387043189368771 0.435 0.6320598006644518 0.435625 0.622093023255814 0.4425 0.6079734219269103 0.45125 0.6046511627906976
1 0.34625 0.526578073089701 0.353125 0.53156146179402 0.35625 0.542358803986711 0.35375 0.5556478405315615 0.34875 0.5598006644518272 0.34125 0.5573089700996677 0.335 0.5431893687707641 0.336875 0.5332225913621262 0.345625 0.526578073089701
1 0.425 0.659468438538206 0.43625 0.6619601328903655 0.44125 0.6727574750830565 0.439375 0.6868770764119602 0.435625 0.6926910299003323 0.428125 0.6960132890365448 0.42125 0.6943521594684385 0.415 0.6885382059800664 0.41125 0.6769102990033222 0.414375 0.6644518272425249 0.418125 0.6602990033222591 0.424375 0.659468438538206
1 0.544375 0.38870431893687707 0.550625 0.3953488372093023 0.55375 0.41029900332225916 0.546875 0.4269102990033223 0.54125 0.43272425249169433 0.535 0.43272425249169433 0.52875 0.4260797342192691 0.525625 0.4169435215946844 0.525625 0.40448504983388706 0.533125 0.3920265780730897 0.54375 0.38870431893687707
1 0.501875 0.42358803986710963 0.506875 0.4277408637873754 0.508125 0.4377076411960133 0.50625 0.44518272425249167 0.49625 0.45598006644518274 0.49 0.45598006644518274 0.485625 0.4526578073089701 0.483125 0.4410299003322259 0.490625 0.4269102990033223 0.50125 0.42358803986710963
1 0.503125 0.3239202657807309 0.50875 0.329734219269103 0.510625 0.34219269102990035 0.5075 0.3521594684385382 0.501875 0.35631229235880396 0.4925 0.3554817275747508 0.488125 0.3521594684385382 0.48375 0.3438538205980066 0.483125 0.3338870431893688 0.490625 0.3230897009966777 0.5025 0.3239202657807309
1 0.66125 0.2541528239202658 0.666875 0.2616279069767442 0.66875 0.27325581395348836 0.66375 0.28322259136212624 0.658125 0.28488372093023256 0.650625 0.2815614617940199 0.6475 0.27740863787375414 0.645625 0.26411960132890366 0.65 0.2558139534883721 0.660625 0.2541528239202658
1 0.5125 0.47093023255813954 0.516875 0.4742524916943522 0.518125 0.4792358803986711 0.5175 0.49335548172757476 0.513125 0.5033222591362126 0.503125 0.5124584717607974 0.495625 0.5083056478405316 0.49375 0.5016611295681063 0.494375 0.49335548172757476 0.4975 0.48421926910299 0.504375 0.4742524916943522 0.511875 0.47093023255813954
1 0.43375 0.2541528239202658 0.438125 0.25830564784053156 0.43875 0.2691029900332226 0.43625 0.2757475083056478 0.4275 0.28322259136212624 0.415625 0.2799003322259136 0.41125 0.26827242524916944 0.413125 0.26245847176079734 0.419375 0.25664451827242524 0.433125 0.2541528239202658
1 0.6225 0.4161129568106312 0.63 0.4219269102990033 0.631875 0.42940199335548174 0.63125 0.446843853820598 0.626875 0.45182724252491696 0.615625 0.45016611295681064 0.60875 0.436046511627907 0.610625 0.4227574750830565 0.61625 0.4169435215946844 0.621875 0.4161129568106312
1 0.394375 0.521594684385382 0.403125 0.526578073089701 0.406875 0.5357142857142857 0.405625 0.5431893687707641 0.395625 0.5539867109634552 0.385625 0.5514950166112956 0.379375 0.5448504983388704 0.3775 0.5382059800664452 0.3775 0.532392026578073 0.380625 0.5257475083056479 0.386875 0.521594684385382 0.39375 0.521594684385382
1 0.3615625 0.5103820598006644 0.023125 0.03903654485049834
1 0.526875 0.4318936877076412 0.533125 0.4377076411960133 0.534375 0.4426910299003322 0.53375 0.4568106312292359 0.526875 0.46511627906976744 0.52125 0.46511627906976744 0.515625 0.46096345514950166 0.508125 0.4476744186046512 0.508125 0.4426910299003322 0.511875 0.43521594684385384 0.51875 0.43106312292358806 0.52625 0.4318936877076412
1 0.4625 0.25664451827242524 0.468125 0.2616279069767442 0.47 0.27408637873754155 0.466875 0.2799003322259136 0.46125 0.28322259136212624 0.451875 0.2815614617940199 0.4475 0.2757475083056478 0.446875 0.2666112956810631 0.451875 0.2591362126245847 0.461875 0.25664451827242524
1 0.415625 0.553156146179402 0.4225 0.5589700996677741 0.4225 0.5772425249169435 0.41 0.5930232558139535 0.39625 0.5897009966777409 0.393125 0.5838870431893688 0.393125 0.5764119601328903 0.395 0.5681063122923588 0.400625 0.5598006644518272 0.410625 0.553156146179402 0.415 0.553156146179402
1 0.31875 0.6179401993355482 0.325 0.622093023255814 0.326875 0.6337209302325582 0.324375 0.6461794019933554 0.316875 0.6528239202657807 0.310625 0.6511627906976745 0.305625 0.6453488372093024 0.30375 0.6320598006644518 0.30875 0.622093023255814 0.318125 0.6179401993355482
1 0.56125 0.6204318936877077 0.566875 0.6262458471760798 0.56875 0.6378737541528239 0.566875 0.6461794019933554 0.56 0.654485049833887 0.55 0.6511627906976745 0.545625 0.643687707641196 0.545 0.6370431893687708 0.546875 0.6295681063122923 0.551875 0.622093023255814 0.560625 0.6204318936877077
1 0.421875 0.420265780730897 0.426875 0.42441860465116277 0.4275 0.436046511627907 0.421875 0.45099667774086377 0.415 0.457641196013289 0.4075 0.45598006644518274 0.404375 0.4485049833887043 0.404375 0.4410299003322259 0.41 0.4269102990033223 0.42125 0.420265780730897
1 0.310625 0.47591362126245845 0.31625 0.48006644518272423 0.318125 0.4958471760797342 0.315 0.5091362126245847 0.30875 0.5149501661129569 0.303125 0.5149501661129569 0.298125 0.5116279069767442 0.294375 0.5033222591362126 0.29375 0.4925249169435216 0.2975 0.48255813953488375 0.305 0.47674418604651164 0.31 0.47591362126245845
1 0.619375 0.45182724252491696 0.630625 0.45598006644518274 0.63625 0.47259136212624586 0.634375 0.4808970099667774 0.63 0.4850498338870432 0.62375 0.4850498338870432 0.61125 0.4742524916943522 0.60875 0.4601328903654485 0.615625 0.4526578073089701 0.61875 0.4526578073089701
1 0.485 0.6470099667774086 0.491875 0.6511627906976745 0.493125 0.6619601328903655 0.49125 0.6677740863787376 0.48125 0.6769102990033222 0.473125 0.6760797342192691 0.46625 0.6719269102990033 0.46375 0.6602990033222591 0.470625 0.6486710963455149 0.484375 0.6470099667774086
1 0.37875 0.6835548172757475 0.383125 0.6926910299003323 0.381875 0.7026578073089701 0.3775 0.7101328903654485 0.369375 0.7142857142857143 0.363125 0.7126245847176079 0.356875 0.7059800664451827 0.355 0.7009966777408638 0.355625 0.6926910299003323 0.365625 0.6818936877076412 0.375 0.6810631229235881 0.378125 0.6835548172757475
1 0.46875 0.29900332225913623 0.473125 0.30481727574750833 0.474375 0.31893687707641194 0.47125 0.3280730897009967 0.465 0.3338870431893688 0.455625 0.3313953488372093 0.450625 0.32059800664451826 0.450625 0.3106312292358804 0.455625 0.3023255813953488 0.468125 0.29900332225913623
1 0.3625 0.4642857142857143 0.36625 0.4700996677740864 0.36625 0.48172757475083056 0.363125 0.48754152823920266 0.353125 0.4941860465116279 0.3475 0.4925249169435216 0.344375 0.48754152823920266 0.345 0.47591362126245845 0.351875 0.4659468438538206 0.355625 0.4634551495016611 0.361875 0.4642857142857143
1 0.3725 0.5490033222591362 0.37625 0.5573089700996677 0.37625 0.5664451827242525 0.37 0.5830564784053156 0.3625 0.5888704318936877 0.355625 0.5855481727574751 0.355 0.563953488372093 0.3625 0.553156146179402 0.371875 0.5490033222591362
1 0.448125 0.5456810631229236 0.451875 0.5548172757475083 0.451875 0.563953488372093 0.449375 0.5705980066445183 0.44375 0.5755813953488372 0.438125 0.574750830564784 0.43375 0.5697674418604651 0.430625 0.5556478405315615 0.431875 0.5498338870431894 0.43875 0.5431893687707641 0.4475 0.5456810631229236
1 0.608125 0.4584717607973422 0.610625 0.4775747508305648 0.6025 0.4900332225913621 0.59625 0.489202657807309 0.59125 0.48421926910299 0.590625 0.4700996677740864 0.5975 0.4584717607973422 0.6075 0.4584717607973422
1 0.593125 0.42358803986710963 0.59625 0.42857142857142855 0.595625 0.44435215946843853 0.590625 0.45598006644518274 0.58375 0.46179401993355484 0.5775 0.46179401993355484 0.57375 0.4584717607973422 0.573125 0.44019933554817275 0.576875 0.43023255813953487 0.58125 0.42524916943521596 0.588125 0.4219269102990033 0.5925 0.42358803986710963
1 0.335625 0.47840531561461797 0.341875 0.4850498338870432 0.34375 0.4908637873754153 0.339375 0.5074750830564784 0.331875 0.5132890365448505 0.32375 0.5083056478405316 0.321875 0.5033222591362126 0.321875 0.4900332225913621 0.326875 0.48006644518272423 0.335 0.47840531561461797
1 0.39875 0.5930232558139535 0.405 0.5988372093023255 0.408125 0.6129568106312292 0.404375 0.6229235880398671 0.3975 0.627906976744186 0.391875 0.6270764119601329 0.386875 0.622093023255814 0.384375 0.6088039867109635 0.385625 0.6021594684385382 0.390625 0.595514950166113 0.398125 0.5930232558139535
1 0.64 0.5681063122923588 0.646875 0.5780730897009967 0.64625 0.5880398671096345 0.64125 0.5971760797342193 0.63125 0.5946843853820598 0.625625 0.5838870431893688 0.62625 0.574750830564784 0.63 0.5681063122923588 0.639375 0.5681063122923588
1 0.5325 0.23588039867109634 0.5375 0.23920265780730898 0.539375 0.24584717607973422 0.539375 0.2558139534883721 0.535625 0.2649501661129568 0.53125 0.2691029900332226 0.524375 0.26993355481727577 0.52125 0.26827242524916944 0.51875 0.2616279069767442 0.52 0.2441860465116279 0.52625 0.23754152823920266 0.531875 0.2367109634551495
1 0.305625 0.532392026578073 0.306875 0.5240863787375415 0.310625 0.5182724252491694 0.32375 0.5157807308970099 0.32875 0.5224252491694352 0.329375 0.526578073089701 0.328125 0.5390365448504983 0.32375 0.5448504983388704 0.31375 0.5481727574750831 0.30875 0.5431893687707641 0.30625 0.5332225913621262
1 0.470625 0.6744186046511628 0.48 0.6785714285714286 0.48125 0.6818936877076412 0.478125 0.6935215946843853 0.470625 0.6985049833887044 0.4625 0.6960132890365448 0.4575 0.6877076411960132 0.458125 0.6794019933554817 0.46125 0.6744186046511628 0.47 0.6744186046511628
1 0.446875 0.2782392026578073 0.451875 0.2857142857142857 0.450625 0.29651162790697677 0.445 0.30398671096345514 0.439375 0.3064784053156146 0.431875 0.30481727574750833 0.4275 0.29983388704318936 0.4275 0.28903654485049834 0.42875 0.28488372093023256 0.435625 0.2782392026578073 0.44625 0.2782392026578073
1 0.6625 0.41943521594684385 0.66625 0.42441860465116277 0.66625 0.43438538205980065 0.660625 0.44518272425249167 0.655625 0.4476744186046512 0.64625 0.446843853820598 0.64375 0.4435215946843854 0.643125 0.43521594684385384 0.65 0.4210963455149502 0.654375 0.4186046511627907 0.661875 0.41943521594684385
1 0.43 0.6320598006644518 0.435 0.6345514950166113 0.44125 0.6428571428571429 0.44 0.6528239202657807 0.435625 0.659468438538206 0.41875 0.6569767441860465 0.41375 0.6519933554817275 0.4125 0.6470099667774086 0.41125 0.6403654485049833 0.41375 0.6345514950166113 0.420625 0.6312292358803987 0.429375 0.6320598006644518
1 0.47125 0.6054817275747508 0.478125 0.6079734219269103 0.48125 0.6129568106312292 0.481875 0.6187707641196013 0.476875 0.6295681063122923 0.4675 0.6345514950166113 0.46 0.6320598006644518 0.45625 0.6212624584717608 0.46 0.6112956810631229 0.470625 0.6054817275747508
1 0.50875 0.5174418604651163 0.513125 0.5224252491694352 0.5125 0.5365448504983389 0.505625 0.5506644518272426 0.498125 0.5556478405315615 0.493125 0.5548172757475083 0.48875 0.5498338870431894 0.489375 0.532392026578073 0.4975 0.520764119601329 0.508125 0.5174418604651163
1 0.535625 0.6121262458471761 0.54 0.6237541528239202 0.53625 0.6370431893687708 0.53 0.6445182724252492 0.525 0.6445182724252492 0.52 0.6403654485049833 0.518125 0.6262458471760798 0.525 0.6121262458471761 0.52875 0.6096345514950167 0.535 0.6121262458471761
1 0.37625 0.6046511627906976 0.383125 0.6112956810631229 0.386875 0.6254152823920266 0.384375 0.6387043189368771 0.379375 0.643687707641196 0.37375 0.643687707641196 0.369375 0.6403654485049833 0.364375 0.627906976744186 0.365625 0.6104651162790697 0.370625 0.6054817275747508 0.375625 0.6046511627906976
1 0.6025 0.3696013289036545 0.60875 0.37624584717607973 0.61 0.3903654485049834 0.605625 0.4019933554817276 0.6 0.40780730897009965 0.5925 0.4069767441860465 0.588125 0.40282392026578073 0.585625 0.3862126245847176 0.59125 0.3745847176079734 0.601875 0.3696013289036545
1 0.55875 0.303156146179402 0.5625 0.3081395348837209 0.5625 0.3164451827242525 0.556875 0.32558139534883723 0.549375 0.33056478405315615 0.538125 0.3280730897009967 0.535625 0.3239202657807309 0.53625 0.3131229235880399 0.546875 0.303156146179402 0.558125 0.303156146179402
1 0.406875 0.6337209302325582 0.41125 0.6370431893687708 0.41375 0.6578073089700996 0.405625 0.6661129568106312 0.393125 0.6644518272425249 0.388125 0.6569767441860465 0.388125 0.6495016611295681 0.389375 0.643687707641196 0.394375 0.6370431893687708 0.40625 0.6337209302325582
0 0.32767874999999996 0.34646428571428567 0.32142875 0.3262931893687708 0.294643125 0.30256312292358806 0.26875 0.3179875415282392 0.25446437499999996 0.3429044850498339 0.25982125 0.37019435215946844 0.267856875 0.3951112956810631 0.288393125 0.4069767441860465 0.300893125 0.4093496677740864 0.310714375 0.4022308970099668 0.325 0.37138122923588035 0.32767874999999996 0.34646428571428567