0 0.57375 0.96843853820598 0.58625 0.9476744186046512 0.59 0.9294019933554817 0.588125 0.9003322259136213 0.58 0.8837209302325582 0.570625 0.8729235880398671 0.5625 0.8679401993355482 0.54 0.8654485049833887 0.526875 0.8696013289036545 0.51125 0.882890365448505 0.501875 0.9011627906976745 0.499375 0.915282392026578 0.5 0.9401993355481728 0.505 0.9543189368770764 0.515 0.9692691029900332 0.5375 0.9808970099667774 0.5575 0.979235880398671 0.57375 0.96843853820598
1 0.374375 0.1951827242524917 0.37375 0.1686046511627907 0.3575 0.15199335548172757 0.348125 0.15199335548172757 0.34125 0.15946843853820597 0.33875 0.16777408637873753 0.34125 0.18604651162790697 0.3475 0.19767441860465115 0.354375 0.20514950166112958 0.3625 0.20764119601328904 0.369375 0.2059800664451827 0.374375 0.1951827242524917
1 0.34875 0.665282392026578 0.34875 0.6511627906976745 0.33125 0.6395348837209303 0.326875 0.6395348837209303 0.32 0.6453488372093024 0.315 0.654485049833887 0.315 0.6735880398671097 0.320625 0.6794019933554817 0.326875 0.6810631229235881 0.3375 0.6802325581395349 0.3425 0.6769102990033222 0.34875 0.665282392026578
1 0.371875 0.10548172757475083 0.369375 0.09551495016611296 0.3625 0.08554817275747509 0.354375 0.08056478405315615 0.345625 0.07973421926910298 0.33625 0.08471760797342193 0.32875 0.09551495016611296 0.32875 0.10631229235880399 0.33125 0.11295681063122924 0.344375 0.12956810631229235 0.350625 0.132890365448505 0.359375 0.132890365448505 0.37125 0.11710963455149502 0.371875 0.10548172757475083
1 0.413125 0.7782392026578073 0.41125 0.7666112956810631 0.399375 0.7591362126245847 0.39 0.7624584717607974 0.3825 0.770764119601329 0.38 0.7799003322259136 0.380625 0.7857142857142857 0.3825 0.7915282392026578 0.389375 0.7973421926910299 0.40375 0.7948504983388704 0.410625 0.7857142857142857 0.413125 0.7782392026578073
1 0.51875 0.5249169435215947 0.51625 0.5157807308970099 0.508125 0.5058139534883721 0.494375 0.5024916943521595 0.49 0.5049833887043189 0.485 0.5132890365448505 0.485 0.5299003322259136 0.491875 0.5398671096345515 0.49875 0.5448504983388704 0.51125 0.5448504983388704 0.51625 0.5382059800664452 0.51875 0.5249169435215947
1 0.593125 0.659468438538206 0.58875 0.6528239202657807 0.581875 0.6478405315614618 0.57125 0.6511627906976745 0.56375 0.6586378737541528 0.558125 0.6686046511627907 0.5575 0.6901993355481728 0.564375 0.6985049833887044 0.571875 0.6985049833887044 0.58625 0.6918604651162791 0.59375 0.6769102990033222 0.593125 0.659468438538206
1 0.3275 0.1345514950166113 0.316875 0.11960132890365449 0.31 0.11794019933554817 0.30625 0.12043189368770764 0.2975 0.13704318936877077 0.295625 0.14534883720930233 0.295625 0.1669435215946844 0.2975 0.1719269102990033 0.3025 0.17691029900332225 0.319375 0.17691029900332225 0.326875 0.1644518272425249 0.32875 0.1553156146179402 0.3275 0.1345514950166113
1 0.56875 0.4568106312292359 0.5575 0.4476744186046512 0.550625 0.4485049833887043 0.543125 0.4543189368770764 0.535625 0.4700996677740864 0.535625 0.4850498338870432 0.538125 0.489202657807309 0.543125 0.4941860465116279 0.550625 0.4958471760797342 0.561875 0.4883720930232558 0.56875 0.4750830564784053 0.56875 0.4568106312292359
1 0.43375 0.7458471760797342 0.429375 0.7358803986710963 0.418125 0.7250830564784053 0.40375 0.7259136212624585 0.39625 0.7367109634551495 0.39625 0.7508305647840532 0.40375 0.7624584717607974 0.4125 0.7649501661129569 0.42875 0.7591362126245847 0.43375 0.7508305647840532 0.43375 0.7458471760797342
1 0.49 0.4568106312292359 0.484375 0.44601328903654486 0.473125 0.4368770764119601 0.465 0.4368770764119601 0.45875 0.4418604651162791 0.45875 0.45598006644518274 0.46125 0.46677740863787376 0.465625 0.47093023255813954 0.47375 0.48588039867109634 0.485 0.48588039867109634 0.49125 0.4750830564784053 0.49 0.4568106312292359
1 0.26875 0.7649501661129569 0.265 0.7558139534883721 0.25875 0.75 0.240625 0.7491694352159468 0.234375 0.7524916943521595 0.23125 0.7583056478405316 0.23125 0.7732558139534884 0.235 0.7799003322259136 0.240625 0.7840531561461794 0.259375 0.7857142857142857 0.26875 0.7774086378737541 0.26875 0.7649501661129569
1 0.45625 0.4277408637873754 0.44625 0.42358803986710963 0.43 0.42524916943521596 0.420625 0.43272425249169433 0.418125 0.4377076411960133 0.416875 0.45348837209302323 0.425 0.46511627906976744 0.444375 0.4642857142857143 0.4575 0.45016611295681064 0.45875 0.4318936877076412 0.45625 0.4277408637873754
1 0.361875 0.7940199335548173 0.349375 0.7865448504983389 0.34375 0.7865448504983389 0.33375 0.7948504983388704 0.33125 0.803156146179402 0.333125 0.813953488372093 0.34125 0.8230897009966778 0.36 0.8239202657807309 0.36625 0.8172757475083057 0.3675 0.8073089700996677 0.361875 0.7940199335548173
1 0.415625 0.6137873754152824 0.410625 0.6046511627906976 0.404375 0.6004983388704319 0.39625 0.5996677740863787 0.389375 0.6038205980066446 0.39 0.622093023255814 0.3925 0.6353820598006644 0.40125 0.6428571428571429 0.4075 0.6445182724252492 0.415625 0.6353820598006644 0.415625 0.6137873754152824
1 0.285625 0.313953488372093 0.264375 0.3106312292358804 0.258125 0.31478405315614616 0.255625 0.32142857142857145 0.255625 0.3338870431893688 0.27125 0.3480066445182724 0.28125 0.3480066445182724 0.293125 0.3388704318936877 0.295625 0.32641196013289037 0.285625 0.313953488372093
1 0.6175 0.627906976744186 0.61125 0.6187707641196013 0.596875 0.6088039867109635 0.59 0.6096345514950167 0.58375 0.6162790697674418 0.579375 0.6254152823920266 0.58 0.6345514950166113 0.586875 0.6503322259136213 0.6 0.6586378737541528 0.6125 0.6569767441860465 0.6175 0.6478405315614618 0.6175 0.627906976744186
1 0.39625 0.7383720930232558 0.39125 0.7317275747508306 0.386875 0.7300664451827242 0.37 0.7333887043189369 0.36 0.7425249169435216 0.35625 0.7549833887043189 0.356875 0.7632890365448505 0.3625 0.7699335548172758 0.36875 0.771594684385382 0.384375 0.7674418604651163 0.395 0.7533222591362126 0.39625 0.7383720930232558
1 0.58375 0.5431893687707641 0.58375 0.5332225913621262 0.57125 0.5191029900332226 0.55875 0.521594684385382 0.5475 0.5332225913621262 0.54875 0.5490033222591362 0.5525 0.5548172757475083 0.560625 0.5589700996677741 0.57375 0.5581395348837209 0.58125 0.5506644518272426 0.58375 0.5431893687707641
1 0.43125 0.13122923588039867 0.43 0.11877076411960133 0.425 0.10963455149501661 0.418125 0.10714285714285714 0.410625 0.10880398671096346 0.40375 0.11710963455149502 0.40125 0.12292358803986711 0.400625 0.1420265780730897 0.39875 0.1478405315614618 0.400625 0.1536544850498339 0.409375 0.16279069767441862 0.420625 0.16196013289036545 0.425 0.15614617940199335 0.43 0.143687707641196 0.43125 0.13122923588039867
1 0.46 0.46179401993355484 0.45625 0.46179401993355484 0.449375 0.473421926910299 0.451875 0.4950166112956811 0.463125 0.5041528239202658 0.468125 0.5033222591362126 0.473125 0.49750830564784054 0.474375 0.48754152823920266 0.46 0.46179401993355484
1 0.62625 0.6619601328903655 0.619375 0.6553156146179402 0.615 0.6553156146179402 0.601875 0.6619601328903655 0.595625 0.6769102990033222 0.595625 0.686046511627907 0.598125 0.6935215946843853 0.608125 0.7009966777408638 0.613125 0.7009966777408638 0.62 0.6960132890365448 0.62625 0.686046511627907 0.62625 0.6619601328903655
1 0.57375 0.7109634551495017 0.560625 0.6960132890365448 0.548125 0.6976744186046512 0.54125 0.7068106312292359 0.54125 0.7225913621262459 0.543125 0.7275747508305648 0.550625 0.7358803986710963 0.566875 0.7367109634551495 0.57125 0.7333887043189369 0.57375 0.7275747508305648 0.57375 0.7109634551495017
1 0.243125 0.510797342192691 0.241875 0.5024916943521595 0.234375 0.49667774086378735 0.22625 0.4958471760797342 0.209375 0.5033222591362126 0.2025 0.5149501661129569 0.203125 0.532392026578073 0.209375 0.5431893687707641 0.220625 0.5431893687707641 0.23 0.5390365448504983 0.239375 0.5249169435215947 0.243125 0.510797342192691
1 0.26625 0.5838870431893688 0.264375 0.5722591362126246 0.256875 0.5689368770764119 0.240625 0.5780730897009967 0.2325 0.5921926910299004 0.23375 0.6096345514950167 0.239375 0.6137873754152824 0.248125 0.6137873754152824 0.25875 0.6046511627906976 0.261875 0.6004983388704319 0.26625 0.5838870431893688
1 0.56875 0.32641196013289037 0.56875 0.30980066445182725 0.559375 0.2956810631229236 0.5475 0.29069767441860467 0.540625 0.2915282392026578 0.535625 0.29401993355481726 0.5325 0.29983388704318936 0.5325 0.31893687707641194 0.545625 0.33554817275747506 0.5525 0.3380398671096346 0.56125 0.3372093023255814 0.566875 0.33222591362126247 0.56875 0.32641196013289037
1 0.4 0.14119601328903655 0.400625 0.12956810631229235 0.398125 0.1212624584717608 0.389375 0.11378737541528239 0.38 0.11378737541528239 0.369375 0.11960132890365449 0.359375 0.13372093023255813 0.36 0.15199335548172757 0.3625 0.1569767441860465 0.37 0.1611295681063123 0.381875 0.16029900332225913 0.393125 0.1553156146179402 0.4 0.14119601328903655
1 0.39 0.6362126245847176 0.39 0.6129568106312292 0.389375 0.606312292358804 0.384375 0.595514950166113 0.379375 0.5921926910299004 0.37 0.5921926910299004 0.365625 0.5971760797342193 0.361875 0.6054817275747508 0.36 0.6179401993355482 0.3625 0.632890365448505 0.366875 0.6420265780730897 0.3725 0.6478405315614618 0.3825 0.6478405315614618 0.3875 0.6428571428571429 0.39 0.6362126245847176
1 0.31 0.4119601328903654 0.3125 0.40365448504983387 0.3125 0.38205980066445183 0.31 0.37375415282392027 0.3025 0.3646179401993355 0.28875 0.36212624584717606 0.27875 0.37375415282392027 0.278125 0.3953488372093023 0.281875 0.40863787375415284 0.288125 0.4152823920265781 0.295625 0.4186046511627907 0.30375 0.41777408637873753 0.31 0.4119601328903654
1 0.3725 0.5598006644518272 0.37 0.5564784053156147 0.344375 0.5581395348837209 0.338125 0.5714285714285714 0.33875 0.5855481727574751 0.34375 0.5930232558139535 0.349375 0.595514950166113 0.364375 0.5897009966777409 0.371875 0.5780730897009967 0.3725 0.5598006644518272
1 0.4525 0.6229235880398671 0.451875 0.6146179401993356 0.448125 0.6096345514950167 0.4375 0.6096345514950167 0.4275 0.6204318936877077 0.4225 0.6370431893687708 0.424375 0.6470099667774086 0.43125 0.6561461794019934 0.436875 0.6569767441860465 0.449375 0.6445182724252492 0.451875 0.6362126245847176 0.4525 0.6229235880398671
1 0.27625 0.6478405315614618 0.27625 0.6303986710963455 0.2725 0.6204318936877077 0.25875 0.6129568106312292 0.2475 0.6179401993355482 0.244375 0.6237541528239202 0.240625 0.6411960132890365 0.243125 0.654485049833887 0.246875 0.6611295681063123 0.251875 0.6644518272425249 0.26375 0.6661129568106312 0.26875 0.6636212624584718 0.27625 0.6478405315614618
1 0.496875 0.7549833887043189 0.481875 0.7541528239202658 0.478125 0.7558139534883721 0.47125 0.7657807308970099 0.469375 0.7732558139534884 0.470625 0.7782392026578073 0.483125 0.7931893687707641 0.496875 0.7948504983388704 0.50625 0.7865448504983389 0.508125 0.7699335548172758 0.496875 0.7549833887043189
1 0.2725 0.5124584717607974 0.2725 0.4983388704318937 0.268125 0.48754152823920266 0.26 0.48588039867109634 0.253125 0.4908637873754153 0.246875 0.5091362126245847 0.2475 0.5224252491694352 0.25 0.5299003322259136 0.2575 0.53156146179402 0.26375 0.5290697674418605 0.26875 0.521594684385382 0.2725 0.5124584717607974
1 0.4275 0.5714285714285714 0.4275 0.5556478405315615 0.4225 0.5490033222591362 0.39875 0.5465116279069767 0.3925 0.5506644518272426 0.388125 0.5573089700996677 0.3875 0.5664451827242525 0.39125 0.5739202657807309 0.40125 0.5838870431893688 0.4175 0.584717607973422 0.425 0.5772425249169435 0.4275 0.5714285714285714
1 0.52875 0.1669435215946844 0.52125 0.15199335548172757 0.514375 0.14867109634551495 0.504375 0.14867109634551495 0.4975 0.15282392026578073 0.491875 0.16196013289036545 0.49 0.16196013289036545 0.4875 0.1686046511627907 0.4875 0.18687707641196014 0.490625 0.19269102990033224 0.496875 0.19684385382059802 0.518125 0.19601328903654486 0.52625 0.18604651162790697 0.52875 0.1669435215946844
1 0.398125 0.38205980066445183 0.3975 0.3637873754152824 0.39375 0.35631229235880396 0.389375 0.35299003322259137 0.375 0.3521594684385382 0.365 0.35631229235880396 0.358125 0.3687707641196013 0.358125 0.3803986710963455 0.361875 0.38870431893687707 0.365625 0.3945182724252492 0.37125 0.3978405315614618 0.386875 0.3961794019933555 0.3925 0.3920265780730897 0.398125 0.38205980066445183
1 0.40125 0.5008305647840532 0.398125 0.4900332225913621 0.38875 0.4808970099667774 0.379375 0.48172757475083056 0.365 0.5058139534883721 0.365 0.5199335548172758 0.3675 0.5249169435215947 0.375625 0.5348837209302325 0.384375 0.5348837209302325 0.391875 0.5307308970099668 0.400625 0.5141196013289037 0.40125 0.5008305647840532
1 0.338125 0.7666112956810631 0.335625 0.7533222591362126 0.329375 0.7425249169435216 0.32375 0.7367109634551495 0.315 0.7342192691029901 0.30875 0.7350498338870431 0.3025 0.7416943521594684 0.3025 0.7566445182724253 0.305 0.7641196013289037 0.3125 0.7782392026578073 0.321875 0.7840531561461794 0.32875 0.7840531561461794 0.334375 0.7807308970099668 0.338125 0.7666112956810631
1 0.315 0.25 0.314375 0.23172757475083056 0.311875 0.22508305647840532 0.29875 0.21096345514950166 0.28625 0.21179401993355482 0.27875 0.22259136212624583 0.27875 0.23754152823920266 0.281875 0.25 0.289375 0.2649501661129568 0.3025 0.27325581395348836 0.306875 0.27325581395348836 0.3125 0.2632890365448505 0.315 0.25
1 0.47375 0.21926910299003322 0.473125 0.20182724252491693 0.470625 0.19435215946843853 0.463125 0.18687707641196014 0.45625 0.18687707641196014 0.446875 0.19601328903654486 0.441875 0.21179401993355482 0.443125 0.23588039867109634 0.449375 0.2441860465116279 0.45875 0.24584717607973422 0.463125 0.2441860465116279 0.470625 0.23338870431893688 0.47375 0.21926910299003322
1 0.489375 0.35631229235880396 0.4875 0.3496677740863787 0.480625 0.34136212624584716 0.4625 0.3338870431893688 0.455 0.3338870431893688 0.448125 0.33637873754152825 0.445 0.34053156146179403 0.445 0.3546511627906977 0.446875 0.36129568106312293 0.45 0.36627906976744184 0.45875 0.37209302325581395 0.478125 0.3770764119601329 0.48875 0.36794019933554817 0.489375 0.35631229235880396
1 0.548125 0.7358803986710963 0.54125 0.7209302325581395 0.53125 0.71843853820598 0.5225 0.723421926910299 0.5175 0.7358803986710963 0.5175 0.7466777408637874 0.52125 0.7591362126245847 0.526875 0.7649501661129569 0.5325 0.7666112956810631 0.539375 0.7657807308970099 0.545625 0.7599667774086378 0.548125 0.7358803986710963
1 0.42875 0.5166112956810631 0.421875 0.5058139534883721 0.415625 0.5016611295681063 0.408125 0.5016611295681063 0.403125 0.5058139534883721 0.39875 0.521594684385382 0.40125 0.5340531561461794 0.40375 0.5406976744186046 0.408125 0.5448504983388704 0.42125 0.5473421926910299 0.43 0.5382059800664452 0.42875 0.5166112956810631
1 0.39375 0.6619601328903655 0.3825 0.6553156146179402 0.370625 0.6611295681063123 0.366875 0.6735880398671097 0.3675 0.6910299003322259 0.3725 0.7001661129568106 0.386875 0.7009966777408638 0.395 0.6835548172757475 0.395625 0.6677740863787376 0.39375 0.6619601328903655
1 0.5475 0.2823920265780731 0.548125 0.26827242524916944 0.545625 0.2541528239202658 0.539375 0.24169435215946844 0.5325 0.23588039867109634 0.521875 0.23338870431893688 0.514375 0.23920265780730898 0.51125 0.24833887043189368 0.511875 0.2632890365448505 0.51625 0.27906976744186046 0.530625 0.29485049833887045 0.535625 0.29485049833887045 0.544375 0.28903654485049834 0.5475 0.2823920265780731
1 0.36 0.6212624584717608 0.3425 0.6046511627906976 0.33375 0.6054817275747508 0.3275 0.6137873754152824 0.325625 0.6204318936877077 0.326875 0.632890365448505 0.33625 0.643687707641196 0.346875 0.6495016611295681 0.359375 0.6461794019933554 0.3625 0.6370431893687708 0.36 0.6212624584717608
1 0.27625 0.3795681063122924 0.2775 0.37209302325581395 0.275625 0.35631229235880396 0.27375 0.35299003322259137 0.264375 0.3488372093023256 0.255 0.3488372093023256 0.250625 0.35132890365448505 0.239375 0.3687707641196013 0.239375 0.38704318936877075 0.244375 0.3953488372093023 0.250625 0.39867109634551495 0.26625 0.3961794019933555 0.273125 0.38787375415282394 0.27625 0.3795681063122924
1 0.305 0.7965116279069767 0.301875 0.7799003322259136 0.295625 0.7757475083056479 0.28875 0.7749169435215947 0.278125 0.7799003322259136 0.27125 0.7956810631229236 0.2725 0.8122923588039868 0.275625 0.8189368770764119 0.281875 0.8239202657807309 0.295625 0.8214285714285714 0.3025 0.8081395348837209 0.305 0.7965116279069767
1 0.51125 0.3696013289036545 0.50125 0.3637873754152824 0.494375 0.3646179401993355 0.488125 0.3687707641196013 0.483125 0.3745847176079734 0.480625 0.38289036544850497 0.480625 0.3995016611295681 0.48875 0.40946843853820597 0.4975 0.41029900332225916 0.50375 0.4061461794019934 0.513125 0.38870431893687707 0.51125 0.3696013289036545
1 0.486875 0.5764119601328903 0.485 0.5697674418604651 0.475625 0.5606312292358804 0.46375 0.5606312292358804 0.449375 0.5714285714285714 0.445 0.5780730897009967 0.4425 0.5888704318936877 0.443125 0.5946843853820598 0.446875 0.6013289036544851 0.45875 0.6079734219269103 0.475625 0.6038205980066446 0.48625 0.5888704318936877 0.486875 0.5764119601328903
1 0.449375 0.5083056478405316 0.450625 0.5 0.446875 0.47591362126245845 0.43375 0.4659468438538206 0.41875 0.47093023255813954 0.415625 0.4808970099667774 0.41625 0.4958471760797342 0.4275 0.5141196013289037 0.4325 0.5174418604651163 0.439375 0.5174418604651163 0.44625 0.5132890365448505 0.449375 0.5083056478405316
1 0.321875 0.6245847176079734 0.3225 0.6146179401993356 0.3225 0.6046511627906976 0.319375 0.595514950166113 0.314375 0.5913621262458472 0.306875 0.590531561461794 0.299375 0.595514950166113 0.291875 0.6096345514950167 0.29125 0.6370431893687708 0.295625 0.6445182724252492 0.3025 0.6461794019933554 0.309375 0.6428571428571429 0.318125 0.632890365448505 0.321875 0.6245847176079734
1 0.33125 0.7990033222591362 0.32125 0.7857142857142857 0.3125 0.7865448504983389 0.305 0.7965116279069767 0.3025 0.8073089700996677 0.3025 0.8197674418604651 0.305 0.824750830564784 0.313125 0.8330564784053156 0.32 0.8338870431893688 0.324375 0.8322259136212624 0.33125 0.8214285714285714 0.33125 0.7990033222591362
1 0.209375 0.5456810631229236 0.2025 0.5290697674418605 0.2025 0.5132890365448505 0.19625 0.5049833887043189 0.181875 0.5024916943521595 0.175625 0.5058139534883721 0.17 0.5174418604651163 0.171875 0.5357142857142857 0.175625 0.5440199335548173 0.189375 0.5548172757475083 0.204375 0.5581395348837209 0.209375 0.5548172757475083 0.209375 0.5456810631229236
1 0.5375 0.5888704318936877 0.538125 0.5822259136212624 0.5375 0.5730897009966778 0.5325 0.563953488372093 0.521875 0.5589700996677741 0.516875 0.5606312292358804 0.51375 0.5647840531561462 0.508125 0.5813953488372093 0.509375 0.5963455149501661 0.515 0.6038205980066446 0.519375 0.6054817275747508 0.525625 0.6046511627906976 0.533125 0.5988372093023255 0.5375 0.5888704318936877
1 0.365 0.520764119601329 0.35125 0.5191029900332226 0.34625 0.521594684385382 0.34125 0.5299003322259136 0.34125 0.5440199335548173 0.350625 0.5556478405315615 0.36625 0.5564784053156147 0.374375 0.5465116279069767 0.375625 0.5390365448504983 0.365 0.520764119601329
1 0.6075 0.5033222591362126 0.601875 0.4908637873754153 0.59625 0.48588039867109634 0.580625 0.48006644518272423 0.5725 0.4808970099667774 0.566875 0.4850498338870432 0.56375 0.49335548172757476 0.56375 0.5024916943521595 0.566875 0.5132890365448505 0.57875 0.5257475083056479 0.59625 0.5274086378737541 0.6025 0.5240863787375415 0.606875 0.5166112956810631 0.6075 0.5033222591362126
1 0.30875 0.8787375415282392 0.304375 0.8704318936877077 0.29875 0.8679401993355482 0.289375 0.8696013289036545 0.27875 0.8837209302325582 0.27625 0.9019933554817275 0.27875 0.9119601328903655 0.28375 0.9177740863787376 0.290625 0.920265780730897 0.301875 0.9119601328903655 0.309375 0.8895348837209303 0.30875 0.8787375415282392
1 0.46625 0.5431893687707641 0.46375 0.5340531561461794 0.460625 0.5290697674418605 0.451875 0.5240863787375415 0.444375 0.5240863787375415 0.438125 0.5274086378737541 0.43 0.5406976744186046 0.43125 0.5581395348837209 0.445 0.5689368770764119 0.45375 0.5689368770764119 0.46375 0.5581395348837209 0.465 0.5539867109634552 0.46625 0.5431893687707641
1 0.54125 0.37624584717607973 0.539375 0.3588039867109635 0.533125 0.3480066445182724 0.529375 0.3438538205980066 0.513125 0.3372093023255814 0.51125 0.3372093023255814 0.51 0.3480066445182724 0.511875 0.3812292358803987 0.516875 0.39285714285714285 0.52875 0.3961794019933555 0.535625 0.39285714285714285 0.540625 0.38289036544850497 0.54125 0.37624584717607973
1 0.550625 0.8048172757475083 0.54 0.7915282392026578 0.525625 0.7906976744186046 0.514375 0.7998338870431894 0.514375 0.8147840531561462 0.524375 0.8264119601328903 0.539375 0.8322259136212624 0.545 0.8289036544850499 0.55 0.8197674418604651 0.550625 0.8048172757475083
1 0.633125 0.8098006644518272 0.62125 0.8073089700996677 0.615625 0.8098006644518272 0.61125 0.8189368770764119 0.610625 0.8363787375415282 0.620625 0.8529900332225914 0.63625 0.8529900332225914 0.64125 0.8438538205980066 0.64125 0.8239202657807309 0.633125 0.8098006644518272
1 0.2275 0.5888704318936877 0.2175 0.574750830564784 0.208125 0.5739202657807309 0.2025 0.5764119601328903 0.19875 0.5789036544850499 0.195 0.5888704318936877 0.19625 0.6088039867109635 0.204375 0.6204318936877077 0.220625 0.6212624584717608 0.224375 0.6179401993355482 0.22875 0.6054817275747508 0.2275 0.5888704318936877
1 0.425 0.7059800664451827 0.4125 0.6810631229235881 0.40375 0.6794019933554817 0.39875 0.6810631229235881 0.39125 0.6951827242524917 0.393125 0.7101328903654485 0.39625 0.717607973421927 0.40375 0.723421926910299 0.415625 0.7242524916943521 0.42375 0.7167774086378738 0.425 0.7059800664451827
1 0.449375 0.6835548172757475 0.446875 0.6744186046511628 0.439375 0.6619601328903655 0.424375 0.659468438538206 0.41625 0.6669435215946844 0.413125 0.675249169435216 0.413125 0.6827242524916943 0.416875 0.6910299003322259 0.425 0.7059800664451827 0.439375 0.7084717607973422 0.444375 0.7043189368770764 0.449375 0.6901993355481728 0.449375 0.6835548172757475
1 0.234375 0.6519933554817275 0.235625 0.6337209302325582 0.225625 0.6229235880398671 0.209375 0.6237541528239202 0.195 0.6362126245847176 0.195 0.6553156146179402 0.2 0.6619601328903655 0.208125 0.665282392026578 0.218125 0.665282392026578 0.22625 0.6619601328903655 0.234375 0.6519933554817275
1 0.483125 0.6320598006644518 0.483125 0.6162790697674418 0.48 0.6104651162790697 0.47625 0.606312292358804 0.471875 0.606312292358804 0.46125 0.6088039867109635 0.455625 0.6146179401993356 0.4525 0.622093023255814 0.4525 0.6420265780730897 0.45625 0.6478405315614618 0.4625 0.6503322259136213 0.470625 0.6495016611295681 0.47625 0.6453488372093024 0.483125 0.6320598006644518
1 0.41125 0.1777408637873754 0.405625 0.1686046511627907 0.4 0.16611295681063123 0.39 0.16528239202657807 0.385 0.16777408637873753 0.375 0.1777408637873754 0.375 0.2009966777408638 0.386875 0.2101328903654485 0.400625 0.20930232558139536 0.410625 0.19684385382059802 0.413125 0.18687707641196014 0.41125 0.1777408637873754
1 0.376875 0.48421926910299 0.376875 0.4684385382059801 0.37375 0.46096345514950166 0.36875 0.4568106312292359 0.36375 0.4568106312292359 0.35125 0.4684385382059801 0.344375 0.48172757475083056 0.344375 0.49667774086378735 0.348125 0.5016611295681063 0.354375 0.5041528239202658 0.36375 0.5033222591362126 0.36875 0.5 0.376875 0.48421926910299
1 0.470625 0.2666112956810631 0.461875 0.2558139534883721 0.444375 0.25664451827242524 0.435 0.2649501661129568 0.4325 0.26993355481727577 0.43 0.2799003322259136 0.43 0.29401993355481726 0.4325 0.2973421926910299 0.440625 0.3023255813953488 0.445 0.3023255813953488 0.463125 0.2931893687707641 0.470625 0.276578073089701 0.470625 0.2666112956810631