1 0.6409214092140921 0.329375 0.6409214092140921 0.334375 0.6517615176151762 0.34375 0.6517615176151762 0.350625 0.6436314363143631 0.35375 0.6598915989159891 0.3525 0.6626016260162602 0.350625 0.6544715447154471 0.349375 0.6571815718157181 0.345 0.6626016260162602 0.345625 0.6788617886178862 0.339375 0.6788617886178862 0.33375 0.6707317073170732 0.3275 0.6626016260162602 0.325 0.6517615176151762 0.325 0.6409214092140921 0.329375
1 0.6951219512195121 0.318125 0.6761517615176151 0.315 0.6653116531165312 0.319375 0.6653116531165312 0.326875 0.6802168021680217 0.334375 0.6978319783197832 0.334375 0.7032520325203252 0.3325 0.7059620596205962 0.3275 0.6951219512195121 0.318125
1 0.537940379403794 0.445 0.521680216802168 0.449375 0.521680216802168 0.455625 0.535230352303523 0.461875 0.5636856368563685 0.45875 0.5677506775067751 0.449375 0.551490514905149 0.445 0.537940379403794 0.445
1 0.502710027100271 0.41125 0.4959349593495935 0.408125 0.47696476964769646 0.408125 0.4634146341463415 0.413125 0.45799457994579945 0.41875 0.46070460704607047 0.423125 0.46883468834688347 0.424375 0.4905149051490515 0.42375 0.4986449864498645 0.42 0.502710027100271 0.41125
1 0.7249322493224932 0.52875 0.7059620596205962 0.519375 0.6951219512195121 0.519375 0.6897018970189702 0.52125 0.6924119241192412 0.53375 0.7032520325203252 0.5375 0.7168021680216802 0.536875 0.7249322493224932 0.53375 0.7249322493224932 0.52875
1 0.8333333333333334 0.63375 0.8224932249322493 0.63125 0.8035230352303523 0.6325 0.7981029810298103 0.6375 0.8143631436314364 0.648125 0.8333333333333334 0.64875 0.8414634146341463 0.645625 0.8441734417344173 0.640625 0.8333333333333334 0.63375
1 0.2926829268292683 0.805625 0.2764227642276423 0.806875 0.26287262872628725 0.814375 0.26287262872628725 0.824375 0.27100271002710025 0.828125 0.2899728997289973 0.824375 0.2981029810298103 0.82 0.3008130081300813 0.81125 0.2926829268292683 0.805625
1 0.521680216802168 0.408125 0.521680216802168 0.401875 0.508130081300813 0.393125 0.4823848238482385 0.390625 0.4715447154471545 0.394375 0.4715447154471545 0.401875 0.47560975609756095 0.40375 0.502710027100271 0.41 0.513550135501355 0.41 0.521680216802168 0.408125
1 0.35772357723577236 0.536875 0.3523035230352303 0.54 0.35501355013550134 0.550625 0.3712737127371274 0.556875 0.38482384823848237 0.555 0.38482384823848237 0.54125 0.37398373983739835 0.536875 0.35772357723577236 0.536875
1 0.8956639566395664 0.6275 0.8929539295392954 0.618125 0.8739837398373984 0.610625 0.8617886178861789 0.6125 0.8550135501355014 0.615625 0.8550135501355014 0.621875 0.8604336043360433 0.6275 0.8712737127371274 0.63 0.8902439024390244 0.62875 0.8956639566395664 0.6275
1 0.4878048780487805 0.6125 0.4715447154471545 0.613125 0.45799457994579945 0.620625 0.45799457994579945 0.6275 0.46747967479674796 0.63125 0.4878048780487805 0.630625 0.4932249322493225 0.624375 0.4959349593495935 0.615625 0.4878048780487805 0.6125
1 0.4254742547425474 0.620625 0.4092140921409214 0.620625 0.3983739837398374 0.62625 0.3956639566395664 0.635625 0.4037940379403794 0.643125 0.4146341463414634 0.643125 0.43360433604336046 0.635 0.4363143631436314 0.6275 0.4254742547425474 0.620625
1 0.36720867208672087 0.779375 0.34959349593495936 0.783125 0.34417344173441733 0.7875 0.34417344173441733 0.794375 0.35365853658536583 0.7975 0.36314363143631434 0.7975 0.38482384823848237 0.790625 0.38482384823848237 0.780625 0.36720867208672087 0.779375
1 0.8604336043360433 0.581875 0.8414634146341463 0.581875 0.8306233062330624 0.586875 0.8306233062330624 0.593125 0.8387533875338753 0.59625 0.8523035230352304 0.5975 0.8699186991869918 0.595625 0.8712737127371274 0.586875 0.8604336043360433 0.581875
1 0.3333333333333333 0.66 0.3157181571815718 0.66125 0.3062330623306233 0.66625 0.3062330623306233 0.674375 0.3116531165311653 0.6775 0.32791327913279134 0.6775 0.33875338753387535 0.67125 0.34146341463414637 0.661875 0.3333333333333333 0.66
1 0.10840108401084012 0.704375 0.11382113821138211 0.7 0.10840108401084012 0.688125 0.0975609756097561 0.684375 0.07859078590785908 0.685625 0.07317073170731707 0.690625 0.07317073170731707 0.698125 0.07859078590785908 0.704375 0.08672086720867209 0.708125 0.0948509485094851 0.708125 0.10840108401084012 0.704375
1 0.22493224932249323 0.80375 0.2086720867208672 0.80375 0.1978319783197832 0.809375 0.1978319783197832 0.815 0.21002710027100271 0.819375 0.2222222222222222 0.82 0.23983739837398374 0.816875 0.24119241192411925 0.810625 0.22493224932249323 0.80375
1 0.7411924119241192 0.683125 0.7330623306233063 0.6875 0.7357723577235772 0.6975 0.7574525745257452 0.704375 0.7737127371273713 0.700625 0.7764227642276422 0.6925 0.7710027100271003 0.6875 0.7411924119241192 0.683125
1 0.4010840108401084 0.84 0.3875338753387534 0.848125 0.3902439024390244 0.858125 0.4065040650406504 0.86 0.42005420054200543 0.855625 0.42276422764227645 0.84875 0.4173441734417344 0.84 0.4010840108401084 0.84
1 0.16124661246612465 0.404375 0.16531165311653118 0.401875 0.16531165311653118 0.393125 0.15853658536585366 0.388125 0.14363143631436315 0.385 0.12601626016260162 0.386875 0.12195121951219512 0.391875 0.13008130081300814 0.40125 0.14634146341463414 0.40625 0.15718157181571815 0.40625 0.16124661246612465 0.404375
1 0.8360433604336044 0.78875 0.8360433604336044 0.780625 0.8279132791327913 0.775625 0.8143631436314364 0.774375 0.7981029810298103 0.780625 0.7953929539295393 0.791875 0.8035230352303523 0.7975 0.8197831978319783 0.7975 0.8279132791327913 0.794375 0.8360433604336044 0.78875
1 0.34959349593495936 0.393125 0.3346883468834688 0.391875 0.3252032520325203 0.396875 0.3224932249322493 0.40625 0.32791327913279134 0.41125 0.33875338753387535 0.415 0.35501355013550134 0.41125 0.35772357723577236 0.398125 0.34959349593495936 0.393125
1 0.14227642276422764 0.57 0.12737127371273713 0.575 0.12737127371273713 0.583125 0.14092140921409213 0.58625 0.15447154471544716 0.585625 0.17073170731707318 0.581875 0.16802168021680217 0.57 0.14227642276422764 0.57
1 0.6219512195121951 0.465625 0.5975609756097561 0.4675 0.5867208672086721 0.473125 0.5867208672086721 0.479375 0.5962059620596206 0.483125 0.6138211382113821 0.483125 0.6273712737127372 0.478125 0.6300813008130082 0.470625 0.6219512195121951 0.465625
1 0.5975609756097561 0.69625 0.5785907859078591 0.6925 0.5623306233062331 0.69875 0.5650406504065041 0.708125 0.573170731707317 0.711875 0.5948509485094851 0.711875 0.6029810298102981 0.71 0.6056910569105691 0.7 0.5975609756097561 0.69625
1 0.6571815718157181 0.340625 0.6382113821138211 0.340625 0.6300813008130082 0.3425 0.6273712737127372 0.349375 0.6341463414634146 0.35375 0.6490514905149052 0.354375 0.6598915989159891 0.3525 0.6626016260162602 0.34375 0.6571815718157181 0.340625
1 0.3116531165311653 0.683125 0.2926829268292683 0.683125 0.2872628726287263 0.685625 0.2899728997289973 0.6975 0.3035230352303523 0.7025 0.3170731707317073 0.7025 0.3224932249322493 0.7 0.3224932249322493 0.6875 0.3116531165311653 0.683125
1 0.9498644986449865 0.5775 0.9498644986449865 0.568125 0.9390243902439024 0.565625 0.9214092140921409 0.5675 0.9119241192411924 0.5725 0.9119241192411924 0.579375 0.9200542005420054 0.583125 0.9308943089430894 0.583125 0.94579945799458 0.58 0.9498644986449865 0.5775
1 0.6598915989159891 0.621875 0.6409214092140921 0.623125 0.6327913279132791 0.6275 0.6327913279132791 0.635 0.6395663956639567 0.638125 0.6598915989159891 0.638125 0.6707317073170732 0.635 0.6707317073170732 0.62625 0.6598915989159891 0.621875
1 0.7601626016260162 0.519375 0.7628726287262872 0.5125 0.7520325203252033 0.50875 0.7384823848238482 0.50875 0.7303523035230353 0.51 0.7195121951219512 0.515625 0.7168021680216802 0.521875 0.7222222222222222 0.525625 0.7357723577235772 0.52625 0.7520325203252033 0.52375 0.7601626016260162 0.519375
1 0.6626016260162602 0.72125 0.6517615176151762 0.71375 0.6409214092140921 0.71125 0.6273712737127372 0.71125 0.6165311653116531 0.714375 0.6165311653116531 0.7225 0.6355013550135501 0.73125 0.6490514905149052 0.731875 0.6598915989159891 0.72875 0.6626016260162602 0.72125
1 0.6436314363143631 0.41125 0.6327913279132791 0.408125 0.6192411924119241 0.40875 0.6111111111111112 0.415 0.6165311653116531 0.4225 0.6273712737127372 0.42625 0.6490514905149052 0.425625 0.6517615176151762 0.416875 0.6436314363143631 0.41125
1 0.8116531165311653 0.583125 0.8143631436314364 0.5775 0.8116531165311653 0.57375 0.8035230352303523 0.57125 0.7926829268292683 0.57 0.7737127371273713 0.5725 0.7710027100271003 0.579375 0.7737127371273713 0.583125 0.7818428184281843 0.585625 0.7981029810298103 0.58625 0.8116531165311653 0.583125
1 0.43224932249322495 0.45625 0.42140921409214094 0.455 0.41192411924119243 0.456875 0.4037940379403794 0.4625 0.4051490514905149 0.4725 0.4281842818428184 0.47375 0.4363143631436314 0.470625 0.43902439024390244 0.460625 0.43224932249322495 0.45625
1 0.48509485094850946 0.560625 0.4742547425474255 0.561875 0.46612466124661245 0.565625 0.45799457994579945 0.575625 0.46070460704607047 0.579375 0.48509485094850946 0.579375 0.4959349593495935 0.573125 0.4986449864498645 0.565 0.48509485094850946 0.560625
1 0.21951219512195122 0.424375 0.1937669376693767 0.42375 0.17615176151761516 0.42875 0.17615176151761516 0.4375 0.1842818428184282 0.44125 0.2086720867208672 0.44125 0.2222222222222222 0.4375 0.22493224932249323 0.4275 0.21951219512195122 0.424375
1 0.15447154471544716 0.411875 0.13821138211382114 0.411875 0.12737127371273713 0.418125 0.12737127371273713 0.428125 0.13279132791327913 0.43125 0.15176151761517614 0.430625 0.16531165311653118 0.424375 0.16802168021680217 0.41875 0.15447154471544716 0.411875
1 0.1951219512195122 0.7825 0.16531165311653118 0.78 0.15176151761517614 0.781875 0.15447154471544716 0.790625 0.16531165311653118 0.795625 0.1897018970189702 0.7975 0.1978319783197832 0.793125 0.2005420054200542 0.790625 0.1951219512195122 0.7825
1 0.45528455284552843 0.57625 0.43360433604336046 0.578125 0.43089430894308944 0.589375 0.44037940379403795 0.59375 0.45799457994579945 0.593125 0.46612466124661245 0.589375 0.4634146341463415 0.580625 0.45528455284552843 0.57625
1 0.7547425474254743 0.711875 0.7398373983739838 0.71125 0.7303523035230353 0.715625 0.7330623306233063 0.7275 0.7493224932249323 0.735625 0.7601626016260162 0.736875 0.7682926829268293 0.735 0.7682926829268293 0.72 0.7547425474254743 0.711875
1 0.18157181571815717 0.461875 0.17344173441734417 0.4575 0.15718157181571815 0.455625 0.14634146341463414 0.460625 0.14634146341463414 0.473125 0.15582655826558264 0.47625 0.17886178861788618 0.474375 0.1842818428184282 0.46875 0.18157181571815717 0.461875
1 0.516260162601626 0.60125 0.502710027100271 0.605 0.505420054200542 0.615 0.5298102981029811 0.619375 0.5460704607046071 0.616875 0.5487804878048781 0.60875 0.537940379403794 0.601875 0.516260162601626 0.60125
1 0.8617886178861789 0.438125 0.8577235772357723 0.43625 0.8414634146341463 0.43625 0.8333333333333334 0.4425 0.8360433604336044 0.4525 0.8495934959349594 0.4575 0.8658536585365854 0.454375 0.8685636856368564 0.444375 0.8617886178861789 0.438125
1 0.532520325203252 0.623125 0.5271002710027101 0.63 0.5298102981029811 0.63625 0.551490514905149 0.6375 0.5650406504065041 0.6325 0.5677506775067751 0.624375 0.559620596205962 0.620625 0.532520325203252 0.623125
1 0.6463414634146342 0.678125 0.6355013550135501 0.6725 0.6246612466124661 0.6725 0.6138211382113821 0.6775 0.6138211382113821 0.685625 0.6219512195121951 0.69 0.6409214092140921 0.69 0.6463414634146342 0.6875 0.6463414634146342 0.678125
1 0.5785907859078591 0.473125 0.5785907859078591 0.466875 0.5623306233062331 0.460625 0.540650406504065 0.4625 0.532520325203252 0.4675 0.532520325203252 0.473125 0.5433604336043361 0.478125 0.5650406504065041 0.478125 0.573170731707317 0.475625 0.5785907859078591 0.473125
1 0.8821138211382114 0.630625 0.8631436314363143 0.63125 0.8468834688346883 0.6375 0.8468834688346883 0.64625 0.8604336043360433 0.650625 0.8766937669376694 0.649375 0.8902439024390244 0.644375 0.8929539295392954 0.63375 0.8821138211382114 0.630625
1 0.7195121951219512 0.330625 0.7059620596205962 0.330625 0.6978319783197832 0.334375 0.6978319783197832 0.339375 0.7086720867208672 0.34375 0.7195121951219512 0.34375 0.7289972899728997 0.34125 0.7303523035230353 0.334375 0.7195121951219512 0.330625
1 0.13279132791327913 0.46375 0.12466124661246612 0.46 0.11382113821138211 0.4575 0.0975609756097561 0.4575 0.08943089430894309 0.46 0.08943089430894309 0.466875 0.0975609756097561 0.473125 0.11653116531165311 0.474375 0.13143631436314362 0.471875 0.13279132791327913 0.46375
1 0.6653116531165312 0.355625 0.6571815718157181 0.35375 0.6409214092140921 0.355625 0.6382113821138211 0.365 0.6436314363143631 0.36875 0.6490514905149052 0.370625 0.6734417344173442 0.370625 0.6761517615176151 0.36375 0.6653116531165312 0.355625
1 0.33604336043360433 0.786875 0.3170731707317073 0.785 0.2967479674796748 0.789375 0.2953929539295393 0.79875 0.3075880758807588 0.805625 0.32791327913279134 0.805 0.34146341463414637 0.80125 0.34417344173441733 0.794375 0.33604336043360433 0.786875
1 0.2005420054200542 0.76625 0.19241192411924118 0.764375 0.16802168021680217 0.764375 0.15989159891598917 0.76875 0.16260162601626016 0.77875 0.17073170731707318 0.780625 0.1978319783197832 0.779375 0.2032520325203252 0.77625 0.2005420054200542 0.76625
1 0.15989159891598917 0.451875 0.14363143631436315 0.445 0.12737127371273713 0.444375 0.11653116531165311 0.448125 0.11653116531165311 0.45875 0.13143631436314362 0.4625 0.14363143631436315 0.461875 0.15989159891598917 0.454375 0.15989159891598917 0.451875
1 0.3956639566395664 0.439375 0.39295392953929537 0.43625 0.38482384823848237 0.434375 0.3685636856368564 0.43625 0.35501355013550134 0.444375 0.35501355013550134 0.45 0.3604336043360434 0.454375 0.3821138211382114 0.454375 0.39295392953929537 0.45 0.3956639566395664 0.439375
1 0.11924119241192412 0.47625 0.0948509485094851 0.47375 0.08672086720867209 0.48125 0.08672086720867209 0.48875 0.10298102981029811 0.495 0.1111111111111111 0.495 0.12195121951219512 0.49125 0.12466124661246612 0.480625 0.11924119241192412 0.47625
1 0.6842818428184282 0.783125 0.6734417344173442 0.7775 0.6680216802168022 0.7775 0.6490514905149052 0.78375 0.6490514905149052 0.789375 0.6544715447154471 0.794375 0.6761517615176151 0.794375 0.6842818428184282 0.790625 0.6842818428184282 0.783125
1 0.38482384823848237 0.40625 0.36314363143631434 0.40625 0.3523035230352303 0.413125 0.3523035230352303 0.420625 0.36314363143631434 0.42625 0.38482384823848237 0.42625 0.39295392953929537 0.418125 0.3956639566395664 0.411875 0.38482384823848237 0.40625
1 0.7682926829268293 0.54375 0.7547425474254743 0.54125 0.7411924119241192 0.5475 0.7411924119241192 0.559375 0.7493224932249323 0.561875 0.7601626016260162 0.561875 0.7682926829268293 0.558125 0.7710027100271003 0.54625 0.7682926829268293 0.54375
1 0.4823848238482385 0.673125 0.46612466124661245 0.673125 0.45799457994579945 0.676875 0.45528455284552843 0.6875 0.45934959349593496 0.690625 0.47696476964769646 0.69 0.489159891598916 0.68625 0.4905149051490515 0.678125 0.4823848238482385 0.673125
1 0.8197831978319783 0.4375 0.8062330623306233 0.438125 0.7981029810298103 0.444375 0.8008130081300813 0.454375 0.8075880758807588 0.4575 0.8197831978319783 0.4575 0.8306233062330624 0.453125 0.8306233062330624 0.44 0.8197831978319783 0.4375
1 0.535230352303523 0.54625 0.524390243902439 0.544375 0.505420054200542 0.54625 0.502710027100271 0.555625 0.5121951219512195 0.5625 0.532520325203252 0.565 0.5433604336043361 0.561875 0.5460704607046071 0.553125 0.535230352303523 0.54625
1 0.14905149051490515 0.665 0.13279132791327913 0.665 0.11924119241192412 0.67 0.11924119241192412 0.675625 0.12466124661246612 0.68 0.13821138211382114 0.681875 0.15718157181571815 0.679375 0.15989159891598917 0.67125 0.14905149051490515 0.665
1 0.07317073170731707 0.775 0.05420054200542006 0.775 0.04336043360433604 0.77875 0.04607046070460705 0.7875 0.056910569105691054 0.793125 0.07588075880758807 0.794375 0.08672086720867209 0.790625 0.08943089430894309 0.783125 0.07317073170731707 0.775
1 0.38482384823848237 0.86 0.38482384823848237 0.853125 0.3807588075880759 0.85 0.3712737127371274 0.848125 0.34959349593495936 0.85 0.34417344173441733 0.854375 0.34417344173441733 0.86 0.34959349593495936 0.86375 0.37669376693766937 0.86375 0.38482384823848237 0.86
1 0.7357723577235772 0.685625 0.7384823848238482 0.679375 0.7330623306233063 0.675625 0.7222222222222222 0.673125 0.7005420054200542 0.675625 0.6897018970189702 0.681875 0.6897018970189702 0.686875 0.7032520325203252 0.6925 0.7195121951219512 0.6925 0.7303523035230353 0.69 0.7357723577235772 0.685625
1 0.7574525745257452 0.48875 0.7574525745257452 0.48125 0.7493224932249323 0.47875 0.7168021680216802 0.479375 0.7059620596205962 0.485625 0.7059620596205962 0.48875 0.7168021680216802 0.49375 0.7411924119241192 0.49375 0.7533875338753387 0.490625 0.7574525745257452 0.48875
1 0.2791327913279133 0.36625 0.24932249322493225 0.36375 0.24119241192411925 0.368125 0.24119241192411925 0.373125 0.25203252032520324 0.379375 0.27371273712737126 0.380625 0.2845528455284553 0.37875 0.2872628726287263 0.370625 0.2791327913279133 0.36625
1 0.521680216802168 0.635 0.5271002710027101 0.6325 0.5271002710027101 0.62875 0.532520325203252 0.625625 0.5298102981029811 0.618125 0.510840108401084 0.615 0.505420054200542 0.6175 0.4986449864498645 0.616875 0.4905149051490515 0.62625 0.497289972899729 0.6325 0.502710027100271 0.635 0.521680216802168 0.635
1 0.22764227642276422 0.534375 0.22764227642276422 0.528125 0.21680216802168023 0.524375 0.2086720867208672 0.524375 0.18699186991869918 0.53125 0.18699186991869918 0.536875 0.1951219512195122 0.54125 0.21680216802168023 0.54125 0.2222222222222222 0.53875 0.22764227642276422 0.534375
1 0.8712737127371274 0.568125 0.8428184281842819 0.5675 0.8360433604336044 0.5725 0.8387533875338753 0.5775 0.8468834688346883 0.581875 0.8685636856368564 0.583125 0.8766937669376694 0.579375 0.8794037940379403 0.57375 0.8712737127371274 0.568125
1 0.7655826558265583 0.575625 0.7466124661246613 0.575 0.7398373983739838 0.578125 0.7384823848238482 0.586875 0.7466124661246613 0.591875 0.7628726287262872 0.593125 0.7737127371273713 0.589375 0.7764227642276422 0.58625 0.7655826558265583 0.575625
1 0.7168021680216802 0.398125 0.7086720867208672 0.39625 0.6842818428184282 0.3975 0.6734417344173442 0.405 0.6734417344173442 0.411875 0.6815718157181572 0.415 0.6978319783197832 0.413125 0.7168021680216802 0.404375 0.7168021680216802 0.398125
1 0.4281842818428184 0.64125 0.005420054200542005 0.00125
1 0.3685636856368564 0.66875 0.3604336043360434 0.66625 0.34010840108401086 0.66875 0.3333333333333333 0.674375 0.3333333333333333 0.684375 0.34146341463414637 0.6875 0.34959349593495936 0.6875 0.36314363143631434 0.685625 0.3685636856368564 0.6825 0.3685636856368564 0.66875
1 0.24119241192411925 0.6025 0.23577235772357724 0.59875 0.2140921409214092 0.5975 0.2005420054200542 0.601875 0.2005420054200542 0.606875 0.2046070460704607 0.610625 0.22764227642276422 0.613125 0.24119241192411925 0.61 0.24119241192411925 0.6025
1 0.3333333333333333 0.491875 0.3116531165311653 0.490625 0.2981029810298103 0.495 0.2981029810298103 0.50125 0.3116531165311653 0.5075 0.3333333333333333 0.50875 0.3428184281842818 0.506875 0.34688346883468835 0.5 0.3333333333333333 0.491875
1 0.537940379403794 0.6875 0.540650406504065 0.695625 0.5487804878048781 0.698125 0.5623306233062331 0.69875 0.573170731707317 0.693125 0.573170731707317 0.679375 0.551490514905149 0.678125 0.537940379403794 0.6875
1 0.12466124661246612 0.428125 0.1002710027100271 0.42625 0.08672086720867209 0.43125 0.08672086720867209 0.4375 0.0948509485094851 0.44125 0.11382113821138211 0.441875 0.12601626016260162 0.439375 0.13008130081300814 0.43125 0.12466124661246612 0.428125
1 0.5867208672086721 0.6275 0.573170731707317 0.6275 0.559620596205962 0.635 0.559620596205962 0.64375 0.5677506775067751 0.646875 0.575880758807588 0.646875 0.592140921409214 0.641875 0.592140921409214 0.63 0.5867208672086721 0.6275
1 0.4634146341463415 0.815 0.45257452574525747 0.810625 0.43089430894308944 0.81125 0.4254742547425474 0.815 0.4281842818428184 0.823125 0.44173441734417346 0.82875 0.45528455284552843 0.82875 0.46612466124661245 0.825625 0.4634146341463415 0.815
1 0.535230352303523 0.649375 0.535230352303523 0.641875 0.524390243902439 0.635625 0.4986449864498645 0.635625 0.4932249322493225 0.638125 0.4932249322493225 0.64375 0.5040650406504065 0.650625 0.513550135501355 0.653125 0.5298102981029811 0.651875 0.535230352303523 0.649375
1 0.7791327913279132 0.63125 0.7628726287262872 0.628125 0.7439024390243902 0.630625 0.7439024390243902 0.63875 0.7574525745257452 0.64625 0.7764227642276422 0.646875 0.7845528455284553 0.644375 0.7872628726287263 0.6375 0.7791327913279132 0.63125
1 0.1002710027100271 0.510625 0.07859078590785908 0.50875 0.06504065040650407 0.5125 0.06233062330623306 0.521875 0.06775067750677506 0.524375 0.08943089430894309 0.524375 0.0989159891598916 0.5225 0.10298102981029811 0.519375 0.1002710027100271 0.510625
1 0.8631436314363143 0.49875 0.8563685636856369 0.491875 0.8346883468834688 0.49125 0.8252032520325203 0.49625 0.8279132791327913 0.50875 0.8373983739837398 0.510625 0.8563685636856369 0.509375 0.8631436314363143 0.505 0.8631436314363143 0.49875
1 0.7981029810298103 0.42625 0.7764227642276422 0.42625 0.7710027100271003 0.42875 0.7737127371273713 0.441875 0.7791327913279132 0.444375 0.7953929539295393 0.444375 0.8008130081300813 0.441875 0.8035230352303523 0.4325 0.7981029810298103 0.42625
1 0.1951219512195122 0.748125 0.1842818428184282 0.743125 0.15989159891598917 0.743125 0.14905149051490515 0.748125 0.15176151761517614 0.754375 0.16531165311653118 0.760625 0.18699186991869918 0.760625 0.1978319783197832 0.755625 0.1951219512195122 0.748125
1 0.9065040650406504 0.749375 0.8956639566395664 0.7425 0.8902439024390244 0.740625 0.8766937669376694 0.740625 0.8685636856368564 0.743125 0.8658536585365854 0.755 0.8712737127371274 0.759375 0.8929539295392954 0.761875 0.9037940379403794 0.758125 0.9065040650406504 0.749375
1 0.18157181571815717 0.6975 0.17344173441734417 0.69375 0.15040650406504066 0.695 0.13550135501355012 0.70125 0.13550135501355012 0.706875 0.14498644986449866 0.71125 0.17073170731707318 0.709375 0.18157181571815717 0.704375 0.18157181571815717 0.6975
1 0.5121951219512195 0.34 0.4932249322493225 0.339375 0.4878048780487805 0.3425 0.4878048780487805 0.35375 0.497289972899729 0.358125 0.508130081300813 0.358125 0.516260162601626 0.354375 0.518970189701897 0.348125 0.5121951219512195 0.34
1 0.14634146341463414 0.6 0.13279132791327913 0.599375 0.12466124661246612 0.601875 0.12195121951219512 0.610625 0.13414634146341464 0.6175 0.15447154471544716 0.616875 0.15853658536585366 0.614375 0.15989159891598917 0.60625 0.14634146341463414 0.6
1 0.6192411924119241 0.848125 0.6192411924119241 0.839375 0.6111111111111112 0.835 0.5948509485094851 0.835 0.5785907859078591 0.84375 0.5813008130081301 0.854375 0.5867208672086721 0.856875 0.6002710027100271 0.856875 0.6124661246612466 0.8525 0.6192411924119241 0.848125
1 0.3062330623306233 0.625625 0.3035230352303523 0.620625 0.2953929539295393 0.6175 0.27100271002710025 0.6175 0.26287262872628725 0.620625 0.26558265582655827 0.628125 0.2777777777777778 0.635625 0.2926829268292683 0.6375 0.3035230352303523 0.6325 0.3062330623306233 0.625625
1 0.37669376693766937 0.584375 0.36314363143631434 0.58625 0.35501355013550134 0.59125 0.35501355013550134 0.59875 0.36585365853658536 0.605 0.3794037940379404 0.60375 0.3902439024390244 0.596875 0.3902439024390244 0.58875 0.37669376693766937 0.584375
1 0.45528455284552843 0.420625 0.4444444444444444 0.41625 0.43360433604336046 0.41625 0.4173441734417344 0.42375 0.4146341463414634 0.43125 0.4281842818428184 0.435625 0.44850948509485095 0.4325 0.45528455284552843 0.428125 0.45528455284552843 0.420625
1 0.12195121951219512 0.60625 0.11924119241192412 0.6025 0.1111111111111111 0.6 0.08536585365853659 0.599375 0.07317073170731707 0.6025 0.07317073170731707 0.610625 0.08130081300813008 0.615 0.0975609756097561 0.616875 0.11924119241192412 0.613125 0.12195121951219512 0.60625
1 0.3062330623306233 0.395 0.2886178861788618 0.394375 0.27371273712737126 0.401875 0.27371273712737126 0.408125 0.2804878048780488 0.41125 0.2981029810298103 0.411875 0.3116531165311653 0.408125 0.3143631436314363 0.398125 0.3062330623306233 0.395
1 0.33875338753387535 0.853125 0.32791327913279134 0.851875 0.3008130081300813 0.856875 0.3008130081300813 0.865 0.3116531165311653 0.86875 0.32791327913279134 0.868125 0.33739837398373984 0.865625 0.34146341463414637 0.8625 0.33875338753387535 0.853125
1 0.524390243902439 0.56375 0.505420054200542 0.565 0.4959349593495935 0.57125 0.4959349593495935 0.578125 0.505420054200542 0.581875 0.516260162601626 0.581875 0.535230352303523 0.575 0.535230352303523 0.565625 0.524390243902439 0.56375
1 0.33875338753387535 0.44 0.3333333333333333 0.433125 0.3116531165311653 0.433125 0.3008130081300813 0.44 0.3008130081300813 0.446875 0.3062330623306233 0.451875 0.3116531165311653 0.454375 0.32791327913279134 0.454375 0.33604336043360433 0.449375 0.33875338753387535 0.44
1 0.6246612466124661 0.355625 0.6056910569105691 0.355625 0.5867208672086721 0.363125 0.5867208672086721 0.370625 0.5948509485094851 0.37375 0.6165311653116531 0.37375 0.6300813008130082 0.36875 0.6327913279132791 0.36 0.6246612466124661 0.355625
1 0.2899728997289973 0.845625 0.2899728997289973 0.84125 0.2791327913279133 0.83625 0.2588075880758808 0.836875 0.24390243902439024 0.8425 0.24390243902439024 0.849375 0.24932249322493225 0.853125 0.27371273712737126 0.853125 0.2845528455284553 0.84875 0.2899728997289973 0.845625
1 0.4254742547425474 0.420625 0.4254742547425474 0.41375 0.4173441734417344 0.41 0.4065040650406504 0.40875 0.39295392953929537 0.415 0.3902439024390244 0.423125 0.3997289972899729 0.428125 0.41192411924119243 0.428125 0.4173441734417344 0.42625 0.4254742547425474 0.420625
1 0.3875338753387534 0.5575 0.3875338753387534 0.565625 0.3983739837398374 0.5675 0.4173441734417344 0.565 0.4254742547425474 0.560625 0.4254742547425474 0.550625 0.3983739837398374 0.550625 0.3875338753387534 0.5575
1 0.2994579945799458 0.379375 0.2899728997289973 0.3825 0.2899728997289973 0.391875 0.3089430894308943 0.394375 0.3252032520325203 0.391875 0.33062330623306235 0.389375 0.3252032520325203 0.380625 0.2994579945799458 0.379375
1 0.46070460704607047 0.711875 0.44715447154471544 0.706875 0.42276422764227645 0.706875 0.41192411924119243 0.716875 0.4146341463414634 0.72125 0.4363143631436314 0.7275 0.45799457994579945 0.72625 0.4634146341463415 0.72375 0.46070460704607047 0.711875
1 0.37669376693766937 0.77 0.3685636856368564 0.764375 0.35772357723577236 0.761875 0.33875338753387535 0.764375 0.3333333333333333 0.76875 0.3333333333333333 0.774375 0.34552845528455284 0.78 0.3523035230352303 0.780625 0.37262872628726285 0.776875 0.37669376693766937 0.77
1 0.7086720867208672 0.381875 0.7032520325203252 0.3775 0.6897018970189702 0.375 0.6788617886178862 0.375625 0.6707317073170732 0.381875 0.6761517615176151 0.390625 0.6897018970189702 0.395 0.7005420054200542 0.395 0.7059620596205962 0.391875 0.7086720867208672 0.381875
1 0.23035230352303523 0.651875 0.2222222222222222 0.64875 0.2073170731707317 0.64875 0.1897018970189702 0.65625 0.1897018970189702 0.66375 0.2005420054200542 0.66875 0.22357723577235772 0.665625 0.23035230352303523 0.66125 0.23035230352303523 0.651875
1 0.2872628726287263 0.518125 0.2872628726287263 0.51 0.2791327913279133 0.505 0.27100271002710025 0.50375 0.25745257452574527 0.505625 0.24932249322493225 0.51 0.24932249322493225 0.519375 0.26558265582655827 0.52375 0.2791327913279133 0.521875 0.2872628726287263 0.518125
1 0.3116531165311653 0.7725 0.3008130081300813 0.765625 0.2872628726287263 0.764375 0.27371273712737126 0.76625 0.2682926829268293 0.77625 0.2764227642276423 0.78125 0.28319783197831977 0.783125 0.2981029810298103 0.783125 0.3089430894308943 0.779375 0.3116531165311653 0.7725
1 0.12737127371273713 0.618125 0.11382113821138211 0.615625 0.0989159891598916 0.61875 0.0948509485094851 0.6275 0.10569105691056911 0.635 0.12195121951219512 0.6375 0.13821138211382114 0.633125 0.13821138211382114 0.624375 0.12737127371273713 0.618125
1 0.7574525745257452 0.424375 0.7466124661246613 0.424375 0.7411924119241192 0.42625 0.7357723577235772 0.434375 0.7384823848238482 0.441875 0.7439024390243902 0.444375 0.7682926829268293 0.444375 0.7682926829268293 0.428125 0.7574525745257452 0.424375
1 0.5623306233062331 0.563125 0.573170731707317 0.57 0.5894308943089431 0.57 0.5894308943089431 0.551875 0.5840108401084011 0.548125 0.5650406504065041 0.548125 0.5623306233062331 0.563125
1 0.4905149051490515 0.709375 0.47696476964769646 0.709375 0.46612466124661245 0.714375 0.46612466124661245 0.72875 0.47696476964769646 0.73375 0.48509485094850946 0.73375 0.4959349593495935 0.72875 0.4959349593495935 0.71375 0.4905149051490515 0.709375
1 0.6829268292682927 0.339375 0.6680216802168022 0.345625 0.6680216802168022 0.3525 0.6761517615176151 0.355625 0.7086720867208672 0.355625 0.7113821138211383 0.345625 0.6978319783197832 0.34 0.6829268292682927 0.339375
1 0.08401084010840108 0.488125 0.07317073170731707 0.48875 0.06233062330623306 0.49375 0.06775067750677506 0.50125 0.07588075880758807 0.505 0.08401084010840108 0.50625 0.0975609756097561 0.5025 0.1002710027100271 0.495625 0.08401084010840108 0.488125
1 0.6084010840108401 0.719375 0.592140921409214 0.719375 0.5813008130081301 0.7275 0.5840108401084011 0.735 0.5975609756097561 0.740625 0.6111111111111112 0.740625 0.6192411924119241 0.7375 0.6192411924119241 0.725 0.6084010840108401 0.719375
1 0.1842818428184282 0.589375 0.16531165311653118 0.589375 0.15176151761517614 0.5975 0.15176151761517614 0.60375 0.16124661246612465 0.6075 0.1842818428184282 0.60625 0.1897018970189702 0.6025 0.19241192411924118 0.59625 0.1842818428184282 0.589375
1 0.2845528455284553 0.449375 0.2804878048780488 0.445625 0.2601626016260163 0.444375 0.25203252032520324 0.448125 0.24932249322493225 0.453125 0.25203252032520324 0.46 0.26151761517615174 0.465 0.2764227642276423 0.46375 0.28184281842818426 0.46 0.2845528455284553 0.449375
1 0.6680216802168022 0.3925 0.6517615176151762 0.393125 0.6382113821138211 0.4 0.6382113821138211 0.406875 0.6490514905149052 0.410625 0.6653116531165312 0.41 0.6761517615176151 0.405 0.6761517615176151 0.395 0.6680216802168022 0.3925
1 0.5704607046070461 0.715625 0.551490514905149 0.716875 0.537940379403794 0.724375 0.540650406504065 0.73 0.551490514905149 0.73375 0.5677506775067751 0.73375 0.5813008130081301 0.729375 0.5840108401084011 0.72 0.5704607046070461 0.715625
1 0.7835569105691057 0.688976875 0.793070460704607 0.697753125 0.8192344173441735 0.69939875 0.843018970189702 0.695010625 0.8418292682926829 0.689525 0.8299376693766938 0.6829425 0.7990162601626016 0.681296875 0.7835569105691057 0.688976875
1 0.4577018970189702 0.8447625 0.4577018970189702 0.8332431250000001 0.4410514905149051 0.829403125 0.4208346883468835 0.8359862499999999 0.4255921409214092 0.8486024999999999 0.4410514905149051 0.8524425 0.4577018970189702 0.8447625
1 0.5956544715447155 0.794845 0.6134932249322493 0.79813625 0.6313319783197832 0.7921025 0.6313319783197832 0.7811318749999999 0.6241964769647697 0.776743125 0.6016002710027101 0.780583125 0.5992222222222222 0.787165625 0.5956544715447155 0.794845
1 0.0997371273712737 0.777291875 0.10568292682926829 0.767966875 0.10806233062330624 0.761384375 0.07476287262872629 0.7619325 0.06762737127371274 0.7690637499999999 0.08189837398373984 0.7778406250000001 0.0997371273712737 0.777291875
1 0.45651219512195124 0.6922681249999999 0.4255921409214092 0.688428125 0.42440243902439023 0.698301875 0.4327276422764228 0.70598125 0.45651219512195124 0.70269 0.45651219512195124 0.6922681249999999
1 0.41013143631436316 0.64783625 0.4136991869918699 0.654966875 0.43153794037940385 0.652773125 0.4517547425474254 0.64783625 0.4517547425474254 0.638510625 0.4410514905149051 0.635219375 0.4220243902439024 0.640705 0.41013143631436316 0.64783625
1 0.2174728997289973 0.596821875 0.2436368563685637 0.595724375 0.23887940379403794 0.582559375 0.2162831978319783 0.57872 0.19368834688346884 0.583108125 0.19844444444444445 0.592433125 0.2174728997289973 0.596821875
1 0.07357317073170731 0.619860625 0.06643766937669376 0.606695625 0.04859891598915989 0.61108375 0.046220867208672085 0.619311875 0.05692411924119241 0.625345625 0.07357317073170731 0.619860625