1 0.318125 0.8388704318936877 0.3275 0.8280730897009967 0.329375 0.8239202657807309 0.329375 0.8089700996677741 0.325 0.7998338870431894 0.319375 0.7940199335548173 0.31 0.792358803986711 0.301875 0.7956810631229236 0.29375 0.8098006644518272 0.29375 0.8230897009966778 0.30375 0.8380398671096345 0.318125 0.8388704318936877
1 0.439375 0.31893687707641194 0.439375 0.3089700996677741 0.42625 0.2865448504983389 0.41375 0.2865448504983389 0.405 0.29485049833887045 0.403125 0.30564784053156147 0.405 0.31727574750830567 0.4075 0.3230897009966777 0.418125 0.33222591362126247 0.430625 0.33222591362126247 0.439375 0.31893687707641194
1 0.59375 0.4833887043189369 0.593125 0.4676079734219269 0.581875 0.45016611295681064 0.57125 0.45016611295681064 0.56375 0.457641196013289 0.5625 0.47093023255813954 0.565 0.4775747508305648 0.56875 0.4850498338870432 0.578125 0.4941860465116279 0.581875 0.4941860465116279 0.59375 0.4833887043189369
1 0.485625 0.2898671096345515 0.490625 0.28820598006644516 0.5025 0.27740863787375414 0.505 0.26993355481727577 0.505 0.2558139534883721 0.49875 0.24501661129568106 0.495 0.24169435215946844 0.48125 0.24169435215946844 0.466875 0.2549833887043189 0.4625 0.2632890365448505 0.461875 0.2749169435215947 0.4625 0.27906976744186046 0.47125 0.28820598006644516 0.485625 0.2898671096345515
1 0.630625 0.8081395348837209 0.64 0.8073089700996677 0.644375 0.803156146179402 0.644375 0.7799003322259136 0.6375 0.7657807308970099 0.625 0.7591362126245847 0.61875 0.7591362126245847 0.613125 0.7649501661129569 0.610625 0.7832225913621262 0.613125 0.7890365448504983 0.6225 0.7990033222591362 0.623125 0.803156146179402 0.630625 0.8081395348837209
1 0.485625 0.7491694352159468 0.488125 0.7441860465116279 0.48875 0.7317275747508306 0.485625 0.723421926910299 0.478125 0.7167774086378738 0.469375 0.7167774086378738 0.455 0.7242524916943521 0.449375 0.7416943521594684 0.449375 0.7508305647840532 0.45625 0.7599667774086378 0.470625 0.760797342192691 0.485625 0.7491694352159468
1 0.515 0.7807308970099668 0.515 0.7699335548172758 0.49875 0.7508305647840532 0.484375 0.7508305647840532 0.474375 0.7591362126245847 0.46875 0.7682724252491694 0.46875 0.7807308970099668 0.47375 0.7882059800664452 0.484375 0.7948504983388704 0.5025 0.7948504983388704 0.515 0.7807308970099668
1 0.40625 0.49169435215946844 0.41625 0.48255813953488375 0.418125 0.47674418604651164 0.41625 0.46179401993355484 0.4125 0.45514950166112955 0.404375 0.4485049833887043 0.391875 0.4476744186046512 0.3825 0.45598006644518274 0.380625 0.462624584717608 0.381875 0.4792358803986711 0.390625 0.4925249169435216 0.40625 0.49169435215946844
1 0.433125 0.5448504983388704 0.4425 0.5224252491694352 0.443125 0.5016611295681063 0.44125 0.49169435215946844 0.435625 0.48172757475083056 0.429375 0.4808970099667774 0.41875 0.4941860465116279 0.411875 0.5141196013289037 0.413125 0.5382059800664452 0.416875 0.5448504983388704 0.42125 0.5473421926910299 0.433125 0.5448504983388704
1 0.423125 0.26744186046511625 0.4275 0.25830564784053156 0.4275 0.23837209302325582 0.42 0.21843853820598005 0.411875 0.20681063122923588 0.405 0.20764119601328904 0.398125 0.22093023255813954 0.398125 0.23338870431893688 0.403125 0.2591362126245847 0.41125 0.2707641196013289 0.418125 0.27159468438538203 0.423125 0.26744186046511625
1 0.240625 0.48255813953488375 0.24875 0.4867109634551495 0.25875 0.48421926910299 0.265 0.48006644518272423 0.27125 0.4684385382059801 0.271875 0.4543189368770764 0.27 0.44601328903654486 0.26 0.43106312292358806 0.25 0.4260797342192691 0.24125 0.4260797342192691 0.23375 0.43106312292358806 0.230625 0.4368770764119601 0.22875 0.4426910299003322 0.230625 0.4659468438538206 0.240625 0.48255813953488375
1 0.45125 0.7159468438538206 0.4375 0.6985049833887044 0.428125 0.6985049833887044 0.41875 0.7101328903654485 0.41875 0.723421926910299 0.42125 0.7300664451827242 0.433125 0.7425249169435216 0.44625 0.7441860465116279 0.4525 0.7350498338870431 0.45125 0.7159468438538206
1 0.59875 0.5523255813953488 0.59875 0.5357142857142857 0.593125 0.526578073089701 0.58625 0.520764119601329 0.575625 0.5199335548172758 0.568125 0.5290697674418605 0.568125 0.5431893687707641 0.575 0.5564784053156147 0.58625 0.5606312292358804 0.591875 0.5589700996677741 0.59875 0.5523255813953488
1 0.610625 0.6004983388704319 0.621875 0.5863787375415282 0.6225 0.5739202657807309 0.619375 0.5647840531561462 0.610625 0.5581395348837209 0.59875 0.5564784053156147 0.59 0.5598006644518272 0.584375 0.5631229235880398 0.580625 0.5722591362126246 0.581875 0.5888704318936877 0.591875 0.6013289036544851 0.610625 0.6004983388704319
1 0.276875 0.40863787375415284 0.28125 0.4061461794019934 0.288125 0.3961794019933555 0.29 0.3862126245847176 0.288125 0.3696013289036545 0.28 0.3596345514950166 0.27 0.35631229235880396 0.2525 0.35631229235880396 0.246875 0.36129568106312293 0.241875 0.3729235880398671 0.241875 0.38289036544850497 0.246875 0.3953488372093023 0.261875 0.40780730897009965 0.276875 0.40863787375415284
1 0.45 0.7117940199335548 0.453125 0.7151162790697675 0.464375 0.71843853820598 0.470625 0.7151162790697675 0.4775 0.7068106312292359 0.478125 0.6960132890365448 0.475625 0.686046511627907 0.464375 0.6686046511627907 0.455 0.6644518272425249 0.4475 0.6644518272425249 0.4425 0.6686046511627907 0.439375 0.675249169435216 0.439375 0.6926910299003323 0.441875 0.7001661129568106 0.45 0.7117940199335548
1 0.48375 0.893687707641196 0.490625 0.8928571428571429 0.498125 0.8820598006644518 0.49875 0.8546511627906976 0.49375 0.8430232558139535 0.49 0.8397009966777409 0.474375 0.8372093023255814 0.47125 0.8397009966777409 0.466875 0.8554817275747508 0.466875 0.8704318936877077 0.469375 0.8812292358803987 0.479375 0.8920265780730897 0.48375 0.893687707641196
1 0.5975 0.8571428571428571 0.6025 0.8571428571428571 0.613125 0.8504983388704319 0.620625 0.8363787375415282 0.624375 0.8239202657807309 0.624375 0.8056478405315615 0.62 0.7965116279069767 0.613125 0.7948504983388704 0.60625 0.7981727574750831 0.60375 0.7906976744186046 0.599375 0.7931893687707641 0.59375 0.8006644518272426 0.586875 0.8239202657807309 0.591875 0.8496677740863787 0.5975 0.8571428571428571
1 0.335625 0.4269102990033223 0.3475 0.42857142857142855 0.355625 0.4161129568106312 0.3575 0.3995016611295681 0.350625 0.37790697674418605 0.340625 0.3696013289036545 0.333125 0.3696013289036545 0.328125 0.3729235880398671 0.324375 0.3803986710963455 0.323125 0.3978405315614618 0.325 0.40946843853820597 0.331875 0.4227574750830565 0.335625 0.4269102990033223
1 0.649375 0.35714285714285715 0.654375 0.3538205980066445 0.66625 0.3380398671096346 0.66625 0.31976744186046513 0.65875 0.3106312292358804 0.64875 0.30980066445182725 0.6425 0.3122923588039867 0.6375 0.31561461794019935 0.63125 0.32641196013289037 0.630625 0.3388704318936877 0.6325 0.3488372093023256 0.63875 0.3579734219269103 0.649375 0.35714285714285715
1 0.625 0.8787375415282392 0.63625 0.882890365448505 0.648125 0.8795681063122923 0.654375 0.8745847176079734 0.65875 0.8662790697674418 0.65875 0.8504983388704319 0.651875 0.8388704318936877 0.645625 0.8355481727574751 0.63625 0.8355481727574751 0.6275 0.8388704318936877 0.623125 0.8438538205980066 0.618125 0.856312292358804 0.618125 0.8654485049833887 0.625 0.8787375415282392
1 0.224375 0.43272425249169433 0.22875 0.43272425249169433 0.23875 0.4269102990033223 0.241875 0.4227574750830565 0.241875 0.4061461794019934 0.24 0.3978405315614618 0.235 0.3911960132890365 0.223125 0.38289036544850497 0.209375 0.38372093023255816 0.203125 0.38870431893687707 0.2 0.4061461794019934 0.208125 0.42358803986710963 0.224375 0.43272425249169433
1 0.33875 0.8911960132890365 0.35125 0.8787375415282392 0.35875 0.8637873754152824 0.36 0.8538205980066446 0.35875 0.8446843853820598 0.355625 0.8388704318936877 0.3375 0.8388704318936877 0.33 0.8446843853820598 0.323125 0.8546511627906976 0.319375 0.8646179401993356 0.319375 0.8795681063122923 0.32875 0.8920265780730897 0.33875 0.8911960132890365
1 0.58875 0.4061461794019934 0.593125 0.4011627906976744 0.59625 0.3961794019933555 0.59625 0.3795681063122924 0.589375 0.3696013289036545 0.5725 0.3596345514950166 0.5625 0.36295681063122925 0.558125 0.3696013289036545 0.5575 0.3812292358803987 0.56375 0.3961794019933555 0.576875 0.4069767441860465 0.58875 0.4061461794019934
1 0.524375 0.7682724252491694 0.53125 0.7616279069767442 0.53125 0.7400332225913622 0.526875 0.7267441860465116 0.516875 0.7167774086378738 0.505625 0.7167774086378738 0.5 0.7267441860465116 0.5 0.7425249169435216 0.50375 0.7549833887043189 0.51 0.7641196013289037 0.51625 0.7682724252491694 0.524375 0.7682724252491694
1 0.590625 0.6769102990033222 0.590625 0.6644518272425249 0.57125 0.6470099667774086 0.568125 0.6478405315614618 0.560625 0.6578073089700996 0.548125 0.6644518272425249 0.548125 0.6727574750830565 0.550625 0.6777408637873754 0.56125 0.6885382059800664 0.578125 0.6885382059800664 0.590625 0.6769102990033222
1 0.49625 0.8272425249169435 0.496875 0.8114617940199336 0.48875 0.7965116279069767 0.474375 0.7948504983388704 0.465625 0.8056478405315615 0.465625 0.8230897009966778 0.469375 0.8330564784053156 0.47375 0.8372093023255814 0.48875 0.8388704318936877 0.493125 0.8355481727574751 0.49625 0.8272425249169435
1 0.53625 0.643687707641196 0.544375 0.6303986710963455 0.544375 0.6104651162790697 0.539375 0.6029900332225914 0.5225 0.6029900332225914 0.515 0.6112956810631229 0.51125 0.6204318936877077 0.510625 0.632890365448505 0.5125 0.6411960132890365 0.51875 0.6478405315614618 0.52875 0.6478405315614618 0.53625 0.643687707641196
1 0.610625 0.9294019933554817 0.62 0.9285714285714286 0.625 0.9227574750830565 0.6275 0.915282392026578 0.6275 0.9028239202657807 0.621875 0.8837209302325582 0.610625 0.8770764119601329 0.60375 0.877906976744186 0.59625 0.882890365448505 0.591875 0.8920265780730897 0.591875 0.9053156146179402 0.59875 0.9219269102990033 0.610625 0.9294019933554817
1 0.53125 0.48754152823920266 0.539375 0.48588039867109634 0.544375 0.47591362126245845 0.54375 0.4568106312292359 0.53875 0.44435215946843853 0.53125 0.43272425249169433 0.519375 0.43272425249169433 0.513125 0.4418604651162791 0.51125 0.4485049833887043 0.51125 0.4601328903654485 0.515 0.4742524916943522 0.521875 0.4833887043189369 0.53125 0.48754152823920266
1 0.379375 0.24667774086378738 0.38875 0.23754152823920266 0.391875 0.23338870431893688 0.391875 0.223421926910299 0.385 0.2101328903654485 0.38 0.2059800664451827 0.36 0.2059800664451827 0.354375 0.2101328903654485 0.34875 0.21926910299003322 0.35125 0.23421926910299004 0.3625 0.24584717607973422 0.379375 0.24667774086378738
1 0.32875 0.6320598006644518 0.3425 0.632890365448505 0.3525 0.6262458471760798 0.363125 0.6096345514950167 0.36375 0.5996677740863787 0.358125 0.5888704318936877 0.34875 0.5838870431893688 0.33625 0.5830564784053156 0.325 0.5888704318936877 0.32 0.5971760797342193 0.3175 0.6038205980066446 0.3175 0.6179401993355482 0.323125 0.627906976744186 0.32875 0.6320598006644518
1 0.439375 0.9119601328903655 0.449375 0.9061461794019934 0.45875 0.8945182724252492 0.461875 0.8870431893687708 0.461875 0.8687707641196013 0.45125 0.8621262458471761 0.439375 0.8629568106312292 0.428125 0.8696013289036545 0.42375 0.8762458471760798 0.41875 0.8870431893687708 0.41875 0.9003322259136213 0.421875 0.9069767441860465 0.428125 0.9119601328903655 0.439375 0.9119601328903655
1 0.61 0.7217607973421927 0.615 0.7151162790697675 0.614375 0.6960132890365448 0.61 0.6893687707641196 0.59125 0.6810631229235881 0.584375 0.6818936877076412 0.57625 0.6893687707641196 0.57625 0.7051495016611296 0.585625 0.7209302325581395 0.594375 0.7250830564784053 0.6025 0.7250830564784053 0.61 0.7217607973421927
1 0.5775 0.446843853820598 0.58375 0.4418604651162791 0.584375 0.4269102990033223 0.579375 0.4119601328903654 0.565625 0.3978405315614618 0.55375 0.39867109634551495 0.548125 0.4119601328903654 0.548125 0.4186046511627907 0.550625 0.42857142857142855 0.558125 0.4418604651162791 0.56625 0.45016611295681064 0.5775 0.446843853820598
1 0.379375 0.4601328903654485 0.391875 0.446843853820598 0.391875 0.42857142857142855 0.389375 0.4219269102990033 0.381875 0.41445182724252494 0.370625 0.4127906976744186 0.360625 0.4152823920265781 0.355625 0.4186046511627907 0.34875 0.42940199335548174 0.349375 0.45099667774086377 0.3625 0.46096345514950166 0.379375 0.4601328903654485
1 0.526875 0.8197674418604651 0.526875 0.7865448504983389 0.52125 0.7790697674418605 0.515625 0.7782392026578073 0.50125 0.7981727574750831 0.49875 0.8064784053156147 0.49875 0.8280730897009967 0.505 0.8363787375415282 0.513125 0.8372093023255814 0.51875 0.8338870431893688 0.526875 0.8197674418604651
1 0.554375 0.3845514950166113 0.54625 0.37375415282392027 0.52625 0.37375415282392027 0.516875 0.38205980066445183 0.516875 0.39700996677740863 0.521875 0.4061461794019934 0.5275 0.40863787375415284 0.5475 0.40863787375415284 0.554375 0.3978405315614618 0.554375 0.3845514950166113
1 0.59125 0.6569767441860465 0.599375 0.6470099667774086 0.60125 0.632890365448505 0.596875 0.6088039867109635 0.591875 0.6021594684385382 0.583125 0.6029900332225914 0.578125 0.6079734219269103 0.573125 0.6196013289036545 0.5725 0.6453488372093024 0.575625 0.6511627906976745 0.584375 0.6578073089700996 0.59125 0.6569767441860465
1 0.620625 0.510797342192691 0.6375 0.5083056478405316 0.6475 0.5 0.650625 0.4958471760797342 0.64875 0.48421926910299 0.641875 0.4742524916943522 0.62875 0.4684385382059801 0.614375 0.47259136212624586 0.60625 0.48255813953488375 0.60375 0.489202657807309 0.604375 0.49916943521594687 0.60625 0.5016611295681063 0.620625 0.510797342192691
1 0.370625 0.7375415282392026 0.380625 0.7358803986710963 0.385 0.7317275747508306 0.386875 0.7250830564784053 0.385 0.707641196013289 0.376875 0.6935215946843853 0.361875 0.6827242524916943 0.35625 0.6835548172757475 0.34875 0.6926910299003323 0.349375 0.71843853820598 0.3575 0.7300664451827242 0.36375 0.7358803986710963 0.370625 0.7375415282392026
1 0.53375 0.9401993355481728 0.53625 0.9327242524916943 0.53625 0.9003322259136213 0.52625 0.8837209302325582 0.513125 0.8845514950166113 0.50875 0.8895348837209303 0.50375 0.9086378737541528 0.50375 0.9227574750830565 0.50875 0.9368770764119602 0.515625 0.9443521594684385 0.52375 0.9460132890365448 0.53375 0.9401993355481728
1 0.199375 0.5232558139534884 0.211875 0.5132890365448505 0.211875 0.49750830564784054 0.2075 0.489202657807309 0.195 0.47674418604651164 0.178125 0.47674418604651164 0.16875 0.48754152823920266 0.16875 0.4983388704318937 0.17375 0.5083056478405316 0.18625 0.5199335548172758 0.1925 0.5232558139534884 0.199375 0.5232558139534884
1 0.50875 0.6868770764119602 0.515 0.6719269102990033 0.515 0.6478405315614618 0.50625 0.6345514950166113 0.495625 0.632890365448505 0.49125 0.6378737541528239 0.486875 0.6586378737541528 0.486875 0.6686046511627907 0.490625 0.6810631229235881 0.49875 0.6901993355481728 0.505 0.6910299003322259 0.50875 0.6868770764119602
1 0.401875 0.37375415282392027 0.401875 0.3554817275747508 0.391875 0.34136212624584716 0.3725 0.34136212624584716 0.365625 0.34551495016611294 0.35875 0.3546511627906977 0.35875 0.36794019933554817 0.366875 0.3787375415282392 0.3725 0.38205980066445183 0.394375 0.38289036544850497 0.401875 0.37375415282392027
1 0.48875 0.5647840531561462 0.495625 0.5614617940199336 0.5025 0.5498338870431894 0.505 0.5357142857142857 0.5 0.5199335548172758 0.495625 0.5149501661129569 0.48875 0.5132890365448505 0.48125 0.5132890365448505 0.474375 0.5174418604651163 0.470625 0.5282392026578073 0.470625 0.542358803986711 0.4775 0.5589700996677741 0.48875 0.5647840531561462
1 0.606875 0.9460132890365448 0.60625 0.9277408637873754 0.599375 0.9227574750830565 0.593125 0.9127906976744186 0.581875 0.915282392026578 0.575 0.9227574750830565 0.575 0.9393687707641196 0.581875 0.9501661129568106 0.59 0.9551495016611296 0.599375 0.9551495016611296 0.606875 0.9460132890365448
1 0.4625 0.29401993355481726 0.459375 0.2840531561461794 0.4475 0.2707641196013289 0.436875 0.26827242524916944 0.429375 0.2799003322259136 0.43125 0.29401993355481726 0.44 0.3073089700996678 0.4575 0.30980066445182725 0.461875 0.30564784053156147 0.4625 0.29401993355481726
1 0.41125 0.446843853820598 0.42 0.446843853820598 0.4325 0.4368770764119601 0.433125 0.4169435215946844 0.42625 0.40365448504983387 0.410625 0.3953488372093023 0.400625 0.3953488372093023 0.394375 0.4011627906976744 0.390625 0.41029900332225916 0.39 0.4186046511627907 0.393125 0.42857142857142855 0.400625 0.4410299003322259 0.41125 0.446843853820598
1 0.37625 0.30564784053156147 0.391875 0.3023255813953488 0.401875 0.2915282392026578 0.401875 0.27325581395348836 0.395 0.2632890365448505 0.385 0.25664451827242524 0.37625 0.2558139534883721 0.36875 0.2591362126245847 0.360625 0.2649501661129568 0.35625 0.27408637873754155 0.35625 0.2840531561461794 0.35875 0.2915282392026578 0.37625 0.30564784053156147
1 0.404375 0.3230897009966777 0.404375 0.3131229235880399 0.395 0.30398671096345514 0.37125 0.3073089700996678 0.36375 0.31478405315614616 0.36375 0.32641196013289037 0.36625 0.33222591362126247 0.37375 0.33970099667774084 0.395 0.3388704318936877 0.40125 0.33222591362126247 0.404375 0.3230897009966777
1 0.339375 0.7093023255813954 0.348125 0.6993355481727574 0.350625 0.6818936877076412 0.3475 0.6536544850498339 0.341875 0.6470099667774086 0.328125 0.6478405315614618 0.3175 0.6619601328903655 0.315 0.670265780730897 0.315 0.696843853820598 0.318125 0.7043189368770764 0.326875 0.7101328903654485 0.339375 0.7093023255813954
1 0.443125 0.24750830564784054 0.449375 0.24501661129568106 0.45875 0.23255813953488372 0.461875 0.22093023255813954 0.45875 0.19684385382059802 0.45 0.18853820598006646 0.443125 0.18853820598006646 0.435 0.19269102990033224 0.428125 0.2084717607973422 0.428125 0.2292358803986711 0.43125 0.2367109634551495 0.438125 0.24584717607973422 0.443125 0.24750830564784054
1 0.24875 0.5863787375415282 0.24875 0.5631229235880398 0.23875 0.553156146179402 0.230625 0.553156146179402 0.22125 0.5589700996677741 0.215 0.5681063122923588 0.2125 0.5772425249169435 0.2125 0.5930232558139535 0.219375 0.6029900332225914 0.23875 0.6013289036544851 0.24875 0.5863787375415282
1 0.57 0.6461794019933554 0.57 0.6204318936877077 0.560625 0.6137873754152824 0.546875 0.6179401993355482 0.545 0.627906976744186 0.53875 0.6395348837209303 0.53875 0.6478405315614618 0.541875 0.6553156146179402 0.550625 0.6619601328903655 0.56 0.6578073089700996 0.57 0.6461794019933554
1 0.45625 0.9551495016611296 0.4725 0.9551495016611296 0.478125 0.9509966777408638 0.485 0.9401993355481728 0.485625 0.9327242524916943 0.4825 0.9260797342192691 0.470625 0.9144518272425249 0.465625 0.9127906976744186 0.450625 0.9136212624584718 0.445 0.9186046511627907 0.441875 0.9277408637873754 0.443125 0.9443521594684385 0.448125 0.9509966777408638 0.45625 0.9551495016611296
1 0.204375 0.48588039867109634 0.209375 0.48588039867109634 0.224375 0.47840531561461797 0.230625 0.4692691029900332 0.2275 0.446843853820598 0.225625 0.44435215946843853 0.2175 0.44019933554817275 0.2075 0.4393687707641196 0.2 0.4418604651162791 0.193125 0.45016611295681064 0.1925 0.4700996677740864 0.2 0.48255813953488375 0.204375 0.48588039867109634
0 0.538393125 0.16587541528239202 0.542856875 0.13739950166112957 0.538393125 0.11604152823920266 0.5303568750000001 0.09824418604651163 0.51875 0.08281893687707641 0.495535625 0.06739451827242525 0.45892874999999994 0.07214036544850498 0.44375 0.0887516611295681 0.43482125000000005 0.11841445182724253 0.43482125000000005 0.14095847176079734 0.43928562499999996 0.17536794019933555 0.4625 0.20028488372093023 0.507143125 0.2097765780730897 0.5321431249999999 0.19909800664451827 0.538393125 0.16587541528239202