1 0.23848238482384823 0.523125 0.24390243902439024 0.519375 0.24390243902439024 0.5125 0.23577235772357724 0.5075 0.22493224932249323 0.505 0.2005420054200542 0.505 0.1951219512195122 0.506875 0.1897018970189702 0.513125 0.19241192411924118 0.518125 0.2032520325203252 0.523125 0.23848238482384823 0.523125
1 0.48509485094850946 0.2025 0.4715447154471545 0.1975 0.44715447154471544 0.2 0.43360433604336046 0.210625 0.4363143631436314 0.2175 0.45799457994579945 0.22125 0.4796747967479675 0.216875 0.48509485094850946 0.211875 0.48509485094850946 0.2025
1 0.7411924119241192 0.35125 0.7276422764227642 0.35125 0.7113821138211383 0.36125 0.7140921409214093 0.370625 0.7235772357723578 0.37375 0.7330623306233063 0.37375 0.7466124661246613 0.36875 0.7466124661246613 0.35625 0.7411924119241192 0.35125
1 0.7466124661246613 0.41125 0.7303523035230353 0.4125 0.7168021680216802 0.41875 0.7168021680216802 0.4275 0.7303523035230353 0.433125 0.7439024390243902 0.4325 0.7574525745257452 0.42625 0.7601626016260162 0.41875 0.7466124661246613 0.41125
1 0.35501355013550134 0.52375 0.34146341463414637 0.516875 0.3224932249322493 0.516875 0.3116531165311653 0.52125 0.3116531165311653 0.528125 0.3224932249322493 0.53375 0.34959349593495936 0.534375 0.35501355013550134 0.531875 0.35501355013550134 0.52375
1 0.5894308943089431 0.268125 0.5840108401084011 0.2625 0.575880758807588 0.26 0.55420054200542 0.2625 0.5460704607046071 0.274375 0.551490514905149 0.281875 0.5609756097560976 0.285625 0.5704607046070461 0.285625 0.5867208672086721 0.278125 0.5894308943089431 0.268125
1 0.502710027100271 0.526875 0.4823848238482385 0.52625 0.46883468834688347 0.531875 0.46612466124661245 0.54125 0.47560975609756095 0.548125 0.4986449864498645 0.548125 0.510840108401084 0.54125 0.510840108401084 0.530625 0.502710027100271 0.526875
1 0.7506775067750677 0.4159375 0.0027100271002710027 0.000625
1 0.7981029810298103 0.429375 0.7696476964769647 0.428125 0.7628726287262872 0.430625 0.7574525745257452 0.4375 0.7682926829268293 0.444375 0.7818428184281843 0.4475 0.8089430894308943 0.44625 0.8116531165311653 0.439375 0.7981029810298103 0.429375
1 0.34688346883468835 0.37875 0.34688346883468835 0.36875 0.34146341463414637 0.36625 0.32113821138211385 0.365625 0.3062330623306233 0.37 0.3008130081300813 0.376875 0.3062330623306233 0.385 0.32791327913279134 0.386875 0.34010840108401086 0.38375 0.34688346883468835 0.37875
1 0.524390243902439 0.42375 0.513550135501355 0.41875 0.4823848238482385 0.41875 0.4715447154471545 0.424375 0.47289972899729 0.430625 0.489159891598916 0.43625 0.513550135501355 0.435625 0.524390243902439 0.4325 0.524390243902439 0.42375
1 0.7005420054200542 0.349375 0.6761517615176151 0.34875 0.6626016260162602 0.35875 0.6653116531165312 0.36625 0.6788617886178862 0.37 0.6951219512195121 0.368125 0.7059620596205962 0.363125 0.7086720867208672 0.35375 0.7005420054200542 0.349375
1 0.18699186991869918 0.35625 0.16260162601626016 0.35375 0.15176151761517614 0.3575 0.15176151761517614 0.368125 0.16260162601626016 0.373125 0.17886178861788618 0.375 0.1937669376693767 0.3725 0.1978319783197832 0.36375 0.18699186991869918 0.35625
1 0.6558265582655827 0.375625 0.6598915989159891 0.37375 0.6598915989159891 0.36375 0.6544715447154471 0.35875 0.6409214092140921 0.355625 0.6287262872628726 0.355625 0.6138211382113821 0.36 0.6138211382113821 0.370625 0.6246612466124661 0.376875 0.6490514905149052 0.3775 0.6558265582655827 0.375625
1 0.7100271002710027 0.369375 0.6815718157181572 0.36875 0.6734417344173442 0.38 0.6761517615176151 0.38875 0.6829268292682927 0.390625 0.6978319783197832 0.39 0.7140921409214093 0.385 0.7168021680216802 0.37375 0.7100271002710027 0.369375
1 0.7466124661246613 0.330625 0.7276422764227642 0.3325 0.7168021680216802 0.3375 0.7168021680216802 0.3425 0.7276422764227642 0.350625 0.7493224932249323 0.350625 0.7601626016260162 0.345625 0.7601626016260162 0.3375 0.7466124661246613 0.330625
1 0.6978319783197832 0.550625 0.6802168021680217 0.5525 0.6761517615176151 0.560625 0.6978319783197832 0.5675 0.7113821138211383 0.5675 0.7195121951219512 0.56375 0.7154471544715447 0.55625 0.6978319783197832 0.550625
1 0.6219512195121951 0.3275 0.6138211382113821 0.324375 0.592140921409214 0.325 0.575880758807588 0.334375 0.5785907859078591 0.34375 0.5975609756097561 0.34375 0.6165311653116531 0.339375 0.6219512195121951 0.335 0.6219512195121951 0.3275
1 0.8035230352303523 0.5025 0.7926829268292683 0.50125 0.7777777777777778 0.50375 0.7710027100271003 0.515 0.7791327913279132 0.520625 0.8062330623306233 0.521875 0.8143631436314364 0.518125 0.8143631436314364 0.508125 0.8035230352303523 0.5025
1 0.7791327913279132 0.2 0.7764227642276422 0.205625 0.7845528455284553 0.21875 0.8035230352303523 0.2225 0.8224932249322493 0.216875 0.8252032520325203 0.20875 0.8116531165311653 0.2 0.7791327913279132 0.2
1 0.7303523035230353 0.4 0.7303523035230353 0.393125 0.7195121951219512 0.3875 0.7113821138211383 0.386875 0.6869918699186992 0.393125 0.6842818428184282 0.404375 0.6897018970189702 0.408125 0.7140921409214093 0.408125 0.7249322493224932 0.404375 0.7303523035230353 0.4
1 0.20596205962059622 0.28875 0.19241192411924118 0.295 0.1951219512195122 0.3075 0.2140921409214092 0.309375 0.22764227642276422 0.30625 0.23035230352303523 0.291875 0.2222222222222222 0.288125 0.20596205962059622 0.28875
1 0.573170731707317 0.32625 0.5677506775067751 0.32125 0.551490514905149 0.316875 0.532520325203252 0.31875 0.5271002710027101 0.3225 0.5271002710027101 0.33 0.5338753387533876 0.33625 0.5460704607046071 0.339375 0.5704607046070461 0.3375 0.573170731707317 0.32625
1 0.7384823848238482 0.495625 0.7276422764227642 0.48875 0.7168021680216802 0.48625 0.7005420054200542 0.48625 0.6869918699186992 0.491875 0.6897018970189702 0.49875 0.6978319783197832 0.50375 0.7140921409214093 0.5075 0.7357723577235772 0.505 0.7384823848238482 0.495625
1 0.8766937669376694 0.470625 0.8848238482384824 0.46875 0.8902439024390244 0.464375 0.8902439024390244 0.459375 0.8848238482384824 0.455625 0.8712737127371274 0.4525 0.8455284552845529 0.4525 0.8333333333333334 0.4575 0.8333333333333334 0.4625 0.8387533875338753 0.466875 0.8523035230352304 0.470625 0.8766937669376694 0.470625
1 0.15718157181571815 0.330625 0.14769647696476965 0.32 0.14092140921409213 0.3175 0.12195121951219512 0.318125 0.11382113821138211 0.324375 0.11653116531165311 0.334375 0.12737127371273713 0.339375 0.14905149051490515 0.339375 0.15447154471544716 0.336875 0.15718157181571815 0.330625
1 0.6734417344173442 0.225625 0.6761517615176151 0.220625 0.6707317073170732 0.215 0.6490514905149052 0.2125 0.6300813008130082 0.21625 0.6138211382113821 0.224375 0.6138211382113821 0.22875 0.6273712737127372 0.23375 0.6517615176151762 0.23375 0.6653116531165312 0.230625 0.6734417344173442 0.225625
1 0.4932249322493225 0.313125 0.4796747967479675 0.308125 0.46747967479674796 0.30875 0.46070460704607047 0.31125 0.44986449864498645 0.319375 0.44986449864498645 0.329375 0.4634146341463415 0.336875 0.47696476964769646 0.33375 0.4932249322493225 0.324375 0.4932249322493225 0.313125
1 0.10569105691056911 0.381875 0.1002710027100271 0.390625 0.10840108401084012 0.3975 0.12737127371273713 0.398125 0.14363143631436315 0.395 0.14363143631436315 0.380625 0.12195121951219512 0.379375 0.10569105691056911 0.381875
1 0.6761517615176151 0.334375 0.6449864498644986 0.334375 0.6273712737127372 0.3425 0.6273712737127372 0.349375 0.6355013550135501 0.35375 0.6626016260162602 0.35375 0.6788617886178862 0.34875 0.6815718157181572 0.3375 0.6761517615176151 0.334375
1 0.43902439024390244 0.199375 0.4281842818428184 0.19625 0.42005420054200543 0.19625 0.3956639566395664 0.2 0.3902439024390244 0.21 0.4010840108401084 0.21375 0.41192411924119243 0.214375 0.4281842818428184 0.211875 0.43902439024390244 0.2075 0.43902439024390244 0.199375
1 0.7953929539295393 0.30125 0.7737127371273713 0.30125 0.7547425474254743 0.309375 0.7547425474254743 0.315 0.7669376693766937 0.32 0.7899728997289973 0.319375 0.8008130081300813 0.3125 0.8035230352303523 0.30625 0.7953929539295393 0.30125
1 0.6598915989159891 0.49375 0.6436314363143631 0.48375 0.6273712737127372 0.48125 0.6138211382113821 0.485625 0.6111111111111112 0.49875 0.6165311653116531 0.50375 0.6327913279132791 0.5075 0.6436314363143631 0.5075 0.6571815718157181 0.5025 0.6598915989159891 0.49375
1 0.5623306233062331 0.519375 0.5677506775067751 0.516875 0.5677506775067751 0.5075 0.5623306233062331 0.504375 0.5460704607046071 0.500625 0.5365853658536586 0.500625 0.524390243902439 0.50375 0.521680216802168 0.51125 0.5298102981029811 0.518125 0.5447154471544715 0.52125 0.5623306233062331 0.519375
1 0.5840108401084011 0.298125 0.559620596205962 0.299375 0.5487804878048781 0.304375 0.5487804878048781 0.31125 0.5623306233062331 0.316875 0.5840108401084011 0.3175 0.6002710027100271 0.313125 0.6029810298102981 0.305625 0.5840108401084011 0.298125
1 0.5298102981029811 0.561875 0.5298102981029811 0.555625 0.518970189701897 0.550625 0.4905149051490515 0.55 0.4796747967479675 0.554375 0.4796747967479675 0.561875 0.4932249322493225 0.5675 0.510840108401084 0.568125 0.524390243902439 0.565 0.5298102981029811 0.561875
1 0.8089430894308943 0.485 0.7981029810298103 0.4825 0.7818428184281843 0.4825 0.7628726287262872 0.486875 0.7574525745257452 0.495625 0.7615176151761518 0.500625 0.7737127371273713 0.5025 0.7981029810298103 0.5 0.8089430894308943 0.495 0.8089430894308943 0.485
1 0.7493224932249323 0.319375 0.7357723577235772 0.31125 0.7140921409214093 0.310625 0.7032520325203252 0.3125 0.7005420054200542 0.324375 0.7127371273712737 0.33 0.7195121951219512 0.331875 0.7384823848238482 0.331875 0.7466124661246613 0.329375 0.7493224932249323 0.319375
1 0.37398373983739835 0.09875 0.36314363143631434 0.0925 0.34959349593495936 0.089375 0.3319783197831978 0.089375 0.3224932249322493 0.0925 0.31978319783197834 0.09875 0.3333333333333333 0.110625 0.36314363143631434 0.110625 0.3712737127371274 0.1075 0.37398373983739835 0.09875
1 0.24119241192411925 0.405 0.24390243902439024 0.395 0.23848238482384823 0.39 0.2222222222222222 0.385 0.2005420054200542 0.386875 0.1951219512195122 0.391875 0.1951219512195122 0.398125 0.2032520325203252 0.405 0.2140921409214092 0.408125 0.23035230352303523 0.408125 0.24119241192411925 0.405
1 0.7872628726287263 0.35375 0.7872628726287263 0.345625 0.7791327913279132 0.3425 0.7682926829268293 0.3425 0.7493224932249323 0.350625 0.7466124661246613 0.35625 0.7601626016260162 0.365 0.7737127371273713 0.36375 0.7818428184281843 0.35875 0.7872628726287263 0.35375
1 0.4078590785907859 0.495625 0.3956639566395664 0.500625 0.3956639566395664 0.505625 0.4010840108401084 0.51 0.43224932249322495 0.509375 0.43902439024390244 0.505625 0.4363143631436314 0.495625 0.4078590785907859 0.495625
1 0.42276422764227645 0.145 0.42005420054200543 0.1325 0.41192411924119243 0.12875 0.3902439024390244 0.13 0.3794037940379404 0.136875 0.3794037940379404 0.14625 0.3902439024390244 0.151875 0.4065040650406504 0.151875 0.4159891598915989 0.14875 0.42276422764227645 0.145
1 0.3008130081300813 0.394375 0.2926829268292683 0.3875 0.27371273712737126 0.38375 0.25745257452574527 0.384375 0.25203252032520324 0.386875 0.25203252032520324 0.395 0.26287262872628725 0.401875 0.2764227642276423 0.40625 0.2953929539295393 0.404375 0.3008130081300813 0.394375
1 0.2005420054200542 0.318125 0.17615176151761516 0.315 0.15718157181571815 0.318125 0.15176151761517614 0.32125 0.15989159891598917 0.3325 0.1842818428184282 0.33375 0.1978319783197832 0.33125 0.2032520325203252 0.328125 0.2005420054200542 0.318125
1 0.3523035230352303 0.568125 0.34959349593495936 0.560625 0.33875338753387535 0.555625 0.3157181571815718 0.5525 0.3062330623306233 0.558125 0.3062330623306233 0.565 0.3116531165311653 0.57 0.32791327913279134 0.57375 0.34688346883468835 0.5725 0.3523035230352303 0.568125
1 0.5487804878048781 0.536875 0.551490514905149 0.528125 0.5460704607046071 0.521875 0.532520325203252 0.518125 0.5176151761517616 0.51875 0.510840108401084 0.523125 0.513550135501355 0.53875 0.521680216802168 0.541875 0.532520325203252 0.5425 0.540650406504065 0.54125 0.5487804878048781 0.536875
1 0.7953929539295393 0.411875 0.7818428184281843 0.405 0.7588075880758808 0.404375 0.7520325203252033 0.40625 0.7520325203252033 0.413125 0.7628726287262872 0.42125 0.7696476964769647 0.423125 0.7845528455284553 0.423125 0.7926829268292683 0.420625 0.7953929539295393 0.411875
1 0.7845528455284553 0.38 0.7642276422764228 0.38 0.7520325203252033 0.386875 0.7520325203252033 0.395 0.7655826558265583 0.399375 0.7872628726287263 0.399375 0.7953929539295393 0.39625 0.7953929539295393 0.385 0.7845528455284553 0.38
1 0.17344173441734417 0.485 0.16260162601626016 0.480625 0.14092140921409213 0.48125 0.13550135501355012 0.485 0.13821138211382114 0.496875 0.14634146341463414 0.5 0.17073170731707318 0.49875 0.17615176151761516 0.495 0.17344173441734417 0.485
1 0.41192411924119243 0.295 0.3902439024390244 0.29625 0.3821138211382114 0.30125 0.3821138211382114 0.31125 0.3902439024390244 0.314375 0.4065040650406504 0.314375 0.42276422764227645 0.308125 0.4254742547425474 0.30125 0.41192411924119243 0.295
1 0.17886178861788618 0.38 0.15582655826558264 0.38 0.15176151761517614 0.381875 0.14634146341463414 0.391875 0.15718157181571815 0.39625 0.16531165311653118 0.398125 0.19241192411924118 0.396875 0.1951219512195122 0.38875 0.17886178861788618 0.38
1 0.43902439024390244 0.4475 0.43089430894308944 0.445 0.4159891598915989 0.44625 0.4092140921409214 0.453125 0.4132791327913279 0.461875 0.43902439024390244 0.4625 0.44173441734417346 0.46 0.4444444444444444 0.4525 0.43902439024390244 0.4475
1 0.516260162601626 0.3375 0.516260162601626 0.3275 0.510840108401084 0.324375 0.4959349593495935 0.324375 0.4742547425474255 0.334375 0.4742547425474255 0.34 0.4823848238482385 0.344375 0.4986449864498645 0.344375 0.510840108401084 0.341875 0.516260162601626 0.3375
1 0.05962059620596206 0.3875 0.04065040650406504 0.3875 0.02710027100271003 0.393125 0.02710027100271003 0.399375 0.04336043360433604 0.40625 0.06233062330623306 0.40625 0.08130081300813008 0.401875 0.08401084010840108 0.3975 0.05962059620596206 0.3875
1 0.4444444444444444 0.273125 0.4254742547425474 0.27375 0.4146341463414634 0.28 0.4173441734417344 0.295 0.4254742547425474 0.298125 0.43902439024390244 0.298125 0.45528455284552843 0.291875 0.45528455284552843 0.278125 0.4444444444444444 0.273125
1 0.7737127371273713 0.235 0.7696476964769647 0.23125 0.7547425474254743 0.22625 0.7466124661246613 0.225625 0.7276422764227642 0.2325 0.7276422764227642 0.241875 0.7330623306233063 0.245625 0.7574525745257452 0.246875 0.7710027100271003 0.24375 0.7737127371273713 0.235
1 0.5867208672086721 0.35375 0.5663956639566395 0.353125 0.55420054200542 0.358125 0.55420054200542 0.365 0.5704607046070461 0.373125 0.592140921409214 0.37375 0.6002710027100271 0.370625 0.6029810298102981 0.363125 0.5867208672086721 0.35375
1 0.6924119241192412 0.63 0.7046070460704607 0.62625 0.7086720867208672 0.624375 0.7086720867208672 0.6175 0.6978319783197832 0.613125 0.6761517615176151 0.613125 0.6626016260162602 0.615625 0.6598915989159891 0.618125 0.6598915989159891 0.624375 0.6653116531165312 0.6275 0.6788617886178862 0.63 0.6924119241192412 0.63
1 0.4878048780487805 0.34625 0.46883468834688347 0.3375 0.45257452574525747 0.3375 0.43902439024390244 0.34 0.43360433604336046 0.344375 0.43360433604336046 0.349375 0.44715447154471544 0.355625 0.45528455284552843 0.3575 0.4823848238482385 0.355625 0.4878048780487805 0.34625
1 0.45799457994579945 0.470625 0.4444444444444444 0.464375 0.4173441734417344 0.464375 0.4092140921409214 0.4675 0.4092140921409214 0.474375 0.4173441734417344 0.47875 0.42953929539295393 0.48125 0.44715447154471544 0.48125 0.45528455284552843 0.479375 0.45799457994579945 0.470625
1 0.43360433604336046 0.18125 0.42953929539295393 0.171875 0.42276422764227645 0.16875 0.4037940379403794 0.16875 0.3902439024390244 0.17625 0.3902439024390244 0.1875 0.4010840108401084 0.19125 0.4146341463414634 0.19125 0.4281842818428184 0.185625 0.43360433604336046 0.18125
1 0.3604336043360434 0.21875 0.3685636856368564 0.21625 0.37398373983739835 0.2125 0.37398373983739835 0.206875 0.36314363143631434 0.2 0.3523035230352303 0.198125 0.33062330623306235 0.199375 0.3224932249322493 0.205625 0.3224932249322493 0.210625 0.32791327913279134 0.215 0.34417344173441733 0.219375 0.3604336043360434 0.21875
1 0.7628726287262872 0.1975 0.7493224932249323 0.199375 0.7330623306233063 0.209375 0.7371273712737128 0.21875 0.7466124661246613 0.2225 0.7574525745257452 0.2225 0.7737127371273713 0.2175 0.7764227642276422 0.2025 0.7628726287262872 0.1975
1 0.27371273712737126 0.40625 0.25338753387533874 0.40625 0.23577235772357724 0.41125 0.23577235772357724 0.42 0.24661246612466126 0.425625 0.26558265582655827 0.42625 0.28184281842818426 0.42125 0.2845528455284553 0.41125 0.27371273712737126 0.40625
1 0.4634146341463415 0.173125 0.44715447154471544 0.17375 0.43902439024390244 0.178125 0.43360433604336046 0.193125 0.44173441734417346 0.199375 0.45528455284552843 0.199375 0.46883468834688347 0.1925 0.4715447154471545 0.178125 0.4634146341463415 0.173125
1 0.2926829268292683 0.550625 0.2669376693766938 0.549375 0.25474254742547425 0.5525 0.25474254742547425 0.560625 0.2682926829268293 0.5675 0.2981029810298103 0.568125 0.3062330623306233 0.565625 0.3089430894308943 0.558125 0.2926829268292683 0.550625
1 0.4932249322493225 0.57125 0.47696476964769646 0.57125 0.46883468834688347 0.575 0.4634146341463415 0.58625 0.4715447154471545 0.59125 0.4932249322493225 0.591875 0.502710027100271 0.58625 0.502710027100271 0.575 0.4932249322493225 0.57125
1 0.6978319783197832 0.0775 0.6951219512195121 0.07 0.6788617886178862 0.065 0.6571815718157181 0.065 0.6382113821138211 0.071875 0.6382113821138211 0.079375 0.6490514905149052 0.084375 0.6761517615176151 0.085 0.6924119241192412 0.0825 0.6978319783197832 0.0775
1 0.7032520325203252 0.508125 0.6815718157181572 0.5125 0.6815718157181572 0.520625 0.6883468834688347 0.52375 0.7276422764227642 0.523125 0.7303523035230353 0.515625 0.7249322493224932 0.51125 0.7032520325203252 0.508125
1 0.6680216802168022 0.329375 0.6734417344173442 0.32625 0.6734417344173442 0.32125 0.6626016260162602 0.315 0.6409214092140921 0.314375 0.6273712737127372 0.318125 0.6246612466124661 0.326875 0.6287262872628726 0.33 0.6395663956639567 0.3325 0.6598915989159891 0.3325 0.6680216802168022 0.329375
1 0.5989159891598916 0.605625 0.6056910569105691 0.60125 0.6056910569105691 0.594375 0.5975609756097561 0.588125 0.5785907859078591 0.583125 0.5636856368563685 0.583125 0.556910569105691 0.585 0.551490514905149 0.591875 0.559620596205962 0.6 0.5813008130081301 0.60625 0.5989159891598916 0.605625