1 0.24833887043189368 0.59875 0.24750830564784054 0.586875 0.23172757475083056 0.57375 0.21511627906976744 0.570625 0.20764119601328904 0.57125 0.19850498338870431 0.5775 0.19850498338870431 0.593125 0.21428571428571427 0.60375 0.22093023255813954 0.60625 0.23754152823920266 0.60625 0.24833887043189368 0.59875
1 0.40448504983388706 0.37125 0.4269102990033223 0.370625 0.43272425249169433 0.365 0.43521594684385384 0.35625 0.42524916943521596 0.343125 0.41445182724252494 0.335625 0.4053156146179402 0.3325 0.39368770764119604 0.3325 0.3853820598006645 0.335 0.38205980066445183 0.348125 0.38372093023255816 0.355625 0.38953488372093026 0.36375 0.40448504983388706 0.37125
1 0.3803986710963455 0.373125 0.3853820598006645 0.368125 0.38704318936877075 0.3625 0.3803986710963455 0.3425 0.3687707641196013 0.340625 0.35631229235880396 0.344375 0.3488372093023256 0.35375 0.3496677740863787 0.365 0.3538205980066445 0.37375 0.3596345514950166 0.376875 0.36794019933554817 0.376875 0.3803986710963455 0.373125
1 0.5739202657807309 0.465 0.5697674418604651 0.459375 0.5614617940199336 0.454375 0.5456810631229236 0.455625 0.5332225913621262 0.465625 0.5332225913621262 0.483125 0.5448504983388704 0.490625 0.5631229235880398 0.48875 0.574750830564784 0.480625 0.5739202657807309 0.465
1 0.6137873754152824 0.67125 0.6204318936877077 0.663125 0.6196013289036545 0.649375 0.6137873754152824 0.644375 0.6046511627906976 0.643125 0.5946843853820598 0.64625 0.5838870431893688 0.65625 0.5822259136212624 0.66875 0.5897009966777409 0.676875 0.6004983388704319 0.6775 0.6054817275747508 0.673125 0.6137873754152824 0.67125
1 0.5863787375415282 0.415625 0.6021594684385382 0.41625 0.6146179401993356 0.42125 0.6212624584717608 0.415 0.6237541528239202 0.409375 0.6229235880398671 0.398125 0.6179401993355482 0.390625 0.6112956810631229 0.3875 0.5938538205980066 0.3875 0.5863787375415282 0.390625 0.574750830564784 0.403125 0.5739202657807309 0.413125 0.5780730897009967 0.418125 0.5863787375415282 0.415625
1 0.3961794019933555 0.5075 0.39700996677740863 0.491875 0.3853820598006645 0.48375 0.37375415282392027 0.48375 0.35714285714285715 0.49125 0.3504983388704319 0.5025 0.3521594684385382 0.5125 0.35631229235880396 0.516875 0.3637873754152824 0.519375 0.38205980066445183 0.516875 0.3961794019933555 0.5075
1 0.6619601328903655 0.635 0.6719269102990033 0.63 0.6760797342192691 0.62375 0.6769102990033222 0.618125 0.6735880398671097 0.609375 0.670265780730897 0.604375 0.659468438538206 0.596875 0.6495016611295681 0.59625 0.6362126245847176 0.604375 0.6337209302325582 0.60875 0.6337209302325582 0.618125 0.6478405315614618 0.6325 0.6619601328903655 0.635
1 0.3388704318936877 0.526875 0.3230897009966777 0.524375 0.30980066445182725 0.530625 0.30980066445182725 0.5475 0.3239202657807309 0.556875 0.33637873754152825 0.558125 0.35299003322259137 0.550625 0.35299003322259137 0.538125 0.3388704318936877 0.526875
1 0.18687707641196014 0.68 0.19435215946843853 0.6775 0.20182724252491693 0.673125 0.20681063122923588 0.665625 0.2059800664451827 0.64875 0.19435215946843853 0.641875 0.18023255813953487 0.641875 0.17691029900332225 0.64375 0.1669435215946844 0.651875 0.16196013289036545 0.6625 0.1644518272425249 0.6725 0.1686046511627907 0.676875 0.1760797342192691 0.68 0.18687707641196014 0.68
1 0.27325581395348836 0.65125 0.27740863787375414 0.644375 0.2782392026578073 0.635 0.2749169435215947 0.63125 0.2649501661129568 0.6275 0.2558139534883721 0.628125 0.23754152823920266 0.63625 0.23089700996677742 0.644375 0.23006644518272426 0.651875 0.23588039867109634 0.65875 0.260797342192691 0.65875 0.27325581395348836 0.65125
1 0.617109634551495 0.6975 0.6212624584717608 0.6925 0.6262458471760798 0.683125 0.6245847176079734 0.678125 0.617109634551495 0.67125 0.6096345514950167 0.67125 0.6013289036544851 0.675625 0.595514950166113 0.683125 0.5980066445182725 0.695 0.6029900332225914 0.7 0.6096345514950167 0.7 0.617109634551495 0.6975
1 0.3064784053156146 0.394375 0.3064784053156146 0.380625 0.292358803986711 0.370625 0.2857142857142857 0.36875 0.2649501661129568 0.36875 0.25332225913621265 0.37375 0.24833887043189368 0.381875 0.25 0.39 0.26578073089701 0.4 0.2915282392026578 0.4025 0.3064784053156146 0.394375
1 0.28488372093023256 0.59625 0.29069767441860467 0.589375 0.2898671096345515 0.578125 0.27906976744186046 0.56375 0.2691029900332226 0.560625 0.25664451827242524 0.560625 0.24584717607973422 0.568125 0.2441860465116279 0.583125 0.25 0.593125 0.2558139534883721 0.59625 0.27408637873754155 0.60125 0.28488372093023256 0.59625
1 0.5415282392026578 0.348125 0.5506644518272426 0.340625 0.5556478405315615 0.339375 0.5589700996677741 0.335625 0.5589700996677741 0.329375 0.553156146179402 0.318125 0.5440199335548173 0.3125 0.526578073089701 0.31125 0.5157807308970099 0.318125 0.5166112956810631 0.3325 0.521594684385382 0.339375 0.5282392026578073 0.34375 0.5415282392026578 0.348125
1 0.40863787375415284 0.173125 0.4210963455149502 0.17375 0.436046511627907 0.170625 0.4393687707641196 0.16625 0.4393687707641196 0.153125 0.436046511627907 0.148125 0.4269102990033223 0.141875 0.4161129568106312 0.14 0.3995016611295681 0.141875 0.38704318936877075 0.15 0.38787375415282394 0.163125 0.3978405315614618 0.17 0.4069767441860465 0.17125 0.40863787375415284 0.173125
1 0.71843853820598 0.555625 0.7308970099667774 0.540625 0.7317275747508306 0.53 0.7267441860465116 0.524375 0.7084717607973422 0.524375 0.6935215946843853 0.529375 0.6827242524916943 0.539375 0.6794019933554817 0.548125 0.6810631229235881 0.555 0.6901993355481728 0.5625 0.7051495016611296 0.5625 0.71843853820598 0.555625
1 0.5589700996677741 0.54 0.5598006644518272 0.5325 0.5564784053156147 0.526875 0.5456810631229236 0.521875 0.520764119601329 0.521875 0.5099667774086378 0.5325 0.5099667774086378 0.5375 0.5149501661129569 0.544375 0.5299003322259136 0.550625 0.5556478405315615 0.54375 0.5589700996677741 0.54
1 0.6096345514950167 0.471875 0.6146179401993356 0.46625 0.6146179401993356 0.45 0.6029900332225914 0.44 0.5838870431893688 0.438125 0.5739202657807309 0.445 0.5697674418604651 0.453125 0.5705980066445183 0.45875 0.5755813953488372 0.4675 0.5855481727574751 0.473125 0.6004983388704319 0.475625 0.6096345514950167 0.471875
1 0.5855481727574751 0.71375 0.5921926910299004 0.71125 0.5988372093023255 0.705 0.5996677740863787 0.699375 0.5938538205980066 0.68625 0.5872093023255814 0.67875 0.574750830564784 0.673125 0.5622923588039868 0.675625 0.5548172757475083 0.686875 0.5556478405315615 0.69625 0.5606312292358804 0.706875 0.574750830564784 0.71375 0.5855481727574751 0.71375
1 0.6661129568106312 0.575 0.6669435215946844 0.564375 0.6553156146179402 0.550625 0.6486710963455149 0.548125 0.6362126245847176 0.5475 0.6237541528239202 0.555625 0.6229235880398671 0.565 0.6320598006644518 0.5775 0.6395348837209303 0.583125 0.6569767441860465 0.58375 0.6661129568106312 0.575
1 0.5971760797342193 0.553125 0.6038205980066446 0.545625 0.6054817275747508 0.53625 0.6004983388704319 0.5275 0.5946843853820598 0.524375 0.5764119601328903 0.524375 0.563953488372093 0.530625 0.5581395348837209 0.54375 0.5598006644518272 0.550625 0.5739202657807309 0.559375 0.5880398671096345 0.5575 0.5971760797342193 0.553125
1 0.4775747508305648 0.413125 0.4941860465116279 0.408125 0.4958471760797342 0.39 0.49169435215946844 0.386875 0.4775747508305648 0.381875 0.4676079734219269 0.381875 0.4568106312292359 0.386875 0.4543189368770764 0.396875 0.457641196013289 0.405 0.462624584717608 0.40875 0.47259136212624586 0.413125 0.4775747508305648 0.413125
1 0.4269102990033223 0.426875 0.4169435215946844 0.416875 0.40946843853820597 0.415625 0.3978405315614618 0.418125 0.38704318936877075 0.42625 0.3845514950166113 0.44125 0.3961794019933555 0.45125 0.4111295681063123 0.45125 0.42524916943521596 0.44125 0.4269102990033223 0.426875
1 0.4584717607973422 0.715 0.45099667774086377 0.706875 0.43272425249169433 0.704375 0.4161129568106312 0.709375 0.4119601328903654 0.71375 0.4119601328903654 0.72625 0.4260797342192691 0.735 0.4435215946843854 0.735 0.45598006644518274 0.72875 0.4584717607973422 0.715
1 0.2541528239202658 0.693125 0.2541528239202658 0.6875 0.24501661129568106 0.680625 0.21345514950166114 0.68 0.2009966777408638 0.685625 0.19767441860465115 0.69 0.19684385382059802 0.6975 0.20764119601328904 0.706875 0.23172757475083056 0.70875 0.24750830564784054 0.704375 0.2541528239202658 0.693125
1 0.6478405315614618 0.63375 0.632890365448505 0.620625 0.6146179401993356 0.618125 0.6029900332225914 0.623125 0.6054817275747508 0.638125 0.6196013289036545 0.648125 0.6370431893687708 0.65125 0.6453488372093024 0.649375 0.6478405315614618 0.64625 0.6478405315614618 0.63375
1 0.27740863787375414 0.433125 0.2898671096345515 0.421875 0.2915282392026578 0.411875 0.28903654485049834 0.405 0.27740863787375414 0.401875 0.2558139534883721 0.4025 0.2425249169435216 0.411875 0.23920265780730898 0.41875 0.24086378737541528 0.428125 0.24667774086378738 0.4325 0.25830564784053156 0.435625 0.27740863787375414 0.433125
1 0.4958471760797342 0.5425 0.48588039867109634 0.53375 0.4750830564784053 0.534375 0.4642857142857143 0.54 0.45598006644518274 0.550625 0.45598006644518274 0.555 0.4684385382059801 0.56375 0.4833887043189369 0.561875 0.4958471760797342 0.553125 0.4958471760797342 0.5425
1 0.6602990033222591 0.325625 0.6578073089700996 0.314375 0.6470099667774086 0.30375 0.6312292358803987 0.30125 0.6196013289036545 0.30625 0.6187707641196013 0.321875 0.6337209302325582 0.3375 0.6461794019933554 0.339375 0.6578073089700996 0.33125 0.6602990033222591 0.325625
1 0.5490033222591362 0.583125 0.5556478405315615 0.583125 0.5672757475083057 0.57375 0.5689368770764119 0.560625 0.5672757475083057 0.555625 0.5581395348837209 0.54625 0.5448504983388704 0.54625 0.5332225913621262 0.55125 0.5299003322259136 0.555625 0.5290697674418605 0.565625 0.5299003322259136 0.57125 0.5357142857142857 0.5775 0.5490033222591362 0.583125
1 0.553156146179402 0.65875 0.553156146179402 0.645 0.5398671096345515 0.630625 0.5274086378737541 0.62625 0.5182724252491694 0.62625 0.5116279069767442 0.63 0.5091362126245847 0.64375 0.5182724252491694 0.659375 0.5307308970099668 0.66625 0.542358803986711 0.66625 0.553156146179402 0.65875
1 0.4908637873754153 0.49375 0.5016611295681063 0.495625 0.5099667774086378 0.493125 0.5166112956810631 0.488125 0.5191029900332226 0.485 0.5191029900332226 0.475625 0.5141196013289037 0.465 0.5041528239202658 0.459375 0.4883720930232558 0.46 0.48172757475083056 0.465 0.4775747508305648 0.474375 0.4775747508305648 0.4825 0.48255813953488375 0.48875 0.4908637873754153 0.49375
1 0.7159468438538206 0.610625 0.71843853820598 0.59625 0.7151162790697675 0.591875 0.7043189368770764 0.588125 0.6901993355481728 0.589375 0.6794019933554817 0.59625 0.6727574750830565 0.60625 0.6785714285714286 0.620625 0.6877076411960132 0.625 0.7043189368770764 0.621875 0.7159468438538206 0.610625
1 0.2292358803986711 0.408125 0.23588039867109634 0.408125 0.25 0.40125 0.2516611295681063 0.396875 0.24750830564784054 0.383125 0.23421926910299004 0.371875 0.22591362126245848 0.36875 0.2159468438538206 0.36875 0.20182724252491693 0.37375 0.19767441860465115 0.38 0.19850498338870431 0.39 0.21677740863787376 0.404375 0.2292358803986711 0.408125
1 0.4958471760797342 0.354375 0.5132890365448505 0.34125 0.5141196013289037 0.321875 0.5099667774086378 0.314375 0.5049833887043189 0.31125 0.4900332225913621 0.31125 0.4833887043189369 0.315 0.4750830564784053 0.325 0.4742524916943522 0.33875 0.4775747508305648 0.345625 0.4867109634551495 0.35375 0.4958471760797342 0.354375
1 0.2159468438538206 0.47875 0.223421926910299 0.475625 0.23588039867109634 0.4625 0.23920265780730898 0.4425 0.23421926910299004 0.438125 0.22093023255813954 0.434375 0.20681063122923588 0.438125 0.19684385382059802 0.44625 0.19186046511627908 0.4575 0.19186046511627908 0.46875 0.19684385382059802 0.474375 0.20431893687707642 0.478125 0.2159468438538206 0.47875
1 0.3920265780730897 0.42125 0.39867109634551495 0.416875 0.4069767441860465 0.415625 0.4111295681063123 0.4125 0.41777408637873753 0.394375 0.4186046511627907 0.386875 0.4069767441860465 0.375625 0.3953488372093023 0.375625 0.38372093023255816 0.38 0.37375415282392027 0.393125 0.37209302325581395 0.399375 0.37209302325581395 0.40625 0.3803986710963455 0.418125 0.38372093023255816 0.420625 0.3920265780730897 0.42125
1 0.40365448504983387 0.315 0.40946843853820597 0.3125 0.42441860465116277 0.299375 0.42524916943521596 0.293125 0.420265780730897 0.283125 0.4119601328903654 0.278125 0.40365448504983387 0.276875 0.38953488372093026 0.28 0.3845514950166113 0.283125 0.37790697674418605 0.29625 0.3787375415282392 0.30375 0.3845514950166113 0.31125 0.40365448504983387 0.315
1 0.3770764119601329 0.260625 0.38704318936877075 0.254375 0.3911960132890365 0.248125 0.3911960132890365 0.24125 0.38205980066445183 0.226875 0.36794019933554817 0.219375 0.3588039867109635 0.220625 0.3538205980066445 0.224375 0.3496677740863787 0.2325 0.3554817275747508 0.255 0.3646179401993355 0.26 0.3770764119601329 0.260625
1 0.5822259136212624 0.65875 0.5938538205980066 0.64875 0.5946843853820598 0.644375 0.5897009966777409 0.635 0.5838870431893688 0.630625 0.5755813953488372 0.628125 0.5614617940199336 0.628125 0.5490033222591362 0.63625 0.5506644518272426 0.64375 0.5564784053156147 0.65125 0.563953488372093 0.65625 0.5822259136212624 0.65875
1 0.510797342192691 0.584375 0.5232558139534884 0.58125 0.5290697674418605 0.5775 0.5299003322259136 0.569375 0.5274086378737541 0.565 0.5149501661129569 0.558125 0.4925249169435216 0.5575 0.4850498338870432 0.560625 0.48172757475083056 0.565 0.4808970099667774 0.570625 0.4833887043189369 0.575 0.49667774086378735 0.583125 0.510797342192691 0.584375
1 0.4485049833887043 0.60625 0.45016611295681064 0.60375 0.4543189368770764 0.589375 0.446843853820598 0.581875 0.4227574750830565 0.580625 0.4152823920265781 0.58375 0.40946843853820597 0.589375 0.4069767441860465 0.60125 0.41029900332225916 0.6075 0.4169435215946844 0.611875 0.4318936877076412 0.613125 0.4485049833887043 0.60625
1 0.6154485049833887 0.424375 0.606312292358804 0.41875 0.584717607973422 0.415625 0.5755813953488372 0.42 0.5780730897009967 0.43125 0.5888704318936877 0.4375 0.6046511627906976 0.438125 0.6112956810631229 0.43625 0.6154485049833887 0.4325 0.6154485049833887 0.424375
1 0.26411960132890366 0.495 0.26411960132890366 0.480625 0.25664451827242524 0.470625 0.23754152823920266 0.466875 0.22591362126245848 0.47375 0.2217607973421927 0.485625 0.22259136212624583 0.490625 0.22757475083056478 0.49875 0.23338870431893688 0.5025 0.25332225913621265 0.5025 0.26411960132890366 0.495
1 0.5024916943521595 0.44625 0.5099667774086378 0.443125 0.5157807308970099 0.4375 0.5166112956810631 0.429375 0.5116279069767442 0.41875 0.49667774086378735 0.41125 0.4850498338870432 0.41125 0.47674418604651164 0.41375 0.473421926910299 0.420625 0.473421926910299 0.430625 0.48421926910299 0.44125 0.4958471760797342 0.44625 0.5024916943521595 0.44625
1 0.45099667774086377 0.580625 0.45930232558139533 0.575 0.4642857142857143 0.57 0.4642857142857143 0.565 0.4568106312292359 0.555625 0.45182724252491696 0.553125 0.4260797342192691 0.553125 0.41445182724252494 0.560625 0.4161129568106312 0.5725 0.4269102990033223 0.580625 0.44435215946843853 0.581875 0.45099667774086377 0.580625
1 0.2599667774086379 0.470625 0.2749169435215947 0.46875 0.2865448504983389 0.461875 0.292358803986711 0.4575 0.29069767441860467 0.45 0.27906976744186046 0.441875 0.2707641196013289 0.439375 0.25830564784053156 0.44 0.24833887043189368 0.443125 0.24003322259136212 0.4475 0.2367109634551495 0.455 0.23837209302325582 0.464375 0.2599667774086379 0.470625
1 0.6262458471760798 0.590625 0.6295681063122923 0.585 0.6287375415282392 0.57375 0.6237541528239202 0.56625 0.6154485049833887 0.560625 0.6013289036544851 0.560625 0.5897009966777409 0.568125 0.5863787375415282 0.5775 0.5888704318936877 0.591875 0.6013289036544851 0.59875 0.617109634551495 0.5975 0.6262458471760798 0.590625
1 0.4335548172757475 0.651875 0.4418604651162791 0.64625 0.4435215946843854 0.636875 0.4377076411960133 0.62375 0.4260797342192691 0.618125 0.4119601328903654 0.618125 0.40365448504983387 0.625 0.4019933554817276 0.63 0.40365448504983387 0.64 0.41029900332225916 0.648125 0.4169435215946844 0.651875 0.4335548172757475 0.651875
1 0.5689368770764119 0.446875 0.5739202657807309 0.4375 0.5730897009966778 0.418125 0.5647840531561462 0.411875 0.5440199335548173 0.41125 0.5357142857142857 0.416875 0.532392026578073 0.424375 0.5332225913621262 0.43375 0.5448504983388704 0.44625 0.5539867109634552 0.449375 0.5622923588039868 0.449375 0.5689368770764119 0.446875
1 0.34717607973421927 0.2275 0.34717607973421927 0.2125 0.3388704318936877 0.2 0.32475083056478404 0.193125 0.3131229235880399 0.195 0.3089700996677741 0.199375 0.3081395348837209 0.21 0.31478405315614616 0.221875 0.3330564784053156 0.22375 0.34219269102990035 0.229375 0.34717607973421927 0.2275
1 0.48588039867109634 0.618125 0.4941860465116279 0.615625 0.5033222591362126 0.60625 0.5024916943521595 0.591875 0.4958471760797342 0.586875 0.4900332225913621 0.585625 0.46511627906976744 0.586875 0.45514950166112955 0.5925 0.45099667774086377 0.599375 0.45514950166112955 0.609375 0.46096345514950166 0.614375 0.47093023255813954 0.618125 0.48588039867109634 0.618125
1 0.45514950166112955 0.18625 0.4775747508305648 0.18625 0.4850498338870432 0.180625 0.48588039867109634 0.175 0.48255813953488375 0.16625 0.47093023255813954 0.155 0.46511627906976744 0.151875 0.457641196013289 0.15125 0.4426910299003322 0.15375 0.4410299003322259 0.170625 0.4426910299003322 0.17625 0.4485049833887043 0.1825 0.45514950166112955 0.18625
1 0.37375415282392027 0.619375 0.37375415282392027 0.609375 0.36129568106312293 0.59875 0.34053156146179403 0.59875 0.33222591362126247 0.6025 0.32475083056478404 0.610625 0.32475083056478404 0.6225 0.34136212624584716 0.63 0.3596345514950166 0.63 0.36627906976744184 0.6275 0.37375415282392027 0.619375
1 0.4792358803986711 0.644375 0.4850498338870432 0.6375 0.48588039867109634 0.629375 0.48006644518272423 0.620625 0.46677740863787376 0.6175 0.4543189368770764 0.610625 0.4426910299003322 0.615625 0.44019933554817275 0.6275 0.44435215946843853 0.6375 0.45182724252491696 0.643125 0.4601328903654485 0.645625 0.4792358803986711 0.644375
1 0.4410299003322259 0.328125 0.4526578073089701 0.31625 0.4543189368770764 0.308125 0.44933554817275745 0.3 0.4418604651162791 0.2975 0.4277408637873754 0.298125 0.40780730897009965 0.314375 0.4053156146179402 0.323125 0.40780730897009965 0.3325 0.4161129568106312 0.335625 0.4269102990033223 0.335 0.4410299003322259 0.328125
1 0.75 0.6375 0.7300664451827242 0.6375 0.7209302325581395 0.644375 0.7209302325581395 0.66375 0.7342192691029901 0.673125 0.75 0.673125 0.7616279069767442 0.663125 0.7616279069767442 0.65 0.75 0.6375
1 0.25 0.365 0.2549833887043189 0.35375 0.2558139534883721 0.343125 0.25249169435215946 0.3375 0.24086378737541528 0.330625 0.22259136212624583 0.334375 0.21179401993355482 0.34875 0.21262458471760798 0.36 0.21760797342192692 0.365625 0.2350498338870432 0.37125 0.24584717607973422 0.36875 0.25 0.365
1 0.3646179401993355 0.435625 0.37790697674418605 0.423125 0.3770764119601329 0.411875 0.36710963455149503 0.401875 0.35299003322259137 0.4 0.34219269102990035 0.403125 0.3372093023255814 0.408125 0.3338870431893688 0.41875 0.3347176079734219 0.42625 0.34219269102990035 0.433125 0.35132890365448505 0.4375 0.3646179401993355 0.435625
1 0.21511627906976744 0.57 0.23006644518272426 0.570625 0.24667774086378738 0.565 0.25332225913621265 0.5575 0.25332225913621265 0.550625 0.25 0.545625 0.23837209302325582 0.54 0.23255813953488372 0.539375 0.22674418604651161 0.54 0.21262458471760798 0.54625 0.20681063122923588 0.550625 0.20431893687707642 0.558125 0.2059800664451827 0.565 0.21511627906976744 0.57
1 0.31893687707641194 0.58125 0.3230897009966777 0.573125 0.3222591362126246 0.560625 0.3081395348837209 0.545625 0.30398671096345514 0.54375 0.292358803986711 0.544375 0.28322259136212624 0.555625 0.28322259136212624 0.568125 0.2865448504983389 0.575 0.29651162790697677 0.583125 0.3089700996677741 0.585625 0.31893687707641194 0.58125
1 0.6287375415282392 0.343125 0.6295681063122923 0.335625 0.6162790697674418 0.318125 0.5996677740863787 0.3175 0.5938538205980066 0.320625 0.5888704318936877 0.3275 0.5888704318936877 0.3425 0.595514950166113 0.350625 0.6046511627906976 0.354375 0.6179401993355482 0.35375 0.6287375415282392 0.343125
1 0.43272425249169433 0.4275 0.43853820598006643 0.42875 0.446843853820598 0.428125 0.45598006644518274 0.4225 0.457641196013289 0.410625 0.45099667774086377 0.3975 0.43521594684385384 0.3875 0.42940199335548174 0.3875 0.4227574750830565 0.390625 0.4169435215946844 0.398125 0.4152823920265781 0.40625 0.4186046511627907 0.415 0.42358803986710963 0.42 0.43272425249169433 0.4275
1 0.5 0.66125 0.49667774086378735 0.655625 0.48172757475083056 0.64625 0.45598006644518274 0.646875 0.446843853820598 0.65625 0.4476744186046512 0.66625 0.45930232558139533 0.675625 0.4792358803986711 0.675 0.49916943521594687 0.664375 0.5 0.66125
1 0.2159468438538206 0.54375 0.22674418604651161 0.53625 0.22674418604651161 0.519375 0.2159468438538206 0.508125 0.20764119601328904 0.505 0.19601328903654486 0.505 0.19186046511627908 0.505625 0.1818936877076412 0.513125 0.1818936877076412 0.529375 0.19684385382059802 0.54125 0.2101328903654485 0.544375 0.2159468438538206 0.54375
1 0.3089700996677741 0.326875 0.31478405315614616 0.3225 0.31478405315614616 0.29875 0.3081395348837209 0.286875 0.303156146179402 0.283125 0.29485049833887045 0.28125 0.28903654485049834 0.283125 0.27740863787375414 0.29375 0.27740863787375414 0.3175 0.28322259136212624 0.324375 0.2898671096345515 0.3275 0.3089700996677741 0.326875
1 0.36627906976744184 0.196875 0.3770764119601329 0.18875 0.3803986710963455 0.181875 0.3795681063122924 0.16875 0.36794019933554817 0.163125 0.3480066445182724 0.163125 0.33637873754152825 0.16625 0.32475083056478404 0.173125 0.3222591362126246 0.1875 0.3239202657807309 0.191875 0.33554817275747506 0.1975 0.35132890365448505 0.199375 0.36627906976744184 0.196875
1 0.5863787375415282 0.37625 0.5838870431893688 0.371875 0.5739202657807309 0.365625 0.5481727574750831 0.363125 0.5340531561461794 0.37375 0.5357142857142857 0.381875 0.5506644518272426 0.391875 0.5739202657807309 0.391875 0.5855481727574751 0.385 0.5863787375415282 0.37625
1 0.45348837209302323 0.49125 0.4676079734219269 0.490625 0.4750830564784053 0.485625 0.47674418604651164 0.48 0.4775747508305648 0.468125 0.4700996677740864 0.45875 0.46511627906976744 0.456875 0.45182724252491696 0.456875 0.4418604651162791 0.46 0.4377076411960133 0.465 0.43521594684385384 0.474375 0.4377076411960133 0.483125 0.4426910299003322 0.48875 0.45348837209302323 0.49125
1 0.5415282392026578 0.71875 0.5514950166112956 0.715 0.5556478405315615 0.710625 0.5573089700996677 0.70125 0.5523255813953488 0.68875 0.5398671096345515 0.6825 0.5282392026578073 0.683125 0.5199335548172758 0.688125 0.5157807308970099 0.7 0.5174418604651163 0.708125 0.5224252491694352 0.71375 0.53156146179402 0.71875 0.5415282392026578 0.71875
1 0.6677740863787376 0.72125 0.6719269102990033 0.715625 0.6710963455149501 0.703125 0.659468438538206 0.6925 0.6478405315614618 0.6925 0.632890365448505 0.704375 0.6312292358803987 0.71875 0.6337209302325582 0.72375 0.6445182724252492 0.72875 0.6528239202657807 0.72875 0.659468438538206 0.72625 0.6677740863787376 0.72125
1 0.3920265780730897 0.48125 0.3995016611295681 0.475 0.4011627906976744 0.46125 0.39700996677740863 0.4525 0.38289036544850497 0.4425 0.3637873754152824 0.4425 0.3588039867109635 0.4475 0.35631229235880396 0.459375 0.3646179401993355 0.4725 0.3745847176079734 0.480625 0.3812292358803987 0.4825 0.3920265780730897 0.48125
1 0.3637873754152824 0.5975 0.3704318936877076 0.595 0.3787375415282392 0.588125 0.3787375415282392 0.57 0.36794019933554817 0.5575 0.3579734219269103 0.553125 0.3496677740863787 0.553125 0.34219269102990035 0.555625 0.3330564784053156 0.568125 0.3330564784053156 0.579375 0.3388704318936877 0.589375 0.3496677740863787 0.59625 0.3637873754152824 0.5975
1 0.3372093023255814 0.27125 0.34551495016611294 0.269375 0.3521594684385382 0.263125 0.35299003322259137 0.250625 0.3480066445182724 0.236875 0.34053156146179403 0.228125 0.33222591362126247 0.22375 0.3122923588039867 0.224375 0.30564784053156147 0.23125 0.3064784053156146 0.24375 0.3106312292358804 0.251875 0.32475083056478404 0.266875 0.3372093023255814 0.27125
1 0.35631229235880396 0.686875 0.3696013289036545 0.6925 0.38205980066445183 0.695 0.39867109634551495 0.695 0.40780730897009965 0.6925 0.41362126245847175 0.6875 0.41445182724252494 0.683125 0.41029900332225916 0.67375 0.40365448504983387 0.66875 0.38704318936877075 0.661875 0.36627906976744184 0.66 0.35631229235880396 0.661875 0.3504983388704319 0.66875 0.3496677740863787 0.6775 0.35299003322259137 0.683125 0.35631229235880396 0.686875
1 0.2973421926910299 0.360625 0.313953488372093 0.360625 0.3222591362126246 0.3575 0.329734219269103 0.34875 0.33056478405315615 0.3425 0.32475083056478404 0.335 0.3122923588039867 0.328125 0.29651162790697677 0.328125 0.29069767441860467 0.33 0.28322259136212624 0.334375 0.2799003322259136 0.339375 0.2799003322259136 0.345625 0.28322259136212624 0.350625 0.2973421926910299 0.360625
1 0.5930232558139535 0.29 0.5946843853820598 0.28 0.5855481727574751 0.268125 0.5730897009966778 0.265 0.563953488372093 0.265 0.5473421926910299 0.2725 0.5473421926910299 0.288125 0.5589700996677741 0.2975 0.5722591362126246 0.299375 0.5838870431893688 0.298125 0.5930232558139535 0.29
1 0.2898671096345515 0.518125 0.3023255813953488 0.505 0.3023255813953488 0.491875 0.2931893687707641 0.48125 0.2823920265780731 0.47875 0.26827242524916944 0.48625 0.2649501661129568 0.49375 0.2649501661129568 0.5025 0.26827242524916944 0.5125 0.2749169435215947 0.51875 0.2807308970099668 0.520625 0.2898671096345515 0.518125
1 0.38704318936877075 0.20875 0.40282392026578073 0.21875 0.41362126245847175 0.21875 0.42441860465116277 0.211875 0.4269102990033223 0.208125 0.4269102990033223 0.193125 0.420265780730897 0.183125 0.40863787375415284 0.173125 0.3978405315614618 0.170625 0.38953488372093026 0.17125 0.38289036544850497 0.17625 0.3795681063122924 0.18375 0.3795681063122924 0.1925 0.38704318936877075 0.20875
1 0.3289036544850498 0.43125 0.3330564784053156 0.426875 0.3338870431893688 0.408125 0.31976744186046513 0.398125 0.3106312292358804 0.396875 0.29401993355481726 0.403125 0.292358803986711 0.41125 0.29485049833887045 0.4225 0.30066445182724255 0.4275 0.313953488372093 0.4325 0.32142857142857145 0.433125 0.3289036544850498 0.43125
1 0.5498338870431894 0.521875 0.5548172757475083 0.519375 0.5573089700996677 0.51625 0.5564784053156147 0.509375 0.5448504983388704 0.49875 0.5274086378737541 0.49375 0.5182724252491694 0.49375 0.5066445182724253 0.49875 0.5066445182724253 0.5075 0.520764119601329 0.518125 0.5431893687707641 0.521875 0.5498338870431894 0.521875
1 0.5199335548172758 0.25 0.5348837209302325 0.245625 0.542358803986711 0.240625 0.5456810631229236 0.235 0.5448504983388704 0.223125 0.5382059800664452 0.2175 0.5058139534883721 0.215625 0.49335548172757476 0.22125 0.48754152823920266 0.22625 0.4850498338870432 0.24 0.4867109634551495 0.245625 0.4925249169435216 0.25 0.5024916943521595 0.251875 0.5199335548172758 0.25
1 0.22425249169435216 0.4275 0.22425249169435216 0.416875 0.21428571428571427 0.40625 0.19019933554817275 0.4025 0.17691029900332225 0.406875 0.1719269102990033 0.41875 0.18106312292358803 0.430625 0.19684385382059802 0.435625 0.20514950166112958 0.43625 0.21843853820598005 0.433125 0.22425249169435216 0.4275
1 0.2649501661129568 0.550625 0.2749169435215947 0.550625 0.2815614617940199 0.546875 0.28488372093023256 0.543125 0.28488372093023256 0.533125 0.2807308970099668 0.524375 0.27408637873754155 0.518125 0.2632890365448505 0.5125 0.24584717607973422 0.51125 0.23006644518272426 0.519375 0.23089700996677742 0.53125 0.24086378737541528 0.54125 0.2649501661129568 0.550625
1 0.5066445182724253 0.376875 0.5174418604651163 0.376875 0.5290697674418605 0.375 0.5357142857142857 0.370625 0.5448504983388704 0.36375 0.5398671096345515 0.348125 0.5282392026578073 0.34375 0.5174418604651163 0.34375 0.5091362126245847 0.345625 0.5016611295681063 0.350625 0.4941860465116279 0.36375 0.4950166112956811 0.37 0.49916943521594687 0.37375 0.5066445182724253 0.376875
1 0.47674418604651164 0.735625 0.4883720930232558 0.735 0.5 0.72625 0.5 0.7125 0.489202657807309 0.703125 0.4833887043189369 0.7 0.47093023255813954 0.7 0.4659468438538206 0.703125 0.45930232558139533 0.71375 0.45930232558139533 0.72 0.462624584717608 0.7275 0.47093023255813954 0.73375 0.47674418604651164 0.735625
0 0.43023255813953487 0.825 0.43521594684385384 0.80125 0.4335548172757475 0.79125 0.4269102990033223 0.78375 0.4053156146179402 0.77375 0.37375415282392027 0.76625 0.3239202657807309 0.78375 0.31893687707641194 0.80375 0.31561461794019935 0.825 0.3289036544850498 0.845 0.3438538205980066 0.85 0.3803986710963455 0.85625 0.4019933554817276 0.85375 0.420265780730897 0.84 0.43023255813953487 0.825
1 0.5548172757475083 0.505 0.5581395348837209 0.5175 0.5897009966777409 0.52 0.6029900332225914 0.51625 0.6046511627906976 0.505 0.5930232558139535 0.49375 0.5564784053156147 0.495 0.5548172757475083 0.505
1 0.49169435215946844 0.4075 0.5049833887043189 0.41375 0.5232558139534884 0.4075 0.5382059800664452 0.395 0.5299003322259136 0.385 0.5149501661129569 0.38 0.49335548172757476 0.39 0.49169435215946844 0.4075