1 0.77125 0.3023255813953488 0.774375 0.3089700996677741 0.783125 0.3164451827242525 0.7975 0.31727574750830567 0.81375 0.303156146179402 0.81375 0.2815614617940199 0.80125 0.26744186046511625 0.7925 0.26578073089701 0.7825 0.26827242524916944 0.77125 0.2815614617940199 0.769375 0.28820598006644516 0.77125 0.3023255813953488
1 0.5625 0.5880398671096345 0.566875 0.5946843853820598 0.57375 0.5996677740863787 0.579375 0.6004983388704319 0.588125 0.5971760797342193 0.596875 0.5872093023255814 0.601875 0.574750830564784 0.601875 0.5514950166112956 0.6 0.5456810631229236 0.59125 0.5373754152823921 0.57875 0.5390365448504983 0.569375 0.5448504983388704 0.5625 0.5606312292358804 0.560625 0.5705980066445183 0.5625 0.5880398671096345
1 0.566875 0.6777408637873754 0.5725 0.6893687707641196 0.581875 0.6943521594684385 0.590625 0.6943521594684385 0.601875 0.6843853820598007 0.605 0.6602990033222591 0.6025 0.6470099667774086 0.595 0.6337209302325582 0.586875 0.6303986710963455 0.57375 0.6320598006644518 0.569375 0.6370431893687708 0.564375 0.6503322259136213 0.564375 0.6669435215946844 0.566875 0.6777408637873754
1 0.439375 0.5589700996677741 0.451875 0.5697674418604651 0.460625 0.5730897009966778 0.4725 0.5714285714285714 0.478125 0.5656146179401993 0.483125 0.5548172757475083 0.483125 0.5440199335548173 0.478125 0.5290697674418605 0.469375 0.5191029900332226 0.455 0.5174418604651163 0.4475 0.5199335548172758 0.4375 0.5290697674418605 0.435 0.5498338870431894 0.439375 0.5589700996677741
1 0.70375 0.24750830564784054 0.71375 0.2616279069767442 0.726875 0.2691029900332226 0.731875 0.2691029900332226 0.7425 0.25830564784053156 0.7425 0.24086378737541528 0.734375 0.22508305647840532 0.725 0.22009966777408638 0.714375 0.22009966777408638 0.70875 0.22259136212624583 0.704375 0.22840531561461794 0.7025 0.23421926910299004 0.70375 0.24750830564784054
1 0.63625 0.42441860465116277 0.644375 0.43023255813953487 0.65375 0.43521594684385384 0.665 0.43521594684385384 0.6725 0.4260797342192691 0.6725 0.4069767441860465 0.670625 0.3978405315614618 0.664375 0.38787375415282394 0.656875 0.38205980066445183 0.64375 0.3803986710963455 0.634375 0.38289036544850497 0.63125 0.3853820598006645 0.626875 0.3961794019933555 0.626875 0.4111295681063123 0.63625 0.42441860465116277
1 0.355625 0.3579734219269103 0.3625 0.3654485049833887 0.37125 0.36627906976744184 0.379375 0.36129568106312293 0.389375 0.3480066445182724 0.39125 0.3313953488372093 0.386875 0.32142857142857145 0.376875 0.31893687707641194 0.365 0.32475083056478404 0.354375 0.33970099667774084 0.353125 0.3521594684385382 0.355625 0.3579734219269103
1 0.6775 0.4377076411960133 0.6825 0.44435215946843853 0.69125 0.44518272425249167 0.700625 0.4393687707641196 0.70375 0.43438538205980065 0.70875 0.4210963455149502 0.709375 0.4069767441860465 0.705625 0.3953488372093023 0.696875 0.38870431893687707 0.691875 0.38870431893687707 0.680625 0.4003322259136213 0.675 0.4119601328903654 0.67375 0.42358803986710963 0.6775 0.4377076411960133
1 0.6725 0.6121262458471761 0.68375 0.6295681063122923 0.68875 0.6320598006644518 0.703125 0.6320598006644518 0.709375 0.6262458471760798 0.711875 0.6196013289036545 0.711875 0.5996677740863787 0.708125 0.5888704318936877 0.70125 0.579734219269103 0.691875 0.574750830564784 0.685625 0.5755813953488372 0.6725 0.5880398671096345 0.670625 0.5921926910299004 0.6725 0.6121262458471761
1 0.553125 0.5083056478405316 0.56375 0.5074750830564784 0.57125 0.5 0.57625 0.4900332225913621 0.57625 0.4601328903654485 0.566875 0.44518272425249167 0.56125 0.4426910299003322 0.550625 0.44435215946843853 0.5425 0.45930232558139533 0.5425 0.46511627906976744 0.540625 0.4676079734219269 0.540625 0.49335548172757476 0.553125 0.5083056478405316
1 0.571875 0.8181063122923588 0.581875 0.8322259136212624 0.59125 0.8363787375415282 0.598125 0.8363787375415282 0.603125 0.834717607973422 0.609375 0.8264119601328903 0.61 0.8081395348837209 0.601875 0.7948504983388704 0.5825 0.782392026578073 0.574375 0.7848837209302325 0.570625 0.7940199335548173 0.569375 0.8073089700996677 0.571875 0.8181063122923588
1 0.45875 0.2632890365448505 0.46375 0.27325581395348836 0.473125 0.2782392026578073 0.493125 0.2757475083056478 0.4975 0.2724252491694352 0.50625 0.25830564784053156 0.503125 0.24584717607973422 0.49875 0.23920265780730898 0.4925 0.2350498338870432 0.47125 0.2350498338870432 0.46125 0.24584717607973422 0.45875 0.25332225913621265 0.45875 0.2632890365448505
1 0.586875 0.44435215946843853 0.598125 0.4700996677740864 0.608125 0.4742524916943522 0.615625 0.4742524916943522 0.62375 0.4692691029900332 0.629375 0.45099667774086377 0.62625 0.42857142857142855 0.6125 0.4119601328903654 0.595625 0.4111295681063123 0.59 0.41445182724252494 0.586875 0.4219269102990033 0.586875 0.44435215946843853
1 0.733125 0.11212624584717608 0.735625 0.11627906976744186 0.743125 0.11960132890365449 0.754375 0.11960132890365449 0.76125 0.11627906976744186 0.769375 0.10465116279069768 0.76875 0.0888704318936877 0.758125 0.08139534883720931 0.74625 0.08222591362126246 0.735 0.08970099667774087 0.731875 0.0946843853820598 0.73 0.10465116279069768 0.733125 0.11212624584717608
1 0.726875 0.5083056478405316 0.740625 0.5174418604651163 0.748125 0.5182724252491694 0.759375 0.5141196013289037 0.763125 0.5099667774086378 0.76625 0.5008305647840532 0.76375 0.4867109634551495 0.75375 0.47591362126245845 0.7475 0.47259136212624586 0.73625 0.47259136212624586 0.728125 0.47591362126245845 0.7225 0.48588039867109634 0.720625 0.4950166112956811 0.726875 0.5083056478405316
1 0.754375 0.6146179401993356 0.761875 0.6229235880398671 0.771875 0.6287375415282392 0.7825 0.6295681063122923 0.791875 0.6270764119601329 0.8 0.6204318936877077 0.8075 0.6079734219269103 0.8075 0.5963455149501661 0.805 0.5880398671096345 0.795625 0.5730897009966778 0.79 0.5697674418604651 0.765 0.5681063122923588 0.756875 0.574750830564784 0.749375 0.5888704318936877 0.748125 0.5980066445182725 0.754375 0.6146179401993356
1 0.49 0.6129568106312292 0.496875 0.6212624584717608 0.5025 0.6337209302325582 0.514375 0.6403654485049833 0.52625 0.6403654485049833 0.535625 0.6337209302325582 0.5375 0.6295681063122923 0.5375 0.6187707641196013 0.53125 0.6038205980066446 0.52375 0.5938538205980066 0.518125 0.590531561461794 0.504375 0.5888704318936877 0.49375 0.5946843853820598 0.49 0.6013289036544851 0.49 0.6129568106312292
1 0.76 0.4277408637873754 0.77125 0.4377076411960133 0.7825 0.43521594684385384 0.79 0.42524916943521596 0.7925 0.4161129568106312 0.7925 0.39700996677740863 0.7875 0.38372093023255816 0.779375 0.37375415282392027 0.76625 0.3712624584717608 0.76125 0.37375415282392027 0.754375 0.3862126245847176 0.75375 0.40863787375415284 0.76 0.4277408637873754
1 0.448125 0.6602990033222591 0.463125 0.6719269102990033 0.48375 0.6719269102990033 0.495 0.6636212624584718 0.50125 0.6528239202657807 0.50125 0.632890365448505 0.49375 0.6187707641196013 0.484375 0.6121262458471761 0.469375 0.6112956810631229 0.46125 0.6137873754152824 0.454375 0.6179401993355482 0.445 0.632890365448505 0.445 0.6553156146179402 0.448125 0.6602990033222591
1 0.4975 0.3953488372093023 0.50125 0.4019933554817276 0.50125 0.4061461794019934 0.505 0.4111295681063123 0.509375 0.4119601328903654 0.520625 0.4111295681063123 0.524375 0.40780730897009965 0.529375 0.3978405315614618 0.529375 0.3696013289036545 0.52625 0.3637873754152824 0.52125 0.3579734219269103 0.513125 0.3579734219269103 0.5 0.3729235880398671 0.4975 0.38372093023255816 0.4975 0.3953488372093023
1 0.4425 0.3945182724252492 0.463125 0.3995016611295681 0.46875 0.39700996677740863 0.473125 0.3903654485049834 0.475625 0.38289036544850497 0.475625 0.37375415282392027 0.470625 0.36046511627906974 0.46375 0.35299003322259137 0.45625 0.3504983388704319 0.441875 0.3521594684385382 0.438125 0.3538205980066445 0.435 0.36046511627906974 0.43375 0.3795681063122924 0.4425 0.3945182724252492
1 0.50375 0.5041528239202658 0.51 0.5132890365448505 0.52125 0.5141196013289037 0.52875 0.5083056478405316 0.535625 0.49667774086378735 0.539375 0.4850498338870432 0.539375 0.47093023255813954 0.53125 0.46179401993355484 0.52375 0.4601328903654485 0.511875 0.4684385382059801 0.504375 0.48255813953488375 0.501875 0.49169435215946844 0.50375 0.5041528239202658
1 0.485 0.5548172757475083 0.49 0.563953488372093 0.50125 0.5755813953488372 0.50625 0.5764119601328903 0.513125 0.5722591362126246 0.51875 0.5631229235880398 0.519375 0.5581395348837209 0.51875 0.53156146179402 0.513125 0.5199335548172758 0.4975 0.5049833887043189 0.49375 0.5058139534883721 0.485 0.5141196013289037 0.483125 0.5199335548172758 0.481875 0.5390365448504983 0.485 0.5548172757475083
1 0.55875 0.10465116279069768 0.566875 0.11295681063122924 0.5775 0.11710963455149502 0.595 0.11212624584717608 0.6025 0.10465116279069768 0.608125 0.09053156146179402 0.606875 0.08305647840531562 0.601875 0.07475083056478406 0.58875 0.06893687707641195 0.576875 0.06893687707641195 0.56625 0.07308970099667775 0.5575 0.08471760797342193 0.555625 0.09385382059800665 0.55875 0.10465116279069768
1 0.711875 0.7358803986710963 0.720625 0.7491694352159468 0.735625 0.7524916943521595 0.7425 0.7491694352159468 0.7475 0.7433554817275747 0.75 0.7358803986710963 0.75 0.7192691029900332 0.74375 0.7034883720930233 0.733125 0.6976744186046512 0.7175 0.7059800664451827 0.714375 0.7109634551495017 0.711875 0.7159468438538206 0.711875 0.7358803986710963
1 0.711875 0.457641196013289 0.720625 0.4700996677740864 0.73375 0.47093023255813954 0.738125 0.4700996677740864 0.744375 0.4634551495016611 0.753125 0.44933554817275745 0.75625 0.4418604651162791 0.758125 0.42524916943521596 0.7525 0.41029900332225916 0.746875 0.4069767441860465 0.74 0.4069767441860465 0.73 0.4127906976744186 0.715 0.43272425249169433 0.711875 0.4410299003322259 0.711875 0.457641196013289
1 0.408125 0.3787375415282392 0.4175 0.3787375415282392 0.424375 0.3754152823920266 0.431875 0.3654485049833887 0.434375 0.3546511627906977 0.431875 0.3438538205980066 0.42375 0.33637873754152825 0.409375 0.3388704318936877 0.40125 0.3521594684385382 0.40125 0.3704318936877076 0.408125 0.3787375415282392
1 0.47125 0.5191029900332226 0.481875 0.5191029900332226 0.4975 0.5 0.49875 0.4867109634551495 0.496875 0.47674418604651164 0.486875 0.46511627906976744 0.479375 0.4659468438538206 0.471875 0.4717607973421927 0.46625 0.4850498338870432 0.46625 0.5124584717607974 0.47125 0.5191029900332226
1 0.6775 0.5157807308970099 0.6875 0.5174418604651163 0.698125 0.5132890365448505 0.70375 0.5083056478405316 0.711875 0.4900332225913621 0.71125 0.473421926910299 0.703125 0.46677740863787376 0.6825 0.4717607973421927 0.6725 0.48255813953488375 0.668125 0.4950166112956811 0.668125 0.5041528239202658 0.6775 0.5157807308970099
1 0.406875 0.420265780730897 0.411875 0.42358803986710963 0.419375 0.4260797342192691 0.43 0.42524916943521596 0.43875 0.420265780730897 0.441875 0.4152823920265781 0.441875 0.39700996677740863 0.4375 0.38787375415282394 0.430625 0.38205980066445183 0.423125 0.3795681063122924 0.40625 0.3812292358803987 0.40125 0.38870431893687707 0.400625 0.40946843853820597 0.406875 0.420265780730897
1 0.4225 0.46511627906976744 0.4275 0.47259136212624586 0.435 0.47674418604651164 0.449375 0.4742524916943522 0.45625 0.46677740863787376 0.46125 0.4526578073089701 0.46 0.43106312292358806 0.453125 0.42358803986710963 0.445 0.420265780730897 0.44 0.420265780730897 0.4275 0.4269102990033223 0.42375 0.43106312292358806 0.425 0.43521594684385384 0.420625 0.4418604651162791 0.419375 0.4526578073089701 0.4225 0.46511627906976744
1 0.725625 0.33554817275747506 0.73375 0.3380398671096346 0.748125 0.3504983388704319 0.75875 0.3446843853820598 0.76625 0.3338870431893688 0.765 0.313953488372093 0.760625 0.3081395348837209 0.75125 0.303156146179402 0.740625 0.303156146179402 0.735625 0.30564784053156147 0.725 0.32059800664451826 0.72375 0.3313953488372093 0.725625 0.33554817275747506
1 0.608125 0.5548172757475083 0.618125 0.5647840531561462 0.623125 0.5664451827242525 0.629375 0.5631229235880398 0.63625 0.5548172757475083 0.638125 0.5456810631229236 0.638125 0.5332225913621262 0.634375 0.520764119601329 0.62875 0.5141196013289037 0.619375 0.5083056478405316 0.61 0.510797342192691 0.605 0.5166112956810631 0.60375 0.5406976744186046 0.608125 0.5548172757475083
1 0.786875 0.3795681063122924 0.795625 0.38704318936877075 0.804375 0.38787375415282394 0.81 0.3853820598006645 0.815625 0.3787375415282392 0.816875 0.3588039867109635 0.8125 0.34136212624584716 0.8075 0.3338870431893688 0.7925 0.32558139534883723 0.78125 0.3272425249169435 0.776875 0.3338870431893688 0.7775 0.3654485049833887 0.786875 0.3795681063122924
1 0.71 0.5598006644518272 0.711875 0.5689368770764119 0.720625 0.584717607973422 0.73 0.5921926910299004 0.738125 0.5921926910299004 0.748125 0.5880398671096345 0.75125 0.5838870431893688 0.754375 0.5730897009966778 0.754375 0.5622923588039868 0.75125 0.5490033222591362 0.7425 0.5348837209302325 0.73375 0.5290697674418605 0.723125 0.5290697674418605 0.7175 0.532392026578073 0.711875 0.5415282392026578 0.71 0.5473421926910299 0.71 0.5598006644518272
1 0.564375 0.5390365448504983 0.573125 0.5398671096345515 0.579375 0.5357142857142857 0.59125 0.5332225913621262 0.596875 0.5257475083056479 0.6 0.5149501661129569 0.6 0.4983388704318937 0.598125 0.4908637873754153 0.59125 0.48421926910299 0.579375 0.48421926910299 0.575625 0.49335548172757476 0.558125 0.5132890365448505 0.558125 0.5274086378737541 0.564375 0.5390365448504983
1 0.504375 0.24003322259136212 0.506875 0.2591362126245847 0.514375 0.26827242524916944 0.5225 0.27325581395348836 0.53125 0.2724252491694352 0.53875 0.2649501661129568 0.540625 0.260797342192691 0.540625 0.2367109634551495 0.533125 0.22259136212624583 0.52125 0.21677740863787376 0.515 0.21926910299003322 0.509375 0.22508305647840532 0.509375 0.2292358803986711 0.504375 0.24003322259136212
1 0.34625 0.21511627906976744 0.34875 0.22009966777408638 0.355625 0.22508305647840532 0.371875 0.22840531561461794 0.384375 0.21926910299003322 0.386875 0.21428571428571427 0.386875 0.19767441860465115 0.384375 0.19186046511627908 0.373125 0.18106312292358803 0.358125 0.18272425249169436 0.34625 0.19601328903654486 0.344375 0.2026578073089701 0.34625 0.21511627906976744
1 0.605 0.6303986710963455 0.61625 0.6478405315614618 0.624375 0.654485049833887 0.634375 0.6553156146179402 0.64375 0.6470099667774086 0.645625 0.6403654485049833 0.64375 0.6212624584717608 0.633125 0.6046511627906976 0.625625 0.6013289036544851 0.6125 0.6013289036544851 0.608125 0.6021594684385382 0.603125 0.6096345514950167 0.6025 0.6179401993355482 0.605 0.6303986710963455
1 0.5425 0.2549833887043189 0.545625 0.2616279069767442 0.555625 0.2724252491694352 0.56 0.27408637873754155 0.56625 0.27325581395348836 0.57625 0.26411960132890366 0.58125 0.25332225913621265 0.581875 0.23421926910299004 0.576875 0.22009966777408638 0.570625 0.21096345514950166 0.565 0.20764119601328904 0.55875 0.2084717607973422 0.545625 0.22009966777408638 0.543125 0.22591362126245848 0.54125 0.2441860465116279 0.5425 0.2549833887043189
1 0.598125 0.287375415282392 0.605 0.29401993355481726 0.615625 0.29401993355481726 0.6225 0.29069767441860467 0.626875 0.2865448504983389 0.633125 0.27408637873754155 0.633125 0.23837209302325582 0.62625 0.22674418604651161 0.62 0.22259136212624583 0.6125 0.22093023255813954 0.605 0.223421926910299 0.59375 0.24086378737541528 0.59 0.25249169435215946 0.59 0.27325581395348836 0.598125 0.287375415282392
1 0.720625 0.3911960132890365 0.725 0.3945182724252492 0.735625 0.3961794019933555 0.7425 0.39368770764119604 0.748125 0.38704318936877075 0.75125 0.3770764119601329 0.75125 0.3654485049833887 0.748125 0.3538205980066445 0.7375 0.34136212624584716 0.728125 0.3372093023255814 0.72125 0.3380398671096346 0.709375 0.3554817275747508 0.71 0.37624584717607973 0.720625 0.3911960132890365
1 0.571875 0.760797342192691 0.586875 0.770764119601329 0.594375 0.7691029900332226 0.600625 0.7632890365448505 0.608125 0.7458471760797342 0.606875 0.7259136212624585 0.59625 0.7151162790697675 0.59 0.7151162790697675 0.581875 0.7192691029900332 0.569375 0.7383720930232558 0.56875 0.7516611295681063 0.571875 0.760797342192691
1 0.66625 0.3064784053156146 0.675625 0.31727574750830567 0.6875 0.3230897009966777 0.7 0.3222591362126246 0.706875 0.31727574750830567 0.71 0.29900332225913623 0.70625 0.287375415282392 0.70125 0.2799003322259136 0.68875 0.26993355481727577 0.678125 0.2666112956810631 0.668125 0.26827242524916944 0.66125 0.27740863787375414 0.660625 0.29401993355481726 0.66625 0.3064784053156146
1 0.76125 0.5514950166112956 0.771875 0.5672757475083057 0.784375 0.5681063122923588 0.794375 0.5581395348837209 0.796875 0.5498338870431894 0.796875 0.5398671096345515 0.794375 0.532392026578073 0.785625 0.5199335548172758 0.77875 0.5157807308970099 0.77125 0.5157807308970099 0.76625 0.5182724252491694 0.759375 0.5299003322259136 0.75875 0.5390365448504983 0.76125 0.5514950166112956
1 0.72 0.6578073089700996 0.73 0.6694352159468439 0.7375 0.6719269102990033 0.74375 0.6710963455149501 0.75125 0.6636212624584718 0.75625 0.6478405315614618 0.75625 0.627906976744186 0.753125 0.6154485049833887 0.745 0.6029900332225914 0.73 0.5988372093023255 0.720625 0.606312292358804 0.71375 0.6196013289036545 0.71375 0.6378737541528239 0.72 0.6578073089700996
0 0.330356875 0.8115805647840532 0.325 0.8364975083056478 0.32142875 0.8898911960132891 0.3375 0.9124343853820597 0.35625 0.9361652823920266 0.388393125 0.9480307308970101 0.40089312499999996 0.9420980066445184 0.43392875 0.9290456810631228 0.44375 0.8981968438538207 0.45178562499999997 0.8649742524916945 0.45178562499999997 0.8305647840531561 0.43482125000000005 0.7961553156146179 0.40982125 0.7747981727574751 0.38035687500000004 0.7653064784053156 0.35803562499999997 0.777171096345515 0.330356875 0.8115805647840532