1 0.21677740863787376 0.523125 0.23089700996677742 0.51875 0.23920265780730898 0.5125 0.24003322259136212 0.49875 0.2367109634551495 0.49375 0.2292358803986711 0.490625 0.20764119601328904 0.491875 0.1893687707641196 0.49875 0.1818936877076412 0.505 0.18272425249169436 0.515 0.19269102990033224 0.52125 0.20514950166112958 0.52375 0.21677740863787376 0.523125
1 0.46054817275747506 0.3221875 0.0008305647840531562 0.000625
1 0.5299003322259136 0.33875 0.532392026578073 0.32875 0.5290697674418605 0.315 0.520764119601329 0.31125 0.5016611295681063 0.31125 0.4941860465116279 0.318125 0.4908637873754153 0.328125 0.5 0.343125 0.5049833887043189 0.345625 0.5199335548172758 0.345625 0.5299003322259136 0.33875
1 0.7632890365448505 0.42 0.7740863787375415 0.41625 0.7790697674418605 0.4125 0.78156146179402 0.40625 0.7832225913621262 0.39 0.7782392026578073 0.380625 0.7649501661129569 0.376875 0.7508305647840532 0.381875 0.7475083056478405 0.389375 0.7475083056478405 0.4025 0.7425249169435216 0.41125 0.7450166112956811 0.415625 0.7533222591362126 0.420625 0.7632890365448505 0.42
1 0.7641196013289037 0.374375 0.7699335548172758 0.3675 0.7699335548172758 0.35125 0.7641196013289037 0.3425 0.7566445182724253 0.339375 0.7367109634551495 0.340625 0.7267441860465116 0.35375 0.7275747508305648 0.36875 0.7333887043189369 0.375625 0.7425249169435216 0.379375 0.7541528239202658 0.379375 0.7641196013289037 0.374375
1 0.6029900332225914 0.301875 0.6038205980066446 0.285625 0.6004983388704319 0.278125 0.5888704318936877 0.2725 0.5755813953488372 0.273125 0.5631229235880398 0.288125 0.5647840531561462 0.30625 0.5730897009966778 0.31125 0.5880398671096345 0.3125 0.5980066445182725 0.3075 0.6029900332225914 0.301875
1 0.3081395348837209 0.456875 0.33056478405315615 0.454375 0.3388704318936877 0.45 0.34219269102990035 0.444375 0.34219269102990035 0.42875 0.3347176079734219 0.423125 0.3106312292358804 0.42375 0.30481727574750833 0.4275 0.2973421926910299 0.42875 0.29069767441860467 0.43375 0.28903654485049834 0.439375 0.2898671096345515 0.4475 0.2956810631229236 0.45375 0.3081395348837209 0.456875
1 0.8729235880398671 0.615 0.8853820598006644 0.618125 0.9061461794019934 0.615 0.9177740863787376 0.60375 0.920265780730897 0.593125 0.9136212624584718 0.586875 0.9011627906976745 0.581875 0.8887043189368771 0.581875 0.872093023255814 0.589375 0.8679401993355482 0.591875 0.8654485049833887 0.59875 0.8654485049833887 0.60625 0.8687707641196013 0.611875 0.8729235880398671 0.615
1 0.5564784053156147 0.59125 0.5705980066445183 0.583125 0.5764119601328903 0.575 0.5772425249169435 0.550625 0.574750830564784 0.546875 0.5672757475083057 0.54375 0.5548172757475083 0.545 0.5473421926910299 0.549375 0.5365448504983389 0.56375 0.5357142857142857 0.5775 0.5406976744186046 0.585625 0.5473421926910299 0.59125 0.5564784053156147 0.59125
1 0.29401993355481726 0.43125 0.3089700996677741 0.4225 0.3089700996677741 0.40875 0.30481727574750833 0.403125 0.29069767441860467 0.395 0.2649501661129568 0.396875 0.2541528239202658 0.40625 0.25332225913621265 0.413125 0.2558139534883721 0.418125 0.26578073089701 0.42625 0.2807308970099668 0.43125 0.29401993355481726 0.43125
1 0.4642857142857143 0.57125 0.4543189368770764 0.558125 0.4368770764119601 0.558125 0.4277408637873754 0.565625 0.4269102990033223 0.58125 0.4368770764119601 0.590625 0.45099667774086377 0.591875 0.46096345514950166 0.585625 0.4642857142857143 0.580625 0.4642857142857143 0.57125
1 0.9410299003322259 0.58125 0.9435215946843853 0.575625 0.9443521594684385 0.565 0.9418604651162791 0.55875 0.9277408637873754 0.550625 0.9119601328903655 0.550625 0.8978405315614618 0.561875 0.8970099667774086 0.5725 0.8995016611295681 0.579375 0.9119601328903655 0.58625 0.9327242524916943 0.58625 0.9410299003322259 0.58125
1 0.4368770764119601 0.485625 0.4410299003322259 0.4825 0.44518272425249167 0.47375 0.44601328903654486 0.463125 0.4377076411960133 0.449375 0.43272425249169433 0.4475 0.4219269102990033 0.4475 0.4169435215946844 0.449375 0.4119601328903654 0.454375 0.41029900332225916 0.470625 0.4186046511627907 0.485625 0.4269102990033223 0.488125 0.4368770764119601 0.485625
1 0.4119601328903654 0.370625 0.4161129568106312 0.364375 0.4161129568106312 0.354375 0.41362126245847175 0.349375 0.4061461794019934 0.34375 0.3787375415282392 0.341875 0.3687707641196013 0.345625 0.36794019933554817 0.360625 0.37375415282392027 0.366875 0.3862126245847176 0.373125 0.40365448504983387 0.373125 0.4119601328903654 0.370625
1 0.4833887043189369 0.47375 0.4900332225913621 0.468125 0.49169435215946844 0.455 0.48588039867109634 0.4425 0.47093023255813954 0.433125 0.4543189368770764 0.433125 0.4426910299003322 0.4475 0.44435215946843853 0.4575 0.45099667774086377 0.4675 0.457641196013289 0.4725 0.4684385382059801 0.475625 0.4833887043189369 0.47375
1 0.28488372093023256 0.285625 0.2857142857142857 0.276875 0.27740863787375414 0.265 0.25664451827242524 0.259375 0.24335548172757476 0.26 0.23754152823920266 0.2625 0.23338870431893688 0.271875 0.2350498338870432 0.28 0.25 0.290625 0.2799003322259136 0.29125 0.28488372093023256 0.285625
1 0.8612956810631229 0.7 0.872093023255814 0.69 0.8729235880398671 0.68125 0.8679401993355482 0.674375 0.8637873754152824 0.67125 0.8488372093023255 0.6675 0.8289036544850499 0.67 0.8222591362126246 0.675625 0.8172757475083057 0.685625 0.8239202657807309 0.6975 0.8388704318936877 0.70125 0.8612956810631229 0.7
1 0.7142857142857143 0.439375 0.7209302325581395 0.435625 0.7242524916943521 0.430625 0.7250830564784053 0.41875 0.7225913621262459 0.414375 0.707641196013289 0.403125 0.6943521594684385 0.4025 0.6818936877076412 0.40875 0.6777408637873754 0.418125 0.6785714285714286 0.425625 0.6818936877076412 0.430625 0.6943521594684385 0.439375 0.7142857142857143 0.439375
1 0.7948504983388704 0.565 0.7956810631229236 0.550625 0.7848837209302325 0.541875 0.7740863787375415 0.54125 0.7632890365448505 0.54375 0.7549833887043189 0.548125 0.75 0.555625 0.7516611295681063 0.57 0.7674418604651163 0.5775 0.7882059800664452 0.57125 0.7948504983388704 0.565
1 0.8995016611295681 0.44125 0.9086378737541528 0.443125 0.925249169435216 0.4425 0.936046511627907 0.435625 0.9368770764119602 0.42875 0.9327242524916943 0.421875 0.9235880398671097 0.41125 0.915282392026578 0.406875 0.9102990033222591 0.405 0.8928571428571429 0.405 0.882890365448505 0.411875 0.882890365448505 0.42625 0.8870431893687708 0.433125 0.8995016611295681 0.44125
1 0.8039867109634552 0.439375 0.8147840531561462 0.43 0.8147840531561462 0.416875 0.8089700996677741 0.41125 0.8006644518272426 0.408125 0.782392026578073 0.41125 0.771594684385382 0.423125 0.771594684385382 0.43125 0.7757475083056479 0.43625 0.7799003322259136 0.439375 0.7882059800664452 0.44125 0.8039867109634552 0.439375
1 0.7109634551495017 0.683125 0.7200996677740864 0.685625 0.7325581395348837 0.685625 0.75 0.675625 0.75 0.665625 0.7466777408637874 0.66125 0.7267441860465116 0.646875 0.7109634551495017 0.645625 0.7026578073089701 0.646875 0.6935215946843853 0.651875 0.6901993355481728 0.659375 0.6910299003322259 0.67 0.696843853820598 0.675625 0.7109634551495017 0.683125
1 0.5606312292358804 0.364375 0.5830564784053156 0.373125 0.5996677740863787 0.370625 0.6137873754152824 0.35875 0.6146179401993356 0.350625 0.6121262458471761 0.34625 0.6004983388704319 0.3375 0.5921926910299004 0.335625 0.579734219269103 0.335625 0.5739202657807309 0.3375 0.5598006644518272 0.345625 0.5564784053156147 0.353125 0.5573089700996677 0.360625 0.5606312292358804 0.364375
1 0.7632890365448505 0.51 0.7749169435215947 0.51125 0.7898671096345515 0.5075 0.7956810631229236 0.501875 0.7981727574750831 0.495625 0.7990033222591362 0.486875 0.7948504983388704 0.4775 0.7882059800664452 0.470625 0.7790697674418605 0.465625 0.7666112956810631 0.464375 0.7516611295681063 0.475625 0.7491694352159468 0.4825 0.75 0.49875 0.7549833887043189 0.505 0.7632890365448505 0.51
1 0.579734219269103 0.388125 0.579734219269103 0.375 0.5622923588039868 0.365625 0.5390365448504983 0.36625 0.5307308970099668 0.36875 0.5282392026578073 0.371875 0.5274086378737541 0.376875 0.53156146179402 0.385 0.5473421926910299 0.396875 0.5705980066445183 0.396875 0.579734219269103 0.388125
1 0.7782392026578073 0.64875 0.7948504983388704 0.6375 0.7956810631229236 0.635 0.7940199335548173 0.621875 0.7790697674418605 0.613125 0.7583056478405316 0.613125 0.75 0.615625 0.7416943521594684 0.62 0.7358803986710963 0.62625 0.7383720930232558 0.641875 0.7450166112956811 0.6475 0.7558139534883721 0.65125 0.7782392026578073 0.64875
1 0.2815614617940199 0.395 0.2915282392026578 0.393125 0.29485049833887045 0.390625 0.2956810631229236 0.3825 0.2931893687707641 0.3775 0.2782392026578073 0.36875 0.260797342192691 0.36875 0.2549833887043189 0.370625 0.24833887043189368 0.3775 0.24750830564784054 0.385 0.2516611295681063 0.391875 0.2649501661129568 0.395 0.2815614617940199 0.395
1 0.9318936877076412 0.63875 0.9410299003322259 0.6375 0.9543189368770764 0.62625 0.9551495016611296 0.615625 0.9526578073089701 0.61125 0.9393687707641196 0.60375 0.9285714285714286 0.60375 0.9177740863787376 0.606875 0.909468438538206 0.613125 0.9053156146179402 0.6275 0.909468438538206 0.635 0.9136212624584718 0.6375 0.9318936877076412 0.63875
1 0.6669435215946844 0.32625 0.6719269102990033 0.3175 0.6727574750830565 0.294375 0.6644518272425249 0.286875 0.6519933554817275 0.28875 0.6353820598006644 0.29875 0.6320598006644518 0.3125 0.6345514950166113 0.321875 0.6387043189368771 0.32625 0.6495016611295681 0.329375 0.659468438538206 0.329375 0.6669435215946844 0.32625
1 0.3372093023255814 0.615625 0.3272425249169435 0.60875 0.30066445182724255 0.60875 0.2857142857142857 0.616875 0.2840531561461794 0.6275 0.2956810631229236 0.6375 0.3106312292358804 0.641875 0.32142857142857145 0.641875 0.3388704318936877 0.63375 0.3372093023255814 0.615625
1 0.24169435215946844 0.42125 0.25249169435215946 0.413125 0.25332225913621265 0.405 0.25 0.3975 0.24003322259136212 0.393125 0.22757475083056478 0.3925 0.21096345514950166 0.395 0.19850498338870431 0.4025 0.1951827242524917 0.408125 0.19850498338870431 0.415625 0.21677740863787376 0.423125 0.24169435215946844 0.42125
1 0.47674418604651164 0.28125 0.5 0.28125 0.5083056478405316 0.275 0.510797342192691 0.27 0.5116279069767442 0.26 0.5083056478405316 0.255 0.5033222591362126 0.251875 0.4950166112956811 0.250625 0.4883720930232558 0.250625 0.473421926910299 0.255625 0.4568106312292359 0.268125 0.4584717607973422 0.274375 0.46179401993355484 0.276875 0.47674418604651164 0.28125
1 0.8380398671096345 0.356875 0.8380398671096345 0.34375 0.8280730897009967 0.335 0.8056478405315615 0.335 0.7940199335548173 0.34125 0.7898671096345515 0.3475 0.7915282392026578 0.3575 0.8006644518272426 0.36375 0.8222591362126246 0.365 0.8338870431893688 0.360625 0.8380398671096345 0.356875
1 0.6818936877076412 0.54375 0.6893687707641196 0.54125 0.7009966777408638 0.53125 0.7009966777408638 0.52 0.6918604651162791 0.5125 0.6827242524916943 0.51 0.6686046511627907 0.51 0.6519933554817275 0.515 0.6453488372093024 0.524375 0.6478405315614618 0.5375 0.6511627906976745 0.54125 0.6619601328903655 0.544375 0.6818936877076412 0.54375
1 0.6926910299003323 0.358125 0.7026578073089701 0.35875 0.707641196013289 0.3575 0.7159468438538206 0.35 0.71843853820598 0.33625 0.7093023255813954 0.324375 0.7051495016611296 0.32125 0.6960132890365448 0.32 0.6885382059800664 0.32 0.6827242524916943 0.3225 0.6777408637873754 0.33 0.6777408637873754 0.339375 0.686046511627907 0.35375 0.6926910299003323 0.358125
1 0.8355481727574751 0.48875 0.8372093023255814 0.475 0.8330564784053156 0.46875 0.8222591362126246 0.46 0.8073089700996677 0.45875 0.7956810631229236 0.460625 0.792358803986711 0.4725 0.8039867109634552 0.49375 0.8098006644518272 0.49625 0.8264119601328903 0.495625 0.8355481727574751 0.48875
1 0.6370431893687708 0.49 0.6561461794019934 0.47375 0.6553156146179402 0.465 0.6503322259136213 0.46 0.6445182724252492 0.4575 0.6303986710963455 0.4575 0.6187707641196013 0.463125 0.6088039867109635 0.474375 0.6096345514950167 0.48625 0.617109634551495 0.493125 0.6262458471760798 0.493125 0.6370431893687708 0.49
1 0.6453488372093024 0.439375 0.6495016611295681 0.435625 0.6503322259136213 0.429375 0.6453488372093024 0.419375 0.6303986710963455 0.411875 0.6054817275747508 0.41125 0.5971760797342193 0.41875 0.595514950166113 0.423125 0.5996677740863787 0.4325 0.6146179401993356 0.441875 0.6345514950166113 0.4425 0.6453488372093024 0.439375
1 0.5722591362126246 0.751875 0.5830564784053156 0.745 0.5880398671096345 0.73625 0.5863787375415282 0.7175 0.574750830564784 0.706875 0.5581395348837209 0.706875 0.5481727574750831 0.7125 0.5448504983388704 0.716875 0.5440199335548173 0.731875 0.5465116279069767 0.74 0.553156146179402 0.7475 0.5647840531561462 0.751875 0.5722591362126246 0.751875
1 0.6029900332225914 0.529375 0.6196013289036545 0.524375 0.6270764119601329 0.519375 0.6320598006644518 0.5125 0.632890365448505 0.503125 0.6303986710963455 0.49875 0.6237541528239202 0.495 0.6071428571428571 0.49375 0.5888704318936877 0.50125 0.5838870431893688 0.50875 0.5830564784053156 0.515625 0.5863787375415282 0.524375 0.5938538205980066 0.52875 0.6029900332225914 0.529375
1 0.3504983388704319 0.42125 0.35631229235880396 0.414375 0.35631229235880396 0.4025 0.34717607973421927 0.393125 0.32475083056478404 0.389375 0.31478405315614616 0.390625 0.3081395348837209 0.39375 0.30564784053156147 0.401875 0.3131229235880399 0.41625 0.31893687707641194 0.42125 0.34551495016611294 0.4225 0.3504983388704319 0.42125
1 0.8446843853820598 0.395 0.8438538205980066 0.3825 0.834717607973422 0.371875 0.8214285714285714 0.366875 0.8114617940199336 0.366875 0.7998338870431894 0.37375 0.7990033222591362 0.384375 0.8114617940199336 0.39625 0.8255813953488372 0.399375 0.8380398671096345 0.399375 0.8446843853820598 0.395
1 0.7990033222591362 0.54375 0.8197674418604651 0.54125 0.8272425249169435 0.535625 0.829734219269103 0.530625 0.829734219269103 0.51625 0.8222591362126246 0.51 0.8147840531561462 0.508125 0.8006644518272426 0.50875 0.7940199335548173 0.51125 0.7840531561461794 0.5175 0.7807308970099668 0.524375 0.7807308970099668 0.530625 0.7848837209302325 0.53875 0.7990033222591362 0.54375
1 0.7342192691029901 0.529375 0.7458471760797342 0.526875 0.7516611295681063 0.521875 0.7533222591362126 0.511875 0.7458471760797342 0.5025 0.7250830564784053 0.49625 0.7101328903654485 0.49875 0.7059800664451827 0.50125 0.7026578073089701 0.50625 0.7026578073089701 0.5125 0.7101328903654485 0.52375 0.723421926910299 0.52875 0.7342192691029901 0.529375
1 0.7458471760797342 0.40625 0.7466777408637874 0.385 0.7433554817275747 0.38125 0.7325581395348837 0.375625 0.7209302325581395 0.375 0.7068106312292359 0.381875 0.7043189368770764 0.391875 0.7109634551495017 0.405625 0.7209302325581395 0.41125 0.7358803986710963 0.41125 0.7458471760797342 0.40625
1 0.6769102990033222 0.485625 0.665282392026578 0.478125 0.6503322259136213 0.479375 0.6353820598006644 0.49125 0.6337209302325582 0.495 0.6362126245847176 0.5075 0.6478405315614618 0.515 0.675249169435216 0.5075 0.6785714285714286 0.499375 0.6769102990033222 0.485625
1 0.7674418604651163 0.60625 0.7682724252491694 0.595 0.7558139534883721 0.581875 0.7358803986710963 0.57625 0.723421926910299 0.57625 0.7068106312292359 0.584375 0.7059800664451827 0.59875 0.7225913621262459 0.61 0.7483388704318937 0.615 0.760797342192691 0.611875 0.7674418604651163 0.60625
1 0.5946843853820598 0.589375 0.6154485049833887 0.579375 0.6212624584717608 0.57 0.6212624584717608 0.5575 0.6129568106312292 0.54625 0.6029900332225914 0.5425 0.5913621262458472 0.5425 0.584717607973422 0.54625 0.5780730897009967 0.555625 0.5764119601328903 0.568125 0.5780730897009967 0.575625 0.5888704318936877 0.58875 0.5946843853820598 0.589375
1 0.8471760797342193 0.58625 0.8538205980066446 0.589375 0.8704318936877077 0.590625 0.8812292358803987 0.58625 0.8870431893687708 0.579375 0.8870431893687708 0.571875 0.8820598006644518 0.56375 0.8662790697674418 0.553125 0.8596345514950167 0.550625 0.8471760797342193 0.550625 0.8397009966777409 0.554375 0.8355481727574751 0.560625 0.834717607973422 0.568125 0.840531561461794 0.581875 0.8471760797342193 0.58625
1 0.9410299003322259 0.67125 0.9401993355481728 0.651875 0.9260797342192691 0.64 0.904485049833887 0.6375 0.8920265780730897 0.644375 0.8920265780730897 0.65875 0.9011627906976745 0.673125 0.915282392026578 0.679375 0.9235880398671097 0.68 0.9327242524916943 0.678125 0.9410299003322259 0.67125
1 0.19102990033222592 0.5675 0.19352159468438537 0.56 0.19186046511627908 0.53875 0.18106312292358803 0.53375 0.16528239202657807 0.53375 0.1478405315614618 0.5475 0.14534883720930233 0.5575 0.1478405315614618 0.5675 0.16029900332225913 0.575 0.17358803986710963 0.575625 0.1852159468438538 0.5725 0.19102990033222592 0.5675
1 0.22259136212624583 0.31625 0.22425249169435216 0.30375 0.21843853820598005 0.29375 0.19684385382059802 0.283125 0.1777408637873754 0.281875 0.1744186046511628 0.29125 0.1744186046511628 0.30125 0.1777408637873754 0.310625 0.1951827242524917 0.3225 0.21511627906976744 0.323125 0.22259136212624583 0.31625
1 0.462624584717608 0.43125 0.4700996677740864 0.428125 0.4792358803986711 0.418125 0.4792358803986711 0.408125 0.4717607973421927 0.398125 0.46677740863787376 0.39625 0.4485049833887043 0.398125 0.4418604651162791 0.4025 0.4377076411960133 0.40875 0.43853820598006643 0.423125 0.4435215946843854 0.42875 0.45099667774086377 0.4325 0.462624584717608 0.43125
1 0.5589700996677741 0.28375 0.5714285714285714 0.276875 0.5755813953488372 0.268125 0.5689368770764119 0.255625 0.553156146179402 0.25 0.5473421926910299 0.25 0.5357142857142857 0.255625 0.53156146179402 0.261875 0.53156146179402 0.266875 0.5365448504983389 0.276875 0.542358803986711 0.28125 0.5589700996677741 0.28375
1 0.4368770764119601 0.520625 0.4393687707641196 0.515 0.4377076411960133 0.50125 0.4219269102990033 0.491875 0.41362126245847175 0.491875 0.39867109634551495 0.49875 0.38704318936877075 0.51375 0.38870431893687707 0.52375 0.4011627906976744 0.53125 0.41777408637873753 0.530625 0.4368770764119601 0.520625
1 0.1420265780730897 0.49 0.14534883720930233 0.48375 0.14534883720930233 0.471875 0.1420265780730897 0.4675 0.132890365448505 0.4625 0.12043189368770764 0.4625 0.09966777408637874 0.47625 0.09551495016611296 0.486875 0.10299003322259136 0.49875 0.11960132890365449 0.500625 0.1303986710963455 0.498125 0.1420265780730897 0.49
1 0.4941860465116279 0.321875 0.49667774086378735 0.31125 0.48588039867109634 0.298125 0.4700996677740864 0.29625 0.457641196013289 0.30375 0.45598006644518274 0.3175 0.4659468438538206 0.329375 0.47591362126245845 0.3325 0.4850498338870432 0.331875 0.4908637873754153 0.329375 0.4941860465116279 0.321875
1 0.7466777408637874 0.3325 0.75 0.326875 0.75 0.3125 0.7441860465116279 0.3075 0.7358803986710963 0.304375 0.7267441860465116 0.304375 0.7159468438538206 0.30875 0.7059800664451827 0.318125 0.7068106312292359 0.321875 0.7242524916943521 0.339375 0.7400332225913622 0.336875 0.7466777408637874 0.3325
1 0.5274086378737541 0.418125 0.5332225913621262 0.415 0.5340531561461794 0.396875 0.5249169435215947 0.386875 0.5157807308970099 0.384375 0.4950166112956811 0.38375 0.4867109634551495 0.3875 0.4833887043189369 0.399375 0.4850498338870432 0.406875 0.4900332225913621 0.413125 0.5116279069767442 0.41875 0.5274086378737541 0.418125
1 0.521594684385382 0.3125 0.5465116279069767 0.314375 0.5548172757475083 0.3125 0.5614617940199336 0.305625 0.5614617940199336 0.29125 0.5589700996677741 0.28625 0.5523255813953488 0.28375 0.5406976744186046 0.281875 0.5191029900332226 0.283125 0.5132890365448505 0.28625 0.5099667774086378 0.29125 0.5099667774086378 0.303125 0.5166112956810631 0.310625 0.521594684385382 0.3125
1 0.5240863787375415 0.35625 0.5157807308970099 0.3525 0.49169435215946844 0.35375 0.48588039867109634 0.35625 0.48006644518272423 0.363125 0.48172757475083056 0.37375 0.49169435215946844 0.381875 0.5149501661129569 0.376875 0.5249169435215947 0.368125 0.5240863787375415 0.35625
1 0.5299003322259136 0.264375 0.53156146179402 0.26 0.5299003322259136 0.239375 0.5240863787375415 0.2325 0.510797342192691 0.224375 0.5 0.224375 0.49335548172757476 0.2275 0.4867109634551495 0.23625 0.4883720930232558 0.24875 0.5049833887043189 0.2525 0.5199335548172758 0.265 0.5299003322259136 0.264375
1 0.3388704318936877 0.391875 0.3588039867109635 0.391875 0.36710963455149503 0.39 0.3712624584717608 0.38625 0.3729235880398671 0.37375 0.3704318936877076 0.36875 0.36794019933554817 0.365625 0.35631229235880396 0.360625 0.3446843853820598 0.35875 0.3289036544850498 0.360625 0.31893687707641194 0.36875 0.31893687707641194 0.379375 0.33056478405315615 0.39 0.3388704318936877 0.391875
1 0.5024916943521595 0.621875 0.5033222591362126 0.613125 0.5 0.60625 0.48588039867109634 0.59625 0.4700996677740864 0.594375 0.45598006644518274 0.601875 0.45348837209302323 0.60625 0.45598006644518274 0.620625 0.4717607973421927 0.63 0.49169435215946844 0.63 0.5024916943521595 0.621875
1 0.7940199335548173 0.329375 0.8156146179401993 0.329375 0.824750830564784 0.325625 0.8272425249169435 0.321875 0.8255813953488372 0.309375 0.8147840531561462 0.30125 0.8081395348837209 0.299375 0.7931893687707641 0.299375 0.7832225913621262 0.303125 0.7774086378737541 0.30875 0.7774086378737541 0.319375 0.7857142857142857 0.3275 0.7940199335548173 0.329375
1 0.3646179401993355 0.48875 0.3654485049833887 0.47625 0.35132890365448505 0.465 0.33222591362126247 0.465625 0.31893687707641194 0.475625 0.31893687707641194 0.490625 0.3239202657807309 0.4975 0.3289036544850498 0.5 0.3521594684385382 0.49875 0.36129568106312293 0.49375 0.3646179401993355 0.48875
1 0.39285714285714285 0.47375 0.39867109634551495 0.468125 0.39867109634551495 0.454375 0.3911960132890365 0.445 0.37624584717607973 0.44 0.3596345514950166 0.445 0.3554817275747508 0.4525 0.3554817275747508 0.4625 0.3579734219269103 0.46875 0.3654485049833887 0.475625 0.3787375415282392 0.4775 0.39285714285714285 0.47375
1 0.7749169435215947 0.281875 0.7641196013289037 0.2725 0.75 0.2725 0.7375415282392026 0.283125 0.7358803986710963 0.29625 0.739202657807309 0.303125 0.7466777408637874 0.308125 0.7649501661129569 0.3075 0.7740863787375415 0.295 0.7749169435215947 0.281875
1 0.4692691029900332 0.295 0.47093023255813954 0.28625 0.4684385382059801 0.28 0.46511627906976744 0.278125 0.4568106312292359 0.275 0.4476744186046512 0.276875 0.43853820598006643 0.283125 0.43521594684385384 0.295625 0.4435215946843854 0.30625 0.45514950166112955 0.30625 0.4692691029900332 0.295
0 0.23089700996677742 0.6875 0.23089700996677742 0.6625 0.23255813953488372 0.64375 0.22093023255813954 0.63 0.2009966777408638 0.61875 0.17109634551495018 0.61375 0.12790697674418605 0.62625 0.10631229235880399 0.64125 0.09302325581395349 0.68375 0.11461794019933555 0.7125 0.1478405315614618 0.72 0.19601328903654486 0.71625 0.21428571428571427 0.70875 0.23089700996677742 0.6875
1 0.37209302325581395 0.57 0.3637873754152824 0.5825 0.36046511627906974 0.6 0.3803986710963455 0.60625 0.39700996677740863 0.5975 0.4069767441860465 0.58875 0.40863787375415284 0.57 0.39700996677740863 0.56375 0.37209302325581395 0.57
1 0.3504983388704319 0.5725 0.3272425249169435 0.5725 0.31727574750830567 0.58625 0.32059800664451826 0.59625 0.33222591362126247 0.6075 0.3438538205980066 0.61125 0.3588039867109635 0.6125 0.36212624584717606 0.605 0.3554817275747508 0.59125 0.3588039867109635 0.58 0.3504983388704319 0.5725