1 0.16395663956639567 0.7375 0.1802168021680217 0.7375 0.1937669376693767 0.733125 0.19647696476964768 0.716875 0.1910569105691057 0.715 0.16937669376693767 0.716875 0.15853658536585366 0.723125 0.15582655826558264 0.730625 0.16395663956639567 0.7375
1 0.8644986449864499 0.369375 0.8780487804878049 0.371875 0.8915989159891599 0.37125 0.9024390243902439 0.36625 0.9024390243902439 0.3625 0.8875338753387534 0.35625 0.8699186991869918 0.35625 0.8590785907859079 0.36 0.8563685636856369 0.365 0.8644986449864499 0.369375
1 0.46476964769647694 0.675 0.4823848238482385 0.675625 0.491869918699187 0.668125 0.48644986449864497 0.654375 0.481029810298103 0.6525 0.46747967479674796 0.6525 0.45663956639566394 0.65625 0.45663956639566394 0.670625 0.46476964769647694 0.675
1 0.4986449864498645 0.683125 0.5284552845528455 0.68375 0.5338753387533876 0.681875 0.5338753387533876 0.675 0.524390243902439 0.669375 0.5067750677506775 0.669375 0.497289972899729 0.673125 0.494579945799458 0.67875 0.4986449864498645 0.683125
1 0.23441734417344173 0.384375 0.23983739837398374 0.386875 0.26422764227642276 0.386875 0.26422764227642276 0.375 0.2588075880758808 0.3725 0.23712737127371275 0.3725 0.23170731707317074 0.375 0.23441734417344173 0.384375
1 0.7100271002710027 0.359375 0.7289972899728997 0.359375 0.7398373983739838 0.355625 0.7479674796747967 0.348125 0.7452574525745257 0.344375 0.7344173441734417 0.34125 0.7208672086720868 0.34125 0.7073170731707317 0.34625 0.7046070460704607 0.355625 0.7100271002710027 0.359375
1 0.7479674796747967 0.51625 0.7533875338753387 0.519375 0.7642276422764228 0.520625 0.7750677506775068 0.516875 0.7859078590785907 0.51625 0.7913279132791328 0.513125 0.7886178861788617 0.504375 0.7588075880758808 0.504375 0.7479674796747967 0.509375 0.7479674796747967 0.51625
1 0.4823848238482385 0.49875 0.491869918699187 0.50125 0.508130081300813 0.499375 0.5149051490514905 0.495 0.5149051490514905 0.4875 0.5094850948509485 0.484375 0.5 0.48125 0.48644986449864497 0.48125 0.47831978319783197 0.485 0.47560975609756095 0.49125 0.4823848238482385 0.49875
1 0.7669376693766937 0.530625 0.7750677506775068 0.5325 0.7967479674796748 0.5325 0.8048780487804879 0.52875 0.8048780487804879 0.520625 0.7994579945799458 0.5175 0.7859078590785907 0.51625 0.7696476964769647 0.519375 0.7642276422764228 0.521875 0.7669376693766937 0.530625
1 0.08943089430894309 0.418125 0.0989159891598916 0.420625 0.11246612466124661 0.420625 0.11788617886178862 0.41875 0.12059620596205962 0.40875 0.10975609756097561 0.40375 0.08536585365853659 0.40375 0.08265582655826559 0.41375 0.08943089430894309 0.418125
1 0.8753387533875339 0.355625 0.8915989159891599 0.355625 0.9024390243902439 0.350625 0.9051490514905149 0.34375 0.8929539295392954 0.3375 0.8807588075880759 0.3375 0.8672086720867209 0.343125 0.8644986449864499 0.350625 0.8753387533875339 0.355625
1 0.8075880758807588 0.386875 0.8157181571815718 0.386875 0.8319783197831978 0.381875 0.8346883468834688 0.375625 0.8265582655826558 0.37 0.8075880758807588 0.369375 0.8021680216802168 0.37125 0.7994579945799458 0.38 0.8075880758807588 0.386875
1 0.6802168021680217 0.6 0.6991869918699187 0.598125 0.7073170731707317 0.59375 0.7073170731707317 0.586875 0.6991869918699187 0.58375 0.6856368563685636 0.584375 0.6720867208672087 0.58875 0.6693766937669376 0.595625 0.6802168021680217 0.6
1 0.8861788617886179 0.39125 0.8997289972899729 0.39125 0.9105691056910569 0.384375 0.9105691056910569 0.378125 0.8943089430894309 0.3725 0.8780487804878049 0.375 0.8780487804878049 0.386875 0.8861788617886179 0.39125
1 0.35501355013550134 0.568125 0.35365853658536583 0.574375 0.35501355013550134 0.571875 0.35907859078590787 0.571875 0.35501355013550134 0.56625 0.3509485094850949 0.56625 0.35501355013550134 0.568125
1 0.3346883468834688 0.575625 0.3346883468834688 0.571875 0.34823848238482386 0.56375 0.32926829268292684 0.56375 0.3265582655826558 0.571875 0.3346883468834688 0.575625
1 0.3617886178861789 0.56625 0.38346883468834686 0.56875 0.3943089430894309 0.565625 0.3943089430894309 0.558125 0.3888888888888889 0.555625 0.37533875338753386 0.5525 0.3617886178861789 0.5525 0.35501355013550134 0.555625 0.35365853658536583 0.561875 0.3617886178861789 0.56625
1 0.8021680216802168 0.618125 0.8170731707317073 0.618125 0.8319783197831978 0.6125 0.8319783197831978 0.603125 0.8252032520325203 0.6 0.8075880758807588 0.6 0.7940379403794038 0.605 0.7913279132791328 0.613125 0.8021680216802168 0.618125
1 0.2682926829268293 0.289375 0.2777777777777778 0.285625 0.2804878048780488 0.275625 0.2750677506775068 0.2725 0.26422764227642276 0.2725 0.25609756097560976 0.27375 0.24254742547425473 0.280625 0.24254742547425473 0.288125 0.2682926829268293 0.289375
1 0.7642276422764228 0.4325 0.7696476964769647 0.436875 0.7913279132791328 0.4375 0.8075880758807588 0.4325 0.8102981029810298 0.4275 0.8048780487804879 0.4225 0.7804878048780488 0.421875 0.7696476964769647 0.424375 0.7642276422764228 0.4275 0.7642276422764228 0.4325
1 0.508130081300813 0.7475 0.5149051490514905 0.749375 0.5311653116531165 0.748125 0.5392953929539296 0.743125 0.5392953929539296 0.733125 0.5338753387533876 0.73 0.5203252032520326 0.728125 0.5067750677506775 0.735 0.5040650406504065 0.744375 0.508130081300813 0.7475
1 0.36720867208672087 0.496875 0.38346883468834686 0.4975 0.3970189701897019 0.4925 0.3943089430894309 0.484375 0.3888888888888889 0.481875 0.36449864498644985 0.483125 0.3617886178861789 0.48625 0.35907859078590787 0.49125 0.36720867208672087 0.496875
1 0.4349593495934959 0.77125 0.44850948509485095 0.775625 0.470189701897019 0.77125 0.47289972899729 0.76 0.47831978319783197 0.758125 0.462059620596206 0.755 0.45934959349593496 0.7575 0.44037940379403795 0.761875 0.4349593495934959 0.765 0.4349593495934959 0.77125
1 0.6937669376693767 0.418125 0.7154471544715447 0.420625 0.7262872628726287 0.415625 0.7222222222222222 0.406875 0.7100271002710027 0.40125 0.6910569105691057 0.40125 0.6856368563685636 0.40375 0.6829268292682927 0.410625 0.6937669376693767 0.418125
1 0.07994579945799458 0.45625 0.1070460704607046 0.45625 0.11246612466124661 0.451875 0.11246612466124661 0.445 0.1016260162601626 0.44 0.07181571815718157 0.440625 0.06910569105691057 0.449375 0.07994579945799458 0.45625
1 0.2669376693766938 0.441875 0.28319783197831977 0.439375 0.2967479674796748 0.43375 0.2967479674796748 0.4275 0.2886178861788618 0.424375 0.27235772357723576 0.425 0.2588075880758808 0.4275 0.25338753387533874 0.43125 0.2506775067750677 0.44 0.2669376693766938 0.441875
1 0.3970189701897019 0.639375 0.4159891598915989 0.638125 0.42953929539295393 0.63375 0.43224932249322495 0.629375 0.42953929539295393 0.624375 0.42140921409214094 0.62125 0.4024390243902439 0.623125 0.3915989159891599 0.62875 0.3888888888888889 0.63375 0.3970189701897019 0.639375
1 0.16124661246612465 0.44375 0.17479674796747968 0.4475 0.2018970189701897 0.446875 0.2073170731707317 0.440625 0.1951219512195122 0.434375 0.18834688346883469 0.4325 0.16666666666666666 0.4325 0.15853658536585366 0.435 0.16124661246612465 0.44375
1 0.5176151761517616 0.66625 0.5257452574525745 0.670625 0.5501355013550135 0.6725 0.5582655826558266 0.669375 0.5582655826558266 0.6625 0.5501355013550135 0.6575 0.5392953929539296 0.654375 0.5284552845528455 0.654375 0.518970189701897 0.656875 0.5149051490514905 0.660625 0.5176151761517616 0.66625
1 0.6883468834688347 0.5625 0.6991869918699187 0.56375 0.7073170731707317 0.561875 0.7127371273712737 0.5575 0.7127371273712737 0.5475 0.7032520325203252 0.544375 0.6856368563685636 0.545625 0.6829268292682927 0.5475 0.6802168021680217 0.555625 0.6883468834688347 0.5625
1 0.44850948509485095 0.63375 0.46883468834688347 0.634375 0.47560975609756095 0.63125 0.47289972899729 0.619375 0.4634146341463415 0.615 0.44850948509485095 0.615625 0.44308943089430897 0.618125 0.44037940379403795 0.62625 0.44850948509485095 0.63375
1 0.5934959349593496 0.480625 0.6205962059620597 0.480625 0.6287262872628726 0.478125 0.6287262872628726 0.473125 0.6192411924119241 0.46875 0.5962059620596206 0.46875 0.5907859078590786 0.470625 0.5880758807588076 0.476875 0.5934959349593496 0.480625
1 0.36449864498644985 0.340625 0.3888888888888889 0.3425 0.4024390243902439 0.335625 0.3956639566395664 0.3275 0.38482384823848237 0.324375 0.36720867208672087 0.324375 0.35636856368563685 0.32875 0.35365853658536583 0.335 0.36449864498644985 0.340625
1 0.7696476964769647 0.375 0.7831978319783198 0.37375 0.7913279132791328 0.364375 0.7886178861788617 0.358125 0.7777777777777778 0.354375 0.7669376693766937 0.354375 0.7560975609756098 0.358125 0.7560975609756098 0.37125 0.7696476964769647 0.375
1 0.47289972899729 0.52875 0.48644986449864497 0.52875 0.494579945799458 0.52625 0.497289972899729 0.52125 0.4878048780487805 0.511875 0.47696476964769646 0.509375 0.462059620596206 0.51 0.462059620596206 0.524375 0.47289972899729 0.52875
1 0.23170731707317074 0.338125 0.25745257452574527 0.338125 0.27235772357723576 0.33125 0.2696476964769648 0.326875 0.25474254742547425 0.321875 0.23983739837398374 0.321875 0.22899728997289973 0.325 0.22357723577235772 0.335 0.23170731707317074 0.338125
1 0.7452574525745257 0.564375 0.7506775067750677 0.56875 0.7615176151761518 0.571875 0.7696476964769647 0.571875 0.7777777777777778 0.566875 0.7750677506775068 0.555625 0.7669376693766937 0.551875 0.7506775067750677 0.5525 0.7452574525745257 0.555625 0.7452574525745257 0.564375
1 0.38346883468834686 0.50875 0.3970189701897019 0.514375 0.4078590785907859 0.51375 0.4159891598915989 0.50625 0.4105691056910569 0.49875 0.3970189701897019 0.495 0.3861788617886179 0.4975 0.3807588075880759 0.50125 0.38346883468834686 0.50875
1 0.35907859078590787 0.439375 0.3861788617886179 0.439375 0.3943089430894309 0.435 0.3943089430894309 0.43125 0.3861788617886179 0.426875 0.34823848238482386 0.426875 0.34552845528455284 0.4325 0.35907859078590787 0.439375
1 0.03929539295392954 0.614375 0.06097560975609756 0.6125 0.07452574525745258 0.605 0.06775067750677506 0.598125 0.04200542005420054 0.598125 0.02981029810298103 0.60375 0.028455284552845527 0.61125 0.03929539295392954 0.614375
1 0.3265582655826558 0.49 0.34688346883468835 0.491875 0.35907859078590787 0.48875 0.35501355013550134 0.479375 0.34010840108401086 0.475625 0.3238482384823848 0.47625 0.3143631436314363 0.47875 0.3130081300813008 0.485625 0.3265582655826558 0.49
1 0.43766937669376693 0.544375 0.44986449864498645 0.545625 0.46476964769647694 0.540625 0.46476964769647694 0.535625 0.45934959349593496 0.53125 0.45121951219512196 0.529375 0.42953929539295393 0.53125 0.4268292682926829 0.540625 0.43766937669376693 0.544375
1 0.2588075880758808 0.42625 0.2696476964769648 0.42625 0.2859078590785908 0.4225 0.2859078590785908 0.41375 0.2777777777777778 0.410625 0.26558265582655827 0.40875 0.24254742547425473 0.409375 0.23983739837398374 0.418125 0.2588075880758808 0.42625
1 0.3617886178861789 0.53625 0.3875338753387534 0.53625 0.3943089430894309 0.53125 0.3915989159891599 0.521875 0.3699186991869919 0.52125 0.36585365853658536 0.523125 0.35907859078590787 0.526875 0.3617886178861789 0.53625
1 0.07723577235772358 0.4375 0.08265582655826559 0.439375 0.0989159891598916 0.439375 0.10975609756097561 0.431875 0.1070460704607046 0.424375 0.09078590785907859 0.4225 0.07994579945799458 0.426875 0.07452574525745258 0.43125 0.07723577235772358 0.4375
1 0.8482384823848238 0.444375 0.8753387533875339 0.444375 0.8861788617886179 0.439375 0.8861788617886179 0.4325 0.8807588075880759 0.43125 0.8617886178861789 0.43125 0.8509485094850948 0.435 0.8455284552845529 0.438125 0.8482384823848238 0.444375
1 0.4241192411924119 0.70625 0.43224932249322495 0.701875 0.43224932249322495 0.694375 0.4268292682926829 0.68875 0.4159891598915989 0.6875 0.4105691056910569 0.69125 0.4010840108401084 0.6925 0.4024390243902439 0.70625 0.4241192411924119 0.70625
1 0.7154471544715447 0.3725 0.7208672086720868 0.376875 0.7317073170731707 0.379375 0.7452574525745257 0.379375 0.7560975609756098 0.375625 0.7560975609756098 0.37125 0.7452574525745257 0.365 0.7208672086720868 0.365 0.7154471544715447 0.3675 0.7154471544715447 0.3725
1 0.7669376693766937 0.551875 0.7845528455284553 0.5525 0.7940379403794038 0.55 0.7940379403794038 0.5425 0.7886178861788617 0.5375 0.7750677506775068 0.535625 0.7628726287262872 0.538125 0.7588075880758808 0.544375 0.7669376693766937 0.551875
1 0.5257452574525745 0.71625 0.5433604336043361 0.71375 0.5528455284552846 0.706875 0.5528455284552846 0.69875 0.5433604336043361 0.69375 0.5284552845528455 0.694375 0.5121951219512195 0.701875 0.5121951219512195 0.711875 0.5257452574525745 0.71625
1 0.34823848238482386 0.524375 0.35907859078590787 0.52375 0.36449864498644985 0.51125 0.34552845528455284 0.506875 0.33739837398373984 0.509375 0.33739837398373984 0.52125 0.34823848238482386 0.524375
1 0.3319783197831978 0.551875 0.3428184281842818 0.555625 0.35365853658536583 0.555 0.36449864498644985 0.546875 0.36449864498644985 0.538125 0.35907859078590787 0.533125 0.35636856368563685 0.53125 0.33739837398373984 0.53125 0.32926829268292684 0.53625 0.3265582655826558 0.545 0.3319783197831978 0.551875
1 0.47831978319783197 0.726875 0.483739837398374 0.728125 0.5040650406504065 0.726875 0.5149051490514905 0.721875 0.5121951219512195 0.711875 0.5040650406504065 0.71 0.491869918699187 0.711875 0.47831978319783197 0.718125 0.47831978319783197 0.726875
1 0.5555555555555556 0.70125 0.5745257452574526 0.7025 0.5853658536585366 0.69875 0.5853658536585366 0.690625 0.5745257452574526 0.68375 0.5609756097560976 0.68375 0.551490514905149 0.686875 0.5501355013550135 0.696875 0.5555555555555556 0.70125
1 0.2696476964769648 0.384375 0.2804878048780488 0.386875 0.2994579945799458 0.386875 0.31029810298102983 0.381875 0.31029810298102983 0.376875 0.2994579945799458 0.3725 0.2804878048780488 0.37 0.2696476964769648 0.371875 0.26422764227642276 0.375 0.2696476964769648 0.384375
1 0.3157181571815718 0.5975 0.33739837398373984 0.598125 0.34552845528455284 0.591875 0.34010840108401086 0.584375 0.32926829268292684 0.579375 0.31842818428184283 0.58 0.31029810298102983 0.583125 0.3075880758807588 0.591875 0.3157181571815718 0.5975
1 0.491869918699187 0.473125 0.5 0.475625 0.5203252032520326 0.475625 0.5365853658536586 0.46875 0.5311653116531165 0.46125 0.5121951219512195 0.46 0.4986449864498645 0.461875 0.491869918699187 0.465625 0.491869918699187 0.473125
1 0.4078590785907859 0.545625 0.42140921409214094 0.544375 0.4268292682926829 0.54125 0.4268292682926829 0.53125 0.42140921409214094 0.5275 0.4024390243902439 0.52625 0.3970189701897019 0.52875 0.3943089430894309 0.54 0.4078590785907859 0.545625
1 0.17750677506775067 0.37125 0.2127371273712737 0.371875 0.22357723577235772 0.36625 0.22086720867208673 0.358125 0.21544715447154472 0.355625 0.19647696476964768 0.35375 0.1856368563685637 0.355625 0.17479674796747968 0.36 0.17750677506775067 0.37125
1 0.3780487804878049 0.58125 0.3861788617886179 0.58375 0.4105691056910569 0.58125 0.4159891598915989 0.576875 0.4159891598915989 0.570625 0.41192411924119243 0.56875 0.3970189701897019 0.566875 0.3821138211382114 0.569375 0.3780487804878049 0.571875 0.3780487804878049 0.58125
1 0.4986449864498645 0.394375 0.5176151761517616 0.39625 0.5284552845528455 0.393125 0.5311653116531165 0.379375 0.5230352303523035 0.375625 0.5040650406504065 0.375 0.494579945799458 0.379375 0.491869918699187 0.389375 0.4986449864498645 0.394375
1 0.6856368563685636 0.8025 0.7073170731707317 0.8025 0.7235772357723578 0.796875 0.7235772357723578 0.790625 0.7086720867208672 0.785625 0.6910569105691057 0.785625 0.6775067750677507 0.79 0.6747967479674797 0.7975 0.6856368563685636 0.8025
1 0.03387533875338753 0.649375 0.044715447154471545 0.650625 0.06097560975609756 0.64375 0.06097560975609756 0.635 0.05555555555555555 0.63125 0.04200542005420054 0.63 0.025745257452574527 0.631875 0.025745257452574527 0.64375 0.03387533875338753 0.649375
1 0.44308943089430897 0.50875 0.462059620596206 0.50875 0.47560975609756095 0.503125 0.47560975609756095 0.4975 0.462059620596206 0.4925 0.44579945799457993 0.49375 0.4349593495934959 0.496875 0.43224932249322495 0.504375 0.44308943089430897 0.50875
1 0.7317073170731707 0.539375 0.7425474254742548 0.5425 0.7547425474254743 0.540625 0.7642276422764228 0.529375 0.7588075880758808 0.520625 0.7479674796747967 0.519375 0.7289972899728997 0.526875 0.7262872628726287 0.5325 0.7317073170731707 0.539375
1 0.06097560975609756 0.508125 0.07452574525745258 0.513125 0.09078590785907859 0.511875 0.0989159891598916 0.508125 0.0989159891598916 0.4975 0.08807588075880758 0.494375 0.07452574525745258 0.495 0.06775067750677506 0.4975 0.06097560975609756 0.50125 0.06097560975609756 0.508125
1 0.6504065040650406 0.324375 0.6693766937669376 0.324375 0.6775067750677507 0.318125 0.6747967479674797 0.306875 0.6585365853658537 0.304375 0.6449864498644986 0.30875 0.6422764227642277 0.314375 0.6504065040650406 0.324375
1 0.1910569105691057 0.435 0.21138211382113822 0.435 0.22899728997289973 0.42875 0.22899728997289973 0.420625 0.22086720867208673 0.416875 0.21002710027100271 0.41625 0.1910569105691057 0.41875 0.1856368563685637 0.421875 0.18292682926829268 0.431875 0.1910569105691057 0.435
1 0.6504065040650406 0.379375 0.6666666666666666 0.379375 0.6720867208672087 0.375 0.6720867208672087 0.365 0.6585365853658537 0.36 0.6504065040650406 0.36 0.6409214092140921 0.363125 0.6422764227642277 0.375 0.6504065040650406 0.379375
1 0.29132791327913277 0.545625 0.3048780487804878 0.551875 0.3238482384823848 0.5525 0.3265582655826558 0.539375 0.31842818428184283 0.535625 0.2967479674796748 0.535 0.29132791327913277 0.53625 0.29132791327913277 0.545625
1 0.5392953929539296 0.4625 0.5582655826558266 0.46125 0.5663956639566395 0.45625 0.5636856368563685 0.4525 0.5528455284552846 0.448125 0.5392953929539296 0.4475 0.5284552845528455 0.45 0.5257452574525745 0.4575 0.5392953929539296 0.4625
1 0.7533875338753387 0.420625 0.7669376693766937 0.420625 0.7723577235772358 0.41875 0.7750677506775068 0.411875 0.7682926829268293 0.40875 0.7506775067750677 0.406875 0.7411924119241192 0.409375 0.7425474254742548 0.418125 0.7533875338753387 0.420625
1 0.556910569105691 0.753125 0.5772357723577236 0.753125 0.5880758807588076 0.745625 0.5880758807588076 0.739375 0.5826558265582655 0.735625 0.5636856368563685 0.735 0.5555555555555556 0.739375 0.5528455284552846 0.748125 0.556910569105691 0.753125
1 0.6720867208672087 0.524375 0.6829268292682927 0.52625 0.6978319783197832 0.524375 0.7046070460704607 0.516875 0.7005420054200542 0.51 0.6761517615176151 0.51 0.6693766937669376 0.515 0.6720867208672087 0.524375
1 0.44308943089430897 0.7925 0.45799457994579945 0.793125 0.470189701897019 0.789375 0.470189701897019 0.78125 0.462059620596206 0.776875 0.44308943089430897 0.77625 0.43089430894308944 0.78 0.42953929539295393 0.7875 0.44308943089430897 0.7925
1 0.7506775067750677 0.591875 0.7533875338753387 0.59375 0.7696476964769647 0.59375 0.7750677506775068 0.591875 0.7750677506775068 0.5775 0.7682926829268293 0.575625 0.7533875338753387 0.575625 0.7479674796747967 0.579375 0.7506775067750677 0.591875
1 0.16395663956639567 0.386875 0.1910569105691057 0.386875 0.1937669376693767 0.378125 0.1802168021680217 0.371875 0.16124661246612465 0.37 0.15311653116531165 0.3725 0.15040650406504066 0.379375 0.16395663956639567 0.386875
1 0.6747967479674797 0.375 0.6856368563685636 0.3775 0.7018970189701897 0.37625 0.7127371273712737 0.37 0.7100271002710027 0.3625 0.6991869918699187 0.359375 0.6802168021680217 0.3625 0.6747967479674797 0.364375 0.6747967479674797 0.375
1 0.32113821138211385 0.470625 0.34010840108401086 0.474375 0.35907859078590787 0.469375 0.35907859078590787 0.4625 0.34823848238482386 0.45625 0.3238482384823848 0.455625 0.3157181571815718 0.4575 0.3130081300813008 0.46375 0.32113821138211385 0.470625
1 0.3807588075880759 0.425 0.3861788617886179 0.4225 0.3861788617886179 0.41625 0.3780487804878049 0.411875 0.3617886178861789 0.409375 0.3509485094850949 0.411875 0.3509485094850949 0.425 0.3807588075880759 0.425
1 0.43766937669376693 0.700625 0.4634146341463415 0.701875 0.46476964769647694 0.691875 0.45528455284552843 0.684375 0.44986449864498645 0.6825 0.43360433604336046 0.68375 0.42953929539295393 0.691875 0.43766937669376693 0.700625
1 0.47289972899729 0.4675 0.489159891598916 0.4675 0.5013550135501355 0.460625 0.5013550135501355 0.455625 0.494579945799458 0.4525 0.47560975609756095 0.4525 0.46747967479674796 0.4575 0.46476964769647694 0.465 0.47289972899729 0.4675
1 0.4742547425474255 0.76 0.48644986449864497 0.7575 0.494579945799458 0.751875 0.491869918699187 0.74125 0.47560975609756095 0.739375 0.462059620596206 0.743125 0.462059620596206 0.75875 0.4742547425474255 0.76
1 0.08807588075880758 0.54875 0.09349593495934959 0.5525 0.12601626016260162 0.551875 0.13685636856368563 0.545625 0.13685636856368563 0.54125 0.12601626016260162 0.53625 0.10975609756097561 0.53625 0.0948509485094851 0.53875 0.08807588075880758 0.543125 0.08807588075880758 0.54875
1 0.0989159891598916 0.76 0.12466124661246612 0.75875 0.14227642276422764 0.75125 0.14227642276422764 0.745625 0.13143631436314362 0.74125 0.10975609756097561 0.743125 0.09620596205962059 0.748125 0.09078590785907859 0.755 0.0989159891598916 0.76
1 0.8455284552845529 0.39125 0.8739837398373984 0.390625 0.8780487804878049 0.386875 0.8753387533875339 0.376875 0.8590785907859079 0.375625 0.8428184281842819 0.379375 0.8401084010840109 0.385625 0.8455284552845529 0.39125
1 0.6260162601626016 0.555 0.6449864498644986 0.5525 0.6531165311653117 0.5475 0.6531165311653117 0.54 0.6436314363143631 0.535625 0.6287262872628726 0.538125 0.6178861788617886 0.5425 0.6178861788617886 0.5525 0.6260162601626016 0.555
1 0.8292682926829268 0.440625 0.8441734417344173 0.44 0.8536585365853658 0.431875 0.8482384823848238 0.424375 0.8373983739837398 0.420625 0.8265582655826558 0.420625 0.8184281842818428 0.424375 0.8184281842818428 0.4375 0.8292682926829268 0.440625
1 0.6585365853658537 0.42875 0.6775067750677507 0.429375 0.6883468834688347 0.425 0.6910569105691057 0.416875 0.6788617886178862 0.41125 0.6666666666666666 0.410625 0.6558265582655827 0.415625 0.6531165311653117 0.425 0.6585365853658537 0.42875
1 0.6558265582655827 0.539375 0.6693766937669376 0.539375 0.6802168021680217 0.535 0.6775067750677507 0.52875 0.6666666666666666 0.524375 0.6436314363143631 0.525625 0.6422764227642277 0.534375 0.6558265582655827 0.539375
1 0.35772357723577236 0.406875 0.37262872628726285 0.410625 0.39295392953929537 0.41 0.3970189701897019 0.40125 0.3888888888888889 0.39625 0.37262872628726285 0.39375 0.35365853658536583 0.39625 0.3509485094850949 0.403125 0.35772357723577236 0.406875
1 0.6910569105691057 0.63625 0.7127371273712737 0.63625 0.7262872628726287 0.629375 0.7262872628726287 0.625 0.7208672086720868 0.6225 0.7018970189701897 0.6225 0.6883468834688347 0.62625 0.6856368563685636 0.633125 0.6910569105691057 0.63625
1 0.15853658536585366 0.530625 0.17208672086720866 0.535 0.18292682926829268 0.534375 0.1910569105691057 0.530625 0.1910569105691057 0.520625 0.1856368563685637 0.51625 0.16395663956639567 0.515 0.15989159891598917 0.5175 0.15582655826558264 0.52125 0.15853658536585366 0.530625
1 0.3970189701897019 0.483125 0.4159891598915989 0.476875 0.4186991869918699 0.46625 0.4105691056910569 0.463125 0.3997289972899729 0.4625 0.3861788617886179 0.468125 0.38346883468834686 0.48125 0.3970189701897019 0.483125
1 0.8157181571815718 0.406875 0.8360433604336044 0.406875 0.8401084010840109 0.40375 0.8401084010840109 0.39375 0.8292682926829268 0.39 0.8130081300813008 0.39375 0.8102981029810298 0.40375 0.8157181571815718 0.406875
1 0.6178861788617886 0.65625 0.6273712737127372 0.65625 0.6422764227642277 0.653125 0.6504065040650406 0.64625 0.6504065040650406 0.64125 0.6382113821138211 0.63625 0.6314363143631436 0.63625 0.6178861788617886 0.639375 0.6097560975609756 0.645625 0.6097560975609756 0.65375 0.6178861788617886 0.65625
1 0.5094850948509485 0.51625 0.5392953929539296 0.51625 0.5447154471544715 0.513125 0.5447154471544715 0.50625 0.5311653116531165 0.501875 0.5094850948509485 0.50125 0.4986449864498645 0.50375 0.497289972899729 0.51125 0.5094850948509485 0.51625
1 0.46476964769647694 0.711875 0.4823848238482385 0.715 0.497289972899729 0.70875 0.5 0.69875 0.494579945799458 0.69375 0.47831978319783197 0.69375 0.470189701897019 0.696875 0.46476964769647694 0.701875 0.46476964769647694 0.711875
1 0.17750677506775067 0.33 0.1991869918699187 0.33125 0.2046070460704607 0.32875 0.2073170731707317 0.323125 0.1991869918699187 0.315625 0.18699186991869918 0.3125 0.16395663956639567 0.313125 0.15853658536585366 0.32 0.17750677506775067 0.33
1 0.46476964769647694 0.690625 0.47289972899729 0.69375 0.4905149051490515 0.691875 0.494579945799458 0.6875 0.491869918699187 0.6775 0.48644986449864497 0.675625 0.462059620596206 0.675625 0.45934959349593496 0.685625 0.46476964769647694 0.690625
1 0.6802168021680217 0.400625 0.7005420054200542 0.398125 0.7100271002710027 0.39 0.7059620596205962 0.383125 0.6964769647696477 0.380625 0.6856368563685636 0.380625 0.6639566395663956 0.386875 0.6612466124661247 0.39625 0.6802168021680217 0.400625
1 0.483739837398374 0.790625 0.489159891598916 0.793125 0.5040650406504065 0.794375 0.5230352303523035 0.79 0.5257452574525745 0.785 0.5203252032520326 0.779375 0.5040650406504065 0.7775 0.489159891598916 0.780625 0.483739837398374 0.784375 0.483739837398374 0.790625
1 0.5880758807588076 0.408125 0.6070460704607046 0.40875 0.6205962059620597 0.405 0.6233062330623306 0.40125 0.6043360433604336 0.393125 0.5853658536585366 0.39375 0.5799457994579946 0.39625 0.5772357723577236 0.40125 0.5880758807588076 0.408125
1 0.7154471544715447 0.560625 0.7181571815718157 0.5625 0.7330623306233063 0.5625 0.7425474254742548 0.5575 0.7452574525745257 0.54875 0.7344173441734417 0.54125 0.7262872628726287 0.540625 0.7208672086720868 0.5425 0.7154471544715447 0.545625 0.7154471544715447 0.560625
1 0.6151761517615176 0.39625 0.6260162601626016 0.400625 0.6531165311653117 0.400625 0.6585365853658537 0.398125 0.6585365853658537 0.39125 0.6531165311653117 0.388125 0.6368563685636857 0.386875 0.6233062330623306 0.389375 0.6151761517615176 0.393125 0.6151761517615176 0.39625
1 0.1910569105691057 0.609375 0.21680216802168023 0.608125 0.22628726287262874 0.6025 0.22357723577235772 0.598125 0.21002710027100271 0.59375 0.1910569105691057 0.59375 0.1802168021680217 0.596875 0.17750677506775067 0.605 0.1910569105691057 0.609375
1 0.7777777777777778 0.39875 0.7913279132791328 0.4 0.8075880758807588 0.395625 0.8075880758807588 0.39125 0.7967479674796748 0.385625 0.7750677506775068 0.384375 0.7655826558265583 0.38625 0.7642276422764228 0.3925 0.7777777777777778 0.39875
1 0.6910569105691057 0.540625 0.7073170731707317 0.543125 0.7262872628726287 0.540625 0.7262872628726287 0.53125 0.7154471544715447 0.5275 0.6964769647696477 0.52625 0.6856368563685636 0.529375 0.6829268292682927 0.5325 0.6910569105691057 0.540625
1 0.09349593495934959 0.475625 0.11517615176151762 0.475625 0.12872628726287264 0.470625 0.12872628726287264 0.46375 0.12059620596205962 0.46125 0.1016260162601626 0.46125 0.08943089430894309 0.464375 0.08807588075880758 0.473125 0.09349593495934959 0.475625
1 0.8428184281842819 0.405 0.8482384823848238 0.40625 0.8780487804878049 0.40625 0.8888888888888888 0.40125 0.8888888888888888 0.39625 0.8753387533875339 0.39125 0.8590785907859079 0.39125 0.8482384823848238 0.39375 0.8428184281842819 0.39625 0.8428184281842819 0.405
1 0.2953929539295393 0.3725 0.3170731707317073 0.375 0.3265582655826558 0.37125 0.3265582655826558 0.364375 0.3130081300813008 0.358125 0.29132791327913277 0.359375 0.2886178861788618 0.369375 0.2953929539295393 0.3725
1 0.5962059620596206 0.353125 0.6097560975609756 0.355625 0.6287262872628726 0.353125 0.6314363143631436 0.344375 0.6233062330623306 0.34125 0.6016260162601627 0.340625 0.5934959349593496 0.343125 0.5907859078590786 0.34875 0.5962059620596206 0.353125
1 0.4159891598915989 0.806875 0.4349593495934959 0.8075 0.44579945799457993 0.805 0.44579945799457993 0.79875 0.43224932249322495 0.7925 0.4159891598915989 0.7925 0.4078590785907859 0.795625 0.4051490514905149 0.800625 0.4159891598915989 0.806875
1 0.9024390243902439 0.475625 0.907859078590786 0.4775 0.9295392953929539 0.480625 0.943089430894309 0.475625 0.943089430894309 0.470625 0.9322493224932249 0.46625 0.9065040650406504 0.466875 0.9024390243902439 0.469375 0.9024390243902439 0.475625
1 0.23712737127371275 0.37125 0.26287262872628725 0.371875 0.27235772357723576 0.366875 0.27235772357723576 0.36125 0.2588075880758808 0.355625 0.23983739837398374 0.355625 0.22899728997289973 0.359375 0.22628726287262874 0.36625 0.23712737127371275 0.37125
1 0.7113821138211383 0.58 0.7235772357723578 0.5775 0.7317073170731707 0.56875 0.7249322493224932 0.56375 0.7100271002710027 0.56375 0.6937669376693767 0.570625 0.6937669376693767 0.57875 0.7113821138211383 0.58
1 0.37533875338753386 0.6625 0.3915989159891599 0.66625 0.4105691056910569 0.665 0.4105691056910569 0.6525 0.3861788617886179 0.649375 0.37262872628726285 0.6525 0.3699186991869919 0.6575 0.37533875338753386 0.6625
1 0.3075880758807588 0.318125 0.3143631436314363 0.32375 0.3265582655826558 0.326875 0.34552845528455284 0.326875 0.3523035230352303 0.325 0.3509485094850949 0.315625 0.34010840108401086 0.31 0.3319783197831978 0.3075 0.3157181571815718 0.3075 0.3075880758807588 0.31125 0.3075880758807588 0.318125
1 0.07146883468834689 0.44629874999999997 0.07586720867208673 0.44072 0.05607588075880759 0.438184375 0.04288211382113821 0.44274875 0.057176151761517614 0.45441375 0.08026558265582655 0.456441875 0.07146883468834689 0.44629874999999997
1 0.09455962059620596 0.518315625 0.08136449864498645 0.514258125 0.0692710027100271 0.52034375 0.06817073170731708 0.5259225 0.0736680216802168 0.530994375 0.09565853658536586 0.52845875 0.09455962059620596 0.518315625
1 0.23419918699186992 0.38391875 0.2254037940379404 0.37884687499999997 0.21330894308943088 0.37580375 0.20341327913279134 0.3813825 0.21330894308943088 0.3894975 0.23419918699186992 0.39152562500000004 0.23419918699186992 0.38391875
1 0.40242818428184285 0.4635425 0.41452303523035233 0.45745624999999995 0.3925325203252033 0.4518775 0.3716409214092141 0.45238500000000004 0.3628441734417344 0.45948500000000003 0.3793373983739838 0.466078125 0.40242818428184285 0.4635425
1 0.4354132791327913 0.49701500000000004 0.4398116531165312 0.49042187499999995 0.4288170731707317 0.48027875000000003 0.40462737127371273 0.47977125 0.39802981029810297 0.486364375 0.40462737127371273 0.493464375 0.422219512195122 0.49955062499999997 0.4354132791327913 0.49701500000000004
1 0.3782384823848238 0.5000575 0.3650433604336043 0.496000625 0.351849593495935 0.49042187499999995 0.3430528455284553 0.49498624999999996 0.3474512195121951 0.504621875 0.3617452574525746 0.5086793749999999 0.3782384823848238 0.5000575
1 0.40242818428184285 0.549759375 0.4013279132791328 0.5411375 0.39143224932249326 0.538601875 0.38153658536585366 0.538094375 0.3683428184281843 0.53961625 0.3683428184281843 0.549759375 0.3837357723577236 0.555338125 0.40242818428184285 0.549759375
1 0.4530054200542005 0.52643 0.45630487804878045 0.521358125 0.44970731707317074 0.514258125 0.4343143631436314 0.512229375 0.42331842818428184 0.51730125 0.422219512195122 0.52440125 0.4288170731707317 0.5269368750000001 0.44750813008130086 0.53150125 0.4530054200542005 0.52643
1 0.396929539295393 0.674013125 0.39363143631436315 0.667926875 0.3782384823848238 0.666405625 0.3617452574525746 0.67299875 0.3650433604336043 0.6780700000000001 0.3826368563685637 0.6780700000000001 0.396929539295393 0.674013125
1 0.42331842818428184 0.6851706249999999 0.42331842818428184 0.6790843750000001 0.40572628726287263 0.6750268749999999 0.3804376693766937 0.679591875 0.3782384823848238 0.688720625 0.38813414634146337 0.6942993749999999 0.4123238482384824 0.688720625 0.42331842818428184 0.6851706249999999
1 0.5343712737127371 0.686184375 0.5189783197831978 0.68364875 0.5024850948509485 0.68415625 0.49918699186991866 0.6882131250000001 0.5057831978319783 0.6927774999999999 0.5101815718157182 0.697849375 0.5277737127371274 0.6948062500000001 0.5343712737127371 0.686184375