0 0.696875 0.42358803986710963 0.705625 0.42857142857142855 0.715 0.44019933554817275 0.719375 0.45514950166112955 0.72 0.4692691029900332 0.716875 0.4833887043189369 0.71125 0.49335548172757476 0.703125 0.5016611295681063 0.6925 0.5058139534883721 0.678125 0.5041528239202658 0.666875 0.4950166112956811 0.65875 0.47674418604651164 0.6575 0.457641196013289 0.66375 0.43853820598006643 0.67 0.43023255813953487 0.68125 0.42358803986710963 0.69625 0.42358803986710963
1 0.62375 0.3588039867109635 0.63125 0.3654485049833887 0.634375 0.3787375415282392 0.631875 0.38953488372093026 0.624375 0.3945182724252492 0.615 0.38787375415282394 0.6125 0.3787375415282392 0.615625 0.36212624584717606 0.623125 0.3588039867109635
1 0.425625 0.43272425249169433 0.430625 0.4426910299003322 0.43 0.4526578073089701 0.418125 0.46677740863787376 0.415625 0.46677740863787376 0.41 0.45930232558139533 0.410625 0.44435215946843853 0.4125 0.4377076411960133 0.418125 0.4318936877076412 0.425 0.43272425249169433
1 0.4975 0.5357142857142857 0.50125 0.5440199335548173 0.5025 0.5556478405315615 0.50125 0.5614617940199336 0.494375 0.5689368770764119 0.490625 0.5689368770764119 0.485625 0.563953488372093 0.483125 0.5581395348837209 0.4825 0.5465116279069767 0.488125 0.5365448504983389 0.496875 0.5357142857142857
1 0.56125 0.3554817275747508 0.565625 0.36212624584717606 0.564375 0.3712624584717608 0.550625 0.38289036544850497 0.545625 0.38289036544850497 0.54125 0.3795681063122924 0.539375 0.37624584717607973 0.539375 0.3654485049833887 0.54625 0.3554817275747508 0.560625 0.3554817275747508
1 0.36 0.4069767441860465 0.3675 0.41445182724252494 0.370625 0.42524916943521596 0.369375 0.436046511627907 0.36625 0.4410299003322259 0.3625 0.4418604651162791 0.355625 0.4377076411960133 0.348125 0.42358803986710963 0.35 0.4111295681063123 0.353125 0.40780730897009965 0.359375 0.4069767441860465
1 0.5475 0.38787375415282394 0.550625 0.3903654485049834 0.55375 0.40365448504983387 0.550625 0.4119601328903654 0.545 0.4152823920265781 0.53875 0.41445182724252494 0.535 0.41029900332225916 0.531875 0.40365448504983387 0.53125 0.3961794019933555 0.53875 0.38704318936877075 0.546875 0.38787375415282394
1 0.64375 0.3546511627906977 0.64875 0.3588039867109635 0.6525 0.3687707641196013 0.650625 0.3812292358803987 0.645 0.3862126245847176 0.635 0.38205980066445183 0.6325 0.36794019933554817 0.6325 0.36212624584717606 0.63625 0.3554817275747508 0.643125 0.3546511627906977
1 0.60625 0.4368770764119601 0.61 0.4418604651162791 0.611875 0.45099667774086377 0.60875 0.457641196013289 0.6025 0.462624584717608 0.59375 0.4568106312292359 0.59125 0.44518272425249167 0.595 0.4368770764119601 0.605625 0.4368770764119601
1 0.394375 0.3131229235880399 0.400625 0.3164451827242525 0.404375 0.32641196013289037 0.401875 0.3347176079734219 0.394375 0.34136212624584716 0.386875 0.3388704318936877 0.383125 0.33222591362126247 0.385 0.32059800664451826 0.39 0.313953488372093 0.39375 0.3131229235880399
1 0.6246875 0.43023255813953487 0.025625 0.02823920265780731
1 0.3425 0.42358803986710963 0.346875 0.4277408637873754 0.34875 0.4426910299003322 0.345625 0.45099667774086377 0.338125 0.45930232558139533 0.3325 0.45598006644518274 0.329375 0.4426910299003322 0.333125 0.42857142857142855 0.341875 0.42358803986710963
1 0.43625 0.45598006644518274 0.44375 0.46179401993355484 0.44375 0.4700996677740864 0.436875 0.47840531561461797 0.429375 0.48172757475083056 0.420625 0.47674418604651164 0.419375 0.4692691029900332 0.42125 0.4634551495016611 0.42875 0.4568106312292359 0.435625 0.45598006644518274
1 0.375625 0.44518272425249167 0.380625 0.4526578073089701 0.380625 0.45930232558139533 0.375 0.46677740863787376 0.37 0.4692691029900332 0.358125 0.46677740863787376 0.355625 0.4601328903654485 0.35625 0.45514950166112955 0.35875 0.4485049833887043 0.3625 0.44518272425249167 0.375 0.44518272425249167
1 0.445 0.47674418604651164 0.45625 0.48421926910299 0.461875 0.49750830564784054 0.46125 0.5016611295681063 0.45625 0.5083056478405316 0.45 0.5124584717607974 0.445625 0.5124584717607974 0.441875 0.5091362126245847 0.435 0.4950166112956811 0.43625 0.4808970099667774 0.444375 0.47674418604651164
1 0.521875 0.4485049833887043 0.52625 0.4526578073089701 0.528125 0.4601328903654485 0.52625 0.4676079734219269 0.52 0.473421926910299 0.515 0.473421926910299 0.50875 0.4692691029900332 0.505 0.462624584717608 0.505 0.4584717607973422 0.51125 0.4485049833887043 0.52125 0.4485049833887043
1 0.581875 0.3313953488372093 0.586875 0.3347176079734219 0.591875 0.3438538205980066 0.59125 0.35132890365448505 0.581875 0.35714285714285715 0.5725 0.3554817275747508 0.56625 0.34717607973421927 0.56625 0.33970099667774084 0.56875 0.3338870431893688 0.57375 0.33056478405315615 0.58125 0.3313953488372093
1 0.5825 0.2757475083056478 0.58875 0.27906976744186046 0.590625 0.2915282392026578 0.58875 0.303156146179402 0.580625 0.3106312292358804 0.575625 0.3106312292358804 0.56875 0.30398671096345514 0.5675 0.292358803986711 0.57375 0.2782392026578073 0.581875 0.2757475083056478
1 0.374375 0.3330564784053156 0.380625 0.3388704318936877 0.38375 0.34634551495016613 0.383125 0.35714285714285715 0.37625 0.36295681063122925 0.36875 0.3596345514950166 0.363125 0.3521594684385382 0.360625 0.3438538205980066 0.36125 0.3380398671096346 0.365 0.3330564784053156 0.37375 0.3330564784053156
1 0.599375 0.47674418604651164 0.604375 0.48588039867109634 0.605625 0.4983388704318937 0.6025 0.5083056478405316 0.595 0.5132890365448505 0.590625 0.5132890365448505 0.58625 0.5083056478405316 0.583125 0.4908637873754153 0.58875 0.4808970099667774 0.594375 0.47674418604651164 0.59875 0.47674418604651164
1 0.4875 0.49169435215946844 0.493125 0.49667774086378735 0.49 0.5182724252491694 0.483125 0.5224252491694352 0.47625 0.5116279069767442 0.476875 0.5033222591362126 0.48 0.4958471760797342 0.486875 0.4925249169435216
1 0.363125 0.5240863787375415 0.01875 0.02823920265780731
1 0.585625 0.5174418604651163 0.589375 0.5224252491694352 0.59 0.5299003322259136 0.588125 0.5398671096345515 0.58125 0.5490033222591362 0.57375 0.5481727574750831 0.570625 0.5440199335548173 0.569375 0.532392026578073 0.575625 0.5191029900332226 0.58 0.5166112956810631 0.585 0.5174418604651163
1 0.453125 0.39368770764119604 0.458125 0.4003322259136213 0.458125 0.4152823920265781 0.454375 0.4219269102990033 0.449375 0.42441860465116277 0.440625 0.40780730897009965 0.445625 0.3945182724252492 0.4525 0.39368770764119604
1 0.4546875 0.5257475083056479 0.018125 0.03156146179401993
1 0.55125 0.4925249169435216 0.55375 0.49750830564784054 0.55375 0.5033222591362126 0.55 0.5099667774086378 0.544375 0.5124584717607974 0.53375 0.5091362126245847 0.531875 0.5 0.535625 0.4925249169435216 0.540625 0.4900332225913621 0.5475 0.4900332225913621 0.550625 0.4925249169435216
1 0.35 0.473421926910299 0.355625 0.47591362126245845 0.359375 0.4808970099667774 0.359375 0.4883720930232558 0.355625 0.4950166112956811 0.34625 0.5 0.33375 0.49750830564784054 0.33125 0.4925249169435216 0.33125 0.48588039867109634 0.336875 0.47591362126245845 0.349375 0.473421926910299
1 0.44375 0.3538205980066445 0.448125 0.3579734219269103 0.44875 0.36794019933554817 0.44375 0.3770764119601329 0.434375 0.38289036544850497 0.428125 0.3812292358803987 0.42625 0.3770764119601329 0.4275 0.36295681063122925 0.435 0.3546511627906977 0.443125 0.3538205980066445
1 0.466875 0.3911960132890365 0.47375 0.3953488372093023 0.476875 0.4003322259136213 0.479375 0.41445182724252494 0.478125 0.4219269102990033 0.466875 0.4260797342192691 0.45875 0.4169435215946844 0.458125 0.39867109634551495 0.46125 0.39368770764119604 0.46625 0.3920265780730897
1 0.480625 0.4260797342192691 0.485625 0.43272425249169433 0.485 0.4393687707641196 0.48125 0.44518272425249167 0.474375 0.4476744186046512 0.463125 0.4435215946843854 0.460625 0.43521594684385384 0.46625 0.4269102990033223 0.48 0.4260797342192691
1 0.418125 0.4750830564784053 0.42625 0.4833887043189369 0.425 0.49750830564784054 0.41625 0.5058139534883721 0.40875 0.5049833887043189 0.404375 0.5008305647840532 0.404375 0.48754152823920266 0.410625 0.4792358803986711 0.4175 0.47591362126245845
1 0.60625 0.5780730897009967 0.6125 0.5855481727574751 0.614375 0.5938538205980066 0.6125 0.6038205980066446 0.6075 0.6079734219269103 0.598125 0.6054817275747508 0.59125 0.5938538205980066 0.59125 0.5863787375415282 0.595 0.5805647840531561 0.605625 0.5780730897009967
1 0.61625 0.38870431893687707 0.62125 0.39700996677740863 0.621875 0.4061461794019934 0.61625 0.4152823920265781 0.61125 0.4161129568106312 0.605 0.41445182724252494 0.60125 0.40365448504983387 0.608125 0.38953488372093026 0.615625 0.38870431893687707
1 0.389375 0.4526578073089701 0.404375 0.462624584717608 0.4075 0.473421926910299 0.400625 0.4792358803986711 0.393125 0.4775747508305648 0.38625 0.4717607973421927 0.383125 0.4584717607973422 0.38875 0.4526578073089701
1 0.403125 0.43106312292358806 0.41 0.436046511627907 0.41125 0.44518272425249167 0.40875 0.4526578073089701 0.401875 0.4584717607973422 0.391875 0.4543189368770764 0.389375 0.4485049833887043 0.39375 0.43521594684385384 0.4025 0.43106312292358806
1 0.435625 0.49750830564784054 0.439375 0.5041528239202658 0.439375 0.5132890365448505 0.434375 0.5232558139534884 0.428125 0.5274086378737541 0.424375 0.5274086378737541 0.4175 0.520764119601329 0.4175 0.5074750830564784 0.42625 0.49667774086378735 0.435 0.49750830564784054
1 0.596875 0.36212624584717606 0.60125 0.3654485049833887 0.60375 0.3712624584717608 0.604375 0.3862126245847176 0.6025 0.3903654485049834 0.595625 0.39285714285714285 0.591875 0.3911960132890365 0.5875 0.3845514950166113 0.585625 0.3696013289036545 0.58875 0.36295681063122925 0.59625 0.36212624584717606
1 0.556875 0.4169435215946844 0.560625 0.4227574750830565 0.560625 0.43438538205980065 0.558125 0.4418604651162791 0.55125 0.44933554817275745 0.545 0.44933554817275745 0.540625 0.44435215946843853 0.539375 0.43272425249169433 0.54625 0.4186046511627907 0.553125 0.4152823920265781 0.55625 0.4169435215946844
1 0.571875 0.2441860465116279 0.578125 0.25083056478405313 0.578125 0.2632890365448505 0.574375 0.27159468438538203 0.566875 0.27740863787375414 0.560625 0.2749169435215947 0.555625 0.2616279069767442 0.560625 0.25 0.57125 0.2441860465116279
1 0.485625 0.3313953488372093 0.4925 0.34136212624584716 0.493125 0.35299003322259137 0.49125 0.3588039867109635 0.485 0.3654485049833887 0.4775 0.36212624584717606 0.471875 0.3521594684385382 0.473125 0.33637873754152825 0.47875 0.33056478405315615 0.485 0.3313953488372093
1 0.47625 0.5124584717607974 0.48125 0.520764119601329 0.481875 0.5299003322259136 0.480625 0.5398671096345515 0.474375 0.5440199335548173 0.468125 0.5398671096345515 0.46375 0.5332225913621262 0.463125 0.5199335548172758 0.469375 0.5116279069767442 0.475625 0.5124584717607974
1 0.419375 0.5232558139534884 0.42375 0.53156146179402 0.4225 0.5431893687707641 0.418125 0.5514950166112956 0.413125 0.5539867109634552 0.408125 0.553156146179402 0.405 0.5490033222591362 0.404375 0.5357142857142857 0.41125 0.5249169435215947 0.41875 0.5232558139534884
1 0.644375 0.39285714285714285 0.65 0.39700996677740863 0.650625 0.40448504983388706 0.644375 0.4119601328903654 0.63625 0.4169435215946844 0.624375 0.4127906976744186 0.6225 0.40863787375415284 0.623125 0.4011627906976744 0.63 0.3953488372093023 0.64375 0.39285714285714285
1 0.549375 0.46677740863787376 0.5525 0.473421926910299 0.550625 0.4833887043189369 0.545 0.4883720930232558 0.536875 0.4908637873754153 0.52875 0.48421926910299 0.5275 0.48006644518272423 0.529375 0.4717607973421927 0.538125 0.46511627906976744 0.54875 0.46677740863787376
1 0.455 0.3289036544850498 0.46375 0.33554817275747506 0.46625 0.3446843853820598 0.465625 0.3496677740863787 0.46 0.3554817275747508 0.449375 0.35714285714285715 0.44 0.3538205980066445 0.4375 0.34136212624584716 0.43875 0.3347176079734219 0.441875 0.33056478405315615 0.454375 0.3289036544850498
1 0.53375 0.553156146179402 0.54125 0.5647840531561462 0.541875 0.5764119601328903 0.539375 0.5855481727574751 0.533125 0.5913621262458472 0.52875 0.5913621262458472 0.525625 0.5880398671096345 0.521875 0.5739202657807309 0.525 0.5573089700996677 0.52875 0.553156146179402 0.533125 0.553156146179402
1 0.51875 0.420265780730897 0.52875 0.4277408637873754 0.534375 0.4368770764119601 0.533125 0.44518272425249167 0.525625 0.4485049833887043 0.513125 0.4435215946843854 0.506875 0.43272425249169433 0.506875 0.42524916943521596 0.51 0.4210963455149502 0.518125 0.420265780730897
1 0.49875 0.2541528239202658 0.504375 0.2599667774086379 0.50625 0.26578073089701 0.505 0.2757475083056478 0.49875 0.2807308970099668 0.494375 0.2807308970099668 0.4875 0.2757475083056478 0.48375 0.2649501661129568 0.486875 0.2541528239202658 0.498125 0.2541528239202658
1 0.5125 0.5249169435215947 0.518125 0.5290697674418605 0.51875 0.5398671096345515 0.515 0.5465116279069767 0.50875 0.5506644518272426 0.503125 0.5490033222591362 0.500625 0.5390365448504983 0.505625 0.5274086378737541 0.511875 0.5249169435215947
1 0.505 0.4983388704318937 0.50875 0.5016611295681063 0.510625 0.5116279069767442 0.506875 0.5232558139534884 0.5025 0.526578073089701 0.498125 0.526578073089701 0.4925 0.521594684385382 0.490625 0.5099667774086378 0.494375 0.49916943521594687 0.504375 0.4983388704318937
1 0.571875 0.5141196013289037 0.575 0.5182724252491694 0.57375 0.5224252491694352 0.568125 0.5340531561461794 0.5625 0.5365448504983389 0.5525 0.5348837209302325 0.55 0.5307308970099668 0.550625 0.521594684385382 0.56125 0.5116279069767442 0.568125 0.5116279069767442 0.57125 0.5141196013289037
1 0.550625 0.2649501661129568 0.5575 0.26993355481727577 0.56 0.2799003322259136 0.5575 0.2898671096345515 0.5475 0.29817275747508304 0.539375 0.2956810631229236 0.534375 0.2823920265780731 0.538125 0.2707641196013289 0.55 0.2649501661129568
1 0.5825 0.4867109634551495 0.584375 0.5033222591362126 0.5825 0.510797342192691 0.5775 0.5149501661129569 0.56875 0.5099667774086378 0.568125 0.49335548172757476 0.574375 0.48421926910299 0.578125 0.4833887043189369 0.581875 0.4867109634551495
1 0.566875 0.38787375415282394 0.571875 0.39285714285714285 0.574375 0.40282392026578073 0.570625 0.4119601328903654 0.56375 0.4152823920265781 0.556875 0.4119601328903654 0.554375 0.40780730897009965 0.553125 0.39285714285714285 0.5575 0.38787375415282394 0.56625 0.38787375415282394
1 0.44 0.40863787375415284 0.44625 0.4152823920265781 0.44875 0.42524916943521596 0.445 0.4335548172757475 0.43875 0.4368770764119601 0.43 0.43106312292358806 0.425625 0.41777408637873753 0.42875 0.40863787375415284 0.439375 0.40863787375415284
1 0.5475 0.23837209302325582 0.55375 0.2441860465116279 0.555 0.2558139534883721 0.5525 0.2632890365448505 0.54625 0.26578073089701 0.538125 0.2632890365448505 0.535 0.24833887043189368 0.54 0.23920265780730898 0.546875 0.23837209302325582
1 0.443125 0.5290697674418605 0.448125 0.5348837209302325 0.44875 0.5456810631229236 0.4425 0.5589700996677741 0.435625 0.5614617940199336 0.43125 0.5589700996677741 0.429375 0.5456810631229236 0.431875 0.5373754152823921 0.43625 0.53156146179402 0.4425 0.5290697674418605
1 0.533125 0.22093023255813954 0.538125 0.22591362126245848 0.539375 0.23754152823920266 0.533125 0.2516611295681063 0.52625 0.2541528239202658 0.521875 0.25249169435215946 0.51875 0.24750830564784054 0.51875 0.2367109634551495 0.525625 0.22425249169435216 0.5325 0.22093023255813954