1 0.7560975609756098 0.4875 0.7642276422764228 0.4925 0.7750677506775068 0.495 0.7994579945799458 0.495 0.8048780487804879 0.493125 0.8102981029810298 0.486875 0.8075880758807588 0.481875 0.7967479674796748 0.476875 0.7615176151761518 0.476875 0.7560975609756098 0.480625 0.7560975609756098 0.4875
1 0.5149051490514905 0.7975 0.5284552845528455 0.8025 0.5528455284552846 0.8 0.5663956639566395 0.789375 0.5636856368563685 0.7825 0.5420054200542005 0.77875 0.5203252032520326 0.783125 0.5149051490514905 0.788125 0.5149051490514905 0.7975
1 0.2588075880758808 0.64875 0.27235772357723576 0.64875 0.2886178861788618 0.63875 0.2859078590785908 0.629375 0.2764227642276423 0.62625 0.2669376693766938 0.62625 0.25338753387533874 0.63125 0.25338753387533874 0.64375 0.2588075880758808 0.64875
1 0.25338753387533874 0.58875 0.2696476964769648 0.5875 0.28319783197831977 0.58125 0.28319783197831977 0.5725 0.2696476964769648 0.566875 0.25609756097560976 0.5675 0.24254742547425473 0.57375 0.23983739837398374 0.58125 0.25338753387533874 0.58875
1 0.6449864498644986 0.47625 0.6585365853658537 0.483125 0.6775067750677507 0.483125 0.6883468834688347 0.47875 0.6883468834688347 0.471875 0.6775067750677507 0.46625 0.6504065040650406 0.465625 0.6449864498644986 0.468125 0.6449864498644986 0.47625
1 0.4159891598915989 0.7375 0.4241192411924119 0.74 0.44579945799457993 0.7375 0.453929539295393 0.725625 0.44850948509485095 0.718125 0.43902439024390244 0.714375 0.42953929539295393 0.714375 0.4132791327913279 0.721875 0.4105691056910569 0.731875 0.4159891598915989 0.7375
1 0.497289972899729 0.473125 0.5176151761517616 0.47375 0.5311653116531165 0.468125 0.5338753387533876 0.45875 0.524390243902439 0.451875 0.5013550135501355 0.451875 0.489159891598916 0.45875 0.489159891598916 0.469375 0.497289972899729 0.473125
1 0.24932249322493225 0.5840625 0.0027100271002710027 0.000625
1 0.2018970189701897 0.570625 0.23035230352303523 0.571875 0.23712737127371275 0.569375 0.24254742547425473 0.5625 0.23170731707317074 0.555625 0.2181571815718157 0.5525 0.1910569105691057 0.55375 0.18834688346883469 0.560625 0.2018970189701897 0.570625
1 0.6531165311653117 0.63125 0.6585365853658537 0.63375 0.6788617886178862 0.634375 0.6937669376693767 0.63 0.6991869918699187 0.623125 0.6937669376693767 0.615 0.6720867208672087 0.613125 0.6598915989159891 0.61625 0.6531165311653117 0.62125 0.6531165311653117 0.63125
1 0.47560975609756095 0.57625 0.48644986449864497 0.58125 0.5176151761517616 0.58125 0.5284552845528455 0.575625 0.5271002710027101 0.569375 0.510840108401084 0.56375 0.48644986449864497 0.564375 0.47560975609756095 0.5675 0.47560975609756095 0.57625
1 0.2994579945799458 0.650625 0.3238482384823848 0.65125 0.33739837398373984 0.64125 0.3346883468834688 0.63375 0.32113821138211385 0.63 0.3048780487804878 0.631875 0.2940379403794038 0.636875 0.29132791327913277 0.64625 0.2994579945799458 0.650625
1 0.8130081300813008 0.64375 0.8373983739837398 0.64625 0.8482384823848238 0.6425 0.8482384823848238 0.631875 0.8373983739837398 0.626875 0.8211382113821138 0.625 0.8062330623306233 0.6275 0.8021680216802168 0.63625 0.8130081300813008 0.64375
1 0.34010840108401086 0.63625 0.34552845528455284 0.64125 0.35907859078590787 0.644375 0.3712737127371274 0.644375 0.3861788617886179 0.64 0.3861788617886179 0.629375 0.37533875338753386 0.623125 0.3509485094850949 0.6225 0.34417344173441733 0.624375 0.34010840108401086 0.62625 0.34010840108401086 0.63625
1 0.2899728997289973 0.630625 0.31842818428184283 0.63125 0.3265582655826558 0.62 0.3238482384823848 0.61125 0.3170731707317073 0.609375 0.3021680216802168 0.61 0.2859078590785908 0.615 0.28319783197831977 0.62625 0.2899728997289973 0.630625
1 0.25338753387533874 0.669375 0.27235772357723576 0.6675 0.28319783197831977 0.6625 0.28319783197831977 0.6575 0.27235772357723576 0.649375 0.2506775067750677 0.649375 0.23983739837398374 0.654375 0.23983739837398374 0.6625 0.25338753387533874 0.669375
1 0.2845528455284553 0.44375 0.3021680216802168 0.449375 0.31978319783197834 0.4475 0.3238482384823848 0.439375 0.3021680216802168 0.4325 0.2886178861788618 0.4325 0.2804878048780488 0.43625 0.2845528455284553 0.44375
1 0.3780487804878049 0.6725 0.3861788617886179 0.675625 0.4078590785907859 0.675 0.4241192411924119 0.665625 0.42140921409214094 0.65625 0.4024390243902439 0.65625 0.38346883468834686 0.660625 0.3780487804878049 0.665 0.3780487804878049 0.6725
1 0.19647696476964768 0.4975 0.2073170731707317 0.49875 0.2222222222222222 0.49625 0.22899728997289973 0.485 0.22086720867208673 0.479375 0.1937669376693767 0.478125 0.1856368563685637 0.481875 0.1856368563685637 0.491875 0.19647696476964768 0.4975
1 0.18834688346883469 0.8 0.22086720867208673 0.8 0.22357723577235772 0.794375 0.21544715447154472 0.78125 0.19647696476964768 0.7775 0.17750677506775067 0.783125 0.17479674796747968 0.79125 0.18834688346883469 0.8
1 0.2696476964769648 0.606875 0.2804878048780488 0.6125 0.2886178861788618 0.613125 0.3130081300813008 0.606875 0.3157181571815718 0.595625 0.31029810298102983 0.591875 0.2859078590785908 0.591875 0.2750677506775068 0.595625 0.2696476964769648 0.6 0.2696476964769648 0.606875
1 0.7777777777777778 0.711875 0.7940379403794038 0.71125 0.8075880758807588 0.705 0.8048780487804879 0.6925 0.7859078590785907 0.690625 0.7723577235772358 0.69375 0.7696476964769647 0.708125 0.7777777777777778 0.711875
1 0.43224932249322495 0.67875 0.44850948509485095 0.683125 0.46747967479674796 0.68125 0.47289972899729 0.6775 0.47289972899729 0.67 0.46612466124661245 0.66375 0.453929539295393 0.660625 0.42953929539295393 0.6625 0.4268292682926829 0.67375 0.43224932249322495 0.67875
1 0.27235772357723576 0.51125 0.28319783197831977 0.51375 0.2994579945799458 0.51375 0.3130081300813008 0.508125 0.31029810298102983 0.50125 0.3021680216802168 0.49625 0.2859078590785908 0.4925 0.26422764227642276 0.495 0.26151761517615174 0.504375 0.27235772357723576 0.51125
1 0.10975609756097561 0.540625 0.11517615176151762 0.544375 0.12872628726287264 0.5475 0.15447154471544716 0.5475 0.16666666666666666 0.5425 0.16666666666666666 0.5375 0.16124661246612465 0.533125 0.14769647696476965 0.529375 0.12330623306233063 0.529375 0.11517615176151762 0.53125 0.10975609756097561 0.535625 0.10975609756097561 0.540625
1 0.8523035230352304 0.68 0.8590785907859079 0.6825 0.8780487804878049 0.681875 0.8861788617886179 0.675625 0.8834688346883469 0.665625 0.8726287262872628 0.660625 0.8509485094850948 0.660625 0.8455284552845529 0.663125 0.8428184281842819 0.669375 0.8523035230352304 0.68
1 0.32926829268292684 0.785 0.3509485094850949 0.7875 0.3699186991869919 0.78375 0.3861788617886179 0.775625 0.3861788617886179 0.77125 0.37262872628726285 0.76625 0.34823848238482386 0.76625 0.3346883468834688 0.769375 0.3265582655826558 0.774375 0.3238482384823848 0.779375 0.32926829268292684 0.785
1 0.5203252032520326 0.691875 0.532520325203252 0.69125 0.5392953929539296 0.68875 0.5501355013550135 0.680625 0.5501355013550135 0.670625 0.5365853658536586 0.663125 0.5230352303523035 0.66625 0.5067750677506775 0.675625 0.5067750677506775 0.686875 0.5203252032520326 0.691875
1 0.8780487804878049 0.620625 0.8943089430894309 0.618125 0.8997289972899729 0.609375 0.8915989159891599 0.6025 0.8726287262872628 0.601875 0.8563685636856369 0.605 0.8563685636856369 0.619375 0.8780487804878049 0.620625
1 0.3238482384823848 0.665625 0.35501355013550134 0.665625 0.37262872628726285 0.6575 0.37262872628726285 0.650625 0.36449864498644985 0.64625 0.33739837398373984 0.64625 0.32113821138211385 0.65125 0.31842818428184283 0.6625 0.3238482384823848 0.665625
1 0.5718157181571816 0.80375 0.5799457994579946 0.80375 0.6043360433604336 0.8 0.6097560975609756 0.79 0.5989159891598916 0.78625 0.5880758807588076 0.785625 0.5718157181571816 0.788125 0.5609756097560976 0.7925 0.5609756097560976 0.800625 0.5718157181571816 0.80375
1 0.2046070460704607 0.69875 0.22628726287262874 0.69875 0.24525745257452575 0.690625 0.24525745257452575 0.685 0.23306233062330622 0.68 0.21002710027100271 0.680625 0.1991869918699187 0.6875 0.19647696476964768 0.69375 0.2046070460704607 0.69875
1 0.35636856368563685 0.51625 0.37262872628726285 0.51875 0.3861788617886179 0.514375 0.3888888888888889 0.50125 0.38346883468834686 0.49625 0.36720867208672087 0.4925 0.35636856368563685 0.4925 0.3428184281842818 0.4975 0.34010840108401086 0.50625 0.35636856368563685 0.51625
1 0.43224932249322495 0.4925 0.43766937669376693 0.495625 0.453929539295393 0.499375 0.4634146341463415 0.499375 0.47560975609756095 0.49625 0.47831978319783197 0.48875 0.470189701897019 0.481875 0.45528455284552843 0.47875 0.43766937669376693 0.480625 0.43224932249322495 0.483125 0.43224932249322495 0.4925
1 0.4159891598915989 0.701875 0.44037940379403795 0.700625 0.45121951219512196 0.695625 0.45121951219512196 0.68875 0.43766937669376693 0.683125 0.4159891598915989 0.6825 0.3997289972899729 0.686875 0.3970189701897019 0.694375 0.4159891598915989 0.701875
1 0.470189701897019 0.444375 0.481029810298103 0.449375 0.5094850948509485 0.45 0.5203252032520326 0.445625 0.5203252032520326 0.438125 0.5067750677506775 0.4325 0.489159891598916 0.431875 0.47560975609756095 0.435 0.470189701897019 0.438125 0.470189701897019 0.444375
1 0.2018970189701897 0.5175 0.2181571815718157 0.5175 0.23712737127371275 0.513125 0.24254742547425473 0.504375 0.23848238482384823 0.499375 0.22628726287262874 0.4975 0.2018970189701897 0.5 0.1910569105691057 0.505 0.1910569105691057 0.515 0.2018970189701897 0.5175
1 0.26422764227642276 0.68875 0.2859078590785908 0.689375 0.2967479674796748 0.6875 0.2994579945799458 0.675625 0.2872628726287263 0.67 0.2804878048780488 0.668125 0.26151761517615174 0.668125 0.25338753387533874 0.670625 0.2506775067750677 0.680625 0.26422764227642276 0.68875
1 0.6368563685636857 0.9075 0.6504065040650406 0.910625 0.6680216802168022 0.910625 0.6775067750677507 0.9075 0.6802168021680217 0.90125 0.6666666666666666 0.889375 0.6368563685636857 0.889375 0.6287262872628726 0.8925 0.6260162601626016 0.90125 0.6368563685636857 0.9075
1 0.7615176151761518 0.61 0.7777777777777778 0.615 0.7994579945799458 0.613125 0.8048780487804879 0.608125 0.8048780487804879 0.601875 0.7967479674796748 0.595 0.7859078590785907 0.591875 0.7696476964769647 0.591875 0.7588075880758808 0.595 0.7560975609756098 0.605 0.7615176151761518 0.61
1 0.2127371273712737 0.654375 0.22086720867208673 0.6575 0.23170731707317074 0.6575 0.2506775067750677 0.649375 0.25338753387533874 0.64375 0.23983739837398374 0.635 0.22628726287262874 0.63625 0.2181571815718157 0.64125 0.2127371273712737 0.64625 0.2127371273712737 0.654375
1 0.5636856368563685 0.504375 0.592140921409214 0.504375 0.6043360433604336 0.499375 0.6043360433604336 0.494375 0.5989159891598916 0.49 0.5677506775067751 0.490625 0.5609756097560976 0.494375 0.5636856368563685 0.504375
1 0.5799457994579946 0.8675 0.5880758807588076 0.87125 0.6097560975609756 0.87 0.6205962059620597 0.863125 0.6205962059620597 0.85375 0.6097560975609756 0.848125 0.5934959349593496 0.848125 0.5840108401084011 0.85125 0.5772357723577236 0.855 0.5799457994579946 0.8675
1 0.7073170731707317 0.6125 0.7262872628726287 0.61625 0.7425474254742548 0.615625 0.7479674796747967 0.613125 0.7479674796747967 0.605 0.7371273712737128 0.598125 0.7235772357723578 0.59375 0.7046070460704607 0.595625 0.6991869918699187 0.605625 0.7073170731707317 0.6125
1 0.7994579945799458 0.681875 0.8238482384823849 0.685 0.8428184281842819 0.681875 0.8482384823848238 0.67875 0.8401084010840109 0.6675 0.8157181571815718 0.66625 0.8021680216802168 0.66875 0.7967479674796748 0.671875 0.7994579945799458 0.681875
1 0.6504065040650406 0.439375 0.6612466124661247 0.444375 0.6842818428184282 0.4475 0.6937669376693767 0.441875 0.6937669376693767 0.435 0.6883468834688347 0.43 0.6720867208672087 0.42625 0.6531165311653117 0.4275 0.6476964769647696 0.431875 0.6504065040650406 0.439375
1 0.453929539295393 0.478125 0.46747967479674796 0.481875 0.4823848238482385 0.48125 0.489159891598916 0.476875 0.48644986449864497 0.46125 0.47831978319783197 0.458125 0.46747967479674796 0.4575 0.45934959349593496 0.45875 0.45121951219512196 0.463125 0.44850948509485095 0.471875 0.453929539295393 0.478125
1 0.2181571815718157 0.595 0.24119241192411925 0.595625 0.24796747967479674 0.59375 0.24796747967479674 0.586875 0.23712737127371275 0.57875 0.23035230352303523 0.576875 0.21544715447154472 0.576875 0.2073170731707317 0.579375 0.2046070460704607 0.588125 0.2181571815718157 0.595
1 0.21544715447154472 0.62 0.23577235772357724 0.62 0.24796747967479674 0.613125 0.24796747967479674 0.605 0.23441734417344173 0.600625 0.2127371273712737 0.600625 0.2046070460704607 0.60375 0.2046070460704607 0.615 0.21544715447154472 0.62
1 0.8265582655826558 0.515 0.8373983739837398 0.519375 0.8590785907859079 0.51875 0.8644986449864499 0.515 0.8617886178861789 0.503125 0.8536585365853658 0.5 0.8292682926829268 0.50125 0.8238482384823849 0.505 0.8265582655826558 0.515
1 0.5880758807588076 0.705 0.6097560975609756 0.70375 0.6178861788617886 0.69875 0.6178861788617886 0.68875 0.6097560975609756 0.685625 0.5934959349593496 0.685625 0.5772357723577236 0.691875 0.5745257452574526 0.69875 0.5880758807588076 0.705
1 0.8211382113821138 0.62 0.8441734417344173 0.62 0.8482384823848238 0.618125 0.8536585365853658 0.608125 0.8428184281842819 0.60375 0.8346883468834688 0.601875 0.8075880758807588 0.603125 0.8048780487804879 0.61125 0.8211382113821138 0.62
1 0.5609756097560976 0.5525 0.5691056910569106 0.555 0.5840108401084011 0.55375 0.5907859078590786 0.546875 0.5867208672086721 0.538125 0.5609756097560976 0.5375 0.5582655826558266 0.54 0.5555555555555556 0.5475 0.5609756097560976 0.5525
1 0.483739837398374 0.6725 0.489159891598916 0.675625 0.5040650406504065 0.675625 0.5257452574525745 0.665625 0.5257452574525745 0.66 0.5176151761517616 0.655625 0.5013550135501355 0.655625 0.489159891598916 0.658125 0.483739837398374 0.6625 0.483739837398374 0.6725
1 0.940379403794038 0.6125 0.959349593495935 0.6125 0.9728997289972899 0.606875 0.9728997289972899 0.600625 0.9566395663956639 0.59375 0.9376693766937669 0.59375 0.9186991869918699 0.598125 0.9159891598915989 0.6025 0.940379403794038 0.6125
1 0.5555555555555556 0.726875 0.5745257452574526 0.72625 0.5853658536585366 0.72 0.5826558265582655 0.705 0.5745257452574526 0.701875 0.5609756097560976 0.701875 0.5447154471544715 0.708125 0.5447154471544715 0.721875 0.5555555555555556 0.726875
1 0.23035230352303523 0.76875 0.24525745257452575 0.77375 0.25338753387533874 0.774375 0.27235772357723576 0.7675 0.27235772357723576 0.758125 0.2669376693766938 0.754375 0.24254742547425473 0.753125 0.22899728997289973 0.75625 0.22628726287262874 0.765 0.23035230352303523 0.76875
1 0.4132791327913279 0.64625 0.43360433604336046 0.646875 0.44579945799457993 0.641875 0.44579945799457993 0.635 0.42953929539295393 0.626875 0.4078590785907859 0.62625 0.3997289972899729 0.629375 0.3970189701897019 0.636875 0.4132791327913279 0.64625
1 0.29132791327913277 0.3825 0.3021680216802168 0.386875 0.3238482384823848 0.386875 0.33739837398373984 0.384375 0.34010840108401086 0.381875 0.34010840108401086 0.375625 0.3346883468834688 0.3725 0.32113821138211385 0.37 0.3075880758807588 0.37 0.2953929539295393 0.37375 0.29132791327913277 0.375625 0.29132791327913277 0.3825
1 0.5311653116531165 0.6625 0.5474254742547425 0.6625 0.5609756097560976 0.66 0.5663956639566395 0.655625 0.5663956639566395 0.650625 0.5528455284552846 0.644375 0.5447154471544715 0.6425 0.5176151761517616 0.644375 0.5121951219512195 0.65375 0.5311653116531165 0.6625
1 0.5555555555555556 0.535625 0.5826558265582655 0.535625 0.5907859078590786 0.5325 0.5907859078590786 0.525625 0.5826558265582655 0.52125 0.5704607046070461 0.51875 0.5528455284552846 0.51875 0.5447154471544715 0.520625 0.5420054200542005 0.529375 0.5555555555555556 0.535625
1 0.5704607046070461 0.828125 0.5772357723577236 0.83125 0.5962059620596206 0.83125 0.6097560975609756 0.82375 0.6097560975609756 0.8125 0.5989159891598916 0.80875 0.5853658536585366 0.80875 0.5718157181571816 0.814375 0.5663956639566395 0.81875 0.5704607046070461 0.828125
1 0.6260162601626016 0.793125 0.6368563685636857 0.8 0.6476964769647696 0.801875 0.6693766937669376 0.800625 0.6775067750677507 0.794375 0.6775067750677507 0.789375 0.6720867208672087 0.785 0.6558265582655827 0.780625 0.6395663956639567 0.78125 0.6314363143631436 0.78375 0.6260162601626016 0.7875 0.6260162601626016 0.793125
1 0.23712737127371275 0.8025 0.2506775067750677 0.800625 0.2669376693766938 0.790625 0.26287262872628725 0.78125 0.25338753387533874 0.7775 0.24254742547425473 0.7775 0.22628726287262874 0.7825 0.22357723577235772 0.7975 0.23712737127371275 0.8025
1 0.7262872628726287 0.59375 0.7466124661246613 0.59375 0.7642276422764228 0.58875 0.7642276422764228 0.58 0.7533875338753387 0.574375 0.7344173441734417 0.57375 0.7181571815718157 0.57875 0.7154471544715447 0.58875 0.7262872628726287 0.59375
1 0.5365853658536586 0.826875 0.5528455284552846 0.82625 0.5609756097560976 0.821875 0.5663956639566395 0.806875 0.5582655826558266 0.800625 0.5447154471544715 0.800625 0.5311653116531165 0.8075 0.5284552845528455 0.821875 0.5365853658536586 0.826875
1 0.7073170731707317 0.449375 0.7330623306233063 0.450625 0.7452574525745257 0.4475 0.7452574525745257 0.439375 0.7317073170731707 0.4325 0.7018970189701897 0.431875 0.6937669376693767 0.434375 0.6910569105691057 0.441875 0.7073170731707317 0.449375
1 0.5067750677506775 0.42875 0.5230352303523035 0.42875 0.5311653116531165 0.425 0.5365853658536586 0.41375 0.5284552845528455 0.40875 0.5067750677506775 0.408125 0.497289972899729 0.41375 0.497289972899729 0.425 0.5067750677506775 0.42875
1 0.3048780487804878 0.93 0.32113821138211385 0.935 0.3428184281842818 0.935 0.3617886178861789 0.928125 0.3617886178861789 0.920625 0.3509485094850949 0.915625 0.3238482384823848 0.915 0.3075880758807588 0.9175 0.3021680216802168 0.9225 0.3048780487804878 0.93
1 0.2750677506775068 0.48875 0.2967479674796748 0.491875 0.31842818428184283 0.4875 0.31842818428184283 0.479375 0.3116531165311653 0.47625 0.27235772357723576 0.476875 0.2696476964769648 0.484375 0.2750677506775068 0.48875
1 0.3265582655826558 0.67875 0.33739837398373984 0.685 0.35907859078590787 0.685625 0.37262872628726285 0.681875 0.37533875338753386 0.673125 0.3712737127371274 0.67 0.3604336043360434 0.6675 0.34010840108401086 0.6675 0.3319783197831978 0.670625 0.3265582655826558 0.67375 0.3265582655826558 0.67875
1 0.3943089430894309 0.405625 0.4024390243902439 0.411875 0.42140921409214094 0.416875 0.4363143631436314 0.416875 0.44308943089430897 0.415 0.44850948509485095 0.408125 0.44037940379403795 0.4 0.4186991869918699 0.39375 0.4010840108401084 0.394375 0.3943089430894309 0.39875 0.3943089430894309 0.405625