1 0.36710963455149503 0.313125 0.3504983388704319 0.313125 0.3388704318936877 0.3225 0.33970099667774084 0.3325 0.3554817275747508 0.341875 0.36710963455149503 0.3425 0.38205980066445183 0.33625 0.3795681063122924 0.32375 0.36710963455149503 0.313125
1 0.4900332225913621 0.460625 0.4808970099667774 0.45 0.46179401993355484 0.449375 0.45598006644518274 0.4525 0.4543189368770764 0.45875 0.45930232558139533 0.470625 0.462624584717608 0.4725 0.4850498338870432 0.47375 0.4900332225913621 0.46875 0.4900332225913621 0.460625
1 0.4435215946843854 0.3825 0.4543189368770764 0.37375 0.45514950166112955 0.369375 0.45099667774086377 0.35875 0.44019933554817275 0.34875 0.4269102990033223 0.3425 0.4210963455149502 0.3425 0.41362126245847175 0.34625 0.41029900332225916 0.353125 0.4119601328903654 0.37 0.4269102990033223 0.381875 0.4435215946843854 0.3825
1 0.35631229235880396 0.5725 0.36710963455149503 0.56625 0.3770764119601329 0.555 0.37624584717607973 0.541875 0.3704318936877076 0.5375 0.3646179401993355 0.5375 0.35299003322259137 0.54 0.34053156146179403 0.5475 0.3330564784053156 0.555625 0.33222591362126247 0.56375 0.33637873754152825 0.57 0.34136212624584716 0.5725 0.35631229235880396 0.5725
1 0.34717607973421927 0.48125 0.33554817275747506 0.470625 0.3230897009966777 0.470625 0.3106312292358804 0.480625 0.30980066445182725 0.498125 0.32142857142857145 0.5075 0.3289036544850498 0.5075 0.33637873754152825 0.50375 0.34717607973421927 0.49125 0.34717607973421927 0.48125
1 0.24003322259136212 0.66625 0.2425249169435216 0.656875 0.23255813953488372 0.644375 0.22425249169435216 0.641875 0.21511627906976744 0.641875 0.20431893687707642 0.646875 0.20016611295681064 0.654375 0.20016611295681064 0.661875 0.2101328903654485 0.67125 0.22591362126245848 0.673125 0.24003322259136212 0.66625
1 0.3089700996677741 0.55875 0.3131229235880399 0.553125 0.313953488372093 0.546875 0.3089700996677741 0.54 0.2807308970099668 0.53875 0.2666112956810631 0.544375 0.2616279069767442 0.556875 0.26744186046511625 0.565 0.27408637873754155 0.5675 0.28488372093023256 0.5675 0.29817275747508304 0.565 0.3089700996677741 0.55875
1 0.1760797342192691 0.435625 0.18853820598006646 0.428125 0.19102990033222592 0.421875 0.19186046511627908 0.41625 0.18853820598006646 0.40875 0.17275747508305647 0.398125 0.1536544850498339 0.396875 0.14700996677740863 0.400625 0.1420265780730897 0.41 0.1420265780730897 0.418125 0.15282392026578073 0.43375 0.15863787375415284 0.43625 0.1760797342192691 0.435625
1 0.45598006644518274 0.46125 0.446843853820598 0.453125 0.43023255813953487 0.4525 0.4219269102990033 0.46 0.4186046511627907 0.473125 0.4277408637873754 0.485 0.43521594684385384 0.48875 0.44435215946843853 0.488125 0.457641196013289 0.47375 0.45598006644518274 0.46125
1 0.4833887043189369 0.556875 0.48255813953488375 0.54625 0.4684385382059801 0.534375 0.45182724252491696 0.53125 0.4418604651162791 0.535 0.43853820598006643 0.548125 0.4435215946843854 0.558125 0.4485049833887043 0.56125 0.45598006644518274 0.565 0.47093023255813954 0.565 0.4833887043189369 0.556875
1 0.5149501661129569 0.458125 0.5141196013289037 0.424375 0.5049833887043189 0.41875 0.49169435215946844 0.42125 0.4833887043189369 0.42875 0.48172757475083056 0.43375 0.4808970099667774 0.441875 0.48588039867109634 0.454375 0.49916943521594687 0.465 0.510797342192691 0.464375 0.5149501661129569 0.458125
1 0.4692691029900332 0.641875 0.4692691029900332 0.628125 0.45598006644518274 0.62 0.44019933554817275 0.62 0.43106312292358806 0.629375 0.4269102990033223 0.630625 0.4269102990033223 0.63625 0.43023255813953487 0.64 0.44435215946843853 0.646875 0.45930232558139533 0.64625 0.4692691029900332 0.641875
1 0.48255813953488375 0.513125 0.5008305647840532 0.509375 0.5024916943521595 0.501875 0.5 0.49875 0.48588039867109634 0.49375 0.4684385382059801 0.49625 0.462624584717608 0.5 0.4601328903654485 0.505625 0.462624584717608 0.516875 0.4684385382059801 0.519375 0.4742524916943522 0.51875 0.48255813953488375 0.513125
1 0.4127906976744186 0.478125 0.4210963455149502 0.463125 0.4210963455149502 0.4525 0.4186046511627907 0.449375 0.4119601328903654 0.44625 0.4019933554817276 0.4475 0.38372093023255816 0.46 0.37790697674418605 0.470625 0.3795681063122924 0.4825 0.38704318936877075 0.486875 0.40365448504983387 0.485 0.4127906976744186 0.478125
1 0.21511627906976744 0.37625 0.21511627906976744 0.36375 0.20348837209302326 0.354375 0.17691029900332225 0.35125 0.1669435215946844 0.35375 0.16196013289036545 0.35875 0.16196013289036545 0.37375 0.17857142857142858 0.385 0.2009966777408638 0.386875 0.2059800664451827 0.385 0.21511627906976744 0.37625
1 0.36710963455149503 0.533125 0.36794019933554817 0.524375 0.3596345514950166 0.515 0.3504983388704319 0.51 0.3280730897009967 0.508125 0.313953488372093 0.51875 0.313953488372093 0.526875 0.32641196013289037 0.53625 0.3338870431893688 0.53875 0.35631229235880396 0.53875 0.36710963455149503 0.533125
1 0.3853820598006645 0.66125 0.39285714285714285 0.65625 0.39700996677740863 0.65 0.3978405315614618 0.64 0.3920265780730897 0.630625 0.38205980066445183 0.625625 0.37375415282392027 0.625625 0.3546511627906977 0.63875 0.35299003322259137 0.66125 0.3596345514950166 0.66625 0.36794019933554817 0.66625 0.37624584717607973 0.6625 0.3853820598006645 0.66125
1 0.5116279069767442 0.59625 0.5124584717607974 0.585 0.49916943521594687 0.57125 0.4908637873754153 0.5675 0.47674418604651164 0.5675 0.47259136212624586 0.575 0.47259136212624586 0.585625 0.47591362126245845 0.59375 0.4867109634551495 0.60125 0.49916943521594687 0.60375 0.5116279069767442 0.59625
1 0.48006644518272423 0.440625 0.48255813953488375 0.424375 0.47591362126245845 0.41625 0.4700996677740864 0.41375 0.45930232558139533 0.41375 0.4426910299003322 0.42375 0.44019933554817275 0.435625 0.44601328903654486 0.4475 0.45099667774086377 0.449375 0.47093023255813954 0.4475 0.48006644518272423 0.440625
1 0.3596345514950166 0.31125 0.36794019933554817 0.31125 0.3795681063122924 0.3025 0.3803986710963455 0.296875 0.37624584717607973 0.286875 0.3646179401993355 0.27625 0.3554817275747508 0.271875 0.34136212624584716 0.271875 0.3380398671096346 0.276875 0.3388704318936877 0.28875 0.3430232558139535 0.2975 0.35299003322259137 0.308125 0.3596345514950166 0.31125
1 0.34717607973421927 0.404375 0.3546511627906977 0.4 0.36212624584717606 0.39125 0.36212624584717606 0.383125 0.3579734219269103 0.3775 0.3504983388704319 0.37375 0.3388704318936877 0.373125 0.33056478405315615 0.375625 0.32475083056478404 0.380625 0.3181063122923588 0.39 0.31561461794019935 0.399375 0.3239202657807309 0.40625 0.34717607973421927 0.404375
1 0.5348837209302325 0.413125 0.5448504983388704 0.40625 0.5456810631229236 0.398125 0.5431893687707641 0.3925 0.5274086378737541 0.380625 0.5099667774086378 0.380625 0.5 0.386875 0.49916943521594687 0.395 0.5016611295681063 0.401875 0.5049833887043189 0.40625 0.5174418604651163 0.413125 0.5348837209302325 0.413125
1 0.4601328903654485 0.595 0.45514950166112955 0.5875 0.446843853820598 0.584375 0.43106312292358806 0.584375 0.41777408637873753 0.594375 0.4186046511627907 0.60375 0.4318936877076412 0.611875 0.4485049833887043 0.610625 0.457641196013289 0.605625 0.4601328903654485 0.595
1 0.5282392026578073 0.553125 0.5149501661129569 0.541875 0.49169435215946844 0.54 0.4850498338870432 0.5425 0.48421926910299 0.554375 0.489202657807309 0.5625 0.5074750830564784 0.568125 0.5199335548172758 0.5675 0.5282392026578073 0.56375 0.5282392026578073 0.553125
1 0.3289036544850498 0.288125 0.33637873754152825 0.28 0.33637873754152825 0.271875 0.32641196013289037 0.265625 0.3089700996677741 0.264375 0.30066445182724255 0.265625 0.29485049833887045 0.27 0.28903654485049834 0.276875 0.28820598006644516 0.28375 0.2973421926910299 0.291875 0.31893687707641194 0.29125 0.3289036544850498 0.288125
1 0.38704318936877075 0.548125 0.4019933554817276 0.558125 0.4219269102990033 0.5575 0.4318936877076412 0.551875 0.43521594684385384 0.5475 0.43521594684385384 0.54 0.43023255813953487 0.5325 0.42524916943521596 0.529375 0.4169435215946844 0.526875 0.3995016611295681 0.526875 0.38704318936877075 0.531875 0.38372093023255816 0.53625 0.38372093023255816 0.5425 0.38704318936877075 0.548125
1 0.260797342192691 0.495 0.26245847176079734 0.48875 0.2599667774086379 0.481875 0.25 0.474375 0.22674418604651161 0.47625 0.2101328903654485 0.48125 0.2026578073089701 0.488125 0.2059800664451827 0.5 0.21843853820598005 0.505625 0.24916943521594684 0.505 0.260797342192691 0.495
1 0.4883720930232558 0.47875 0.4833887043189369 0.47375 0.46511627906976744 0.473125 0.45598006644518274 0.475625 0.4476744186046512 0.485 0.446843853820598 0.491875 0.4543189368770764 0.499375 0.46179401993355484 0.50125 0.489202657807309 0.48875 0.4883720930232558 0.47875
1 0.28903654485049834 0.5125 0.292358803986711 0.51 0.2931893687707641 0.50375 0.28820598006644516 0.495625 0.27740863787375414 0.491875 0.2632890365448505 0.49375 0.24916943521594684 0.505625 0.25 0.513125 0.2574750830564784 0.51875 0.2649501661129568 0.51875 0.2724252491694352 0.515 0.28903654485049834 0.5125
1 0.2931893687707641 0.433125 0.3081395348837209 0.43375 0.31478405315614616 0.430625 0.32142857142857145 0.423125 0.3222591362126246 0.416875 0.31893687707641194 0.408125 0.3089700996677741 0.40125 0.3073089700996678 0.3975 0.3023255813953488 0.395 0.29069767441860467 0.395 0.2799003322259136 0.4 0.2799003322259136 0.42125 0.2823920265780731 0.425625 0.2931893687707641 0.433125
1 0.45514950166112955 0.509375 0.45514950166112955 0.501875 0.4435215946843854 0.49125 0.4269102990033223 0.490625 0.41445182724252494 0.495625 0.40365448504983387 0.50375 0.3995016611295681 0.515625 0.4061461794019934 0.524375 0.43023255813953487 0.526875 0.45099667774086377 0.515625 0.45514950166112955 0.509375
1 0.39700996677740863 0.329375 0.4069767441860465 0.33 0.4111295681063123 0.329375 0.420265780730897 0.32 0.4210963455149502 0.309375 0.4119601328903654 0.29625 0.3978405315614618 0.291875 0.38787375415282394 0.293125 0.38372093023255816 0.29625 0.3803986710963455 0.303125 0.3803986710963455 0.310625 0.38372093023255816 0.32125 0.38787375415282394 0.324375 0.39700996677740863 0.329375
1 0.14534883720930233 0.40125 0.15780730897009967 0.394375 0.15863787375415284 0.380625 0.1478405315614618 0.37125 0.1345514950166113 0.368125 0.12209302325581395 0.368125 0.11544850498338871 0.370625 0.11129568106312292 0.381875 0.11295681063122924 0.3875 0.11960132890365449 0.395 0.1378737541528239 0.401875 0.14534883720930233 0.40125
1 0.4119601328903654 0.394375 0.4111295681063123 0.38 0.4053156146179402 0.375625 0.3920265780730897 0.375 0.3729235880398671 0.3875 0.3704318936877076 0.398125 0.3787375415282392 0.40625 0.38787375415282394 0.40625 0.39700996677740863 0.405 0.4069767441860465 0.4 0.4119601328903654 0.394375
1 0.45099667774086377 0.408125 0.4368770764119601 0.391875 0.42441860465116277 0.39 0.41362126245847175 0.39375 0.41029900332225916 0.4 0.4111295681063123 0.40625 0.4277408637873754 0.420625 0.43521594684385384 0.420625 0.45099667774086377 0.415 0.45099667774086377 0.408125
1 0.5199335548172758 0.53625 0.520764119601329 0.53 0.5149501661129569 0.520625 0.5099667774086378 0.515625 0.5008305647840532 0.51125 0.4850498338870432 0.5125 0.4742524916943522 0.519375 0.4750830564784053 0.530625 0.48588039867109634 0.53875 0.5132890365448505 0.54 0.5199335548172758 0.53625
1 0.526578073089701 0.493125 0.5348837209302325 0.485 0.5382059800664452 0.479375 0.5382059800664452 0.47125 0.5249169435215947 0.464375 0.5141196013289037 0.464375 0.5016611295681063 0.4675 0.4900332225913621 0.47625 0.4941860465116279 0.488125 0.5 0.493125 0.5099667774086378 0.495625 0.526578073089701 0.493125
1 0.6935215946843853 0.30625 0.7026578073089701 0.2975 0.7043189368770764 0.283125 0.7001661129568106 0.273125 0.6935215946843853 0.27 0.6827242524916943 0.27 0.6661129568106312 0.28 0.6627906976744186 0.29125 0.6677740863787376 0.30125 0.6744186046511628 0.305625 0.6810631229235881 0.3075 0.6935215946843853 0.30625
1 0.14285714285714285 0.50375 0.15946843853820597 0.5025 0.17275747508305647 0.493125 0.17358803986710963 0.480625 0.17109634551495018 0.47625 0.16196013289036545 0.470625 0.15033222591362128 0.470625 0.13870431893687707 0.474375 0.132890365448505 0.47875 0.12790697674418605 0.490625 0.12956810631229235 0.498125 0.13538205980066445 0.5025 0.14285714285714285 0.50375
1 0.36212624584717606 0.433125 0.3637873754152824 0.423125 0.36129568106312293 0.416875 0.3546511627906977 0.41125 0.3388704318936877 0.41 0.3280730897009967 0.41375 0.3239202657807309 0.4225 0.3239202657807309 0.43375 0.3330564784053156 0.441875 0.3496677740863787 0.4425 0.36212624584717606 0.433125
1 0.19767441860465115 0.47875 0.2059800664451827 0.47375 0.2084717607973422 0.46625 0.2084717607973422 0.4525 0.19684385382059802 0.439375 0.19019933554817275 0.4375 0.18272425249169436 0.438125 0.1686046511627907 0.448125 0.16528239202657807 0.455 0.16528239202657807 0.464375 0.1686046511627907 0.470625 0.17857142857142858 0.478125 0.19767441860465115 0.47875
1 0.43272425249169433 0.6275 0.43521594684385384 0.619375 0.420265780730897 0.604375 0.41029900332225916 0.599375 0.3995016611295681 0.599375 0.3945182724252492 0.601875 0.38953488372093026 0.613125 0.3978405315614618 0.625 0.4127906976744186 0.630625 0.42358803986710963 0.63125 0.43272425249169433 0.6275
1 0.10548172757475083 0.45875 0.11544850498338871 0.454375 0.11960132890365449 0.45 0.12043189368770764 0.44375 0.11544850498338871 0.43625 0.1004983388704319 0.428125 0.08056478405315615 0.428125 0.07641196013289037 0.429375 0.07225913621262459 0.434375 0.07142857142857142 0.44 0.07475083056478406 0.446875 0.09136212624584718 0.4575 0.10548172757475083 0.45875
1 0.2749169435215947 0.39 0.28488372093023256 0.378125 0.2865448504983389 0.3675 0.27740863787375414 0.35375 0.2666112956810631 0.35375 0.2516611295681063 0.361875 0.24667774086378738 0.370625 0.24584717607973422 0.379375 0.24750830564784054 0.385 0.25249169435215946 0.39 0.25664451827242524 0.391875 0.2749169435215947 0.39
1 0.3380398671096346 0.371875 0.35132890365448505 0.360625 0.3521594684385382 0.355625 0.34717607973421927 0.349375 0.33970099667774084 0.3475 0.3230897009966777 0.34875 0.31561461794019935 0.35125 0.3073089700996678 0.35875 0.3064784053156146 0.37 0.3106312292358804 0.375 0.32558139534883723 0.3775 0.3380398671096346 0.371875
1 0.33554817275747506 0.3225 0.3480066445182724 0.311875 0.34717607973421927 0.303125 0.3372093023255814 0.293125 0.329734219269103 0.29125 0.31478405315614616 0.29125 0.30564784053156147 0.29375 0.2956810631229236 0.30125 0.2931893687707641 0.3075 0.29651162790697677 0.3175 0.30481727574750833 0.3225 0.33554817275747506 0.3225
1 0.3953488372093023 0.520625 0.4019933554817276 0.5075 0.4011627906976744 0.49375 0.3945182724252492 0.490625 0.38289036544850497 0.490625 0.3770764119601329 0.491875 0.36627906976744184 0.49875 0.3596345514950166 0.5075 0.3596345514950166 0.51375 0.36794019933554817 0.524375 0.3770764119601329 0.525625 0.3953488372093023 0.520625
1 0.4053156146179402 0.373125 0.40946843853820597 0.370625 0.40780730897009965 0.349375 0.4019933554817276 0.34625 0.3920265780730897 0.345625 0.38289036544850497 0.340625 0.37375415282392027 0.34875 0.37375415282392027 0.360625 0.3845514950166113 0.370625 0.3920265780730897 0.373125 0.4053156146179402 0.373125
1 0.26411960132890366 0.6875 0.2749169435215947 0.680625 0.2807308970099668 0.670625 0.2823920265780731 0.66125 0.2799003322259136 0.655625 0.2749169435215947 0.65125 0.2632890365448505 0.649375 0.25083056478405313 0.654375 0.2425249169435216 0.6625 0.23920265780730898 0.67125 0.24003322259136212 0.680625 0.24916943521594684 0.6875 0.26411960132890366 0.6875
1 0.3978405315614618 0.43625 0.41029900332225916 0.433125 0.41777408637873753 0.4275 0.420265780730897 0.424375 0.420265780730897 0.416875 0.40946843853820597 0.40625 0.4003322259136213 0.405 0.3812292358803987 0.406875 0.3745847176079734 0.40875 0.36794019933554817 0.41625 0.3696013289036545 0.4275 0.3862126245847176 0.43625 0.3978405315614618 0.43625
1 0.5672757475083057 0.59375 0.5689368770764119 0.5825 0.5606312292358804 0.575 0.5465116279069767 0.57 0.526578073089701 0.57125 0.5232558139534884 0.578125 0.5240863787375415 0.58375 0.5340531561461794 0.59625 0.5448504983388704 0.599375 0.5564784053156147 0.599375 0.5672757475083057 0.59375
1 0.3488372093023256 0.60375 0.35299003322259137 0.6 0.3538205980066445 0.59125 0.3504983388704319 0.585625 0.3330564784053156 0.579375 0.32475083056478404 0.579375 0.3089700996677741 0.584375 0.29983388704318936 0.59625 0.30066445182724255 0.60375 0.3106312292358804 0.610625 0.3347176079734219 0.60875 0.3488372093023256 0.60375
1 0.3488372093023256 0.641875 0.3704318936877076 0.625 0.3704318936877076 0.615625 0.36794019933554817 0.611875 0.36212624584717606 0.60625 0.35299003322259137 0.60375 0.3388704318936877 0.60875 0.3280730897009967 0.618125 0.32641196013289037 0.63125 0.329734219269103 0.636875 0.3388704318936877 0.641875 0.3488372093023256 0.641875
1 0.4792358803986711 0.40625 0.4833887043189369 0.400625 0.48421926910299 0.39125 0.4792358803986711 0.380625 0.4692691029900332 0.37375 0.45514950166112955 0.37375 0.446843853820598 0.381875 0.44601328903654486 0.391875 0.4485049833887043 0.4 0.457641196013289 0.409375 0.4700996677740864 0.41125 0.4792358803986711 0.40625
1 0.3023255813953488 0.53625 0.3089700996677741 0.531875 0.3081395348837209 0.519375 0.2973421926910299 0.51375 0.2823920265780731 0.51375 0.2691029900332226 0.516875 0.26245847176079734 0.521875 0.260797342192691 0.526875 0.2616279069767442 0.53375 0.26827242524916944 0.53875 0.2724252491694352 0.539375 0.3023255813953488 0.53625
1 0.276578073089701 0.490625 0.28322259136212624 0.49375 0.29651162790697677 0.49375 0.3081395348837209 0.4875 0.3089700996677741 0.479375 0.3064784053156146 0.474375 0.292358803986711 0.46 0.2799003322259136 0.456875 0.27408637873754155 0.4575 0.26744186046511625 0.461875 0.2649501661129568 0.466875 0.26578073089701 0.475625 0.2707641196013289 0.485625 0.276578073089701 0.490625
0 0.49335548172757476 0.7525 0.4601328903654485 0.73375 0.41029900332225916 0.72875 0.3637873754152824 0.7625 0.36046511627906974 0.79875 0.3903654485049834 0.8275 0.43853820598006643 0.83875 0.47840531561461797 0.8225 0.49169435215946844 0.795 0.49335548172757476 0.7525
1 0.09634551495016612 0.41375 0.09966777408637874 0.425 0.11627906976744186 0.435 0.13122923588039867 0.43375 0.14119601328903655 0.42875 0.14119601328903655 0.4075 0.1079734219269103 0.4025 0.09634551495016612 0.41375