1 0.670625 0.19102990033222592 0.675 0.20016611295681064 0.680625 0.2059800664451827 0.69 0.20764119601328904 0.698125 0.20431893687707642 0.70625 0.19019933554817275 0.70625 0.17691029900332225 0.69625 0.16196013289036545 0.681875 0.1611295681063123 0.6725 0.1719269102990033 0.670625 0.1760797342192691 0.670625 0.19102990033222592
1 0.57375 0.7134551495016611 0.58625 0.7134551495016611 0.595 0.7051495016611296 0.596875 0.6943521594684385 0.595 0.6827242524916943 0.5925 0.6769102990033222 0.581875 0.6677740863787376 0.569375 0.6677740863787376 0.560625 0.6810631229235881 0.560625 0.6910299003322259 0.57375 0.7134551495016611
1 0.418125 0.5498338870431894 0.42875 0.5498338870431894 0.43625 0.542358803986711 0.4375 0.5290697674418605 0.435 0.5224252491694352 0.43125 0.5149501661129569 0.421875 0.5058139534883721 0.418125 0.5058139534883721 0.40625 0.5166112956810631 0.406875 0.532392026578073 0.418125 0.5498338870431894
1 0.50125 0.7549833887043189 0.505 0.7583056478405316 0.51875 0.7583056478405316 0.533125 0.7450166112956811 0.5375 0.7367109634551495 0.538125 0.7250830564784053 0.5375 0.7209302325581395 0.52875 0.7117940199335548 0.514375 0.7101328903654485 0.509375 0.7117940199335548 0.4975 0.7225913621262459 0.495 0.7300664451827242 0.495 0.7441860465116279 0.50125 0.7549833887043189
1 0.3625 0.23421926910299004 0.375 0.24086378737541528 0.38125 0.24086378737541528 0.386875 0.2350498338870432 0.389375 0.21677740863787376 0.386875 0.21096345514950166 0.3775 0.2009966777408638 0.376875 0.19684385382059802 0.369375 0.19186046511627908 0.36 0.19269102990033224 0.355625 0.19684385382059802 0.355625 0.22009966777408638 0.3625 0.23421926910299004
1 0.514375 0.276578073089701 0.521875 0.28322259136212624 0.530625 0.28322259136212624 0.545 0.2757475083056478 0.550625 0.25830564784053156 0.550625 0.24916943521594684 0.54375 0.24003322259136212 0.529375 0.23920265780730898 0.514375 0.25083056478405313 0.511875 0.2558139534883721 0.51125 0.26827242524916944 0.514375 0.276578073089701
1 0.50125 0.24916943521594684 0.515625 0.24916943521594684 0.525625 0.24086378737541528 0.53125 0.23172757475083056 0.53125 0.21926910299003322 0.52625 0.21179401993355482 0.515625 0.20514950166112958 0.4975 0.20514950166112958 0.485 0.21926910299003322 0.485 0.23006644518272426 0.50125 0.24916943521594684
1 0.58375 0.5382059800664452 0.5875 0.5448504983388704 0.595625 0.5514950166112956 0.608125 0.5523255813953488 0.6175 0.5440199335548173 0.619375 0.5373754152823921 0.618125 0.520764119601329 0.609375 0.5074750830564784 0.59375 0.5083056478405316 0.58375 0.5174418604651163 0.581875 0.5232558139534884 0.58375 0.5382059800664452
1 0.55875 0.5083056478405316 0.564375 0.5182724252491694 0.570625 0.5191029900332226 0.58125 0.5058139534883721 0.588125 0.48588039867109634 0.586875 0.46179401993355484 0.583125 0.45514950166112955 0.57875 0.4526578073089701 0.566875 0.45514950166112955 0.5575 0.4775747508305648 0.556875 0.4983388704318937 0.55875 0.5083056478405316
1 0.58 0.78156146179402 0.588125 0.7931893687707641 0.595 0.792358803986711 0.601875 0.7790697674418605 0.601875 0.7666112956810631 0.596875 0.7408637873754153 0.58875 0.729235880398671 0.581875 0.728405315614618 0.576875 0.7325581395348837 0.5725 0.7416943521594684 0.5725 0.7616279069767442 0.58 0.78156146179402
1 0.73 0.5539867109634552 0.74 0.5689368770764119 0.75 0.5739202657807309 0.75875 0.5739202657807309 0.76625 0.5689368770764119 0.769375 0.5631229235880398 0.77125 0.5573089700996677 0.769375 0.5340531561461794 0.759375 0.5174418604651163 0.75125 0.5132890365448505 0.74125 0.5157807308970099 0.735 0.5199335548172758 0.72875 0.53156146179402 0.728125 0.5456810631229236 0.73 0.5539867109634552
1 0.5625 0.3014950166112957 0.571875 0.3014950166112957 0.58125 0.2898671096345515 0.58125 0.276578073089701 0.57875 0.26993355481727577 0.566875 0.2574750830564784 0.55375 0.2558139534883721 0.5475 0.2649501661129568 0.54875 0.2840531561461794 0.5625 0.3014950166112957
1 0.406875 0.473421926910299 0.41375 0.4792358803986711 0.424375 0.48006644518272423 0.431875 0.47093023255813954 0.431875 0.4568106312292359 0.425 0.4435215946843854 0.41375 0.4393687707641196 0.408125 0.4410299003322259 0.40125 0.4476744186046512 0.40125 0.4642857142857143 0.406875 0.473421926910299
1 0.380625 0.43521594684385384 0.389375 0.4418604651162791 0.40125 0.4435215946843854 0.41 0.44019933554817275 0.415625 0.4368770764119601 0.419375 0.4277408637873754 0.418125 0.4111295681063123 0.408125 0.39867109634551495 0.389375 0.3995016611295681 0.378125 0.41362126245847175 0.3775 0.4260797342192691 0.380625 0.43521594684385384
1 0.72 0.6403654485049833 0.73 0.643687707641196 0.7475 0.643687707641196 0.753125 0.6387043189368771 0.758125 0.6270764119601329 0.758125 0.617109634551495 0.753125 0.6046511627906976 0.738125 0.5921926910299004 0.723125 0.5913621262458472 0.71875 0.5938538205980066 0.711875 0.6038205980066446 0.71 0.6137873754152824 0.711875 0.6303986710963455 0.72 0.6403654485049833
1 0.524375 0.313953488372093 0.535625 0.3313953488372093 0.545 0.33554817275747506 0.5525 0.33554817275747506 0.5575 0.3313953488372093 0.560625 0.32475083056478404 0.560625 0.3073089700996678 0.558125 0.29983388704318936 0.55 0.28820598006644516 0.546875 0.28488372093023256 0.535625 0.2815614617940199 0.529375 0.28488372093023256 0.5225 0.2931893687707641 0.521875 0.30398671096345514 0.524375 0.313953488372093
1 0.50625 0.1569767441860465 0.51 0.16029900332225913 0.525625 0.16279069767441862 0.52875 0.16029900332225913 0.533125 0.14451827242524917 0.533125 0.12956810631229235 0.530625 0.11877076411960133 0.520625 0.1079734219269103 0.51625 0.10631229235880399 0.509375 0.10714285714285714 0.501875 0.11794019933554817 0.50125 0.14534883720930233 0.50625 0.1569767441860465
1 0.38 0.20348837209302326 0.386875 0.20514950166112958 0.39375 0.20182724252491693 0.39625 0.20930232558139536 0.400625 0.20681063122923588 0.40625 0.19933554817275748 0.413125 0.1760797342192691 0.408125 0.15033222591362128 0.4025 0.14285714285714285 0.3975 0.14285714285714285 0.386875 0.14950166112956811 0.379375 0.16362126245847175 0.375625 0.1760797342192691 0.375625 0.19435215946843853 0.38 0.20348837209302326
1 0.649375 0.622093023255814 0.659375 0.6303986710963455 0.666875 0.6303986710963455 0.671875 0.6270764119601329 0.675625 0.6196013289036545 0.676875 0.6021594684385382 0.675 0.590531561461794 0.668125 0.5772425249169435 0.664375 0.5730897009966778 0.6525 0.5714285714285714 0.644375 0.5838870431893688 0.6425 0.6004983388704319 0.649375 0.622093023255814
1 0.34125 0.6893687707641196 0.35125 0.6901993355481728 0.3575 0.6877076411960132 0.3625 0.6843853820598007 0.36875 0.6735880398671097 0.369375 0.6611295681063123 0.3675 0.6511627906976745 0.36125 0.6420265780730897 0.350625 0.6428571428571429 0.345625 0.6461794019933554 0.33375 0.6619601328903655 0.33375 0.6802325581395349 0.34125 0.6893687707641196
1 0.34125 0.14950166112956811 0.348125 0.1611295681063123 0.354375 0.1644518272425249 0.36375 0.1644518272425249 0.3725 0.1611295681063123 0.376875 0.15614617940199335 0.381875 0.143687707641196 0.381875 0.1345514950166113 0.375 0.1212624584717608 0.36375 0.11710963455149502 0.351875 0.12043189368770764 0.345625 0.12541528239202657 0.34125 0.13372093023255813 0.34125 0.14950166112956811
1 0.758125 0.5938538205980066 0.76 0.6021594684385382 0.765 0.6088039867109635 0.776875 0.617109634551495 0.790625 0.6162790697674418 0.796875 0.6112956810631229 0.8 0.5938538205980066 0.791875 0.5764119601328903 0.775625 0.5672757475083057 0.77125 0.5672757475083057 0.76125 0.5730897009966778 0.758125 0.5772425249169435 0.758125 0.5938538205980066
1 0.64125 0.1553156146179402 0.644375 0.1611295681063123 0.6625 0.1611295681063123 0.67 0.1553156146179402 0.676875 0.14534883720930233 0.680625 0.13538205980066445 0.680625 0.12043189368770764 0.67125 0.1079734219269103 0.66125 0.10880398671096346 0.64875 0.1212624584717608 0.64125 0.1362126245847176 0.64 0.1461794019933555 0.64125 0.1553156146179402
1 0.40375 0.6204318936877077 0.410625 0.6303986710963455 0.4275 0.6403654485049833 0.4375 0.6370431893687708 0.441875 0.6303986710963455 0.4425 0.6187707641196013 0.43625 0.6038205980066446 0.423125 0.5930232558139535 0.41125 0.5938538205980066 0.406875 0.5988372093023255 0.40375 0.6038205980066446 0.40375 0.6204318936877077
1 0.473125 0.27325581395348836 0.483125 0.28322259136212624 0.494375 0.28322259136212624 0.5 0.27325581395348836 0.5 0.2574750830564784 0.49625 0.24501661129568106 0.49 0.23588039867109634 0.48375 0.23172757475083056 0.475625 0.23172757475083056 0.46875 0.23837209302325582 0.46875 0.2599667774086379 0.473125 0.27325581395348836
1 0.42875 0.35299003322259137 0.431875 0.3521594684385382 0.439375 0.34219269102990035 0.451875 0.33554817275747506 0.451875 0.3272425249169435 0.449375 0.3222591362126246 0.43875 0.31146179401993357 0.421875 0.31146179401993357 0.409375 0.3230897009966777 0.409375 0.33554817275747506 0.42875 0.35299003322259137
1 0.51125 0.20348837209302326 0.525625 0.20514950166112958 0.534375 0.19435215946843853 0.534375 0.17691029900332225 0.530625 0.1669435215946844 0.52625 0.16279069767441862 0.51125 0.1611295681063123 0.506875 0.1644518272425249 0.50375 0.17275747508305647 0.503125 0.18853820598006646 0.51125 0.20348837209302326
1 0.460625 0.39700996677740863 0.4775 0.39700996677740863 0.485 0.38870431893687707 0.48875 0.3795681063122924 0.489375 0.36710963455149503 0.4875 0.3588039867109635 0.48125 0.3521594684385382 0.47125 0.3521594684385382 0.46375 0.35631229235880396 0.455625 0.3696013289036545 0.455625 0.38953488372093026 0.460625 0.39700996677740863
1 0.3725 0.09717607973421927 0.378125 0.11627906976744186 0.389375 0.12292358803986711 0.39625 0.12209302325581395 0.40375 0.11710963455149502 0.408125 0.1079734219269103 0.408125 0.0946843853820598 0.40125 0.07807308970099668 0.389375 0.07059800664451828 0.38 0.07142857142857142 0.375 0.07724252491694353 0.3725 0.08471760797342193 0.3725 0.09717607973421927
1 0.46125 0.5556478405315615 0.46875 0.5672757475083057 0.480625 0.5672757475083057 0.486875 0.5581395348837209 0.48875 0.5514950166112956 0.48875 0.5398671096345515 0.485 0.5257475083056479 0.478125 0.5166112956810631 0.46875 0.5124584717607974 0.460625 0.5141196013289037 0.455625 0.5240863787375415 0.45625 0.5431893687707641 0.46125 0.5556478405315615
1 0.608125 0.776578073089701 0.615 0.7898671096345515 0.62 0.7940199335548173 0.64 0.7940199335548173 0.645625 0.7898671096345515 0.65125 0.7807308970099668 0.64875 0.7657807308970099 0.6375 0.7541528239202658 0.620625 0.7533222591362126 0.61125 0.7624584717607974 0.608125 0.7666112956810631 0.608125 0.776578073089701
1 0.641875 0.4111295681063123 0.65125 0.4161129568106312 0.66375 0.4169435215946844 0.675 0.4111295681063123 0.68 0.40282392026578073 0.6825 0.3961794019933555 0.6825 0.38205980066445183 0.676875 0.37209302325581395 0.67125 0.36794019933554817 0.6575 0.36710963455149503 0.6475 0.37375415282392027 0.636875 0.3903654485049834 0.63625 0.4003322259136213 0.641875 0.4111295681063123
1 0.54875 0.1378737541528239 0.560625 0.13704318936877077 0.571875 0.1303986710963455 0.57625 0.12375415282392027 0.58125 0.11295681063122924 0.58125 0.09966777408637874 0.578125 0.09302325581395349 0.571875 0.08803986710963455 0.560625 0.08803986710963455 0.550625 0.09385382059800665 0.54125 0.10548172757475083 0.538125 0.11295681063122924 0.538125 0.13122923588039867 0.54875 0.1378737541528239
1 0.39 0.3106312292358804 0.40875 0.31893687707641194 0.415625 0.3181063122923588 0.42375 0.3106312292358804 0.42375 0.29485049833887045 0.414375 0.27906976744186046 0.405625 0.2749169435215947 0.3975 0.2749169435215947 0.39 0.2782392026578073 0.385 0.28488372093023256 0.385625 0.30398671096345514 0.39 0.3106312292358804
1 0.420625 0.5880398671096345 0.434375 0.6021594684385382 0.44625 0.6013289036544851 0.451875 0.5880398671096345 0.451875 0.5813953488372093 0.449375 0.5714285714285714 0.441875 0.5581395348837209 0.43375 0.5498338870431894 0.4225 0.553156146179402 0.41625 0.5581395348837209 0.415625 0.5730897009966778 0.420625 0.5880398671096345
1 0.610625 0.5780730897009967 0.618125 0.5855481727574751 0.629375 0.5872093023255814 0.639375 0.584717607973422 0.644375 0.5813953488372093 0.65125 0.5705980066445183 0.650625 0.5490033222591362 0.6375 0.5390365448504983 0.620625 0.5398671096345515 0.608125 0.553156146179402 0.608125 0.5714285714285714 0.610625 0.5780730897009967
1 0.47875 0.22093023255813954 0.484375 0.2217607973421927 0.49875 0.20182724252491693 0.50125 0.19352159468438537 0.50125 0.1719269102990033 0.495 0.16362126245847175 0.486875 0.16279069767441862 0.48125 0.16611295681063123 0.473125 0.18023255813953487 0.473125 0.21345514950166114 0.47875 0.22093023255813954
1 0.45375 0.6262458471760798 0.47375 0.6262458471760798 0.483125 0.6179401993355482 0.483125 0.6029900332225914 0.478125 0.5938538205980066 0.4725 0.5913621262458472 0.4525 0.5913621262458472 0.445625 0.6021594684385382 0.445625 0.6154485049833887 0.45375 0.6262458471760798
1 0.403125 0.3911960132890365 0.408125 0.3978405315614618 0.416875 0.39700996677740863 0.421875 0.3920265780730897 0.426875 0.3803986710963455 0.4275 0.3546511627906977 0.424375 0.3488372093023256 0.415625 0.34219269102990035 0.40875 0.3430232558139535 0.400625 0.35299003322259137 0.39875 0.36710963455149503 0.403125 0.3911960132890365
1 0.35125 0.5157807308970099 0.358125 0.5257475083056479 0.37125 0.53156146179402 0.385625 0.5274086378737541 0.39375 0.5174418604651163 0.39625 0.510797342192691 0.395625 0.5008305647840532 0.39375 0.4983388704318937 0.379375 0.489202657807309 0.3625 0.49169435215946844 0.3525 0.5 0.349375 0.5041528239202658 0.35125 0.5157807308970099
1 0.615 0.292358803986711 0.623125 0.3064784053156146 0.638125 0.31727574750830567 0.64375 0.3164451827242525 0.65125 0.3073089700996678 0.650625 0.2815614617940199 0.6425 0.26993355481727577 0.63625 0.26411960132890366 0.629375 0.26245847176079734 0.619375 0.26411960132890366 0.615 0.26827242524916944 0.613125 0.2749169435215947 0.615 0.292358803986711
1 0.47375 0.11627906976744186 0.486875 0.11544850498338871 0.49125 0.11046511627906977 0.49625 0.09136212624584718 0.49625 0.07724252491694353 0.49125 0.06312292358803986 0.484375 0.05564784053156146 0.47625 0.05398671096345515 0.46625 0.059800664451827246 0.46375 0.06727574750830564 0.46375 0.09966777408637874 0.47375 0.11627906976744186
1 0.7925 0.510797342192691 0.805 0.5232558139534884 0.821875 0.5232558139534884 0.83125 0.5124584717607974 0.83125 0.5016611295681063 0.82625 0.49169435215946844 0.81375 0.48006644518272423 0.8075 0.47674418604651164 0.800625 0.47674418604651164 0.788125 0.4867109634551495 0.788125 0.5024916943521595 0.7925 0.510797342192691
1 0.49375 0.3654485049833887 0.504375 0.36710963455149503 0.50875 0.36212624584717606 0.513125 0.34136212624584716 0.513125 0.3313953488372093 0.509375 0.31893687707641194 0.50125 0.30980066445182725 0.495 0.3089700996677741 0.49125 0.3131229235880399 0.485 0.3280730897009967 0.485 0.3521594684385382 0.49375 0.3654485049833887
1 0.608125 0.6586378737541528 0.6275 0.6586378737541528 0.634375 0.654485049833887 0.64125 0.6453488372093024 0.64125 0.6320598006644518 0.633125 0.6212624584717608 0.6275 0.6179401993355482 0.605625 0.617109634551495 0.598125 0.6262458471760798 0.598125 0.6445182724252492 0.608125 0.6586378737541528
1 0.5 0.48006644518272423 0.504375 0.4850498338870432 0.51125 0.4867109634551495 0.51875 0.4867109634551495 0.525625 0.48255813953488375 0.529375 0.4717607973421927 0.529375 0.457641196013289 0.5225 0.4410299003322259 0.51125 0.43521594684385384 0.504375 0.43853820598006643 0.4975 0.45016611295681064 0.495 0.4642857142857143 0.5 0.48006644518272423
1 0.400625 0.07724252491694353 0.406875 0.0872093023255814 0.418125 0.08471760797342193 0.425 0.07724252491694353 0.425 0.0606312292358804 0.418125 0.04983388704318937 0.41 0.044850498338870434 0.400625 0.044850498338870434 0.393125 0.05398671096345515 0.39375 0.07225913621262459 0.400625 0.07724252491694353
1 0.540625 0.7159468438538206 0.5525 0.729235880398671 0.563125 0.7317275747508306 0.570625 0.7200996677740864 0.56875 0.7059800664451827 0.56 0.6926910299003323 0.5425 0.6901993355481728 0.538125 0.6943521594684385 0.5375 0.7059800664451827 0.540625 0.7159468438538206
1 0.57375 0.5963455149501661 0.589375 0.6046511627906976 0.599375 0.6046511627906976 0.605625 0.5988372093023255 0.609375 0.5897009966777409 0.61 0.5813953488372093 0.606875 0.5714285714285714 0.599375 0.5589700996677741 0.58875 0.553156146179402 0.58 0.553156146179402 0.5675 0.5631229235880398 0.566875 0.5830564784053156 0.57375 0.5963455149501661
1 0.605 0.7367109634551495 0.615 0.7433554817275747 0.62375 0.7441860465116279 0.63125 0.7408637873754153 0.639375 0.7350498338870431 0.64375 0.7259136212624585 0.64375 0.7159468438538206 0.64125 0.7084717607973422 0.62375 0.6943521594684385 0.608125 0.6976744186046512 0.598125 0.7084717607973422 0.598125 0.7267441860465116 0.605 0.7367109634551495
1 0.605 0.6960132890365448 0.62875 0.6926910299003323 0.63625 0.6852159468438538 0.63625 0.6735880398671097 0.63375 0.6677740863787376 0.62625 0.6602990033222591 0.605 0.6611295681063123 0.59875 0.6677740863787376 0.595625 0.6769102990033222 0.595625 0.6868770764119602 0.605 0.6960132890365448
1 0.6525 0.34634551495016613 0.658125 0.35299003322259137 0.671875 0.3521594684385382 0.6825 0.3380398671096346 0.685 0.329734219269103 0.685 0.303156146179402 0.681875 0.2956810631229236 0.673125 0.2898671096345515 0.660625 0.29069767441860467 0.651875 0.30066445182724255 0.649375 0.3181063122923588 0.6525 0.34634551495016613
1 0.54125 0.803156146179402 0.55 0.8114617940199336 0.556875 0.8114617940199336 0.565 0.8073089700996677 0.571875 0.7915282392026578 0.571875 0.770764119601329 0.56875 0.7632890365448505 0.561875 0.7541528239202658 0.556875 0.7524916943521595 0.550625 0.7549833887043189 0.54125 0.7674418604651163 0.538125 0.7790697674418605 0.54125 0.803156146179402
1 0.76125 0.446843853820598 0.769375 0.446843853820598 0.77875 0.4410299003322259 0.785 0.4318936877076412 0.7875 0.4227574750830565 0.7875 0.4069767441860465 0.780625 0.39700996677740863 0.76125 0.39867109634551495 0.75125 0.41362126245847175 0.75125 0.4368770764119601 0.76125 0.446843853820598
1 0.439375 0.3862126245847176 0.453125 0.38205980066445183 0.455 0.37209302325581395 0.46125 0.36046511627906974 0.46125 0.3521594684385382 0.458125 0.3446843853820598 0.449375 0.3380398671096346 0.44 0.34219269102990035 0.43 0.3538205980066445 0.43 0.3795681063122924 0.439375 0.3862126245847176
1 0.5175 0.0739202657807309 0.529375 0.08554817275747509 0.534375 0.0872093023255814 0.549375 0.08637873754152824 0.555 0.08139534883720931 0.558125 0.07225913621262459 0.556875 0.05564784053156146 0.551875 0.049003322259136214 0.54375 0.044850498338870434 0.5275 0.044850498338870434 0.521875 0.049003322259136214 0.515 0.059800664451827246 0.514375 0.06727574750830564 0.5175 0.0739202657807309
1 0.7725 0.553156146179402 0.774375 0.5556478405315615 0.7825 0.5598006644518272 0.7925 0.5606312292358804 0.8 0.5581395348837209 0.806875 0.5498338870431894 0.8075 0.5299003322259136 0.8 0.5174418604651163 0.795625 0.5141196013289037 0.790625 0.5141196013289037 0.775625 0.521594684385382 0.769375 0.5307308970099668 0.7725 0.553156146179402
0 0.54107125 0.927859634551495 0.55625 0.9112483388704319 0.56517875 0.8815855481727576 0.56517875 0.8590415282392027 0.560714375 0.8246320598006645 0.5375 0.7997151162790698 0.492856875 0.7902234219269103 0.467856875 0.8009019933554817 0.461606875 0.834124584717608 0.457143125 0.8626004983388703 0.461606875 0.8839584717607973 0.469643125 0.9017558139534884 0.48125 0.9171810631229237 0.504464375 0.9326054817275747 0.54107125 0.927859634551495