1 0.1893687707641196 0.39625 0.1852159468438538 0.40375 0.18687707641196014 0.414375 0.20016611295681064 0.421875 0.21843853820598005 0.41875 0.23338870431893688 0.4075 0.23754152823920266 0.398125 0.2367109634551495 0.393125 0.23089700996677742 0.388125 0.22093023255813954 0.385 0.21096345514950166 0.385625 0.19684385382059802 0.39 0.1893687707641196 0.39625
1 0.35132890365448505 0.644375 0.3654485049833887 0.649375 0.37624584717607973 0.64625 0.3795681063122924 0.63125 0.38372093023255816 0.62625 0.38205980066445183 0.619375 0.36794019933554817 0.613125 0.3521594684385382 0.61375 0.3430232558139535 0.628125 0.3446843853820598 0.638125 0.35132890365448505 0.644375
1 0.5498338870431894 0.486875 0.5606312292358804 0.494375 0.5789036544850499 0.495 0.5921926910299004 0.4875 0.5980066445182725 0.47875 0.5980066445182725 0.47125 0.5897009966777409 0.46375 0.5656146179401993 0.4625 0.5498338870431894 0.47125 0.5465116279069767 0.480625 0.5498338870431894 0.486875
1 0.574750830564784 0.39875 0.574750830564784 0.40875 0.5789036544850499 0.418125 0.5888704318936877 0.425 0.6054817275747508 0.425 0.6121262458471761 0.421875 0.6162790697674418 0.415625 0.6179401993355482 0.401875 0.6154485049833887 0.39625 0.6046511627906976 0.388125 0.5888704318936877 0.386875 0.5780730897009967 0.39375 0.574750830564784 0.39875
1 0.5681063122923588 0.57875 0.5755813953488372 0.591875 0.5888704318936877 0.598125 0.6038205980066446 0.598125 0.6129568106312292 0.594375 0.6179401993355482 0.586875 0.6179401993355482 0.575 0.6146179401993356 0.569375 0.606312292358804 0.56375 0.5897009966777409 0.569375 0.5722591362126246 0.56875 0.5689368770764119 0.571875 0.5681063122923588 0.57875
1 0.27159468438538203 0.425 0.27408637873754155 0.438125 0.2799003322259136 0.446875 0.2931893687707641 0.446875 0.3073089700996678 0.436875 0.31146179401993357 0.428125 0.31146179401993357 0.41375 0.3073089700996678 0.406875 0.2973421926910299 0.405 0.2865448504983389 0.406875 0.2807308970099668 0.41 0.27159468438538203 0.425
1 0.34053156146179403 0.48125 0.3438538205980066 0.495 0.3596345514950166 0.504375 0.36710963455149503 0.50625 0.3770764119601329 0.50625 0.3862126245847176 0.50125 0.38953488372093026 0.495625 0.38787375415282394 0.485 0.3803986710963455 0.47625 0.36295681063122925 0.470625 0.35299003322259137 0.470625 0.34551495016611294 0.47375 0.34053156146179403 0.48125
1 0.38953488372093026 0.36125 0.3961794019933555 0.369375 0.4119601328903654 0.37125 0.42441860465116277 0.365625 0.43023255813953487 0.355 0.43023255813953487 0.346875 0.4269102990033223 0.34125 0.4186046511627907 0.33625 0.40780730897009965 0.33625 0.3945182724252492 0.344375 0.38953488372093026 0.35125 0.38953488372093026 0.36125
1 0.5897009966777409 0.311875 0.606312292358804 0.3125 0.6112956810631229 0.3075 0.6112956810631229 0.3 0.6029900332225914 0.288125 0.5880398671096345 0.285625 0.584717607973422 0.288125 0.5822259136212624 0.30375 0.5897009966777409 0.311875
1 0.20764119601328904 0.634375 0.20764119601328904 0.644375 0.21096345514950166 0.650625 0.22508305647840532 0.660625 0.2441860465116279 0.659375 0.25 0.654375 0.25 0.634375 0.2425249169435216 0.626875 0.23255813953488372 0.62125 0.22093023255813954 0.623125 0.2101328903654485 0.629375 0.20764119601328904 0.634375
1 0.617109634551495 0.264375 0.6179401993355482 0.28 0.6312292358803987 0.290625 0.6362126245847176 0.293125 0.643687707641196 0.293125 0.6553156146179402 0.283125 0.6561461794019934 0.26875 0.6461794019933554 0.258125 0.6378737541528239 0.255625 0.6287375415282392 0.255625 0.6212624584717608 0.259375 0.617109634551495 0.264375
1 0.3488372093023256 0.754375 0.35299003322259137 0.76375 0.3596345514950166 0.76875 0.3704318936877076 0.76875 0.38289036544850497 0.76125 0.38870431893687707 0.75125 0.3862126245847176 0.73625 0.3803986710963455 0.730625 0.37375415282392027 0.72875 0.36295681063122925 0.73 0.35631229235880396 0.733125 0.3488372093023256 0.754375
1 0.18272425249169436 0.535625 0.19269102990033224 0.55 0.20016611295681064 0.555 0.2101328903654485 0.5575 0.22009966777408638 0.5575 0.23255813953488372 0.55 0.2292358803986711 0.533125 0.22093023255813954 0.52125 0.2101328903654485 0.514375 0.19684385382059802 0.514375 0.18272425249169436 0.524375 0.18272425249169436 0.535625
1 0.5714285714285714 0.33 0.5813953488372093 0.33875 0.5913621262458472 0.343125 0.5980066445182725 0.343125 0.606312292358804 0.338125 0.606312292358804 0.321875 0.5996677740863787 0.315 0.5863787375415282 0.309375 0.574750830564784 0.31 0.5681063122923588 0.32 0.5714285714285714 0.33
1 0.38870431893687707 0.8275 0.38953488372093026 0.83875 0.39867109634551495 0.845 0.40863787375415284 0.8475 0.4169435215946844 0.848125 0.43023255813953487 0.845 0.43853820598006643 0.83875 0.4418604651162791 0.833125 0.4410299003322259 0.819375 0.42940199335548174 0.814375 0.41445182724252494 0.8125 0.40780730897009965 0.816875 0.3961794019933555 0.819375 0.38870431893687707 0.8275
1 0.2558139534883721 0.4975 0.26578073089701 0.51 0.2815614617940199 0.51125 0.2915282392026578 0.50375 0.29401993355481726 0.49 0.2915282392026578 0.48375 0.2799003322259136 0.473125 0.2691029900332226 0.47125 0.26411960132890366 0.474375 0.25664451827242524 0.485 0.2558139534883721 0.4975
1 0.6146179401993356 0.431875 0.6245847176079734 0.438125 0.6378737541528239 0.4375 0.6445182724252492 0.435 0.6561461794019934 0.42375 0.6561461794019934 0.410625 0.643687707641196 0.40125 0.6312292358803987 0.40125 0.6187707641196013 0.409375 0.6129568106312292 0.420625 0.6146179401993356 0.431875
1 0.5149501661129569 0.46625 0.5332225913621262 0.46625 0.5473421926910299 0.45875 0.5498338870431894 0.455 0.5481727574750831 0.445 0.542358803986711 0.440625 0.5166112956810631 0.4375 0.5016611295681063 0.445 0.5 0.45625 0.5149501661129569 0.46625
1 0.5622923588039868 0.52625 0.563953488372093 0.539375 0.574750830564784 0.5475 0.5880398671096345 0.5475 0.5980066445182725 0.545 0.6071428571428571 0.534375 0.6071428571428571 0.519375 0.6029900332225914 0.514375 0.595514950166113 0.51125 0.5830564784053156 0.51125 0.5739202657807309 0.514375 0.5622923588039868 0.52625
1 0.5481727574750831 0.31125 0.5631229235880398 0.3125 0.5730897009966778 0.308125 0.579734219269103 0.3 0.5805647840531561 0.291875 0.584717607973422 0.28625 0.5838870431893688 0.279375 0.5722591362126246 0.2725 0.5606312292358804 0.2725 0.5465116279069767 0.279375 0.5406976744186046 0.296875 0.5481727574750831 0.31125
1 0.5307308970099668 0.545625 0.526578073089701 0.555625 0.5299003322259136 0.569375 0.5398671096345515 0.575625 0.5556478405315615 0.575625 0.5672757475083057 0.564375 0.5672757475083057 0.550625 0.5606312292358804 0.541875 0.5523255813953488 0.538125 0.5465116279069767 0.538125 0.5348837209302325 0.5425 0.5307308970099668 0.545625
1 0.2541528239202658 0.59375 0.24667774086378738 0.6 0.24501661129568106 0.6125 0.2516611295681063 0.62 0.260797342192691 0.623125 0.2815614617940199 0.623125 0.29069767441860467 0.619375 0.29900332225913623 0.6125 0.303156146179402 0.60625 0.3023255813953488 0.6 0.29401993355481726 0.591875 0.28820598006644516 0.589375 0.2799003322259136 0.58875 0.2599667774086379 0.591875 0.2541528239202658 0.59375
1 0.3504983388704319 0.538125 0.35631229235880396 0.5475 0.3696013289036545 0.54875 0.37790697674418605 0.546875 0.39285714285714285 0.531875 0.39368770764119604 0.51625 0.38205980066445183 0.50625 0.3687707641196013 0.508125 0.3579734219269103 0.514375 0.3504983388704319 0.526875 0.3504983388704319 0.538125
1 0.1818936877076412 0.290625 0.18023255813953487 0.3 0.1818936877076412 0.304375 0.19352159468438537 0.31125 0.22425249169435216 0.311875 0.23172757475083056 0.31 0.23837209302325582 0.30375 0.23588039867109634 0.29375 0.23255813953488372 0.28875 0.22591362126245848 0.285625 0.21511627906976744 0.283125 0.19850498338870431 0.283125 0.1818936877076412 0.290625
1 0.3280730897009967 0.56375 0.3272425249169435 0.575625 0.33056478405315615 0.581875 0.3388704318936877 0.588125 0.3579734219269103 0.58875 0.3637873754152824 0.58625 0.36794019933554817 0.58125 0.3712624584717608 0.57375 0.3704318936877076 0.566875 0.3596345514950166 0.555625 0.35132890365448505 0.5525 0.3446843853820598 0.5525 0.3330564784053156 0.558125 0.3280730897009967 0.56375
1 0.40365448504983387 0.419375 0.40365448504983387 0.4275 0.4111295681063123 0.435 0.41943521594684385 0.436875 0.436046511627907 0.43625 0.44601328903654486 0.43375 0.45099667774086377 0.43 0.45348837209302323 0.425625 0.4526578073089701 0.4175 0.4418604651162791 0.409375 0.4335548172757475 0.406875 0.4161129568106312 0.40875 0.4069767441860465 0.414375 0.40365448504983387 0.419375
1 0.5963455149501661 0.344375 0.5897009966777409 0.354375 0.5921926910299004 0.365 0.6071428571428571 0.3675 0.622093023255814 0.36375 0.6345514950166113 0.35125 0.6345514950166113 0.33875 0.6270764119601329 0.33375 0.6204318936877077 0.33375 0.6154485049833887 0.33625 0.6096345514950167 0.33625 0.5963455149501661 0.344375
1 0.2350498338870432 0.564375 0.23338870431893688 0.571875 0.2367109634551495 0.58125 0.2558139534883721 0.59125 0.27740863787375414 0.58875 0.28322259136212624 0.584375 0.28322259136212624 0.569375 0.276578073089701 0.563125 0.26744186046511625 0.55875 0.25083056478405313 0.555625 0.23920265780730898 0.559375 0.2350498338870432 0.564375
1 0.6162790697674418 0.6775 0.6212624584717608 0.681875 0.6395348837209303 0.6825 0.6470099667774086 0.67875 0.6561461794019934 0.665625 0.6569767441860465 0.65375 0.6453488372093024 0.64625 0.632890365448505 0.64625 0.6245847176079734 0.651875 0.6146179401993356 0.67 0.6162790697674418 0.6775
1 0.49916943521594687 0.48875 0.5099667774086378 0.49375 0.5290697674418605 0.49125 0.5456810631229236 0.480625 0.5481727574750831 0.4725 0.5465116279069767 0.4675 0.5373754152823921 0.465625 0.5141196013289037 0.46875 0.5016611295681063 0.475625 0.4983388704318937 0.48125 0.49916943521594687 0.48875
1 0.30481727574750833 0.75 0.30564784053156147 0.759375 0.3106312292358804 0.764375 0.313953488372093 0.76625 0.3280730897009967 0.76625 0.3380398671096346 0.763125 0.3430232558139535 0.75875 0.34717607973421927 0.75375 0.35299003322259137 0.7375 0.35132890365448505 0.7275 0.34551495016611294 0.720625 0.3330564784053156 0.71875 0.31893687707641194 0.728125 0.31146179401993357 0.73625 0.30481727574750833 0.75
1 0.46096345514950166 0.451875 0.4750830564784053 0.45375 0.4833887043189369 0.449375 0.48588039867109634 0.445625 0.48421926910299 0.431875 0.4692691029900332 0.425 0.4543189368770764 0.425 0.446843853820598 0.43 0.446843853820598 0.439375 0.46096345514950166 0.451875
1 0.4958471760797342 0.34375 0.49667774086378735 0.353125 0.5024916943521595 0.36 0.5149501661129569 0.36125 0.5290697674418605 0.355 0.5415282392026578 0.338125 0.5398671096345515 0.329375 0.532392026578073 0.323125 0.5240863787375415 0.320625 0.5157807308970099 0.321875 0.5058139534883721 0.326875 0.4958471760797342 0.34375
1 0.4700996677740864 0.505 0.4700996677740864 0.513125 0.47093023255813954 0.519375 0.47591362126245845 0.525 0.48754152823920266 0.529375 0.4958471760797342 0.529375 0.5016611295681063 0.525625 0.510797342192691 0.51625 0.5124584717607974 0.50125 0.5041528239202658 0.495 0.49667774086378735 0.4925 0.4883720930232558 0.4925 0.47591362126245845 0.49875 0.4700996677740864 0.505
1 0.6619601328903655 0.3725 0.6619601328903655 0.380625 0.665282392026578 0.385625 0.6777408637873754 0.395 0.6943521594684385 0.39625 0.7059800664451827 0.389375 0.7051495016611296 0.375625 0.7009966777408638 0.37 0.6868770764119602 0.36 0.675249169435216 0.36 0.665282392026578 0.365 0.6619601328903655 0.3725
1 0.19186046511627908 0.613125 0.1951827242524917 0.618125 0.20431893687707642 0.623125 0.21262458471760798 0.624375 0.22425249169435216 0.623125 0.23172757475083056 0.62 0.24169435215946844 0.60875 0.24584717607973422 0.598125 0.24501661129568106 0.5925 0.23172757475083056 0.58375 0.22259136212624583 0.58375 0.2084717607973422 0.589375 0.19269102990033224 0.60375 0.19186046511627908 0.613125
1 0.4925249169435216 0.596875 0.5041528239202658 0.605625 0.5149501661129569 0.606875 0.5249169435215947 0.605 0.5299003322259136 0.6025 0.53156146179402 0.596875 0.5299003322259136 0.5825 0.5240863787375415 0.576875 0.5166112956810631 0.57375 0.5008305647840532 0.5725 0.4908637873754153 0.58 0.4925249169435216 0.596875
1 0.489202657807309 0.619375 0.49750830564784054 0.638125 0.5016611295681063 0.64125 0.5166112956810631 0.644375 0.5357142857142857 0.639375 0.5390365448504983 0.63125 0.5382059800664452 0.6225 0.5299003322259136 0.614375 0.521594684385382 0.610625 0.5 0.61125 0.49169435215946844 0.615 0.489202657807309 0.619375
1 0.3745847176079734 0.691875 0.3812292358803987 0.70375 0.38704318936877075 0.708125 0.3978405315614618 0.71125 0.4069767441860465 0.71125 0.4161129568106312 0.70625 0.4227574750830565 0.698125 0.4227574750830565 0.69 0.4011627906976744 0.673125 0.38289036544850497 0.6775 0.37790697674418605 0.680625 0.3745847176079734 0.6875 0.3745847176079734 0.691875
1 0.5365448504983389 0.35125 0.5473421926910299 0.358125 0.563953488372093 0.358125 0.5730897009966778 0.355 0.5822259136212624 0.344375 0.5822259136212624 0.34 0.5689368770764119 0.32875 0.5598006644518272 0.32875 0.5440199335548173 0.334375 0.5365448504983389 0.344375 0.5365448504983389 0.35125
1 0.47093023255813954 0.425 0.47591362126245845 0.42875 0.4883720930232558 0.4325 0.5058139534883721 0.42875 0.5141196013289037 0.425 0.5182724252491694 0.42 0.5174418604651163 0.40875 0.5066445182724253 0.40375 0.489202657807309 0.40375 0.48172757475083056 0.40625 0.47093023255813954 0.41375 0.47093023255813954 0.425
1 0.3978405315614618 0.40125 0.4019933554817276 0.405 0.4119601328903654 0.40875 0.436046511627907 0.405625 0.4410299003322259 0.40125 0.4377076411960133 0.383125 0.4219269102990033 0.375625 0.4119601328903654 0.375 0.40282392026578073 0.378125 0.3953488372093023 0.385625 0.3978405315614618 0.40125
1 0.5730897009966778 0.56875 0.5930232558139535 0.56875 0.6071428571428571 0.561875 0.6079734219269103 0.553125 0.6004983388704319 0.5475 0.5805647840531561 0.54875 0.5714285714285714 0.555625 0.5697674418604651 0.565625 0.5730897009966778 0.56875
1 0.47093023255813954 0.5525 0.4676079734219269 0.560625 0.4717607973421927 0.57375 0.47674418604651164 0.57625 0.4883720930232558 0.576875 0.5008305647840532 0.571875 0.510797342192691 0.563125 0.510797342192691 0.549375 0.5016611295681063 0.5425 0.4950166112956811 0.54125 0.4883720930232558 0.54125 0.47674418604651164 0.5475 0.47093023255813954 0.5525
1 0.6229235880398671 0.365 0.622093023255814 0.376875 0.6312292358803987 0.386875 0.6453488372093024 0.389375 0.6578073089700996 0.381875 0.6619601328903655 0.373125 0.6619601328903655 0.356875 0.6553156146179402 0.35125 0.6420265780730897 0.350625 0.6362126245847176 0.351875 0.6287375415282392 0.358125 0.6229235880398671 0.365
1 0.45099667774086377 0.6 0.457641196013289 0.605 0.46511627906976744 0.606875 0.4850498338870432 0.6025 0.4900332225913621 0.595 0.489202657807309 0.584375 0.4833887043189369 0.5775 0.47093023255813954 0.575625 0.46096345514950166 0.576875 0.4485049833887043 0.588125 0.45099667774086377 0.6
1 0.1478405315614618 0.335625 0.1511627906976744 0.340625 0.16528239202657807 0.350625 0.17857142857142858 0.350625 0.19102990033222592 0.343125 0.19186046511627908 0.326875 0.1877076411960133 0.320625 0.1744186046511628 0.313125 0.15946843853820597 0.3125 0.1478405315614618 0.321875 0.1478405315614618 0.335625
1 0.4269102990033223 0.51875 0.42940199335548174 0.52375 0.4426910299003322 0.5325 0.4568106312292359 0.5325 0.4642857142857143 0.529375 0.4692691029900332 0.52375 0.4692691029900332 0.509375 0.46511627906976744 0.50125 0.45598006644518274 0.4975 0.4418604651162791 0.4975 0.42857142857142855 0.50625 0.4269102990033223 0.51875
1 0.22093023255813954 0.45875 0.21926910299003322 0.4675 0.2217607973421927 0.473125 0.22425249169435216 0.475625 0.24003322259136212 0.480625 0.2558139534883721 0.478125 0.27408637873754155 0.46375 0.276578073089701 0.458125 0.2757475083056478 0.45125 0.27408637873754155 0.4475 0.2632890365448505 0.440625 0.2549833887043189 0.440625 0.24086378737541528 0.445 0.22093023255813954 0.45875
1 0.34136212624584716 0.303125 0.33637873754152825 0.31 0.33554817275747506 0.32 0.3380398671096346 0.324375 0.34717607973421927 0.32875 0.36129568106312293 0.33 0.38205980066445183 0.324375 0.39700996677740863 0.314375 0.4003322259136213 0.305 0.39867109634551495 0.3 0.3911960132890365 0.295625 0.3812292358803987 0.29375 0.3687707641196013 0.29375 0.35299003322259137 0.2975 0.34136212624584716 0.303125
1 0.5249169435215947 0.51875 0.5340531561461794 0.529375 0.5431893687707641 0.5325 0.5556478405315615 0.5325 0.5672757475083057 0.52125 0.5697674418604651 0.51625 0.5689368770764119 0.508125 0.5606312292358804 0.5 0.553156146179402 0.496875 0.5340531561461794 0.496875 0.5257475083056479 0.50625 0.5249169435215947 0.51875
1 0.29900332225913623 0.46 0.3106312292358804 0.46625 0.3222591362126246 0.46625 0.329734219269103 0.463125 0.33637873754152825 0.459375 0.3430232558139535 0.45125 0.3430232558139535 0.439375 0.3289036544850498 0.4325 0.31893687707641194 0.4325 0.31146179401993357 0.435 0.29900332225913623 0.444375 0.29900332225913623 0.46
1 0.43853820598006643 0.386875 0.4435215946843854 0.3975 0.45099667774086377 0.40125 0.462624584717608 0.403125 0.48006644518272423 0.4025 0.4867109634551495 0.4 0.4941860465116279 0.39125 0.49169435215946844 0.383125 0.4808970099667774 0.3725 0.4717607973421927 0.369375 0.46096345514950166 0.369375 0.44518272425249167 0.375625 0.43853820598006643 0.386875
1 0.4418604651162791 0.8275 0.44518272425249167 0.83375 0.4642857142857143 0.835 0.4692691029900332 0.83375 0.4792358803986711 0.82625 0.48588039867109634 0.816875 0.48421926910299 0.80375 0.47674418604651164 0.800625 0.457641196013289 0.800625 0.4476744186046512 0.80625 0.4418604651162791 0.816875 0.4418604651162791 0.8275
1 0.21843853820598005 0.335625 0.21511627906976744 0.34125 0.21677740863787376 0.348125 0.223421926910299 0.355625 0.24501661129568106 0.36375 0.25249169435215946 0.36375 0.2616279069767442 0.36 0.2649501661129568 0.355625 0.26411960132890366 0.346875 0.260797342192691 0.34125 0.25 0.33375 0.24003322259136212 0.33125 0.22674418604651161 0.33125 0.21843853820598005 0.335625
1 0.31146179401993357 0.37 0.3131229235880399 0.381875 0.3181063122923588 0.386875 0.3289036544850498 0.39125 0.3488372093023256 0.39125 0.35631229235880396 0.386875 0.36129568106312293 0.380625 0.36129568106312293 0.3725 0.3579734219269103 0.368125 0.3521594684385382 0.3625 0.3430232558139535 0.36 0.33056478405315615 0.36 0.32059800664451826 0.3625 0.31146179401993357 0.37
1 0.47093023255813954 0.6475 0.47093023255813954 0.660625 0.4742524916943522 0.6675 0.48421926910299 0.675 0.49169435215946844 0.6775 0.5041528239202658 0.675 0.510797342192691 0.6675 0.5124584717607974 0.649375 0.510797342192691 0.645625 0.49335548172757476 0.634375 0.48172757475083056 0.635 0.4750830564784053 0.64 0.47093023255813954 0.6475
1 0.43106312292358806 0.350625 0.4269102990033223 0.359375 0.4269102990033223 0.36625 0.43106312292358806 0.37375 0.4410299003322259 0.3775 0.4543189368770764 0.37 0.4684385382059801 0.366875 0.4717607973421927 0.359375 0.47093023255813954 0.349375 0.46511627906976744 0.34375 0.4568106312292359 0.343125 0.4435215946843854 0.343125 0.43521594684385384 0.3475 0.43106312292358806 0.350625
1 0.40365448504983387 0.673125 0.4186046511627907 0.686875 0.4269102990033223 0.690625 0.4393687707641196 0.691875 0.446843853820598 0.68875 0.45182724252491696 0.679375 0.45099667774086377 0.673125 0.4410299003322259 0.6625 0.4210963455149502 0.6525 0.4119601328903654 0.6525 0.4019933554817276 0.660625 0.40365448504983387 0.673125
1 0.5473421926910299 0.441875 0.5539867109634552 0.455 0.563953488372093 0.46125 0.5888704318936877 0.460625 0.5971760797342193 0.449375 0.5946843853820598 0.4425 0.5838870431893688 0.431875 0.5722591362126246 0.4275 0.5622923588039868 0.4275 0.5589700996677741 0.429375 0.5473421926910299 0.441875
1 0.6727574750830565 0.444375 0.6835548172757475 0.45375 0.6935215946843853 0.45875 0.7167774086378738 0.46 0.7209302325581395 0.45625 0.7192691029900332 0.440625 0.7101328903654485 0.43 0.6910299003322259 0.420625 0.6777408637873754 0.4225 0.670265780730897 0.4325 0.6727574750830565 0.444375
1 0.7068106312292359 0.3375 0.717607973421927 0.345625 0.7367109634551495 0.345625 0.7475083056478405 0.334375 0.7475083056478405 0.319375 0.7358803986710963 0.31 0.7209302325581395 0.31 0.7101328903654485 0.316875 0.7059800664451827 0.323125 0.7068106312292359 0.3375
1 0.19269102990033224 0.436875 0.19601328903654486 0.441875 0.20681063122923588 0.449375 0.22425249169435216 0.4525 0.23421926910299004 0.449375 0.24003322259136212 0.444375 0.24169435215946844 0.434375 0.23421926910299004 0.426875 0.22259136212624583 0.4225 0.2084717607973422 0.421875 0.19435215946843853 0.42875 0.19269102990033224 0.436875
1 0.21511627906976744 0.5 0.2159468438538206 0.515 0.22093023255813954 0.521875 0.22757475083056478 0.52625 0.2350498338870432 0.52625 0.25 0.520625 0.2558139534883721 0.50875 0.2549833887043189 0.5 0.24584717607973422 0.49 0.23837209302325582 0.4875 0.23006644518272426 0.4875 0.22259136212624583 0.49 0.21511627906976744 0.5
1 0.5016611295681063 0.28125 0.5016611295681063 0.290625 0.5058139534883721 0.299375 0.5157807308970099 0.305 0.5299003322259136 0.30375 0.5398671096345515 0.295 0.5415282392026578 0.278125 0.5348837209302325 0.27125 0.5282392026578073 0.26875 0.5149501661129569 0.26875 0.5058139534883721 0.27375 0.5016611295681063 0.28125
1 0.5863787375415282 0.6425 0.5855481727574751 0.654375 0.5930232558139535 0.6675 0.6112956810631229 0.6675 0.6154485049833887 0.665 0.6245847176079734 0.650625 0.6237541528239202 0.64 0.617109634551495 0.63375 0.6071428571428571 0.63 0.595514950166113 0.631875 0.5897009966777409 0.63625 0.5863787375415282 0.6425
1 0.36627906976744184 0.584375 0.36794019933554817 0.59375 0.37375415282392027 0.605 0.3845514950166113 0.613125 0.39867109634551495 0.614375 0.4111295681063123 0.6075 0.41362126245847175 0.5975 0.40946843853820597 0.5825 0.4011627906976744 0.57375 0.38704318936877075 0.56875 0.3803986710963455 0.56875 0.37209302325581395 0.574375 0.36627906976744184 0.584375
1 0.41029900332225916 0.583125 0.4119601328903654 0.593125 0.4161129568106312 0.598125 0.43023255813953487 0.600625 0.4418604651162791 0.594375 0.45182724252491696 0.58125 0.4526578073089701 0.569375 0.4393687707641196 0.56 0.43106312292358806 0.56 0.41777408637873753 0.5675 0.4119601328903654 0.575 0.41029900332225916 0.583125
1 0.43272425249169433 0.33125 0.44601328903654486 0.3425 0.4642857142857143 0.34375 0.4808970099667774 0.335 0.48588039867109634 0.328125 0.4850498338870432 0.323125 0.48006644518272423 0.321875 0.4684385382059801 0.313125 0.44601328903654486 0.3125 0.436046511627907 0.32 0.43272425249169433 0.33125
1 0.17109634551495018 0.468125 0.1719269102990033 0.478125 0.17691029900332225 0.484375 0.18355481727574752 0.4875 0.2009966777408638 0.4875 0.20514950166112958 0.485 0.21760797342192692 0.473125 0.21760797342192692 0.456875 0.20514950166112958 0.449375 0.19601328903654486 0.449375 0.18272425249169436 0.45375 0.1760797342192691 0.459375 0.17109634551495018 0.468125
1 0.27408637873754155 0.67375 0.27159468438538203 0.685625 0.27408637873754155 0.69625 0.28903654485049834 0.70875 0.2973421926910299 0.70875 0.3081395348837209 0.701875 0.31478405315614616 0.685 0.3131229235880399 0.6725 0.3089700996677741 0.665625 0.30398671096345514 0.663125 0.287375415282392 0.6625 0.2799003322259136 0.666875 0.27408637873754155 0.67375
1 0.3239202657807309 0.8125 0.329734219269103 0.81875 0.33970099667774084 0.82375 0.3554817275747508 0.826875 0.36794019933554817 0.82625 0.3787375415282392 0.82125 0.38289036544850497 0.815625 0.3795681063122924 0.800625 0.3745847176079734 0.795625 0.3654485049833887 0.79125 0.3388704318936877 0.79125 0.32558139534883723 0.798125 0.3239202657807309 0.8125
1 0.5307308970099668 0.614375 0.5415282392026578 0.623125 0.5705980066445183 0.62 0.5789036544850499 0.6125 0.579734219269103 0.600625 0.5672757475083057 0.59375 0.5498338870431894 0.59375 0.532392026578073 0.60375 0.5299003322259136 0.6075 0.5307308970099668 0.614375
1 0.3853820598006645 0.56875 0.4003322259136213 0.57375 0.4127906976744186 0.57125 0.420265780730897 0.561875 0.420265780730897 0.5525 0.4119601328903654 0.5425 0.4011627906976744 0.538125 0.3920265780730897 0.5375 0.38205980066445183 0.5425 0.37790697674418605 0.553125 0.3853820598006645 0.56875
1 0.37790697674418605 0.639375 0.37790697674418605 0.6475 0.3812292358803987 0.65375 0.3845514950166113 0.65625 0.40282392026578073 0.65625 0.40946843853820597 0.654375 0.4269102990033223 0.639375 0.42940199335548174 0.625 0.4210963455149502 0.618125 0.4061461794019934 0.61625 0.38953488372093026 0.6225 0.38372093023255816 0.626875 0.37790697674418605 0.639375
1 0.3239202657807309 0.40375 0.32142857142857145 0.418125 0.32475083056478404 0.429375 0.329734219269103 0.43375 0.3388704318936877 0.4375 0.3446843853820598 0.4375 0.3579734219269103 0.43125 0.36794019933554817 0.41875 0.36710963455149503 0.401875 0.36212624584717606 0.39625 0.35132890365448505 0.3925 0.34053156146179403 0.39375 0.3280730897009967 0.39875 0.3239202657807309 0.40375
1 0.2799003322259136 0.64 0.276578073089701 0.646875 0.27740863787375414 0.65375 0.28488372093023256 0.659375 0.29485049833887045 0.6625 0.3089700996677741 0.6625 0.3239202657807309 0.65375 0.32558139534883723 0.6425 0.32142857142857145 0.63625 0.31478405315614616 0.631875 0.3081395348837209 0.629375 0.29900332225913623 0.629375 0.2799003322259136 0.64
1 0.5448504983388704 0.699375 0.5456810631229236 0.71375 0.5581395348837209 0.72 0.5755813953488372 0.72 0.584717607973422 0.716875 0.5888704318936877 0.713125 0.5921926910299004 0.704375 0.5913621262458472 0.69875 0.5872093023255814 0.691875 0.5789036544850499 0.6875 0.5606312292358804 0.6875 0.5506644518272426 0.691875 0.5448504983388704 0.699375
1 0.23172757475083056 0.411875 0.23172757475083056 0.418125 0.23588039867109634 0.42625 0.24003322259136212 0.429375 0.25 0.431875 0.2649501661129568 0.429375 0.2757475083056478 0.4175 0.2799003322259136 0.40875 0.27906976744186046 0.40125 0.26578073089701 0.39125 0.25332225913621265 0.39125 0.24584717607973422 0.39375 0.23837209302325582 0.39875 0.23172757475083056 0.411875
1 0.38372093023255816 0.785625 0.3803986710963455 0.796875 0.38289036544850497 0.810625 0.3862126245847176 0.81375 0.39368770764119604 0.8175 0.4011627906976744 0.8175 0.41445182724252494 0.811875 0.4269102990033223 0.79625 0.4269102990033223 0.779375 0.41777408637873753 0.77125 0.4119601328903654 0.769375 0.39867109634551495 0.77125 0.3911960132890365 0.776875 0.38372093023255816 0.785625
1 0.2857142857142857 0.585 0.29983388704318936 0.593125 0.3089700996677741 0.59375 0.31561461794019935 0.591875 0.3222591362126246 0.588125 0.3272425249169435 0.58125 0.32641196013289037 0.5625 0.32059800664451826 0.55875 0.3089700996677741 0.55875 0.29485049833887045 0.56375 0.2865448504983389 0.571875 0.2857142857142857 0.585
1 0.3978405315614618 0.259375 0.3953488372093023 0.2725 0.4053156146179402 0.28125 0.4119601328903654 0.283125 0.42940199335548174 0.283125 0.4410299003322259 0.2775 0.4426910299003322 0.26375 0.44019933554817275 0.258125 0.43521594684385384 0.254375 0.4152823920265781 0.251875 0.40282392026578073 0.255625 0.3978405315614618 0.259375
1 0.4867109634551495 0.740625 0.4850498338870432 0.745 0.48588039867109634 0.758125 0.4900332225913621 0.763125 0.5 0.76875 0.5083056478405316 0.770625 0.53156146179402 0.769375 0.5406976744186046 0.76625 0.5448504983388704 0.761875 0.5456810631229236 0.75125 0.5415282392026578 0.745 0.5340531561461794 0.740625 0.5157807308970099 0.735625 0.4950166112956811 0.73625 0.4867109634551495 0.740625
1 0.1644518272425249 0.5725 0.1644518272425249 0.576875 0.17026578073089702 0.5875 0.16777408637873753 0.591875 0.1686046511627907 0.5975 0.17857142857142858 0.598125 0.18272425249169436 0.595 0.18687707641196014 0.595 0.1893687707641196 0.58875 0.2026578073089701 0.58875 0.21345514950166114 0.5825 0.21926910299003322 0.573125 0.21843853820598005 0.56375 0.2059800664451827 0.5575 0.19269102990033224 0.556875 0.18272425249169436 0.558125 0.1686046511627907 0.566875 0.1644518272425249 0.5725
1 0.23089700996677742 0.540625 0.23588039867109634 0.5475 0.2425249169435216 0.55 0.2649501661129568 0.551875 0.27740863787375414 0.5475 0.2807308970099668 0.544375 0.28488372093023256 0.536875 0.2823920265780731 0.529375 0.276578073089701 0.524375 0.2649501661129568 0.52125 0.24916943521594684 0.52125 0.23172757475083056 0.5275 0.23089700996677742 0.540625
1 0.3089700996677741 0.7775 0.3089700996677741 0.79 0.3131229235880399 0.794375 0.3280730897009967 0.795625 0.3388704318936877 0.79 0.3480066445182724 0.775 0.34717607973421927 0.764375 0.34219269102990035 0.76 0.3380398671096346 0.764375 0.33222591362126247 0.76625 0.31478405315614616 0.7675 0.3089700996677741 0.7775
1 0.5124584717607974 0.665 0.5149501661129569 0.670625 0.5249169435215947 0.675625 0.5406976744186046 0.675 0.5548172757475083 0.66 0.5548172757475083 0.648125 0.5365448504983389 0.639375 0.5199335548172758 0.645625 0.5149501661129569 0.650625 0.5132890365448505 0.6575 0.5124584717607974 0.665
1 0.4435215946843854 0.2725 0.4476744186046512 0.28125 0.4601328903654485 0.288125 0.46511627906976744 0.288125 0.47840531561461797 0.281875 0.48588039867109634 0.2725 0.4850498338870432 0.26 0.4742524916943522 0.2525 0.45598006644518274 0.253125 0.44601328903654486 0.260625 0.44435215946843853 0.264375 0.4435215946843854 0.2725
1 0.5498338870431894 0.40875 0.5232558139534884 0.41 0.5166112956810631 0.4225 0.5282392026578073 0.44 0.5498338870431894 0.4275 0.5498338870431894 0.40875
0 0.3588039867109635 0.13375 0.31561461794019935 0.14375 0.3023255813953488 0.15875 0.292358803986711 0.18375 0.33222591362126247 0.21875 0.3704318936877076 0.21375 0.4003322259136213 0.20625 0.41029900332225916 0.1725 0.39867109634551495 0.1525 0.3588039867109635 0.13375