1 0.7560975609756098 0.566875 0.7710027100271003 0.56875 0.7845528455284553 0.56625 0.7953929539295393 0.560625 0.7926829268292683 0.550625 0.7737127371273713 0.55 0.7574525745257452 0.5525 0.7493224932249323 0.556875 0.7493224932249323 0.56375 0.7560975609756098 0.566875
1 0.4010840108401084 0.650625 0.41192411924119243 0.650625 0.42276422764227645 0.64375 0.42005420054200543 0.634375 0.4092140921409214 0.629375 0.3902439024390244 0.629375 0.3794037940379404 0.635 0.3821138211382114 0.64375 0.4010840108401084 0.650625
1 0.35501355013550134 0.55625 0.3780487804878049 0.556875 0.3821138211382114 0.55375 0.3794037940379404 0.5425 0.3712737127371274 0.54 0.35772357723577236 0.539375 0.34959349593495936 0.5425 0.34688346883468835 0.5475 0.35501355013550134 0.55625
1 0.4878048780487805 0.598125 0.4986449864498645 0.59375 0.502710027100271 0.58375 0.4986449864498645 0.58 0.4742547425474255 0.57875 0.46476964769647694 0.5825 0.46070460704607047 0.591875 0.46883468834688347 0.596875 0.4878048780487805 0.598125
1 0.1991869918699187 0.525 0.20596205962059622 0.520625 0.2032520325203252 0.511875 0.19241192411924118 0.508125 0.17344173441734417 0.509375 0.17073170731707318 0.52125 0.17886178861788618 0.525625 0.1991869918699187 0.525
1 0.6734417344173442 0.45625 0.6869918699186992 0.4575 0.6991869918699187 0.453125 0.7032520325203252 0.446875 0.7005420054200542 0.441875 0.6951219512195121 0.439375 0.6815718157181572 0.439375 0.6761517615176151 0.441875 0.6707317073170732 0.4475 0.6734417344173442 0.45625
1 0.2940379403794038 0.65125 0.3089430894308943 0.6525 0.3252032520325203 0.646875 0.3224932249322493 0.633125 0.3116531165311653 0.629375 0.2899728997289973 0.631875 0.2845528455284553 0.63625 0.2845528455284553 0.644375 0.2940379403794038 0.65125
1 0.42005420054200543 0.606875 0.43902439024390244 0.606875 0.4444444444444444 0.60375 0.4444444444444444 0.595 0.43766937669376693 0.59 0.42276422764227645 0.586875 0.4105691056910569 0.588125 0.4037940379403794 0.591875 0.4065040650406504 0.6025 0.42005420054200543 0.606875
1 0.6951219512195121 0.65125 0.7140921409214093 0.65375 0.7222222222222222 0.65125 0.7276422764227642 0.644375 0.7249322493224932 0.63875 0.7113821138211383 0.631875 0.6951219512195121 0.633125 0.6897018970189702 0.63625 0.6897018970189702 0.6475 0.6951219512195121 0.65125
1 0.3970189701897019 0.70875 0.41192411924119243 0.708125 0.4254742547425474 0.69625 0.4241192411924119 0.694375 0.4092140921409214 0.689375 0.3956639566395664 0.69125 0.38482384823848237 0.69625 0.38482384823848237 0.704375 0.3970189701897019 0.70875
1 0.5989159891598916 0.591875 0.6165311653116531 0.591875 0.6219512195121951 0.589375 0.6219512195121951 0.57375 0.6165311653116531 0.571875 0.5975609756097561 0.571875 0.592140921409214 0.57375 0.5894308943089431 0.584375 0.5989159891598916 0.591875
1 0.6368563685636857 0.529375 0.6517615176151762 0.529375 0.6626016260162602 0.52625 0.6680216802168022 0.52125 0.6680216802168022 0.514375 0.6626016260162602 0.511875 0.6422764227642277 0.51125 0.6327913279132791 0.51375 0.6246612466124661 0.52125 0.6273712737127372 0.525625 0.6368563685636857 0.529375
1 0.6463414634146342 0.74 0.6653116531165312 0.74 0.6788617886178862 0.734375 0.6761517615176151 0.726875 0.6680216802168022 0.723125 0.6382113821138211 0.723125 0.6327913279132791 0.7275 0.6327913279132791 0.734375 0.6463414634146342 0.74
1 0.47696476964769646 0.7425 0.4932249322493225 0.7425 0.502710027100271 0.738125 0.502710027100271 0.73 0.4986449864498645 0.726875 0.4878048780487805 0.723125 0.46747967479674796 0.725 0.46070460704607047 0.73 0.46476964769647694 0.7375 0.47696476964769646 0.7425
1 0.7737127371273713 0.664375 0.7872628726287263 0.65625 0.7872628726287263 0.6475 0.7804878048780488 0.643125 0.7601626016260162 0.64125 0.7493224932249323 0.6475 0.7466124661246613 0.6575 0.7601626016260162 0.665 0.7737127371273713 0.664375
1 0.46747967479674796 0.691875 0.4796747967479675 0.6925 0.4878048780487805 0.690625 0.4959349593495935 0.685 0.4932249322493225 0.675625 0.4796747967479675 0.670625 0.46070460704607047 0.670625 0.45257452574525747 0.675625 0.45528455284552843 0.685625 0.46747967479674796 0.691875
1 0.27100271002710025 0.69625 0.2981029810298103 0.696875 0.3116531165311653 0.68875 0.3089430894308943 0.6825 0.3035230352303523 0.680625 0.2791327913279133 0.680625 0.27371273712737126 0.6825 0.2682926829268293 0.685625 0.27100271002710025 0.69625
1 0.3035230352303523 0.708125 0.3170731707317073 0.709375 0.32791327913279134 0.706875 0.3252032520325203 0.696875 0.3170731707317073 0.691875 0.3048780487804878 0.69375 0.2981029810298103 0.6975 0.2981029810298103 0.705 0.3035230352303523 0.708125
1 0.44037940379403795 0.52625 0.4634146341463415 0.52625 0.4715447154471545 0.521875 0.46883468834688347 0.511875 0.45257452574525747 0.506875 0.42953929539295393 0.50875 0.4254742547425474 0.511875 0.4281842818428184 0.520625 0.44037940379403795 0.52625
1 0.7655826558265583 0.49875 0.7926829268292683 0.49875 0.8008130081300813 0.491875 0.7981029810298103 0.485 0.7872628726287263 0.48125 0.7723577235772358 0.48125 0.7628726287262872 0.48375 0.7574525745257452 0.49 0.7655826558265583 0.49875
1 0.8089430894308943 0.676875 0.8252032520325203 0.6775 0.8333333333333334 0.67375 0.8333333333333334 0.6625 0.8279132791327913 0.6575 0.8170731707317073 0.654375 0.8008130081300813 0.654375 0.7926829268292683 0.659375 0.7953929539295393 0.67 0.8089430894308943 0.676875
1 0.6111111111111112 0.56375 0.6246612466124661 0.56 0.6219512195121951 0.550625 0.5948509485094851 0.548125 0.5813008130081301 0.55375 0.5813008130081301 0.5575 0.5907859078590786 0.5625 0.6111111111111112 0.56375
1 0.6490514905149052 0.545625 0.6707317073170732 0.546875 0.6815718157181572 0.540625 0.6815718157181572 0.535625 0.6761517615176151 0.5325 0.6626016260162602 0.52875 0.6490514905149052 0.529375 0.6382113821138211 0.535625 0.6409214092140921 0.54125 0.6490514905149052 0.545625
1 0.8292682926829268 0.545 0.8577235772357723 0.545625 0.8739837398373984 0.54 0.8712737127371274 0.5325 0.8631436314363143 0.529375 0.8333333333333334 0.529375 0.8252032520325203 0.5325 0.8197831978319783 0.539375 0.8292682926829268 0.545
1 0.18699186991869918 0.623125 0.20596205962059622 0.623125 0.21138211382113822 0.62125 0.21951219512195122 0.615625 0.21680216802168023 0.606875 0.21138211382113822 0.605 0.1897018970189702 0.605 0.17886178861788618 0.610625 0.17886178861788618 0.62 0.18699186991869918 0.623125
1 0.6815718157181572 0.669375 0.6897018970189702 0.675625 0.6964769647696477 0.6775 0.7140921409214093 0.6775 0.7195121951219512 0.675625 0.7249322493224932 0.671875 0.7222222222222222 0.658125 0.7113821138211383 0.654375 0.6951219512195121 0.654375 0.6869918699186992 0.6575 0.6815718157181572 0.660625 0.6815718157181572 0.669375
1 0.25338753387533874 0.504375 0.28184281842818426 0.504375 0.2926829268292683 0.49875 0.2899728997289973 0.4925 0.2764227642276423 0.4875 0.25474254742547425 0.4875 0.24390243902439024 0.49 0.24119241192411925 0.499375 0.25338753387533874 0.504375
1 0.23577235772357724 0.625 0.24661246612466126 0.628125 0.26558265582655827 0.628125 0.2791327913279133 0.623125 0.2791327913279133 0.618125 0.27371273712737126 0.615 0.2601626016260163 0.61125 0.24390243902439024 0.61125 0.23306233062330622 0.615 0.23035230352303523 0.62 0.23577235772357724 0.625
1 0.6598915989159891 0.6175 0.6680216802168022 0.619375 0.6842818428184282 0.618125 0.6897018970189702 0.61 0.6869918699186992 0.601875 0.6707317073170732 0.595 0.6571815718157181 0.59875 0.6517615176151762 0.603125 0.6517615176151762 0.613125 0.6598915989159891 0.6175
1 0.45528455284552843 0.716875 0.46070460704607047 0.720625 0.4715447154471545 0.723125 0.491869918699187 0.71875 0.5 0.7125 0.4986449864498645 0.70375 0.48509485094850946 0.69875 0.4715447154471545 0.69875 0.46070460704607047 0.701875 0.45528455284552843 0.706875 0.45528455284552843 0.716875
1 0.3333333333333333 0.70625 0.34688346883468835 0.706875 0.3604336043360434 0.700625 0.36585365853658536 0.69375 0.36314363143631434 0.6875 0.35772357723577236 0.685 0.34010840108401086 0.685 0.32791327913279134 0.689375 0.3252032520325203 0.699375 0.3333333333333333 0.70625
1 0.7913279132791328 0.695625 0.8143631436314364 0.69875 0.8224932249322493 0.695625 0.8224932249322493 0.6825 0.8089430894308943 0.675625 0.7981029810298103 0.673125 0.7845528455284553 0.6825 0.7845528455284553 0.690625 0.7913279132791328 0.695625
1 0.7547425474254743 0.6825 0.7574525745257452 0.665625 0.7520325203252033 0.663125 0.7384823848238482 0.66125 0.7276422764227642 0.665 0.7249322493224932 0.68 0.7289972899728997 0.6825 0.7547425474254743 0.6825
1 0.7168021680216802 0.51125 0.7303523035230353 0.504375 0.7303523035230353 0.4975 0.7249322493224932 0.495 0.6978319783197832 0.495 0.6842818428184282 0.50125 0.6842818428184282 0.508125 0.6978319783197832 0.513125 0.7168021680216802 0.51125
1 0.5772357723577236 0.48875 0.6002710027100271 0.49 0.6084010840108401 0.4875 0.6138211382113821 0.481875 0.6111111111111112 0.474375 0.6029810298102981 0.47125 0.592140921409214 0.470625 0.5745257452574526 0.475625 0.573170731707317 0.48625 0.5772357723577236 0.48875
1 0.6991869918699187 0.738125 0.7086720867208672 0.7375 0.7168021680216802 0.734375 0.7168021680216802 0.723125 0.7032520325203252 0.716875 0.6815718157181572 0.716875 0.6761517615176151 0.72 0.6761517615176151 0.7275 0.6815718157181572 0.734375 0.6991869918699187 0.738125
1 0.592140921409214 0.6025 0.5975609756097561 0.6 0.5975609756097561 0.59125 0.5894308943089431 0.58375 0.5813008130081301 0.581875 0.5623306233062331 0.586875 0.5623306233062331 0.595 0.573170731707317 0.601875 0.592140921409214 0.6025
1 0.7682926829268293 0.51875 0.7872628726287263 0.51875 0.7981029810298103 0.511875 0.7926829268292683 0.505 0.7737127371273713 0.5 0.7547425474254743 0.5 0.7466124661246613 0.50625 0.7547425474254743 0.515625 0.7682926829268293 0.51875
1 0.6029810298102981 0.670625 0.6327913279132791 0.67 0.6436314363143631 0.6625 0.6436314363143631 0.6575 0.6395663956639567 0.655625 0.6165311653116531 0.65125 0.6029810298102981 0.6525 0.592140921409214 0.6575 0.5962059620596206 0.66875 0.6029810298102981 0.670625
1 0.3062330623306233 0.576875 0.3157181571815718 0.5775 0.3333333333333333 0.575625 0.34417344173441733 0.57125 0.34417344173441733 0.561875 0.33062330623306235 0.5575 0.3116531165311653 0.55875 0.3008130081300813 0.564375 0.3008130081300813 0.57375 0.3062330623306233 0.576875
1 0.5 0.465625 0.518970189701897 0.46625 0.5298102981029811 0.463125 0.535230352303523 0.45875 0.5311653116531165 0.450625 0.521680216802168 0.4475 0.505420054200542 0.448125 0.4932249322493225 0.451875 0.4878048780487805 0.45875 0.5 0.465625
1 0.6978319783197832 0.615 0.7195121951219512 0.6175 0.7330623306233063 0.613125 0.7384823848238482 0.61 0.7357723577235772 0.601875 0.7303523035230353 0.6 0.7140921409214093 0.6 0.7032520325203252 0.601875 0.6978319783197832 0.605 0.6978319783197832 0.615
1 0.6029810298102981 0.5475 0.6246612466124661 0.55 0.6382113821138211 0.543125 0.6355013550135501 0.535625 0.6246612466124661 0.529375 0.6029810298102981 0.530625 0.5975609756097561 0.534375 0.5975609756097561 0.545 0.6029810298102981 0.5475
1 0.2791327913279133 0.601875 0.3062330623306233 0.6025 0.3170731707317073 0.598125 0.3170731707317073 0.59125 0.3116531165311653 0.588125 0.2953929539295393 0.584375 0.2764227642276423 0.586875 0.2682926829268293 0.591875 0.2682926829268293 0.595625 0.2791327913279133 0.601875
1 0.33604336043360433 0.6675 0.33875338753387535 0.665625 0.34417344173441733 0.6575 0.34146341463414637 0.650625 0.3252032520325203 0.6475 0.3143631436314363 0.651875 0.3116531165311653 0.664375 0.31978319783197834 0.6675 0.33604336043360433 0.6675
1 0.7737127371273713 0.64125 0.7818428184281843 0.64 0.7899728997289973 0.63375 0.7872628726287263 0.62625 0.7737127371273713 0.620625 0.7520325203252033 0.623125 0.7493224932249323 0.63 0.7574525745257452 0.638125 0.7737127371273713 0.64125
1 0.6571815718157181 0.763125 0.6734417344173442 0.75875 0.6842818428184282 0.75 0.6802168021680217 0.74125 0.6585365853658537 0.74 0.6436314363143631 0.745625 0.6409214092140921 0.754375 0.6490514905149052 0.761875 0.6571815718157181 0.763125
1 0.23712737127371275 0.701875 0.25203252032520324 0.70375 0.26558265582655827 0.69875 0.26558265582655827 0.685625 0.25474254742547425 0.6825 0.24525745257452575 0.6825 0.23577235772357724 0.685625 0.23306233062330622 0.699375 0.23712737127371275 0.701875
1 0.6111111111111112 0.495 0.6178861788617886 0.5 0.6355013550135501 0.50125 0.6490514905149052 0.49625 0.6544715447154471 0.489375 0.6504065040650406 0.48125 0.6463414634146342 0.479375 0.6273712737127372 0.479375 0.6165311653116531 0.483125 0.6111111111111112 0.4875 0.6111111111111112 0.495
1 0.502710027100271 0.73 0.521680216802168 0.73 0.535230352303523 0.725 0.535230352303523 0.713125 0.521680216802168 0.70875 0.5067750677506775 0.71 0.4959349593495935 0.72 0.4959349593495935 0.725 0.502710027100271 0.73
1 0.7371273712737128 0.58875 0.7655826558265583 0.588125 0.7737127371273713 0.583125 0.7696476964769647 0.574375 0.7601626016260162 0.5725 0.7411924119241192 0.57375 0.7276422764227642 0.579375 0.7276422764227642 0.584375 0.7371273712737128 0.58875
1 0.7452574525745257 0.613125 0.7628726287262872 0.614375 0.7737127371273713 0.609375 0.7737127371273713 0.596875 0.7682926829268293 0.593125 0.7628726287262872 0.59 0.7439024390243902 0.59 0.7357723577235772 0.59375 0.7357723577235772 0.605 0.7452574525745257 0.613125
1 0.41192411924119243 0.731875 0.43902439024390244 0.731875 0.44986449864498645 0.72375 0.44579945799457993 0.716875 0.43902439024390244 0.715 0.42276422764227645 0.715 0.4146341463414634 0.7175 0.4092140921409214 0.72 0.41192411924119243 0.731875
1 0.7384823848238482 0.7425 0.7520325203252033 0.738125 0.7547425474254743 0.7275 0.7493224932249323 0.72375 0.7276422764227642 0.720625 0.7195121951219512 0.72375 0.7195121951219512 0.738125 0.7303523035230353 0.7425 0.7384823848238482 0.7425
1 0.4146341463414634 0.6775 0.4363143631436314 0.676875 0.44173441734417346 0.673125 0.43902439024390244 0.6625 0.43089430894308944 0.6575 0.4092140921409214 0.6575 0.4010840108401084 0.66125 0.4037940379403794 0.6725 0.4146341463414634 0.6775
1 0.16531165311653118 0.615625 0.17886178861788618 0.609375 0.17886178861788618 0.598125 0.16802168021680217 0.5975 0.14905149051490515 0.598125 0.13821138211382114 0.603125 0.13550135501355012 0.608125 0.14227642276422764 0.615 0.16531165311653118 0.615625
1 0.2764227642276423 0.671875 0.2845528455284553 0.675 0.3008130081300813 0.675 0.3062330623306233 0.6725 0.3116531165311653 0.665625 0.3089430894308943 0.6575 0.3035230352303523 0.654375 0.2859078590785908 0.65375 0.27371273712737126 0.6575 0.27100271002710025 0.665625 0.2764227642276423 0.671875
1 0.7317073170731707 0.64625 0.7466124661246613 0.646875 0.7547425474254743 0.644375 0.7574525745257452 0.63625 0.7520325203252033 0.63125 0.7439024390243902 0.62625 0.7330623306233063 0.625 0.7168021680216802 0.62875 0.7168021680216802 0.634375 0.7317073170731707 0.64625
1 0.5677506775067751 0.585 0.5840108401084011 0.581875 0.5867208672086721 0.571875 0.5813008130081301 0.569375 0.5677506775067751 0.566875 0.5528455284552846 0.566875 0.5433604336043361 0.571875 0.5460704607046071 0.583125 0.5677506775067751 0.585
1 0.34959349593495936 0.671875 0.37398373983739835 0.670625 0.3902439024390244 0.6625 0.3875338753387534 0.658125 0.37669376693766937 0.654375 0.3523035230352303 0.654375 0.34146341463414637 0.66 0.33875338753387535 0.6675 0.34959349593495936 0.671875
1 0.5149051490514905 0.535625 0.5487804878048781 0.535 0.5623306233062331 0.529375 0.5582655826558266 0.524375 0.551490514905149 0.52125 0.518970189701897 0.521875 0.505420054200542 0.5275 0.505420054200542 0.53125 0.5149051490514905 0.535625
1 0.6219512195121951 0.470625 0.6327913279132791 0.46625 0.6355013550135501 0.4575 0.6273712737127372 0.45375 0.6111111111111112 0.45375 0.592140921409214 0.46 0.5962059620596206 0.46875 0.6056910569105691 0.47125 0.6219512195121951 0.470625
1 0.43360433604336046 0.629375 0.45528455284552843 0.629375 0.46612466124661245 0.6225 0.4634146341463415 0.6125 0.45528455284552843 0.608125 0.43902439024390244 0.608125 0.4254742547425474 0.614375 0.42276422764227645 0.624375 0.43360433604336046 0.629375
1 0.33875338753387535 0.725 0.34552845528455284 0.7225 0.34959349593495936 0.72 0.34688346883468835 0.70875 0.32791327913279134 0.706875 0.3143631436314363 0.711875 0.3089430894308943 0.720625 0.3170731707317073 0.725 0.33875338753387535 0.725
1 0.46883468834688347 0.449375 0.4742547425474255 0.4375 0.46883468834688347 0.4325 0.453929539295393 0.431875 0.43902439024390244 0.435 0.4363143631436314 0.446875 0.44037940379403795 0.45 0.46883468834688347 0.449375
1 0.7710027100271003 0.686875 0.7804878048780488 0.685 0.7926829268292683 0.675625 0.7899728997289973 0.67 0.7764227642276422 0.663125 0.7601626016260162 0.665625 0.7574525745257452 0.6825 0.7628726287262872 0.685625 0.7710027100271003 0.686875
1 0.44986449864498645 0.71375 0.44986449864498645 0.69875 0.43902439024390244 0.695625 0.42276422764227645 0.6975 0.4173441734417344 0.709375 0.42276422764227645 0.71375 0.44986449864498645 0.71375
1 0.2926829268292683 0.51125 0.31978319783197834 0.51125 0.33062330623306235 0.508125 0.33604336043360433 0.5 0.33062330623306235 0.49625 0.3224932249322493 0.494375 0.2981029810298103 0.495 0.2872628726287263 0.503125 0.2872628726287263 0.509375 0.2926829268292683 0.51125
1 0.2140921409214092 0.5525 0.23848238482384823 0.5525 0.24661246612466126 0.54875 0.24525745257452575 0.54125 0.23035230352303523 0.535625 0.2086720867208672 0.535625 0.2032520325203252 0.539375 0.2032520325203252 0.545625 0.2140921409214092 0.5525
1 0.513550135501355 0.425 0.5271002710027101 0.419375 0.5271002710027101 0.411875 0.5121951219512195 0.410625 0.489159891598916 0.41375 0.4796747967479675 0.420625 0.4878048780487805 0.425 0.513550135501355 0.425
1 0.6355013550135501 0.784375 0.6490514905149052 0.7875 0.6612466124661247 0.786875 0.6653116531165312 0.783125 0.6626016260162602 0.7675 0.6463414634146342 0.763125 0.6368563685636857 0.763125 0.6273712737127372 0.76625 0.6246612466124661 0.775625 0.6355013550135501 0.784375