0 0.459375 0.845514950166113 0.459375 0.8712624584717608 0.465 0.8920265780730897 0.47875 0.9111295681063123 0.498125 0.920265780730897 0.51 0.920265780730897 0.53375 0.9078073089700996 0.5475 0.8870431893687708 0.554375 0.8646179401993356 0.554375 0.8388704318936877 0.54625 0.8156146179401993 0.53125 0.7981727574750831 0.519375 0.7931893687707641 0.505 0.792358803986711 0.491875 0.7956810631229236 0.48375 0.8006644518272426 0.474375 0.8106312292358804 0.465625 0.824750830564784 0.459375 0.845514950166113
1 0.329375 0.4883720930232558 0.335625 0.4941860465116279 0.35375 0.4941860465116279 0.363125 0.489202657807309 0.3675 0.48255813953488375 0.370625 0.47674418604651164 0.370625 0.462624584717608 0.36875 0.45598006644518274 0.363125 0.4485049833887043 0.350625 0.4476744186046512 0.343125 0.45099667774086377 0.333125 0.45598006644518274 0.324375 0.4659468438538206 0.325 0.48006644518272423 0.329375 0.4883720930232558
1 0.27 0.35631229235880396 0.266875 0.35299003322259137 0.256875 0.3488372093023256 0.24875 0.3488372093023256 0.23625 0.3596345514950166 0.236875 0.3787375415282392 0.24875 0.39285714285714285 0.259375 0.3920265780730897 0.271875 0.3803986710963455 0.27 0.35631229235880396
1 0.50625 0.31478405315614616 0.5125 0.3131229235880399 0.518125 0.303156146179402 0.520625 0.2973421926910299 0.515 0.2749169435215947 0.508125 0.2649501661129568 0.49875 0.25664451827242524 0.491875 0.25664451827242524 0.485 0.2691029900332226 0.485625 0.2931893687707641 0.49 0.30398671096345514 0.49875 0.313953488372093 0.50625 0.31478405315614616
1 0.503125 0.5182724252491694 0.5125 0.5132890365448505 0.52125 0.5 0.523125 0.4883720930232558 0.52125 0.48006644518272423 0.515 0.47093023255813954 0.50125 0.4676079734219269 0.491875 0.473421926910299 0.48625 0.48006644518272423 0.48125 0.49169435215946844 0.480625 0.5066445182724253 0.48375 0.5149501661129569 0.503125 0.5182724252491694
1 0.43625 0.28903654485049834 0.4375 0.26993355481727577 0.4325 0.2649501661129568 0.41875 0.2649501661129568 0.4125 0.26744186046511625 0.4075 0.27159468438538203 0.401875 0.28322259136212624 0.4025 0.29651162790697677 0.41125 0.3064784053156146 0.423125 0.30564784053156147 0.43625 0.28903654485049834
1 0.4375 0.6295681063122923 0.44625 0.617109634551495 0.446875 0.606312292358804 0.441875 0.5988372093023255 0.433125 0.5921926910299004 0.421875 0.5921926910299004 0.406875 0.6046511627906976 0.403125 0.6204318936877077 0.405 0.627906976744186 0.40875 0.6320598006644518 0.423125 0.6345514950166113 0.4375 0.6295681063122923
1 0.4575 0.24916943521594684 0.45875 0.24584717607973422 0.459375 0.23338870431893688 0.4575 0.22425249169435216 0.44625 0.21179401993355482 0.43625 0.21179401993355482 0.42625 0.22674418604651161 0.42625 0.23588039867109634 0.429375 0.24584717607973422 0.43625 0.25249169435215946 0.45 0.2541528239202658 0.4575 0.24916943521594684
1 0.478125 0.3911960132890365 0.48875 0.3845514950166113 0.49375 0.37790697674418605 0.49375 0.36129568106312293 0.48875 0.35299003322259137 0.483125 0.3488372093023256 0.4625 0.3504983388704319 0.455625 0.35714285714285715 0.453125 0.3637873754152824 0.453125 0.3729235880398671 0.455625 0.3803986710963455 0.46875 0.3911960132890365 0.478125 0.3911960132890365
1 0.46 0.2915282392026578 0.4675 0.29900332225913623 0.4725 0.29900332225913623 0.48375 0.2915282392026578 0.485 0.27906976744186046 0.4825 0.26827242524916944 0.478125 0.26245847176079734 0.470625 0.260797342192691 0.4675 0.2549833887043189 0.46375 0.2541528239202658 0.4575 0.2632890365448505 0.456875 0.26827242524916944 0.456875 0.2807308970099668 0.46 0.2915282392026578
1 0.53375 0.6686046511627907 0.53375 0.6553156146179402 0.530625 0.6478405315614618 0.523125 0.6420265780730897 0.5125 0.6420265780730897 0.508125 0.6528239202657807 0.5025 0.659468438538206 0.505 0.6710963455149501 0.511875 0.6769102990033222 0.526875 0.6769102990033222 0.53375 0.6686046511627907
1 0.40625 0.38870431893687707 0.415625 0.37790697674418605 0.41625 0.3596345514950166 0.410625 0.34551495016611294 0.40125 0.3347176079734219 0.391875 0.3338870431893688 0.386875 0.33637873754152825 0.381875 0.34717607973421927 0.381875 0.36710963455149503 0.386875 0.3803986710963455 0.396875 0.38787375415282394 0.40625 0.38870431893687707
1 0.46 0.5157807308970099 0.47125 0.5132890365448505 0.480625 0.5 0.483125 0.48588039867109634 0.4825 0.47674418604651164 0.479375 0.47093023255813954 0.474375 0.4684385382059801 0.461875 0.47093023255813954 0.453125 0.48255813953488375 0.45 0.49169435215946844 0.45 0.5033222591362126 0.453125 0.5116279069767442 0.46 0.5157807308970099
1 0.54 0.3480066445182724 0.541875 0.3388704318936877 0.54125 0.313953488372093 0.53875 0.3089700996677741 0.530625 0.29983388704318936 0.520625 0.29983388704318936 0.51375 0.313953488372093 0.515 0.3372093023255814 0.516875 0.34219269102990035 0.525 0.3538205980066445 0.53375 0.3538205980066445 0.54 0.3480066445182724
1 0.418125 0.22757475083056478 0.42625 0.223421926910299 0.433125 0.21428571428571427 0.433125 0.19684385382059802 0.4275 0.18687707641196014 0.42125 0.1818936877076412 0.41125 0.18023255813953487 0.403125 0.18272425249169436 0.393125 0.19269102990033224 0.390625 0.19850498338870431 0.390625 0.21511627906976744 0.39875 0.22508305647840532 0.418125 0.22757475083056478
1 0.361875 0.3280730897009967 0.371875 0.329734219269103 0.38125 0.3230897009966777 0.384375 0.3164451827242525 0.386875 0.3064784053156146 0.386875 0.2915282392026578 0.384375 0.2807308970099668 0.376875 0.27408637873754155 0.36625 0.27740863787375414 0.35875 0.2865448504983389 0.354375 0.29817275747508304 0.35375 0.3122923588039867 0.35625 0.32142857142857145 0.361875 0.3280730897009967
1 0.255 0.4152823920265781 0.25375 0.4011627906976744 0.238125 0.38289036544850497 0.22125 0.38289036544850497 0.215625 0.38787375415282394 0.21375 0.3953488372093023 0.215625 0.40863787375415284 0.224375 0.4210963455149502 0.23125 0.4269102990033223 0.245625 0.4269102990033223 0.255 0.4152823920265781
1 0.5075 0.6511627906976745 0.5075 0.6370431893687708 0.495 0.6204318936877077 0.483125 0.617109634551495 0.47625 0.6212624584717608 0.474375 0.6262458471760798 0.474375 0.6378737541528239 0.47875 0.6478405315614618 0.48625 0.6569767441860465 0.5 0.659468438538206 0.5075 0.6511627906976745
1 0.443125 0.20930232558139536 0.45125 0.2101328903654485 0.456875 0.20431893687707642 0.45875 0.19684385382059802 0.4575 0.17691029900332225 0.451875 0.16362126245847175 0.44125 0.1511627906976744 0.43625 0.14867109634551495 0.42875 0.1511627906976744 0.424375 0.15946843853820597 0.424375 0.16777408637873753 0.42875 0.18604651162790697 0.438125 0.2059800664451827 0.443125 0.20930232558139536
1 0.428125 0.40282392026578073 0.435625 0.40282392026578073 0.4475 0.38953488372093026 0.449375 0.38205980066445183 0.449375 0.36627906976744184 0.445 0.3588039867109635 0.441875 0.3554817275747508 0.433125 0.35299003322259137 0.42125 0.3596345514950166 0.418125 0.3696013289036545 0.418125 0.38704318936877075 0.42375 0.39867109634551495 0.428125 0.40282392026578073
1 0.29 0.48754152823920266 0.298125 0.47591362126245845 0.298125 0.4543189368770764 0.295 0.4476744186046512 0.286875 0.4435215946843854 0.273125 0.4476744186046512 0.265625 0.457641196013289 0.2625 0.4700996677740864 0.2625 0.4808970099667774 0.265 0.4850498338870432 0.276875 0.4908637873754153 0.29 0.48754152823920266
1 0.704375 0.2009966777408638 0.714375 0.18438538205980065 0.714375 0.15780730897009967 0.71125 0.1511627906976744 0.706875 0.14867109634551495 0.7 0.14867109634551495 0.6925 0.1536544850498339 0.683125 0.17109634551495018 0.683125 0.18604651162790697 0.688125 0.19684385382059802 0.693125 0.20182724252491693 0.704375 0.2009966777408638
1 0.4496875 0.16528239202657807 0.000625 0.0016611295681063123
1 0.434375 0.151578073089701 0.00375 0.0008305647840531562
1 0.5775 0.4692691029900332 0.585625 0.4543189368770764 0.585625 0.4368770764119601 0.583125 0.43272425249169433 0.573125 0.42857142857142855 0.558125 0.43272425249169433 0.549375 0.44601328903654486 0.550625 0.4601328903654485 0.553125 0.4659468438538206 0.558125 0.47093023255813954 0.565 0.47259136212624586 0.5775 0.4692691029900332
1 0.545 0.4684385382059801 0.549375 0.46096345514950166 0.549375 0.4543189368770764 0.548125 0.4485049833887043 0.5425 0.4418604651162791 0.525 0.4426910299003322 0.515625 0.4601328903654485 0.515625 0.4692691029900332 0.52375 0.48006644518272423 0.530625 0.48006644518272423 0.545 0.4684385382059801
1 0.526875 0.6046511627906976 0.518125 0.595514950166113 0.505625 0.5946843853820598 0.495625 0.606312292358804 0.495 0.6187707641196013 0.500625 0.6287375415282392 0.505625 0.632890365448505 0.519375 0.6320598006644518 0.52625 0.6245847176079734 0.526875 0.6046511627906976
1 0.266875 0.3430232558139535 0.273125 0.3430232558139535 0.283125 0.33637873754152825 0.283125 0.31561461794019935 0.28125 0.30980066445182725 0.271875 0.29900332225913623 0.265 0.29485049833887045 0.253125 0.29485049833887045 0.248125 0.2973421926910299 0.24375 0.3073089700996678 0.24375 0.31976744186046513 0.251875 0.33554817275747506 0.266875 0.3430232558139535
1 0.40625 0.4676079734219269 0.408125 0.4601328903654485 0.40625 0.4476744186046512 0.395 0.4269102990033223 0.384375 0.4227574750830565 0.375625 0.42857142857142855 0.37375 0.44601328903654486 0.376875 0.4584717607973422 0.384375 0.4700996677740864 0.396875 0.4750830564784053 0.40625 0.4676079734219269
1 0.4575 0.5689368770764119 0.461875 0.5556478405315615 0.461875 0.5440199335548173 0.4575 0.532392026578073 0.450625 0.5332225913621262 0.439375 0.542358803986711 0.428125 0.5589700996677741 0.428125 0.5722591362126246 0.43625 0.5830564784053156 0.4475 0.579734219269103 0.4575 0.5689368770764119
1 0.5075 0.36794019933554817 0.5175 0.35714285714285715 0.515 0.33970099667774084 0.50625 0.3272425249169435 0.495625 0.32475083056478404 0.490625 0.3280730897009967 0.486875 0.3347176079734219 0.486875 0.3504983388704319 0.495625 0.36129568106312293 0.496875 0.36710963455149503 0.50125 0.3696013289036545 0.5075 0.36794019933554817
1 0.4475 0.670265780730897 0.45875 0.6553156146179402 0.459375 0.6420265780730897 0.4575 0.6345514950166113 0.4475 0.6245847176079734 0.4425 0.6245847176079734 0.428125 0.6395348837209303 0.424375 0.6511627906976745 0.424375 0.6619601328903655 0.431875 0.675249169435216 0.439375 0.6769102990033222 0.4475 0.670265780730897
1 0.544375 0.49667774086378735 0.558125 0.49169435215946844 0.559375 0.4867109634551495 0.56 0.48255813953488375 0.556875 0.4742524916943522 0.550625 0.4717607973421927 0.54 0.47259136212624586 0.529375 0.4808970099667774 0.52625 0.4883720930232558 0.52625 0.4958471760797342 0.53 0.5049833887043189 0.53625 0.5066445182724253 0.544375 0.49667774086378735
1 0.395 0.4983388704318937 0.395 0.48255813953488375 0.389375 0.4742524916943522 0.381875 0.4717607973421927 0.37125 0.4742524916943522 0.36125 0.49169435215946844 0.361875 0.5016611295681063 0.36625 0.5091362126245847 0.37125 0.510797342192691 0.375 0.510797342192691 0.395 0.4983388704318937
1 0.30375 0.4543189368770764 0.308125 0.45598006644518274 0.316875 0.4543189368770764 0.324375 0.4435215946843854 0.32625 0.4368770764119601 0.32625 0.4186046511627907 0.321875 0.4069767441860465 0.314375 0.3978405315614618 0.304375 0.3978405315614618 0.30125 0.4003322259136213 0.293125 0.4127906976744186 0.291875 0.43023255813953487 0.29375 0.4410299003322259 0.30375 0.4543189368770764
1 0.49375 0.5614617940199336 0.50125 0.5589700996677741 0.505625 0.5539867109634552 0.5075 0.5340531561461794 0.5025 0.5232558139534884 0.49875 0.5199335548172758 0.48125 0.5174418604651163 0.474375 0.521594684385382 0.46875 0.5299003322259136 0.469375 0.5431893687707641 0.47375 0.5523255813953488 0.480625 0.5589700996677741 0.49375 0.5614617940199336
1 0.401875 0.1818936877076412 0.42 0.17524916943521596 0.423125 0.1686046511627907 0.423125 0.15033222591362128 0.415625 0.1420265780730897 0.41 0.13870431893687707 0.401875 0.13870431893687707 0.395 0.14285714285714285 0.3875 0.15282392026578073 0.385 0.1686046511627907 0.3925 0.17940199335548174 0.401875 0.1818936877076412
1 0.5225 0.4111295681063123 0.53125 0.40946843853820597 0.53625 0.4053156146179402 0.54125 0.3953488372093023 0.5425 0.3729235880398671 0.54125 0.3646179401993355 0.5375 0.3596345514950166 0.52375 0.3588039867109635 0.515625 0.36710963455149503 0.51125 0.37624584717607973 0.51 0.3853820598006645 0.51125 0.3953488372093023 0.51625 0.4069767441860465 0.5225 0.4111295681063123
1 0.5725 0.5307308970099668 0.5725 0.5157807308970099 0.56375 0.5008305647840532 0.556875 0.4950166112956811 0.550625 0.4950166112956811 0.539375 0.5008305647840532 0.5375 0.5157807308970099 0.5425 0.5282392026578073 0.54875 0.532392026578073 0.565625 0.5340531561461794 0.5725 0.5307308970099668
1 0.583125 0.35631229235880396 0.586875 0.3538205980066445 0.591875 0.3446843853820598 0.591875 0.3289036544850498 0.5775 0.3106312292358804 0.565 0.3106312292358804 0.560625 0.3131229235880399 0.555625 0.3230897009966777 0.555625 0.33222591362126247 0.560625 0.34551495016611294 0.568125 0.3546511627906977 0.57375 0.35714285714285715 0.583125 0.35631229235880396
1 0.4475 0.3330564784053156 0.446875 0.30980066445182725 0.439375 0.303156146179402 0.42875 0.3023255813953488 0.419375 0.30980066445182725 0.413125 0.3230897009966777 0.411875 0.34053156146179403 0.41875 0.3488372093023256 0.42875 0.3488372093023256 0.4375 0.3446843853820598 0.4475 0.3330564784053156
1 0.6025 0.6121262458471761 0.60875 0.6054817275747508 0.61 0.5946843853820598 0.60375 0.579734219269103 0.59625 0.574750830564784 0.58625 0.5722591362126246 0.578125 0.5739202657807309 0.575 0.5780730897009967 0.575 0.595514950166113 0.585625 0.6112956810631229 0.59625 0.6137873754152824 0.6025 0.6121262458471761
1 0.564375 0.6112956810631229 0.5675 0.5996677740863787 0.558125 0.5780730897009967 0.549375 0.5705980066445183 0.54125 0.5705980066445183 0.536875 0.5739202657807309 0.53625 0.5988372093023255 0.541875 0.6121262458471761 0.55 0.6179401993355482 0.558125 0.6179401993355482 0.564375 0.6112956810631229
1 0.36 0.6935215946843853 0.350625 0.6827242524916943 0.335625 0.6835548172757475 0.329375 0.6926910299003323 0.328125 0.707641196013289 0.335 0.7200996677740864 0.3425 0.7225913621262459 0.3525 0.7217607973421927 0.36 0.7142857142857143 0.36 0.6935215946843853
1 0.4575 0.707641196013289 0.465625 0.7018272425249169 0.4725 0.7009966777408638 0.47875 0.6910299003322259 0.480625 0.670265780730897 0.478125 0.6627906976744186 0.470625 0.6536544850498339 0.464375 0.6536544850498339 0.459375 0.6569767441860465 0.453125 0.6627906976744186 0.448125 0.6719269102990033 0.446875 0.7009966777408638 0.45 0.7068106312292359 0.4575 0.707641196013289
1 0.43125 0.5357142857142857 0.4475 0.5340531561461794 0.451875 0.53156146179402 0.456875 0.5232558139534884 0.456875 0.5157807308970099 0.454375 0.5141196013289037 0.449375 0.5016611295681063 0.43625 0.4941860465116279 0.424375 0.4950166112956811 0.41875 0.4983388704318937 0.411875 0.5116279069767442 0.41375 0.520764119601329 0.41875 0.5290697674418605 0.43125 0.5357142857142857
1 0.485625 0.4526578073089701 0.49375 0.43438538205980065 0.49375 0.4119601328903654 0.48875 0.4053156146179402 0.48125 0.4069767441860465 0.470625 0.4186046511627907 0.4625 0.4335548172757475 0.460625 0.4426910299003322 0.4625 0.4568106312292359 0.47 0.462624584717608 0.4775 0.46096345514950166 0.485625 0.4526578073089701
1 0.5675 0.42524916943521596 0.5675 0.3704318936877076 0.5625 0.36627906976744184 0.550625 0.36794019933554817 0.54625 0.37209302325581395 0.54375 0.3787375415282392 0.5425 0.3978405315614618 0.544375 0.40863787375415284 0.55375 0.4277408637873754 0.561875 0.43023255813953487 0.5675 0.42524916943521596
1 0.52375 0.44601328903654486 0.524375 0.43023255813953487 0.518125 0.4152823920265781 0.50375 0.4127906976744186 0.49875 0.4169435215946844 0.49375 0.43023255813953487 0.49375 0.4418604651162791 0.5025 0.4601328903654485 0.50875 0.462624584717608 0.515 0.4601328903654485 0.52375 0.44601328903654486
1 0.401875 0.5340531561461794 0.41 0.5257475083056479 0.41 0.5124584717607974 0.405 0.5049833887043189 0.4 0.5024916943521595 0.38 0.5066445182724253 0.37125 0.520764119601329 0.37125 0.5299003322259136 0.380625 0.5398671096345515 0.386875 0.5390365448504983 0.3925 0.5348837209302325 0.401875 0.5340531561461794
1 0.491875 0.20930232558139536 0.48875 0.19352159468438537 0.47875 0.18272425249169436 0.465 0.18355481727574752 0.459375 0.19352159468438537 0.46 0.21843853820598005 0.470625 0.23588039867109634 0.48125 0.23754152823920266 0.49 0.23006644518272426 0.491875 0.20930232558139536
1 0.521875 0.5681063122923588 0.53625 0.5681063122923588 0.54375 0.5581395348837209 0.54375 0.5431893687707641 0.53875 0.5340531561461794 0.53125 0.526578073089701 0.526875 0.5240863787375415 0.515625 0.5257475083056479 0.510625 0.5332225913621262 0.51 0.5448504983388704 0.5125 0.5573089700996677 0.521875 0.5681063122923588
1 0.30625 0.3230897009966777 0.3175 0.3230897009966777 0.321875 0.32059800664451826 0.32625 0.3131229235880399 0.329375 0.30481727574750833 0.329375 0.292358803986711 0.3225 0.27906976744186046 0.3025 0.2707641196013289 0.293125 0.27159468438538203 0.286875 0.27740863787375414 0.283125 0.29485049833887045 0.286875 0.30564784053156147 0.29625 0.31727574750830567 0.30625 0.3230897009966777
1 0.36625 0.7400332225913622 0.37375 0.7416943521594684 0.38 0.739202657807309 0.388125 0.729235880398671 0.391875 0.7192691029900332 0.391875 0.7001661129568106 0.38875 0.6935215946843853 0.38375 0.6901993355481728 0.37625 0.6901993355481728 0.36375 0.7009966777408638 0.35875 0.71843853820598 0.35875 0.729235880398671 0.361875 0.7358803986710963 0.36625 0.7400332225913622
1 0.290625 0.3961794019933555 0.30125 0.39285714285714285 0.3075 0.3845514950166113 0.310625 0.3745847176079734 0.31125 0.3637873754152824 0.308125 0.3546511627906977 0.295 0.3388704318936877 0.28 0.3388704318936877 0.275 0.34219269102990035 0.2725 0.34717607973421927 0.27125 0.36129568106312293 0.273125 0.37624584717607973 0.283125 0.39285714285714285 0.290625 0.3961794019933555
1 0.57875 0.5647840531561462 0.579375 0.5548172757475083 0.57 0.5365448504983389 0.565 0.5340531561461794 0.550625 0.5340531561461794 0.54375 0.5415282392026578 0.545 0.5581395348837209 0.551875 0.5672757475083057 0.56125 0.5714285714285714 0.56875 0.5714285714285714 0.57875 0.5647840531561462
1 0.423125 0.4941860465116279 0.43125 0.4867109634551495 0.43625 0.473421926910299 0.4375 0.4601328903654485 0.433125 0.446843853820598 0.429375 0.4418604651162791 0.42375 0.4393687707641196 0.415625 0.4426910299003322 0.408125 0.4642857142857143 0.408125 0.4750830564784053 0.41125 0.48588039867109634 0.416875 0.49169435215946844 0.423125 0.4941860465116279
1 0.405 0.5722591362126246 0.413125 0.5589700996677741 0.415 0.5498338870431894 0.40625 0.5365448504983389 0.391875 0.5357142857142857 0.381875 0.5406976744186046 0.375 0.5481727574750831 0.373125 0.5573089700996677 0.37375 0.5697674418604651 0.380625 0.5764119601328903 0.395 0.5764119601328903 0.405 0.5722591362126246
1 0.53375 0.40863787375415284 0.52125 0.4152823920265781 0.526875 0.4410299003322259 0.544375 0.4410299003322259 0.548125 0.4377076411960133 0.549375 0.42524916943521596 0.54375 0.4119601328903654 0.53375 0.40863787375415284
1 0.464375 0.3488372093023256 0.478125 0.3430232558139535 0.485625 0.3330564784053156 0.488125 0.3239202657807309 0.485625 0.3081395348837209 0.48125 0.30481727574750833 0.473125 0.30398671096345514 0.465 0.3081395348837209 0.459375 0.31478405315614616 0.455 0.32641196013289037 0.454375 0.33637873754152825 0.460625 0.3480066445182724 0.464375 0.3488372093023256