1 0.3157181571815718 0.669375 0.3265582655826558 0.67 0.3428184281842818 0.665 0.3428184281842818 0.65375 0.33739837398373984 0.649375 0.32113821138211385 0.6475 0.3048780487804878 0.650625 0.3021680216802168 0.6625 0.3157181571815718 0.669375
1 0.7344173441734417 0.443125 0.7452574525745257 0.449375 0.7764227642276422 0.449375 0.7804878048780488 0.446875 0.7804878048780488 0.4375 0.7750677506775068 0.435 0.7588075880758808 0.4325 0.7452574525745257 0.4325 0.7398373983739838 0.434375 0.7344173441734417 0.438125 0.7344173441734417 0.443125
1 0.4634146341463415 0.568125 0.47560975609756095 0.57125 0.494579945799458 0.56875 0.5 0.56 0.489159891598916 0.548125 0.4742547425474255 0.545 0.462059620596206 0.545625 0.45663956639566394 0.548125 0.453929539295393 0.560625 0.4634146341463415 0.568125
1 0.5555555555555556 0.566875 0.5745257452574526 0.566875 0.5853658536585366 0.561875 0.5826558265582655 0.553125 0.5677506775067751 0.546875 0.5447154471544715 0.5475 0.5447154471544715 0.5625 0.5555555555555556 0.566875
1 0.28319783197831977 0.54 0.2967479674796748 0.5475 0.3062330623306233 0.5475 0.31842818428184283 0.539375 0.3157181571815718 0.5275 0.3021680216802168 0.521875 0.28184281842818426 0.5225 0.2777777777777778 0.53125 0.28319783197831977 0.54
1 0.24254742547425473 0.441875 0.2588075880758808 0.4425 0.2777777777777778 0.434375 0.2804878048780488 0.425 0.2696476964769648 0.41875 0.2506775067750677 0.418125 0.23441734417344173 0.425 0.23170731707317074 0.435 0.24254742547425473 0.441875
1 0.6449864498644986 0.436875 0.6531165311653117 0.431875 0.6504065040650406 0.420625 0.6395663956639567 0.416875 0.6260162601626016 0.416875 0.6178861788617886 0.419375 0.6178861788617886 0.436875 0.6449864498644986 0.436875
1 0.4132791327913279 0.59125 0.44308943089430897 0.591875 0.45663956639566394 0.586875 0.45663956639566394 0.58 0.44308943089430897 0.57375 0.4281842818428184 0.571875 0.4078590785907859 0.571875 0.3997289972899729 0.57375 0.3970189701897019 0.58375 0.4132791327913279 0.59125
1 0.09349593495934959 0.4025 0.10975609756097561 0.408125 0.13008130081300814 0.40625 0.13685636856368563 0.400625 0.13414634146341464 0.39125 0.11924119241192412 0.386875 0.1016260162601626 0.39 0.09349593495934959 0.395625 0.09349593495934959 0.4025
1 0.5934959349593496 0.46875 0.5934959349593496 0.473125 0.6029810298102981 0.469375 0.6151761517615176 0.46875 0.6205962059620597 0.4525 0.6070460704607046 0.446875 0.5962059620596206 0.4475 0.5880758807588076 0.451875 0.5853658536585366 0.46375 0.5934959349593496 0.46875
1 0.47831978319783197 0.43625 0.483739837398374 0.439375 0.5040650406504065 0.441875 0.5257452574525745 0.431875 0.5257452574525745 0.4225 0.516260162601626 0.418125 0.494579945799458 0.419375 0.483739837398374 0.4225 0.47831978319783197 0.4275 0.47831978319783197 0.43625
1 0.532520325203252 0.426875 0.5420054200542005 0.429375 0.559620596205962 0.426875 0.5582655826558266 0.411875 0.5420054200542005 0.406875 0.5284552845528455 0.406875 0.5230352303523035 0.40875 0.5203252032520326 0.418125 0.532520325203252 0.426875
1 0.6612466124661247 0.473125 0.6666666666666666 0.478125 0.6747967479674797 0.480625 0.6856368563685636 0.480625 0.6964769647696477 0.47375 0.6937669376693767 0.46125 0.6856368563685636 0.45875 0.6680216802168022 0.459375 0.6612466124661247 0.46375 0.6612466124661247 0.473125
1 0.7073170731707317 0.431875 0.7208672086720868 0.439375 0.7344173441734417 0.439375 0.7425474254742548 0.4325 0.7357723577235772 0.42125 0.7289972899728997 0.418125 0.7113821138211383 0.419375 0.7073170731707317 0.421875 0.7073170731707317 0.431875
1 0.6802168021680217 0.6 0.6964769647696477 0.6 0.7086720867208672 0.5975 0.7181571815718157 0.58875 0.7154471544715447 0.583125 0.6991869918699187 0.579375 0.6829268292682927 0.58125 0.6720867208672087 0.586875 0.6693766937669376 0.591875 0.6802168021680217 0.6
1 0.7669376693766937 0.58125 0.7804878048780488 0.585 0.7940379403794038 0.58375 0.8048780487804879 0.575625 0.8021680216802168 0.569375 0.7967479674796748 0.566875 0.7750677506775068 0.566875 0.7669376693766937 0.571875 0.7669376693766937 0.58125
1 0.5176151761517616 0.48125 0.5257452574525745 0.483125 0.5474254742547425 0.483125 0.5555555555555556 0.480625 0.5582655826558266 0.469375 0.5501355013550135 0.46625 0.5392953929539296 0.46375 0.5257452574525745 0.46375 0.5121951219512195 0.46625 0.5094850948509485 0.46875 0.5067750677506775 0.473125 0.5176151761517616 0.48125
1 0.26151761517615174 0.324375 0.27235772357723576 0.32875 0.29132791327913277 0.3325 0.3021680216802168 0.3325 0.3130081300813008 0.32875 0.3130081300813008 0.319375 0.3021680216802168 0.31375 0.2859078590785908 0.31125 0.26287262872628725 0.313125 0.2588075880758808 0.32 0.26151761517615174 0.324375
1 0.6747967479674797 0.458125 0.6964769647696477 0.45875 0.7100271002710027 0.45375 0.7100271002710027 0.441875 0.6991869918699187 0.43625 0.6883468834688347 0.435 0.6693766937669376 0.441875 0.6666666666666666 0.45375 0.6747967479674797 0.458125
1 0.47289972899729 0.8575 0.483739837398374 0.86 0.5067750677506775 0.859375 0.5203252032520326 0.8525 0.5203252032520326 0.845625 0.5067750677506775 0.84 0.483739837398374 0.841875 0.470189701897019 0.8475 0.46747967479674796 0.853125 0.47289972899729 0.8575
1 0.12059620596205962 0.475625 0.14363143631436315 0.47375 0.15040650406504066 0.469375 0.15311653116531165 0.46125 0.15040650406504066 0.4575 0.13956639566395665 0.45375 0.12059620596205962 0.45375 0.1070460704607046 0.46 0.1043360433604336 0.4675 0.12059620596205962 0.475625
1 0.1937669376693767 0.55 0.2073170731707317 0.5525 0.22357723577235772 0.5525 0.23983739837398374 0.545625 0.23712737127371275 0.538125 0.2181571815718157 0.533125 0.2073170731707317 0.533125 0.1910569105691057 0.5375 0.18834688346883469 0.546875 0.1937669376693767 0.55
1 0.1856368563685637 0.491875 0.1991869918699187 0.4975 0.22493224932249323 0.496875 0.23170731707317074 0.489375 0.22357723577235772 0.481875 0.2127371273712737 0.479375 0.19647696476964768 0.479375 0.1856368563685637 0.484375 0.1856368563685637 0.491875
1 0.7086720867208672 0.62875 0.7154471544715447 0.63125 0.7344173441734417 0.631875 0.7452574525745257 0.628125 0.7479674796747967 0.62125 0.7344173441734417 0.61 0.7154471544715447 0.608125 0.7046070460704607 0.6125 0.7018970189701897 0.62125 0.7086720867208672 0.62875
1 0.494579945799458 0.5325 0.5067750677506775 0.535 0.5284552845528455 0.5325 0.5311653116531165 0.524375 0.516260162601626 0.51625 0.494579945799458 0.515 0.483739837398374 0.5175 0.481029810298103 0.526875 0.494579945799458 0.5325
1 0.7289972899728997 0.606875 0.7371273712737128 0.61 0.7682926829268293 0.609375 0.7696476964769647 0.598125 0.7547425474254743 0.589375 0.7344173441734417 0.58875 0.7249322493224932 0.5925 0.7235772357723578 0.6025 0.7289972899728997 0.606875
1 0.481029810298103 0.415625 0.491869918699187 0.415625 0.5013550135501355 0.411875 0.5040650406504065 0.408125 0.5040650406504065 0.403125 0.497289972899729 0.39625 0.4823848238482385 0.393125 0.47289972899729 0.393125 0.46476964769647694 0.39625 0.462059620596206 0.408125 0.481029810298103 0.415625
1 0.7154471544715447 0.41375 0.7235772357723578 0.418125 0.7425474254742548 0.41875 0.7560975609756098 0.414375 0.7615176151761518 0.40375 0.7588075880758808 0.39875 0.7344173441734417 0.3975 0.7195121951219512 0.401875 0.7154471544715447 0.405625 0.7154471544715447 0.41375
1 0.6341463414634146 0.595 0.6395663956639567 0.595 0.6585365853658537 0.588125 0.6612466124661247 0.57625 0.6544715447154471 0.571875 0.6422764227642277 0.57125 0.6314363143631436 0.576875 0.6260162601626016 0.59 0.6341463414634146 0.595
1 0.5067750677506775 0.4975 0.5257452574525745 0.50125 0.5420054200542005 0.4975 0.5420054200542005 0.486875 0.5176151761517616 0.481875 0.5040650406504065 0.483125 0.5 0.491875 0.5067750677506775 0.4975
1 0.19647696476964768 0.5396875 0.005420054200542005 0.000625
1 0.15040650406504066 0.55 0.17208672086720866 0.551875 0.18292682926829268 0.550625 0.18834688346883469 0.5475 0.1910569105691057 0.54 0.1856368563685637 0.535625 0.15582655826558264 0.534375 0.14498644986449866 0.5375 0.14227642276422764 0.5425 0.15040650406504066 0.55
1 0.3130081300813008 0.449375 0.33739837398373984 0.449375 0.34823848238482386 0.440625 0.34552845528455284 0.4325 0.3346883468834688 0.42875 0.32113821138211385 0.42875 0.3130081300813008 0.43 0.3075880758807588 0.434375 0.3075880758807588 0.446875 0.3130081300813008 0.449375
1 0.32926829268292684 0.54 0.3428184281842818 0.5425 0.3617886178861789 0.54 0.36720867208672087 0.53625 0.36720867208672087 0.530625 0.3617886178861789 0.52625 0.33875338753387535 0.52125 0.3157181571815718 0.5225 0.3130081300813008 0.52625 0.32926829268292684 0.54
1 0.7642276422764228 0.595 0.7777777777777778 0.601875 0.8021680216802168 0.603125 0.8089430894308943 0.6025 0.8157181571815718 0.59875 0.8184281842818428 0.595 0.8021680216802168 0.586875 0.7696476964769647 0.586875 0.7642276422764228 0.58875 0.7642276422764228 0.595
1 0.32926829268292684 0.63 0.3509485094850949 0.63125 0.35907859078590787 0.626875 0.35907859078590787 0.62 0.34823848238482386 0.61125 0.3346883468834688 0.609375 0.3238482384823848 0.613125 0.32113821138211385 0.624375 0.32926829268292684 0.63
1 0.6314363143631436 0.62 0.6598915989159891 0.620625 0.6693766937669376 0.613125 0.6693766937669376 0.603125 0.6639566395663956 0.600625 0.6531165311653117 0.6 0.6341463414634146 0.605 0.6287262872628726 0.61 0.6314363143631436 0.62
1 0.2018970189701897 0.5725 0.21544715447154472 0.575625 0.22899728997289973 0.575625 0.24254742547425473 0.570625 0.24254742547425473 0.56375 0.23441734417344173 0.558125 0.22357723577235772 0.555625 0.2073170731707317 0.555625 0.1951219512195122 0.55875 0.1910569105691057 0.564375 0.2018970189701897 0.5725
1 0.3075880758807588 0.463125 0.32113821138211385 0.46875 0.34688346883468835 0.46875 0.35365853658536583 0.465625 0.35365853658536583 0.45625 0.34010840108401086 0.450625 0.3116531165311653 0.45125 0.3075880758807588 0.45375 0.3075880758807588 0.463125
1 0.44850948509485095 0.43125 0.45934959349593496 0.43375 0.47560975609756095 0.43375 0.48644986449864497 0.4225 0.481029810298103 0.41625 0.470189701897019 0.41375 0.45663956639566394 0.41375 0.44308943089430897 0.4175 0.44037940379403795 0.426875 0.44850948509485095 0.43125
1 0.2994579945799458 0.649375 0.3130081300813008 0.646875 0.32113821138211385 0.64 0.32113821138211385 0.634375 0.3130081300813008 0.62625 0.2967479674796748 0.624375 0.2886178861788618 0.625 0.2804878048780488 0.62875 0.2804878048780488 0.64375 0.2994579945799458 0.649375
1 0.5067750677506775 0.449375 0.5149051490514905 0.45375 0.5338753387533876 0.45375 0.5447154471544715 0.449375 0.5474254742547425 0.440625 0.5338753387533876 0.431875 0.5176151761517616 0.435 0.5067750677506775 0.440625 0.5067750677506775 0.449375
1 0.44308943089430897 0.455625 0.45934959349593496 0.4625 0.4878048780487805 0.463125 0.5013550135501355 0.458125 0.5013550135501355 0.451875 0.48644986449864497 0.444375 0.462059620596206 0.443125 0.44850948509485095 0.44625 0.44308943089430897 0.449375 0.44308943089430897 0.455625
1 0.17886178861788618 0.396875 0.1937669376693767 0.4 0.2046070460704607 0.4 0.22628726287262874 0.395 0.23170731707317074 0.39 0.23170731707317074 0.383125 0.2181571815718157 0.379375 0.1991869918699187 0.379375 0.1856368563685637 0.3825 0.17750677506775067 0.386875 0.17479674796747968 0.39375 0.17886178861788618 0.396875
1 0.24796747967479674 0.4675 0.27235772357723576 0.46875 0.2777777777777778 0.46625 0.2804878048780488 0.45875 0.2764227642276423 0.455625 0.26151761517615174 0.450625 0.24525745257452575 0.450625 0.23983739837398374 0.4525 0.23712737127371275 0.46125 0.24796747967479674 0.4675
1 0.7696476964769647 0.418125 0.7831978319783198 0.420625 0.7994579945799458 0.418125 0.8021680216802168 0.408125 0.7940379403794038 0.40375 0.7615176151761518 0.40375 0.7588075880758808 0.41125 0.7696476964769647 0.418125
1 0.27235772357723576 0.45375 0.29132791327913277 0.455 0.3048780487804878 0.449375 0.3021680216802168 0.439375 0.2940379403794038 0.435 0.2750677506775068 0.434375 0.26422764227642276 0.4375 0.26151761517615174 0.446875 0.27235772357723576 0.45375
1 0.6964769647696477 0.71625 0.7046070460704607 0.72 0.7127371273712737 0.720625 0.7344173441734417 0.718125 0.7398373983739838 0.71375 0.7344173441734417 0.7025 0.7222222222222222 0.69875 0.7100271002710027 0.69875 0.7018970189701897 0.70125 0.6937669376693767 0.705 0.6964769647696477 0.71625
1 0.18292682926829268 0.530625 0.21002710027100271 0.530625 0.21544715447154472 0.52625 0.21544715447154472 0.5175 0.21138211382113822 0.514375 0.2005420054200542 0.51125 0.18292682926829268 0.51125 0.17479674796747968 0.515 0.17208672086720866 0.5225 0.18292682926829268 0.530625
1 0.5718157181571816 0.3075 0.6029810298102981 0.31 0.6178861788617886 0.30375 0.6178861788617886 0.2975 0.6043360433604336 0.291875 0.5718157181571816 0.28875 0.5582655826558266 0.293125 0.5582655826558266 0.3025 0.5718157181571816 0.3075
1 0.1991869918699187 0.473125 0.2127371273712737 0.473125 0.22628726287262874 0.470625 0.23170731707317074 0.4675 0.23441734417344173 0.4575 0.22899728997289973 0.45375 0.21002710027100271 0.4525 0.1910569105691057 0.458125 0.18834688346883469 0.46875 0.1991869918699187 0.473125
1 0.34823848238482386 0.56375 0.36720867208672087 0.56375 0.38346883468834686 0.556875 0.38346883468834686 0.55 0.37533875338753386 0.545625 0.3509485094850949 0.544375 0.3346883468834688 0.548125 0.3319783197831978 0.5575 0.34823848238482386 0.56375
1 0.6178861788617886 0.45375 0.6395663956639567 0.455625 0.6490514905149052 0.453125 0.6531165311653117 0.445625 0.6476964769647696 0.44125 0.6246612466124661 0.4375 0.6070460704607046 0.439375 0.6043360433604336 0.445625 0.6178861788617886 0.45375
1 0.6693766937669376 0.664375 0.6802168021680217 0.66625 0.6978319783197832 0.665 0.7046070460704607 0.6575 0.7046070460704607 0.650625 0.6937669376693767 0.6475 0.6856368563685636 0.6475 0.6707317073170732 0.651875 0.6666666666666666 0.655625 0.6693766937669376 0.664375
1 0.6043360433604336 0.486875 0.6341463414634146 0.4875 0.6395663956639567 0.483125 0.6395663956639567 0.47625 0.6287262872628726 0.470625 0.6097560975609756 0.469375 0.5962059620596206 0.47125 0.5934959349593496 0.480625 0.6043360433604336 0.486875
1 0.7262872628726287 0.6625 0.7560975609756098 0.6625 0.7642276422764228 0.658125 0.7642276422764228 0.65125 0.7547425474254743 0.646875 0.7154471544715447 0.64625 0.7100271002710027 0.649375 0.7100271002710027 0.6575 0.7262872628726287 0.6625
1 0.35907859078590787 0.62 0.38346883468834686 0.618125 0.3970189701897019 0.61 0.3970189701897019 0.601875 0.3888888888888889 0.598125 0.36449864498644985 0.598125 0.35365853658536583 0.605 0.3509485094850949 0.613125 0.35907859078590787 0.62
1 0.45934959349593496 0.603125 0.483739837398374 0.601875 0.494579945799458 0.59375 0.494579945799458 0.58875 0.483739837398374 0.58375 0.46747967479674796 0.58375 0.45257452574525747 0.589375 0.45121951219512196 0.6 0.45934959349593496 0.603125
1 0.23170731707317074 0.48875 0.25338753387533874 0.48875 0.26151761517615174 0.480625 0.2588075880758808 0.470625 0.2506775067750677 0.468125 0.23441734417344173 0.468125 0.22357723577235772 0.47125 0.22357723577235772 0.483125 0.23170731707317074 0.48875
1 0.13143631436314362 0.508125 0.15040650406504066 0.508125 0.16666666666666666 0.50125 0.16666666666666666 0.49375 0.16124661246612465 0.49 0.13414634146341464 0.49 0.12059620596205962 0.495 0.11788617886178862 0.50125 0.13143631436314362 0.508125
1 0.16124661246612465 0.82875 0.1910569105691057 0.826875 0.1991869918699187 0.821875 0.1937669376693767 0.815 0.18292682926829268 0.8125 0.16666666666666666 0.8125 0.15040650406504066 0.8175 0.14769647696476965 0.82375 0.16124661246612465 0.82875
1 0.11246612466124661 0.344375 0.12601626016260162 0.34625 0.14498644986449866 0.34375 0.15311653116531165 0.335 0.15040650406504066 0.330625 0.13279132791327913 0.326875 0.11517615176151762 0.32875 0.1070460704607046 0.333125 0.1070460704607046 0.34125 0.11246612466124661 0.344375
1 0.7493224932249323 0.430625 0.7750677506775068 0.435 0.7859078590785907 0.435 0.7940379403794038 0.4325 0.7940379403794038 0.425 0.7804878048780488 0.419375 0.7533875338753387 0.419375 0.7452574525745257 0.4225 0.7493224932249323 0.430625
1 0.5447154471544715 0.534375 0.5555555555555556 0.5375 0.5772357723577236 0.5375 0.5907859078590786 0.5325 0.5907859078590786 0.52625 0.5813008130081301 0.52125 0.5555555555555556 0.521875 0.5447154471544715 0.526875 0.5447154471544715 0.534375
1 0.7181571815718157 0.581875 0.7398373983739838 0.581875 0.7506775067750677 0.575625 0.7533875338753387 0.569375 0.7479674796747967 0.56375 0.7371273712737128 0.560625 0.7262872628726287 0.560625 0.7100271002710027 0.566875 0.7100271002710027 0.576875 0.7181571815718157 0.581875
1 0.5392953929539296 0.509375 0.5609756097560976 0.51125 0.5745257452574526 0.50875 0.5799457994579946 0.504375 0.5799457994579946 0.496875 0.5691056910569106 0.49375 0.5501355013550135 0.49375 0.535230352303523 0.498125 0.5338753387533876 0.506875 0.5392953929539296 0.509375
1 0.5284552845528455 0.48625 0.5284552845528455 0.484375 0.5230352303523035 0.485 0.5284552845528455 0.48625
1 0.3888888888888889 0.3725 0.4078590785907859 0.37375 0.4186991869918699 0.36875 0.42140921409214094 0.359375 0.4092140921409214 0.353125 0.3997289972899729 0.351875 0.3888888888888889 0.35375 0.3807588075880759 0.358125 0.3780487804878049 0.36625 0.3888888888888889 0.3725
1 0.5907859078590786 0.556875 0.6192411924119241 0.558125 0.6300813008130082 0.555 0.6287262872628726 0.545625 0.6111111111111112 0.540625 0.5989159891598916 0.539375 0.5799457994579946 0.5425 0.5772357723577236 0.55 0.5907859078590786 0.556875
1 0.5934959349593496 0.530625 0.6016260162601627 0.5325 0.6205962059620597 0.534375 0.6368563685636857 0.529375 0.6368563685636857 0.52125 0.6273712737127372 0.516875 0.6043360433604336 0.51625 0.592140921409214 0.52 0.5907859078590786 0.5275 0.5934959349593496 0.530625
1 0.42140921409214094 0.405625 0.44579945799457993 0.40375 0.45934959349593496 0.3975 0.45934959349593496 0.3875 0.44850948509485095 0.383125 0.43224932249322495 0.3825 0.4186991869918699 0.385625 0.4105691056910569 0.39 0.4078590785907859 0.40125 0.42140921409214094 0.405625
1 0.8102981029810298 0.419375 0.8238482384823849 0.42375 0.8401084010840109 0.4225 0.8509485094850948 0.415625 0.8536585365853658 0.40375 0.8428184281842819 0.39875 0.8319783197831978 0.398125 0.8265582655826558 0.39875 0.8157181571815718 0.405625 0.8102981029810298 0.410625 0.8102981029810298 0.419375
1 0.5203252032520326 0.405 0.5501355013550135 0.405625 0.5555555555555556 0.40125 0.5555555555555556 0.39125 0.5501355013550135 0.388125 0.5311653116531165 0.385625 0.518970189701897 0.39 0.5149051490514905 0.39875 0.5203252032520326 0.405
1 0.559620596205962 0.405 0.5691056910569106 0.408125 0.5907859078590786 0.405625 0.5989159891598916 0.3975 0.5907859078590786 0.3875 0.5691056910569106 0.385625 0.5582655826558266 0.389375 0.5555555555555556 0.4025 0.559620596205962 0.405
1 0.5663956639566395 0.484375 0.5853658536585366 0.483125 0.5934959349593496 0.478125 0.5934959349593496 0.46875 0.5799457994579946 0.46375 0.5609756097560976 0.468125 0.5582655826558266 0.48125 0.5663956639566395 0.484375
1 0.3238482384823848 0.3625 0.33739837398373984 0.361875 0.34823848238482386 0.355625 0.34823848238482386 0.345625 0.33739837398373984 0.34125 0.3265582655826558 0.34125 0.31029810298102983 0.348125 0.3075880758807588 0.355625 0.3238482384823848 0.3625
1 0.5013550135501355 0.57125 0.532520325203252 0.57125 0.5392953929539296 0.56625 0.5392953929539296 0.5575 0.5338753387533876 0.55375 0.5040650406504065 0.5525 0.5 0.55625 0.5013550135501355 0.57125
1 0.6558265582655827 0.35375 0.6653116531165312 0.35375 0.6747967479674797 0.350625 0.6802168021680217 0.345625 0.6802168021680217 0.338125 0.6639566395663956 0.33125 0.6558265582655827 0.33125 0.6476964769647696 0.335 0.6449864498644986 0.349375 0.6558265582655827 0.35375
1 0.5880758807588076 0.584375 0.5962059620596206 0.588125 0.6205962059620597 0.58625 0.6260162601626016 0.581875 0.6260162601626016 0.571875 0.6205962059620597 0.566875 0.6056910569105691 0.56375 0.5962059620596206 0.56375 0.5853658536585366 0.566875 0.5826558265582655 0.57875 0.5880758807588076 0.584375
1 0.5501355013550135 0.439375 0.5636856368563685 0.446875 0.5718157181571816 0.449375 0.5894308943089431 0.450625 0.6016260162601627 0.445625 0.6016260162601627 0.436875 0.5880758807588076 0.43 0.5555555555555556 0.4275 0.5501355013550135 0.43 0.5501355013550135 0.439375
1 0.6233062330623306 0.64125 0.6273712737127372 0.64375 0.6422764227642277 0.650625 0.6707317073170732 0.65125 0.6775067750677507 0.64625 0.6775067750677507 0.6425 0.6680216802168022 0.635625 0.6585365853658537 0.634375 0.6504065040650406 0.629375 0.6341463414634146 0.629375 0.6287262872628726 0.63125 0.6233062330623306 0.634375 0.6233062330623306 0.64125
1 0.6558265582655827 0.633125 0.6666666666666666 0.63625 0.6910569105691057 0.63625 0.6991869918699187 0.634375 0.7046070460704607 0.629375 0.6991869918699187 0.62125 0.6897018970189702 0.619375 0.6693766937669376 0.618125 0.6585365853658537 0.62 0.6558265582655827 0.6225 0.6531165311653117 0.63 0.6558265582655827 0.633125
1 0.5636856368563685 0.42625 0.5880758807588076 0.429375 0.5989159891598916 0.42375 0.5989159891598916 0.413125 0.5880758807588076 0.408125 0.5718157181571816 0.408125 0.5636856368563685 0.411875 0.5636856368563685 0.42625
1 0.6233062330623306 0.723125 0.6422764227642277 0.723125 0.6504065040650406 0.71875 0.6476964769647696 0.706875 0.6368563685636857 0.7025 0.6151761517615176 0.7025 0.6097560975609756 0.704375 0.6070460704607046 0.71625 0.6233062330623306 0.723125
1 0.2804878048780488 0.57875 0.2886178861788618 0.58375 0.3062330623306233 0.58375 0.31029810298102983 0.569375 0.3048780487804878 0.5675 0.29132791327913277 0.5675 0.2804878048780488 0.5725 0.2804878048780488 0.57875
1 0.35636856368563685 0.525625 0.36449864498644985 0.52625 0.3699186991869919 0.529375 0.4010840108401084 0.529375 0.4078590785907859 0.525625 0.4051490514905149 0.519375 0.3888888888888889 0.51125 0.3794037940379404 0.509375 0.3617886178861789 0.509375 0.35365853658536583 0.51125 0.3509485094850949 0.52125 0.35636856368563685 0.525625
1 0.46476964769647694 0.379375 0.47560975609756095 0.379375 0.489159891598916 0.369375 0.48644986449864497 0.361875 0.47560975609756095 0.35625 0.46476964769647694 0.35625 0.45663956639566394 0.36 0.45663956639566394 0.375625 0.46476964769647694 0.379375
1 0.25609756097560976 0.763125 0.2777777777777778 0.7675 0.29132791327913277 0.76625 0.2994579945799458 0.759375 0.2994579945799458 0.754375 0.2886178861788618 0.745625 0.2669376693766938 0.744375 0.25338753387533874 0.748125 0.2506775067750677 0.758125 0.25609756097560976 0.763125
1 0.8346883468834688 0.59125 0.8482384823848238 0.59125 0.8590785907859079 0.58625 0.8563685636856369 0.57375 0.8455284552845529 0.56875 0.8346883468834688 0.56875 0.8265582655826558 0.57125 0.8238482384823849 0.584375 0.8346883468834688 0.59125
1 0.3915989159891599 0.426875 0.4132791327913279 0.42625 0.4186991869918699 0.4225 0.4159891598915989 0.411875 0.4037940379403794 0.40625 0.3888888888888889 0.40625 0.3807588075880759 0.409375 0.3807588075880759 0.4225 0.3915989159891599 0.426875
1 0.6829268292682927 0.546875 0.6937669376693767 0.55 0.7154471544715447 0.55 0.7289972899728997 0.545625 0.7289972899728997 0.538125 0.7249322493224932 0.535625 0.7113821138211383 0.5325 0.6937669376693767 0.5325 0.6802168021680217 0.535625 0.6829268292682927 0.546875
1 0.2953929539295393 0.5709375 0.0027100271002710027 0.000625
1 0.3157181571815718 0.591875 0.3238482384823848 0.59375 0.34552845528455284 0.591875 0.3509485094850949 0.58875 0.34823848238482386 0.576875 0.33062330623306235 0.56875 0.31029810298102983 0.569375 0.3075880758807588 0.584375 0.3157181571815718 0.591875