1 0.7615176151761518 0.39625 0.7696476964769647 0.4 0.7886178861788617 0.39875 0.7994579945799458 0.389375 0.7967479674796748 0.381875 0.7859078590785907 0.378125 0.7750677506775068 0.3775 0.7642276422764228 0.3825 0.7588075880758808 0.386875 0.7615176151761518 0.39625
1 0.47560975609756095 0.715625 0.489159891598916 0.72 0.5040650406504065 0.719375 0.5094850948509485 0.716875 0.5094850948509485 0.706875 0.5040650406504065 0.699375 0.4932249322493225 0.695625 0.47560975609756095 0.695625 0.46747967479674796 0.69875 0.46476964769647694 0.706875 0.47560975609756095 0.715625
1 0.22086720867208673 0.556875 0.23441734417344173 0.560625 0.25338753387533874 0.56 0.26422764227642276 0.5575 0.27235772357723576 0.5525 0.27235772357723576 0.545625 0.26422764227642276 0.5425 0.2506775067750677 0.54125 0.23441734417344173 0.5425 0.22357723577235772 0.545625 0.2181571815718157 0.55375 0.22086720867208673 0.556875
1 0.6693766937669376 0.355625 0.6775067750677507 0.355625 0.6937669376693767 0.350625 0.6937669376693767 0.34125 0.6829268292682927 0.335 0.6666666666666666 0.3325 0.6476964769647696 0.33375 0.6449864498644986 0.34375 0.6693766937669376 0.355625
1 0.6097560975609756 0.39125 0.6205962059620597 0.398125 0.6531165311653117 0.3975 0.6585365853658537 0.39375 0.6585365853658537 0.3875 0.6504065040650406 0.381875 0.6368563685636857 0.379375 0.6151761517615176 0.381875 0.6097560975609756 0.385 0.6097560975609756 0.39125
1 0.15311653116531165 0.355625 0.17886178861788618 0.35625 0.1897018970189702 0.350625 0.1910569105691057 0.344375 0.17750677506775067 0.338125 0.16937669376693767 0.33625 0.14769647696476965 0.33625 0.13956639566395665 0.338125 0.13414634146341464 0.345625 0.15311653116531165 0.355625
1 0.5799457994579946 0.405625 0.5989159891598916 0.40625 0.6070460704607046 0.40125 0.6016260162601627 0.39 0.5934959349593496 0.386875 0.5799457994579946 0.385625 0.5691056910569106 0.3875 0.5663956639566395 0.4 0.5799457994579946 0.405625
1 0.5853658536585366 0.384375 0.6070460704607046 0.384375 0.6219512195121951 0.38 0.6287262872628726 0.374375 0.6260162601626016 0.37 0.6097560975609756 0.365 0.5880758807588076 0.365 0.5718157181571816 0.37 0.5691056910569106 0.378125 0.5853658536585366 0.384375
1 0.5826558265582655 0.251875 0.5962059620596206 0.249375 0.6016260162601627 0.240625 0.5962059620596206 0.234375 0.5853658536585366 0.23 0.5609756097560976 0.23125 0.5609756097560976 0.245 0.5826558265582655 0.251875
1 0.8102981029810298 0.379375 0.8265582655826558 0.386875 0.8536585365853658 0.386875 0.8590785907859079 0.379375 0.8550135501355014 0.370625 0.8428184281842819 0.365 0.8292682926829268 0.3625 0.8157181571815718 0.365 0.8102981029810298 0.3675 0.8102981029810298 0.379375
1 0.2181571815718157 0.350625 0.23848238482384823 0.35125 0.24796747967479674 0.348125 0.25338753387533874 0.338125 0.24525745257452575 0.331875 0.23712737127371275 0.33 0.22357723577235772 0.330625 0.2127371273712737 0.335 0.21002710027100271 0.34625 0.2181571815718157 0.350625
1 0.3021680216802168 0.62625 0.32113821138211385 0.62625 0.33739837398373984 0.615625 0.33739837398373984 0.609375 0.32926829268292684 0.605 0.31029810298102983 0.605 0.2940379403794038 0.614375 0.29132791327913277 0.619375 0.3021680216802168 0.62625
1 0.7479674796747967 0.61 0.7642276422764228 0.61 0.7696476964769647 0.6075 0.7723577235772358 0.6 0.7533875338753387 0.595 0.7452574525745257 0.59 0.7371273712737128 0.588125 0.7289972899728997 0.59 0.7289972899728997 0.6025 0.7479674796747967 0.61
1 0.6747967479674797 0.395625 0.6964769647696477 0.398125 0.7127371273712737 0.3925 0.7127371273712737 0.384375 0.7018970189701897 0.379375 0.6775067750677507 0.378125 0.6680216802168022 0.38125 0.6666666666666666 0.39125 0.6747967479674797 0.395625
1 0.35501355013550134 0.634375 0.3699186991869919 0.62625 0.37262872628726285 0.615 0.3617886178861789 0.61125 0.3509485094850949 0.61125 0.33739837398373984 0.614375 0.32926829268292684 0.62 0.32926829268292684 0.63375 0.35501355013550134 0.634375
1 0.25338753387533874 0.338125 0.2696476964769648 0.338125 0.28319783197831977 0.333125 0.28319783197831977 0.326875 0.2696476964769648 0.32 0.2506775067750677 0.319375 0.23983739837398374 0.321875 0.23712737127371275 0.32875 0.25338753387533874 0.338125
1 0.3983739837398374 0.744375 0.4024390243902439 0.734375 0.3943089430894309 0.730625 0.37262872628726285 0.73 0.36449864498644985 0.733125 0.36449864498644985 0.744375 0.3983739837398374 0.744375
1 0.4024390243902439 0.745625 0.4132791327913279 0.75125 0.4349593495934959 0.753125 0.44850948509485095 0.745 0.44850948509485095 0.73625 0.4349593495934959 0.73 0.4105691056910569 0.730625 0.4024390243902439 0.734375 0.4024390243902439 0.745625
1 0.06910569105691057 0.4975 0.08130081300813008 0.4975 0.1016260162601626 0.49125 0.1070460704607046 0.4875 0.1070460704607046 0.480625 0.1016260162601626 0.478125 0.08807588075880758 0.476875 0.06910569105691057 0.480625 0.06097560975609756 0.484375 0.058265582655826556 0.49375 0.06910569105691057 0.4975
1 0.17479674796747968 0.57 0.1856368563685637 0.5725 0.21138211382113822 0.570625 0.21544715447154472 0.55875 0.2086720867208672 0.553125 0.1991869918699187 0.550625 0.1802168021680217 0.550625 0.16937669376693767 0.555625 0.16666666666666666 0.5625 0.17479674796747968 0.57
1 0.34552845528455284 0.27875 0.36449864498644985 0.285625 0.3780487804878049 0.285625 0.3861788617886179 0.280625 0.3861788617886179 0.270625 0.3794037940379404 0.265 0.3685636856368564 0.261875 0.35365853658536583 0.261875 0.34823848238482386 0.265 0.3428184281842818 0.27 0.34552845528455284 0.27875
1 0.38346883468834686 0.66625 0.3943089430894309 0.671875 0.42140921409214094 0.673125 0.43089430894308944 0.67125 0.4349593495934959 0.668125 0.4349593495934959 0.660625 0.4268292682926829 0.65625 0.4132791327913279 0.654375 0.3943089430894309 0.65625 0.38346883468834686 0.660625 0.38346883468834686 0.66625
1 0.16666666666666666 0.405 0.18834688346883469 0.410625 0.2018970189701897 0.40875 0.21002710027100271 0.40375 0.21002710027100271 0.3975 0.2046070460704607 0.393125 0.1937669376693767 0.389375 0.16802168021680217 0.39 0.16395663956639567 0.393125 0.16666666666666666 0.405
1 0.6395663956639567 0.473125 0.6612466124661247 0.480625 0.6747967479674797 0.480625 0.6747967479674797 0.46625 0.6639566395663956 0.46125 0.6422764227642277 0.46125 0.6368563685636857 0.46375 0.6395663956639567 0.473125
1 0.5853658536585366 0.486875 0.6043360433604336 0.49 0.6233062330623306 0.489375 0.6233062330623306 0.480625 0.6178861788617886 0.476875 0.5907859078590786 0.475625 0.5826558265582655 0.47875 0.5799457994579946 0.485 0.5853658536585366 0.486875
1 0.17750677506775067 0.364375 0.18834688346883469 0.369375 0.21138211382113822 0.37 0.22357723577235772 0.359375 0.22357723577235772 0.355625 0.21002710027100271 0.350625 0.1856368563685637 0.351875 0.17750677506775067 0.356875 0.17750677506775067 0.364375
1 0.7181571815718157 0.4675 0.7262872628726287 0.47125 0.7466124661246613 0.47125 0.7533875338753387 0.46625 0.7479674796747967 0.45625 0.7317073170731707 0.451875 0.7154471544715447 0.451875 0.7127371273712737 0.46 0.7181571815718157 0.4675
1 0.47831978319783197 0.455625 0.497289972899729 0.4575 0.5121951219512195 0.45375 0.5121951219512195 0.445625 0.5 0.440625 0.47560975609756095 0.439375 0.46883468834688347 0.44125 0.46747967479674796 0.449375 0.47831978319783197 0.455625
1 0.1016260162601626 0.645625 0.11382113821138211 0.64625 0.12601626016260162 0.644375 0.13143631436314362 0.64125 0.13414634146341464 0.629375 0.12330623306233063 0.623125 0.1043360433604336 0.623125 0.09078590785907859 0.629375 0.08807588075880758 0.63625 0.1016260162601626 0.645625
1 0.4051490514905149 0.46625 0.4186991869918699 0.470625 0.43766937669376693 0.470625 0.44308943089430897 0.4675 0.44037940379403795 0.45875 0.42953929539295393 0.4525 0.4078590785907859 0.450625 0.4024390243902439 0.4525 0.4051490514905149 0.46625
1 0.2804878048780488 0.354375 0.3048780487804878 0.355625 0.3157181571815718 0.348125 0.3130081300813008 0.340625 0.2940379403794038 0.33375 0.2804878048780488 0.33375 0.27371273712737126 0.336875 0.2696476964769648 0.346875 0.2804878048780488 0.354375
1 0.09620596205962059 0.39375 0.1070460704607046 0.400625 0.13414634146341464 0.4025 0.14769647696476965 0.39875 0.15040650406504066 0.39375 0.13821138211382114 0.386875 0.12330623306233063 0.384375 0.1002710027100271 0.385625 0.09620596205962059 0.388125 0.09620596205962059 0.39375
1 0.3265582655826558 0.683125 0.3319783197831978 0.685625 0.35907859078590787 0.685 0.3699186991869919 0.680625 0.37533875338753386 0.675 0.37262872628726285 0.67 0.36314363143631434 0.665625 0.34823848238482386 0.665625 0.3319783197831978 0.67 0.3265582655826558 0.67375 0.3265582655826558 0.683125
1 0.7371273712737128 0.389375 0.7574525745257452 0.388125 0.7615176151761518 0.383125 0.7750677506775068 0.376875 0.7723577235772358 0.37 0.7615176151761518 0.365 0.7425474254742548 0.365 0.7289972899728997 0.371875 0.7262872628726287 0.384375 0.7371273712737128 0.389375
1 0.3238482384823848 0.588125 0.35636856368563685 0.588125 0.35636856368563685 0.575625 0.3509485094850949 0.57125 0.34010840108401086 0.56875 0.3238482384823848 0.56875 0.3157181571815718 0.571875 0.3130081300813008 0.58125 0.3238482384823848 0.588125
1 0.48644986449864497 0.738125 0.497289972899729 0.743125 0.5257452574525745 0.743125 0.5447154471544715 0.734375 0.5447154471544715 0.73 0.5311653116531165 0.723125 0.5067750677506775 0.723125 0.491869918699187 0.726875 0.48644986449864497 0.73 0.48644986449864497 0.738125
1 0.6070460704607046 0.56 0.6314363143631436 0.560625 0.6436314363143631 0.5575 0.6476964769647696 0.55375 0.6476964769647696 0.545625 0.6382113821138211 0.5425 0.6124661246612466 0.543125 0.6016260162601627 0.5475 0.5962059620596206 0.55375 0.6070460704607046 0.56
1 0.4159891598915989 0.255 0.4241192411924119 0.259375 0.44037940379403795 0.261875 0.45663956639566394 0.259375 0.46476964769647694 0.254375 0.46476964769647694 0.2475 0.44850948509485095 0.240625 0.4349593495934959 0.240625 0.42276422764227645 0.244375 0.4159891598915989 0.24875 0.4159891598915989 0.255
1 0.2588075880758808 0.386875 0.2777777777777778 0.388125 0.29132791327913277 0.376875 0.29132791327913277 0.369375 0.2859078590785908 0.3675 0.2669376693766938 0.3675 0.25338753387533874 0.3725 0.25338753387533874 0.384375 0.2588075880758808 0.386875
1 0.44308943089430897 0.460625 0.462059620596206 0.46 0.46747967479674796 0.455625 0.46747967479674796 0.4425 0.453929539295393 0.438125 0.44037940379403795 0.438125 0.43224932249322495 0.441875 0.43224932249322495 0.455625 0.44308943089430897 0.460625
1 0.2994579945799458 0.6675 0.3130081300813008 0.6675 0.3252032520325203 0.665 0.33739837398373984 0.6575 0.3428184281842818 0.6525 0.3428184281842818 0.64625 0.33062330623306235 0.641875 0.3130081300813008 0.641875 0.2994579945799458 0.64625 0.2886178861788618 0.654375 0.2886178861788618 0.664375 0.2994579945799458 0.6675
1 0.4010840108401084 0.644375 0.4186991869918699 0.64875 0.43902439024390244 0.645625 0.44308943089430897 0.638125 0.43224932249322495 0.629375 0.4186991869918699 0.62625 0.4078590785907859 0.62625 0.3970189701897019 0.629375 0.3943089430894309 0.63875 0.4010840108401084 0.644375
1 0.6720867208672087 0.3725 0.6802168021680217 0.376875 0.6991869918699187 0.376875 0.7073170731707317 0.3675 0.6910569105691057 0.358125 0.6775067750677507 0.356875 0.6720867208672087 0.359375 0.6720867208672087 0.3725
1 0.24525745257452575 0.605625 0.26422764227642276 0.6075 0.28319783197831977 0.603125 0.2859078590785908 0.595 0.2750677506775068 0.59 0.2588075880758808 0.588125 0.23848238482384823 0.590625 0.23170731707317074 0.598125 0.24525745257452575 0.605625
1 0.6287262872628726 0.716875 0.6531165311653117 0.716875 0.6612466124661247 0.71375 0.6639566395663956 0.7025 0.6476964769647696 0.694375 0.6260162601626016 0.696875 0.6233062330623306 0.71375 0.6287262872628726 0.716875
1 0.5745257452574526 0.46 0.5826558265582655 0.46 0.5962059620596206 0.455625 0.5989159891598916 0.444375 0.5907859078590786 0.439375 0.5718157181571816 0.438125 0.5609756097560976 0.441875 0.5609756097560976 0.45625 0.5745257452574526 0.46
1 0.7398373983739838 0.45375 0.7696476964769647 0.45375 0.7859078590785907 0.446875 0.7831978319783198 0.441875 0.7710027100271003 0.436875 0.7398373983739838 0.43625 0.7208672086720868 0.439375 0.7208672086720868 0.449375 0.7398373983739838 0.45375
1 0.6910569105691057 0.435 0.7059620596205962 0.435 0.7195121951219512 0.4325 0.7289972899728997 0.425 0.7195121951219512 0.41875 0.6964769647696477 0.418125 0.6829268292682927 0.421875 0.6802168021680217 0.431875 0.6910569105691057 0.435
1 0.6070460704607046 0.241875 0.6178861788617886 0.249375 0.6382113821138211 0.25 0.6476964769647696 0.245625 0.6504065040650406 0.240625 0.6476964769647696 0.22875 0.6341463414634146 0.22125 0.6151761517615176 0.22125 0.6070460704607046 0.225 0.6070460704607046 0.241875
1 0.22899728997289973 0.381875 0.24254742547425473 0.381875 0.2506775067750677 0.376875 0.25338753387533874 0.365 0.24254742547425473 0.36 0.23577235772357724 0.359375 0.22628726287262874 0.36 0.2181571815718157 0.36375 0.2181571815718157 0.376875 0.22899728997289973 0.381875
1 0.6016260162601627 0.34125 0.6151761517615176 0.344375 0.6287262872628726 0.3425 0.6341463414634146 0.33875 0.6341463414634146 0.33125 0.6287262872628726 0.326875 0.6084010840108401 0.3225 0.5962059620596206 0.325 0.5934959349593496 0.33625 0.6016260162601627 0.34125
1 0.2777777777777778 0.57375 0.3021680216802168 0.574375 0.3130081300813008 0.570625 0.3157181571815718 0.56 0.3116531165311653 0.556875 0.29132791327913277 0.555 0.2804878048780488 0.55875 0.2750677506775068 0.5625 0.2777777777777778 0.57375
1 0.26151761517615174 0.63375 0.2696476964769648 0.63875 0.2926829268292683 0.64 0.3021680216802168 0.634375 0.3021680216802168 0.62625 0.29132791327913277 0.62 0.2750677506775068 0.618125 0.2669376693766938 0.6225 0.26151761517615174 0.62625 0.26151761517615174 0.63375
1 0.6124661246612466 0.443125 0.6287262872628726 0.45 0.6436314363143631 0.45 0.6639566395663956 0.439375 0.6639566395663956 0.435 0.6504065040650406 0.431875 0.6260162601626016 0.431875 0.6178861788617886 0.434375 0.6124661246612466 0.4375 0.6124661246612466 0.443125
1 0.5880758807588076 0.713125 0.6151761517615176 0.713125 0.6205962059620597 0.71 0.6233062330623306 0.701875 0.6233062330623306 0.696875 0.6178861788617886 0.69375 0.5934959349593496 0.691875 0.5826558265582655 0.696875 0.5799457994579946 0.706875 0.5880758807588076 0.713125
1 0.6449864498644986 0.46 0.6639566395663956 0.46125 0.6775067750677507 0.458125 0.6802168021680217 0.45375 0.6937669376693767 0.446875 0.6937669376693767 0.444375 0.6842818428184282 0.439375 0.6666666666666666 0.439375 0.6504065040650406 0.445625 0.6449864498644986 0.449375 0.6449864498644986 0.46
1 0.44850948509485095 0.77125 0.46747967479674796 0.77125 0.47831978319783197 0.76625 0.47831978319783197 0.76125 0.46070460704607047 0.754375 0.44308943089430897 0.754375 0.4363143631436314 0.756875 0.43224932249322495 0.764375 0.44850948509485095 0.77125
1 0.483739837398374 0.685625 0.5040650406504065 0.685625 0.5203252032520326 0.680625 0.5230352303523035 0.671875 0.5121951219512195 0.66625 0.489159891598916 0.66625 0.47831978319783197 0.670625 0.47560975609756095 0.681875 0.483739837398374 0.685625
1 0.23983739837398374 0.5775 0.26151761517615174 0.57875 0.2750677506775068 0.574375 0.2750677506775068 0.566875 0.2696476964769648 0.5625 0.24525745257452575 0.561875 0.23170731707317074 0.565625 0.22899728997289973 0.5725 0.23983739837398374 0.5775
1 0.1856368563685637 0.595 0.21544715447154472 0.593125 0.22899728997289973 0.58375 0.22899728997289973 0.57625 0.21544715447154472 0.571875 0.2018970189701897 0.5725 0.1802168021680217 0.58 0.17479674796747968 0.589375 0.1856368563685637 0.595
1 0.18157181571815717 0.7125 0.1937669376693767 0.71625 0.2127371273712737 0.713125 0.22086720867208673 0.701875 0.2181571815718157 0.69375 0.21002710027100271 0.68875 0.1937669376693767 0.68875 0.17750677506775067 0.69875 0.17479674796747968 0.706875 0.18157181571815717 0.7125
1 0.16395663956639567 0.326875 0.1856368563685637 0.32875 0.19647696476964768 0.3225 0.1937669376693767 0.313125 0.17344173441734417 0.306875 0.16395663956639567 0.306875 0.15582655826558264 0.31 0.15582655826558264 0.323125 0.16395663956639567 0.326875
1 0.5691056910569106 0.516875 0.5745257452574526 0.520625 0.6016260162601627 0.52125 0.6178861788617886 0.515 0.6178861788617886 0.508125 0.6016260162601627 0.501875 0.5907859078590786 0.50125 0.5745257452574526 0.505 0.5691056910569106 0.50875 0.5691056910569106 0.516875
1 0.7859078590785907 0.4425 0.7994579945799458 0.443125 0.8130081300813008 0.439375 0.8157181571815718 0.435 0.8102981029810298 0.4275 0.7913279132791328 0.4225 0.7831978319783198 0.4225 0.7737127371273713 0.425625 0.7723577235772358 0.436875 0.7859078590785907 0.4425
1 0.5880758807588076 0.50125 0.6151761517615176 0.503125 0.6260162601626016 0.49875 0.6260162601626016 0.49375 0.6205962059620597 0.49 0.6056910569105691 0.49 0.5826558265582655 0.48625 0.5799457994579946 0.49625 0.5880758807588076 0.50125
1 0.5121951219512195 0.794375 0.5311653116531165 0.798125 0.5447154471544715 0.7975 0.5501355013550135 0.793125 0.5501355013550135 0.7825 0.5447154471544715 0.779375 0.532520325203252 0.77625 0.5176151761517616 0.77625 0.5094850948509485 0.780625 0.5067750677506775 0.785625 0.5121951219512195 0.794375
1 0.5149051490514905 0.293125 0.5365853658536586 0.293125 0.5474254742547425 0.288125 0.5501355013550135 0.28125 0.535230352303523 0.2725 0.5230352303523035 0.2725 0.5067750677506775 0.27875 0.5040650406504065 0.285625 0.5149051490514905 0.293125
1 0.8319783197831978 0.449375 0.8455284552845529 0.449375 0.8672086720867209 0.439375 0.8672086720867209 0.4325 0.8563685636856369 0.4275 0.8373983739837398 0.4275 0.8265582655826558 0.43 0.8211382113821138 0.43375 0.8184281842818428 0.443125 0.8319783197831978 0.449375
1 0.7588075880758808 0.596875 0.7777777777777778 0.598125 0.7859078590785907 0.595625 0.7859078590785907 0.58625 0.7696476964769647 0.5775 0.7344173441734417 0.576875 0.7317073170731707 0.585 0.7588075880758808 0.596875
1 0.5203252032520326 0.71125 0.535230352303523 0.711875 0.5528455284552846 0.706875 0.5555555555555556 0.7025 0.5447154471544715 0.69375 0.5365853658536586 0.691875 0.5149051490514905 0.691875 0.5067750677506775 0.695625 0.5067750677506775 0.70375 0.5203252032520326 0.71125
1 0.24525745257452575 0.628125 0.26151761517615174 0.62625 0.2750677506775068 0.618125 0.2750677506775068 0.6125 0.26151761517615174 0.608125 0.24525745257452575 0.608125 0.22899728997289973 0.613125 0.22628726287262874 0.623125 0.24525745257452575 0.628125
1 0.6910569105691057 0.483125 0.7127371273712737 0.483125 0.7208672086720868 0.480625 0.7262872628726287 0.475625 0.7262872628726287 0.470625 0.7127371273712737 0.46375 0.6829268292682927 0.470625 0.6802168021680217 0.480625 0.6910569105691057 0.483125
1 0.489159891598916 0.4875 0.521680216802168 0.489375 0.5338753387533876 0.485 0.5338753387533876 0.47625 0.5203252032520326 0.470625 0.497289972899729 0.46875 0.47831978319783197 0.47375 0.47560975609756095 0.480625 0.489159891598916 0.4875
1 0.28319783197831977 0.320625 0.29132791327913277 0.324375 0.3130081300813008 0.324375 0.31842818428184283 0.320625 0.31842818428184283 0.314375 0.3116531165311653 0.305625 0.3021680216802168 0.3025 0.2886178861788618 0.3025 0.2804878048780488 0.305 0.2777777777777778 0.314375 0.28319783197831977 0.320625
1 0.5880758807588076 0.535625 0.6138211382113821 0.535625 0.6205962059620597 0.5325 0.6205962059620597 0.52875 0.6016260162601627 0.52125 0.5691056910569106 0.521875 0.5663956639566395 0.52875 0.5880758807588076 0.535625
1 0.6260162601626016 0.3025 0.6449864498644986 0.30125 0.6531165311653117 0.294375 0.6504065040650406 0.281875 0.6341463414634146 0.28 0.6260162601626016 0.28125 0.6178861788617886 0.28625 0.6178861788617886 0.299375 0.6260162601626016 0.3025
1 0.6856368563685636 0.468125 0.6910569105691057 0.468125 0.7127371273712737 0.4625 0.7154471544715447 0.450625 0.7073170731707317 0.446875 0.6937669376693767 0.446875 0.6802168021680217 0.455625 0.6775067750677507 0.4625 0.6856368563685636 0.468125
1 0.5392953929539296 0.27375 0.5555555555555556 0.28 0.5826558265582655 0.27875 0.5934959349593496 0.273125 0.5934959349593496 0.265 0.5826558265582655 0.260625 0.5582655826558266 0.260625 0.5460704607046071 0.26375 0.5392953929539296 0.26875 0.5392953929539296 0.27375
1 0.16395663956639567 0.68 0.1856368563685637 0.68 0.2018970189701897 0.675 0.2046070460704607 0.665 0.1937669376693767 0.658125 0.17208672086720866 0.6575 0.15582655826558264 0.664375 0.15311653116531165 0.675625 0.16395663956639567 0.68
1 0.5420054200542005 0.728125 0.5636856368563685 0.726875 0.5772357723577236 0.718125 0.575880758807588 0.7125 0.5663956639566395 0.70875 0.5474254742547425 0.70875 0.5338753387533876 0.713125 0.5311653116531165 0.723125 0.5420054200542005 0.728125
1 0.7669376693766937 0.415625 0.8102981029810298 0.415625 0.8211382113821138 0.408125 0.8184281842818428 0.403125 0.8075880758807588 0.39875 0.7859078590785907 0.39875 0.7669376693766937 0.40125 0.7615176151761518 0.40625 0.7669376693766937 0.415625
1 0.4349593495934959 0.234375 0.45663956639566394 0.235625 0.46476964769647694 0.2325 0.46747967479674796 0.2225 0.462059620596206 0.219375 0.44173441734417346 0.214375 0.42140921409214094 0.2175 0.42140921409214094 0.22875 0.4349593495934959 0.234375
1 0.3062330623306233 0.77875 0.31842818428184283 0.7825 0.33604336043360433 0.78125 0.34552845528455284 0.771875 0.3428184281842818 0.764375 0.32791327913279134 0.75875 0.3075880758807588 0.75875 0.2994579945799458 0.76125 0.2967479674796748 0.770625 0.3062330623306233 0.77875
1 0.7777777777777778 0.560625 0.8021680216802168 0.5625 0.8157181571815718 0.5575 0.8130081300813008 0.548125 0.7994579945799458 0.5425 0.7750677506775068 0.540625 0.7642276422764228 0.543125 0.7615176151761518 0.55 0.7777777777777778 0.560625
1 0.3238482384823848 0.31125 0.33739837398373984 0.314375 0.34823848238482386 0.314375 0.35907859078590787 0.31 0.3617886178861789 0.30625 0.3509485094850949 0.295625 0.34010840108401086 0.293125 0.3238482384823848 0.293125 0.3157181571815718 0.296875 0.3130081300813008 0.3025 0.3238482384823848 0.31125
1 0.7317073170731707 0.425 0.7452574525745257 0.4275 0.7615176151761518 0.42625 0.7669376693766937 0.420625 0.7669376693766937 0.41375 0.7615176151761518 0.409375 0.7560975609756098 0.406875 0.7384823848238482 0.405 0.7222222222222222 0.406875 0.7181571815718157 0.416875 0.7317073170731707 0.425
1 0.6964769647696477 0.57375 0.7154471544715447 0.575625 0.7317073170731707 0.570625 0.7398373983739838 0.56375 0.7398373983739838 0.55875 0.7262872628726287 0.553125 0.7127371273712737 0.55375 0.7046070460704607 0.556875 0.6964769647696477 0.5625 0.6964769647696477 0.57375
1 0.37970460704607045 0.33430374999999996 0.3920718157181572 0.322323125 0.3821775067750678 0.312054375 0.3636260162601626 0.31376625 0.3562046070460705 0.32118250000000004 0.3574417344173441 0.3331625 0.37970460704607045 0.33430374999999996
1 0.6629363143631436 0.6395125 0.6654092140921409 0.65320375 0.672830623306233 0.659479375 0.68519918699187 0.6577675000000001 0.7086978319783198 0.6600493749999999 0.7111720867208673 0.6429349999999999 0.6926192411924119 0.633236875 0.676540650406504 0.6383712500000001 0.6629363143631436 0.6395125