1 0.48509485094850946 0.54875 0.494579945799458 0.55375 0.494579945799458 0.560625 0.48644986449864497 0.564375 0.470189701897019 0.56375 0.45934959349593496 0.5575 0.4634146341463415 0.549375 0.483739837398374 0.54875
1 0.3509485094850949 0.311875 0.35907859078590787 0.3175 0.35907859078590787 0.3275 0.35501355013550134 0.33125 0.34552845528455284 0.334375 0.3319783197831978 0.33375 0.3238482384823848 0.328125 0.3224932249322493 0.32375 0.3252032520325203 0.3175 0.3333333333333333 0.3125 0.34959349593495936 0.311875
1 0.5623306233062331 0.64375 0.5785907859078591 0.6475 0.5840108401084011 0.650625 0.5840108401084011 0.656875 0.5772357723577236 0.66 0.559620596205962 0.659375 0.5447154471544715 0.654375 0.5433604336043361 0.64625 0.5487804878048781 0.64375 0.5609756097560976 0.64375
1 0.8753387533875339 0.450625 0.8861788617886179 0.454375 0.8902439024390244 0.459375 0.8875338753387534 0.466875 0.8766937669376694 0.47125 0.8563685636856369 0.47 0.8495934959349594 0.46375 0.8536585365853658 0.453125 0.8617886178861789 0.450625 0.8739837398373984 0.450625
1 0.502710027100271 0.439375 0.5149051490514905 0.443125 0.518970189701897 0.45 0.5149051490514905 0.456875 0.5 0.461875 0.4796747967479675 0.45875 0.4742547425474255 0.453125 0.4742547425474255 0.448125 0.483739837398374 0.440625 0.5013550135501355 0.439375
1 0.23712737127371275 0.2675 0.24254742547425473 0.27125 0.24254742547425473 0.27625 0.23712737127371275 0.2825 0.22899728997289973 0.285625 0.2181571815718157 0.285 0.21138211382113822 0.2825 0.2086720867208672 0.275625 0.2127371273712737 0.270625 0.22086720867208673 0.266875 0.23306233062330622 0.26625 0.23577235772357724 0.2675
1 0.7886178861788617 0.30125 0.7967479674796748 0.30375 0.7967479674796748 0.31 0.7886178861788617 0.314375 0.7764227642276422 0.31625 0.7655826558265583 0.315625 0.7588075880758808 0.311875 0.7588075880758808 0.30875 0.7669376693766937 0.30375 0.7872628726287263 0.30125
1 0.28319783197831977 0.505625 0.04336043360433604 0.01875
1 0.34146341463414637 0.41375 0.35501355013550134 0.41625 0.36449864498644985 0.423125 0.36314363143631434 0.43125 0.35501355013550134 0.435625 0.33062330623306235 0.434375 0.3170731707317073 0.425 0.31978319783197834 0.416875 0.3265582655826558 0.414375 0.34010840108401086 0.41375
1 0.8523035230352304 0.503125 0.8590785907859079 0.505625 0.8631436314363143 0.511875 0.8550135501355014 0.51875 0.8346883468834688 0.518125 0.8265582655826558 0.51125 0.8292682926829268 0.504375 0.8401084010840109 0.5025 0.8509485094850948 0.503125
1 0.7791327913279132 0.573125 0.7913279132791328 0.575625 0.7967479674796748 0.580625 0.7953929539295393 0.584375 0.7859078590785907 0.58875 0.7655826558265583 0.58875 0.7547425474254743 0.585625 0.7506775067750677 0.58125 0.7588075880758808 0.574375 0.7777777777777778 0.573125
1 0.8279132791327913 0.53375 0.8346883468834688 0.5375 0.8346883468834688 0.541875 0.8238482384823849 0.54875 0.8116531165311653 0.55125 0.8008130081300813 0.55125 0.7926829268292683 0.54875 0.7899728997289973 0.546875 0.7926829268292683 0.53875 0.8075880758807588 0.53375 0.8265582655826558 0.53375
1 0.2859078590785908 0.624375 0.2926829268292683 0.625625 0.3008130081300813 0.63125 0.2994579945799458 0.64125 0.2859078590785908 0.645 0.27100271002710025 0.64375 0.26151761517615174 0.638125 0.26558265582655827 0.6275 0.27235772357723576 0.624375 0.2845528455284553 0.624375
1 0.38482384823848237 0.455625 0.39295392953929537 0.45875 0.39295392953929537 0.46625 0.38346883468834686 0.4725 0.3712737127371274 0.475 0.35907859078590787 0.47125 0.35636856368563685 0.463125 0.36720867208672087 0.4575 0.38346883468834686 0.455625
1 0.5013550135501355 0.31125 0.5094850948509485 0.31625 0.510840108401084 0.321875 0.5040650406504065 0.326875 0.494579945799458 0.328125 0.47831978319783197 0.324375 0.47560975609756095 0.315 0.4878048780487805 0.31 0.5 0.31125
1 0.2872628726287263 0.5625 0.2981029810298103 0.56875 0.2981029810298103 0.574375 0.29132791327913277 0.578125 0.2764227642276423 0.5775 0.2669376693766938 0.5725 0.2682926829268293 0.56375 0.2750677506775068 0.561875 0.2859078590785908 0.5625
1 0.8373983739837398 0.551875 0.8401084010840109 0.5575 0.8346883468834688 0.563125 0.8265582655826558 0.56625 0.8130081300813008 0.568125 0.8021680216802168 0.5675 0.7953929539295393 0.564375 0.7967479674796748 0.556875 0.8048780487804879 0.5525 0.8265582655826558 0.549375 0.8360433604336044 0.551875
1 0.18699186991869918 0.586875 0.1991869918699187 0.590625 0.2018970189701897 0.595 0.1951219512195122 0.601875 0.17886178861788618 0.60625 0.16531165311653118 0.604375 0.15718157181571815 0.599375 0.15718157181571815 0.59625 0.16937669376693767 0.588125 0.1856368563685637 0.586875
1 0.6869918699186992 0.599375 0.6964769647696477 0.6025 0.7005420054200542 0.608125 0.6991869918699187 0.611875 0.6869918699186992 0.615625 0.6653116531165312 0.613125 0.6612466124661247 0.609375 0.6653116531165312 0.600625 0.6747967479674797 0.59875 0.6856368563685636 0.599375
1 0.483739837398374 0.534375 0.4986449864498645 0.54125 0.497289972899729 0.54625 0.489159891598916 0.54875 0.4634146341463415 0.548125 0.45257452574525747 0.54125 0.453929539295393 0.53625 0.45934959349593496 0.534375 0.46747967479674796 0.533125 0.4823848238482385 0.534375
1 0.25474254742547425 0.566875 0.26422764227642276 0.57 0.26558265582655827 0.576875 0.25474254742547425 0.583125 0.24796747967479674 0.584375 0.24254742547425473 0.584375 0.23170731707317074 0.580625 0.23035230352303523 0.575 0.24119241192411925 0.5675 0.25338753387533874 0.566875
1 0.592140921409214 0.42375 0.5989159891598916 0.42625 0.6016260162601627 0.4325 0.5989159891598916 0.435625 0.5880758807588076 0.439375 0.5772357723577236 0.43875 0.5691056910569106 0.431875 0.5745257452574526 0.425625 0.5907859078590786 0.42375
1 0.7181571815718157 0.356875 0.7276422764227642 0.361875 0.7262872628726287 0.36875 0.7154471544715447 0.3725 0.7059620596205962 0.373125 0.6910569105691057 0.371875 0.6815718157181572 0.368125 0.6788617886178862 0.36625 0.6802168021680217 0.359375 0.6910569105691057 0.355625 0.7140921409214093 0.355625 0.7168021680216802 0.356875
1 0.6883468834688347 0.560625 0.7032520325203252 0.565 0.7100271002710027 0.57125 0.7073170731707317 0.578125 0.6924119241192412 0.581875 0.6747967479674797 0.579375 0.6639566395663956 0.574375 0.6612466124661247 0.56875 0.6612466124661247 0.564375 0.6666666666666666 0.560625 0.6869918699186992 0.560625
1 0.2967479674796748 0.65875 0.3048780487804878 0.664375 0.3062330623306233 0.6725 0.3035230352303523 0.67625 0.2926829268292683 0.68 0.2750677506775068 0.67625 0.2696476964769648 0.663125 0.2791327913279133 0.6575 0.2859078590785908 0.656875 0.2953929539295393 0.65875
1 0.55420054200542 0.466875 0.573170731707317 0.46625 0.5840108401084011 0.471875 0.5826558265582655 0.480625 0.5772357723577236 0.4825 0.5636856368563685 0.4825 0.556910569105691 0.480625 0.5501355013550135 0.474375 0.55420054200542 0.4675
1 0.8184281842818428 0.509375 0.8279132791327913 0.513125 0.8292682926829268 0.52 0.8279132791327913 0.523125 0.8170731707317073 0.52625 0.7994579945799458 0.52375 0.7926829268292683 0.52 0.7926829268292683 0.5125 0.7981029810298103 0.51 0.8170731707317073 0.509375
1 0.6734417344173442 0.5125 0.6842818428184282 0.51375 0.6910569105691057 0.518125 0.6910569105691057 0.525 0.6829268292682927 0.53 0.6666666666666666 0.529375 0.6612466124661247 0.52625 0.6612466124661247 0.515625 0.6653116531165312 0.513125 0.6720867208672087 0.5125
1 0.6829268292682927 0.580625 0.6951219512195121 0.5825 0.7046070460704607 0.589375 0.7046070460704607 0.595625 0.6964769647696477 0.60125 0.6747967479674797 0.6 0.6639566395663956 0.59375 0.6612466124661247 0.59 0.6639566395663956 0.58375 0.6720867208672087 0.580625 0.6815718157181572 0.580625
1 0.34146341463414637 0.49 0.3509485094850949 0.494375 0.3509485094850949 0.5 0.34417344173441733 0.505 0.3346883468834688 0.506875 0.3170731707317073 0.505 0.3116531165311653 0.496875 0.3170731707317073 0.491875 0.3252032520325203 0.49 0.34010840108401086 0.49
1 0.6612466124661247 0.66125 0.6734417344173442 0.664375 0.6788617886178862 0.67 0.6775067750677507 0.6775 0.6693766937669376 0.680625 0.6476964769647696 0.678125 0.6368563685636857 0.671875 0.6409214092140921 0.664375 0.6504065040650406 0.66125 0.6598915989159891 0.66125
1 0.532520325203252 0.426875 0.5433604336043361 0.43125 0.5447154471544715 0.435625 0.5392953929539296 0.440625 0.5271002710027101 0.44375 0.5176151761517616 0.44375 0.508130081300813 0.439375 0.505420054200542 0.435625 0.5149051490514905 0.428125 0.5311653116531165 0.426875
1 0.26558265582655827 0.379375 0.2750677506775068 0.383125 0.2750677506775068 0.38875 0.2696476964769648 0.393125 0.2588075880758808 0.39625 0.24254742547425473 0.395 0.23577235772357724 0.388125 0.24796747967479674 0.380625 0.26422764227642276 0.379375
1 0.4153116531165312 0.5425 0.03387533875338753 0.0175
1 0.573170731707317 0.338125 0.5840108401084011 0.34 0.592140921409214 0.345 0.5894308943089431 0.35375 0.5840108401084011 0.35625 0.5636856368563685 0.35625 0.556910569105691 0.353125 0.5555555555555556 0.341875 0.5650406504065041 0.33875 0.5718157181571816 0.33875
1 0.44173441734417346 0.556875 0.45257452574525747 0.560625 0.46070460704607047 0.568125 0.45934959349593496 0.573125 0.45257452574525747 0.57625 0.43224932249322495 0.574375 0.42276422764227645 0.568125 0.4241192411924119 0.55875 0.4281842818428184 0.556875 0.44037940379403795 0.556875
1 0.481029810298103 0.47375 0.4959349593495935 0.48 0.494579945799458 0.485625 0.48509485094850946 0.488125 0.46747967479674796 0.4875 0.45528455284552843 0.4825 0.45934959349593496 0.475 0.4796747967479675 0.47375
1 0.5040650406504065 0.508125 0.516260162601626 0.511875 0.524390243902439 0.518125 0.524390243902439 0.523125 0.5149051490514905 0.526875 0.4959349593495935 0.525625 0.483739837398374 0.5175 0.48644986449864497 0.510625 0.502710027100271 0.508125
1 0.5894308943089431 0.31875 0.6084010840108401 0.316875 0.6273712737127372 0.32375 0.6246612466124661 0.33125 0.6016260162601627 0.3325 0.5880758807588076 0.3275 0.5867208672086721 0.320625 0.5894308943089431 0.319375
1 0.37669376693766937 0.3725 0.3861788617886179 0.376875 0.3861788617886179 0.380625 0.3780487804878049 0.386875 0.36585365853658536 0.389375 0.3509485094850949 0.389375 0.34417344173441733 0.386875 0.34417344173441733 0.378125 0.35501355013550134 0.3725 0.37533875338753386 0.3725
1 0.4092140921409214 0.350625 0.4173441734417344 0.3525 0.42276422764227645 0.359375 0.4146341463414634 0.368125 0.4024390243902439 0.37125 0.3902439024390244 0.37 0.3821138211382114 0.361875 0.3875338753387534 0.355625 0.3956639566395664 0.351875 0.4078590785907859 0.350625
1 0.36314363143631434 0.4725 0.3699186991869919 0.47625 0.3699186991869919 0.4825 0.3617886178861789 0.486875 0.3509485094850949 0.48875 0.3428184281842818 0.488125 0.3346883468834688 0.485 0.3333333333333333 0.478125 0.33875338753387535 0.47375 0.34688346883468835 0.471875 0.3617886178861789 0.4725
1 0.4349593495934959 0.64625 0.44715447154471544 0.65 0.44850948509485095 0.654375 0.44037940379403795 0.659375 0.4268292682926829 0.661875 0.4092140921409214 0.66 0.4010840108401084 0.655625 0.4010840108401084 0.650625 0.4065040650406504 0.646875 0.4159891598915989 0.645 0.43360433604336046 0.64625
1 0.3008130081300813 0.415625 0.3116531165311653 0.42125 0.3116531165311653 0.42875 0.3048780487804878 0.431875 0.2926829268292683 0.433125 0.28319783197831977 0.4325 0.2764227642276423 0.429375 0.27371273712737126 0.42125 0.2764227642276423 0.4175 0.28319783197831977 0.415 0.2994579945799458 0.415625
1 0.6070460704607046 0.4496875 0.037940379403794036 0.016875
1 0.7628726287262872 0.590625 0.7696476964769647 0.593125 0.7723577235772358 0.59875 0.7669376693766937 0.605 0.7533875338753387 0.60875 0.7357723577235772 0.60625 0.7330623306233063 0.598125 0.7452574525745257 0.591875 0.7615176151761518 0.590625