1 0.49667774086378735 0.201875 0.5041528239202658 0.1925 0.5024916943521595 0.179375 0.49335548172757476 0.17125 0.4808970099667774 0.166875 0.4601328903654485 0.16875 0.446843853820598 0.17625 0.4418604651162791 0.18375 0.4410299003322259 0.19375 0.44435215946843853 0.19875 0.4476744186046512 0.2025 0.45930232558139533 0.2075 0.48006644518272423 0.2075 0.49169435215946844 0.204375 0.49667774086378735 0.201875
1 0.2823920265780731 0.408125 0.28322259136212624 0.40125 0.27906976744186046 0.3875 0.2707641196013289 0.380625 0.25830564784053156 0.375 0.24169435215946844 0.376875 0.23172757475083056 0.386875 0.22674418604651161 0.396875 0.2292358803986711 0.4125 0.24086378737541528 0.42625 0.2616279069767442 0.428125 0.26578073089701 0.42625 0.276578073089701 0.418125 0.2823920265780731 0.408125
1 0.3230897009966777 0.4375 0.33554817275747506 0.415625 0.3313953488372093 0.405 0.32641196013289037 0.4 0.3081395348837209 0.395 0.2956810631229236 0.395 0.28322259136212624 0.403125 0.27906976744186046 0.411875 0.2799003322259136 0.42 0.28488372093023256 0.429375 0.29401993355481726 0.4375 0.3081395348837209 0.4425 0.313953488372093 0.4425 0.3230897009966777 0.4375
1 0.6661129568106312 0.589375 0.6602990033222591 0.581875 0.643687707641196 0.575 0.6229235880398671 0.57625 0.6162790697674418 0.579375 0.606312292358804 0.591875 0.606312292358804 0.6025 0.6237541528239202 0.613125 0.6428571428571429 0.613125 0.6503322259136213 0.610625 0.6636212624584718 0.60125 0.6661129568106312 0.589375
1 0.1760797342192691 0.44625 0.1818936877076412 0.4375 0.17857142857142858 0.428125 0.15946843853820597 0.41375 0.143687707641196 0.406875 0.13372093023255813 0.405 0.11627906976744186 0.405 0.10465116279069768 0.41125 0.10132890365448505 0.42125 0.10215946843853821 0.429375 0.12043189368770764 0.444375 0.14700996677740863 0.4525 0.15863787375415284 0.4525 0.17026578073089702 0.449375 0.1760797342192691 0.44625
1 0.5166112956810631 0.71125 0.5199335548172758 0.704375 0.520764119601329 0.69375 0.5091362126245847 0.675 0.49916943521594687 0.6675 0.48588039867109634 0.665 0.4717607973421927 0.67625 0.4692691029900332 0.683125 0.4700996677740864 0.69875 0.4750830564784053 0.70875 0.48588039867109634 0.71625 0.5049833887043189 0.71875 0.5116279069767442 0.716875 0.5166112956810631 0.71125
1 0.7790697674418605 0.370625 0.7790697674418605 0.35375 0.7757475083056479 0.34875 0.7599667774086378 0.340625 0.739202657807309 0.3375 0.7259136212624585 0.3425 0.7200996677740864 0.3475 0.7167774086378738 0.355 0.717607973421927 0.363125 0.7242524916943521 0.37375 0.7350498338870431 0.379375 0.7450166112956811 0.381875 0.7624584717607974 0.381875 0.7790697674418605 0.370625
1 0.5573089700996677 0.704375 0.563953488372093 0.6875 0.5631229235880398 0.675625 0.5581395348837209 0.6675 0.5473421926910299 0.661875 0.53156146179402 0.6625 0.520764119601329 0.6725 0.5182724252491694 0.686875 0.5240863787375415 0.6975 0.5373754152823921 0.708125 0.5448504983388704 0.710625 0.5514950166112956 0.70875 0.5573089700996677 0.704375
1 0.1270764119601329 0.39 0.12790697674418605 0.38 0.12541528239202657 0.37375 0.11710963455149502 0.365625 0.10382059800664452 0.361875 0.07890365448504984 0.36375 0.06229235880398671 0.37375 0.059800664451827246 0.378125 0.058970099667774084 0.39125 0.061461794019933555 0.395 0.0739202657807309 0.404375 0.07973421926910298 0.40625 0.10465116279069768 0.405 0.11710963455149502 0.399375 0.1270764119601329 0.39
1 0.8106312292358804 0.59625 0.813953488372093 0.588125 0.813953488372093 0.5775 0.8081395348837209 0.56875 0.7940199335548173 0.5625 0.7848837209302325 0.5625 0.776578073089701 0.565 0.7641196013289037 0.573125 0.760797342192691 0.57875 0.7599667774086378 0.596875 0.7641196013289037 0.60375 0.7790697674418605 0.61 0.7906976744186046 0.61 0.803156146179402 0.604375 0.8106312292358804 0.59625
1 0.7383720930232558 0.686875 0.739202657807309 0.675625 0.7367109634551495 0.67 0.7275747508305648 0.66125 0.71843853820598 0.65875 0.7084717607973422 0.65875 0.6960132890365448 0.665 0.6910299003322259 0.67375 0.6918604651162791 0.6925 0.6960132890365448 0.69875 0.7051495016611296 0.705625 0.71843853820598 0.70625 0.7308970099667774 0.7 0.7383720930232558 0.686875
1 0.8272425249169435 0.41125 0.8289036544850499 0.40125 0.824750830564784 0.386875 0.8081395348837209 0.375 0.7906976744186046 0.375625 0.7790697674418605 0.385625 0.7790697674418605 0.4075 0.7840531561461794 0.4175 0.7931893687707641 0.423125 0.8073089700996677 0.424375 0.8205980066445183 0.420625 0.8272425249169435 0.41125
1 0.5548172757475083 0.399375 0.5622923588039868 0.391875 0.563953488372093 0.384375 0.5589700996677741 0.374375 0.5523255813953488 0.370625 0.5398671096345515 0.370625 0.5182724252491694 0.376875 0.5033222591362126 0.39125 0.5041528239202658 0.401875 0.5116279069767442 0.408125 0.5191029900332226 0.41 0.5290697674418605 0.41 0.5415282392026578 0.40625 0.5548172757475083 0.399375
1 0.34053156146179403 0.3325 0.34634551495016613 0.3225 0.34634551495016613 0.31125 0.3380398671096346 0.29875 0.3313953488372093 0.29375 0.32475083056478404 0.29125 0.31146179401993357 0.29125 0.29900332225913623 0.29625 0.2931893687707641 0.301875 0.2898671096345515 0.31125 0.29069767441860467 0.321875 0.2956810631229236 0.331875 0.303156146179402 0.336875 0.3164451827242525 0.340625 0.33056478405315615 0.339375 0.34053156146179403 0.3325
1 0.776578073089701 0.266875 0.7807308970099668 0.26375 0.7840531561461794 0.251875 0.7790697674418605 0.24125 0.7724252491694352 0.23625 0.7591362126245847 0.23125 0.7441860465116279 0.230625 0.7383720930232558 0.23125 0.7250830564784053 0.239375 0.7225913621262459 0.244375 0.723421926910299 0.25625 0.7259136212624585 0.261875 0.7350498338870431 0.266875 0.7475083056478405 0.27 0.7649501661129569 0.27 0.776578073089701 0.266875
1 0.7367109634551495 0.50875 0.7367109634551495 0.5025 0.7300664451827242 0.495625 0.7159468438538206 0.486875 0.6960132890365448 0.486875 0.6810631229235881 0.49125 0.6769102990033222 0.495625 0.6744186046511628 0.50375 0.675249169435216 0.513125 0.6785714285714286 0.518125 0.6926910299003323 0.525625 0.7134551495016611 0.526875 0.7317275747508306 0.519375 0.7367109634551495 0.50875
1 0.5888704318936877 0.179375 0.5830564784053156 0.168125 0.5697674418604651 0.16125 0.5523255813953488 0.16125 0.5456810631229236 0.163125 0.5357142857142857 0.175625 0.5357142857142857 0.194375 0.5431893687707641 0.20375 0.5548172757475083 0.211875 0.5730897009966778 0.211875 0.5880398671096345 0.1975 0.5888704318936877 0.179375
1 0.43106312292358806 0.441875 0.43438538205980065 0.42625 0.4219269102990033 0.40625 0.4061461794019934 0.401875 0.39700996677740863 0.405 0.38704318936877075 0.411875 0.38205980066445183 0.42125 0.3853820598006645 0.439375 0.38870431893687707 0.444375 0.40448504983388706 0.454375 0.4161129568106312 0.454375 0.42358803986710963 0.45125 0.43106312292358806 0.441875
1 0.489202657807309 0.1375 0.4883720930232558 0.12375 0.48421926910299 0.11625 0.47840531561461797 0.11125 0.46511627906976744 0.10625 0.44601328903654486 0.10625 0.4410299003322259 0.10875 0.4277408637873754 0.11875 0.4269102990033223 0.13125 0.43023255813953487 0.136875 0.4418604651162791 0.145 0.45514950166112955 0.148125 0.47840531561461797 0.14625 0.489202657807309 0.1375
1 0.6661129568106312 0.485 0.6677740863787376 0.475625 0.659468438538206 0.46 0.6470099667774086 0.456875 0.6287375415282392 0.459375 0.6129568106312292 0.475625 0.6129568106312292 0.48875 0.6179401993355482 0.495625 0.6320598006644518 0.5 0.6470099667774086 0.498125 0.6561461794019934 0.493125 0.6661129568106312 0.485
1 0.3770764119601329 0.446875 0.37624584717607973 0.42875 0.36212624584717606 0.41625 0.3521594684385382 0.413125 0.3438538205980066 0.415 0.3380398671096346 0.4175 0.3272425249169435 0.42875 0.3239202657807309 0.436875 0.32475083056478404 0.445625 0.3280730897009967 0.4525 0.33970099667774084 0.461875 0.3554817275747508 0.4625 0.3637873754152824 0.46 0.3770764119601329 0.446875
1 0.26245847176079734 0.34875 0.26245847176079734 0.335 0.24916943521594684 0.325 0.24086378737541528 0.3225 0.2292358803986711 0.3225 0.20930232558139536 0.3275 0.20182724252491693 0.333125 0.19767441860465115 0.341875 0.19767441860465115 0.348125 0.20348837209302326 0.356875 0.21511627906976744 0.363125 0.223421926910299 0.365 0.24003322259136212 0.36375 0.25830564784053156 0.35375 0.26245847176079734 0.34875
1 0.41943521594684385 0.76875 0.4219269102990033 0.763125 0.4219269102990033 0.753125 0.41777408637873753 0.745625 0.4069767441860465 0.738125 0.3911960132890365 0.738125 0.3845514950166113 0.740625 0.3687707641196013 0.758125 0.36794019933554817 0.776875 0.37375415282392027 0.78375 0.3795681063122924 0.785625 0.3903654485049834 0.785 0.40780730897009965 0.780625 0.41943521594684385 0.76875
1 0.43023255813953487 0.26375 0.43106312292358806 0.25375 0.4210963455149502 0.23375 0.40946843853820597 0.228125 0.3961794019933555 0.228125 0.3853820598006645 0.23125 0.3729235880398671 0.246875 0.37375415282392027 0.26375 0.38205980066445183 0.274375 0.3945182724252492 0.28125 0.4111295681063123 0.28125 0.4219269102990033 0.276875 0.43023255813953487 0.26375
1 0.5614617940199336 0.293125 0.5564784053156147 0.283125 0.5490033222591362 0.278125 0.5398671096345515 0.275 0.5240863787375415 0.275 0.5149501661129569 0.276875 0.5033222591362126 0.28375 0.4983388704318937 0.29375 0.5 0.30125 0.5041528239202658 0.30625 0.5191029900332226 0.314375 0.5431893687707641 0.314375 0.5573089700996677 0.30625 0.5614617940199336 0.293125
1 0.7109634551495017 0.314375 0.7043189368770764 0.30625 0.6951827242524917 0.30375 0.6885382059800664 0.304375 0.6769102990033222 0.31 0.6677740863787376 0.324375 0.6669435215946844 0.336875 0.6852159468438538 0.35125 0.6935215946843853 0.350625 0.7026578073089701 0.344375 0.7117940199335548 0.32625 0.7109634551495017 0.314375
1 0.4792358803986711 0.3975 0.4692691029900332 0.3875 0.4634551495016611 0.385 0.44435215946843853 0.3825 0.43272425249169433 0.386875 0.4269102990033223 0.391875 0.42441860465116277 0.4 0.4260797342192691 0.413125 0.43106312292358806 0.42 0.4418604651162791 0.42625 0.45598006644518274 0.4275 0.48006644518272423 0.415625 0.4792358803986711 0.3975
1 0.6137873754152824 0.7 0.6129568106312292 0.69375 0.5980066445182725 0.678125 0.5813953488372093 0.675625 0.5730897009966778 0.678125 0.5647840531561462 0.6875 0.5622923588039868 0.694375 0.5631229235880398 0.708125 0.5764119601328903 0.72125 0.5938538205980066 0.72125 0.6021594684385382 0.71875 0.6104651162790697 0.709375 0.6137873754152824 0.7
1 0.6212624584717608 0.464375 0.6254152823920266 0.454375 0.6254152823920266 0.4475 0.6162790697674418 0.43125 0.6046511627906976 0.42875 0.5897009966777409 0.43625 0.5772425249169435 0.450625 0.5772425249169435 0.464375 0.584717607973422 0.47375 0.5938538205980066 0.478125 0.6046511627906976 0.478125 0.6137873754152824 0.47375 0.6212624584717608 0.464375
1 0.4941860465116279 0.749375 0.4941860465116279 0.735 0.48754152823920266 0.71875 0.4700996677740864 0.706875 0.45348837209302323 0.70625 0.44518272425249167 0.710625 0.4377076411960133 0.724375 0.43853820598006643 0.738125 0.44435215946843853 0.75 0.45930232558139533 0.760625 0.4700996677740864 0.763125 0.4833887043189369 0.761875 0.4941860465116279 0.749375
1 0.7674418604651163 0.716875 0.7674418604651163 0.70625 0.7574750830564784 0.69375 0.7375415282392026 0.6925 0.7300664451827242 0.700625 0.7192691029900332 0.706875 0.7142857142857143 0.7175 0.7151162790697675 0.728125 0.7225913621262459 0.735625 0.7308970099667774 0.738125 0.7450166112956811 0.7375 0.7583056478405316 0.73125 0.7674418604651163 0.716875
1 0.3122923588039867 0.678125 0.3064784053156146 0.665625 0.29817275747508304 0.66375 0.292358803986711 0.65875 0.2807308970099668 0.65375 0.2724252491694352 0.645625 0.26411960132890366 0.646875 0.25 0.656875 0.24667774086378738 0.665 0.24750830564784054 0.676875 0.2558139534883721 0.686875 0.27325581395348836 0.695 0.30564784053156147 0.695625 0.3122923588039867 0.69 0.3122923588039867 0.678125
1 0.4526578073089701 0.52625 0.45514950166112955 0.519375 0.45348837209302323 0.503125 0.45016611295681064 0.49625 0.4393687707641196 0.48375 0.4219269102990033 0.478125 0.40780730897009965 0.47875 0.39867109634551495 0.485625 0.3945182724252492 0.49875 0.39700996677740863 0.5125 0.4019933554817276 0.521875 0.41445182724252494 0.530625 0.42441860465116277 0.53375 0.4435215946843854 0.53375 0.4526578073089701 0.52625
1 0.3480066445182724 0.65125 0.3488372093023256 0.64375 0.3338870431893688 0.625 0.31976744186046513 0.620625 0.2956810631229236 0.619375 0.2815614617940199 0.623125 0.276578073089701 0.6275 0.2749169435215947 0.645625 0.27740863787375414 0.650625 0.2807308970099668 0.654375 0.29900332225913623 0.66375 0.3181063122923588 0.665 0.3372093023255814 0.66125 0.3480066445182724 0.65125
1 0.4742524916943522 0.35375 0.47591362126245845 0.3425 0.4634551495016611 0.324375 0.45182724252491696 0.32 0.4435215946843854 0.32 0.4260797342192691 0.328125 0.4219269102990033 0.3375 0.42358803986710963 0.355625 0.42857142857142855 0.36375 0.4476744186046512 0.37 0.4568106312292359 0.36875 0.4676079734219269 0.36375 0.4742524916943522 0.35375
1 0.15033222591362128 0.47875 0.15033222591362128 0.470625 0.14451827242524917 0.460625 0.13122923588039867 0.454375 0.11877076411960133 0.454375 0.10465116279069768 0.459375 0.09053156146179402 0.469375 0.08554817275747509 0.47625 0.08305647840531562 0.48125 0.08388704318936877 0.490625 0.0888704318936877 0.498125 0.09717607973421927 0.5025 0.12624584717607973 0.5025 0.14451827242524917 0.49 0.15033222591362128 0.47875
1 0.23048172757475083 0.665625 0.0008305647840531562 0.00125
1 0.22632890365448505 0.6690625 0.0008305647840531562 0.000625
1 0.8338870431893688 0.360625 0.8380398671096345 0.349375 0.8355481727574751 0.338125 0.8313953488372093 0.334375 0.8239202657807309 0.3325 0.8023255813953488 0.3325 0.7948504983388704 0.334375 0.7848837209302325 0.34 0.7799003322259136 0.34625 0.7799003322259136 0.365 0.78156146179402 0.37 0.7890365448504983 0.375 0.8073089700996677 0.37375 0.8181063122923588 0.370625 0.8338870431893688 0.360625
1 0.4003322259136213 0.135 0.39700996677740863 0.12125 0.3903654485049834 0.11125 0.38205980066445183 0.10625 0.36794019933554817 0.105625 0.3546511627906977 0.116875 0.3521594684385382 0.124375 0.3538205980066445 0.144375 0.3579734219269103 0.15125 0.37209302325581395 0.16125 0.3853820598006645 0.16125 0.39700996677740863 0.154375 0.4003322259136213 0.135
1 0.686046511627907 0.541875 0.6926910299003323 0.53375 0.6926910299003323 0.52875 0.686046511627907 0.521875 0.6769102990033222 0.51875 0.6735880398671097 0.515 0.654485049833887 0.5125 0.6470099667774086 0.515 0.6378737541528239 0.5225 0.6353820598006644 0.526875 0.6370431893687708 0.535625 0.6387043189368771 0.53875 0.6519933554817275 0.54625 0.6619601328903655 0.548125 0.6727574750830565 0.5475 0.686046511627907 0.541875
1 0.7441860465116279 0.57 0.7458471760797342 0.556875 0.7342192691029901 0.54 0.7167774086378738 0.5325 0.707641196013289 0.531875 0.6951827242524917 0.53375 0.6877076411960132 0.54125 0.6843853820598007 0.55 0.6852159468438538 0.56 0.6918604651162791 0.57 0.7084717607973422 0.579375 0.7275747508305648 0.58125 0.7333887043189369 0.579375 0.7441860465116279 0.57
1 0.5548172757475083 0.1475 0.5598006644518272 0.141875 0.5598006644518272 0.126875 0.5564784053156147 0.120625 0.5431893687707641 0.11125 0.53156146179402 0.10875 0.5083056478405316 0.10875 0.5008305647840532 0.11125 0.489202657807309 0.119375 0.4900332225913621 0.139375 0.4950166112956811 0.145 0.5099667774086378 0.151875 0.53156146179402 0.154375 0.5465116279069767 0.151875 0.5548172757475083 0.1475
1 0.5689368770764119 0.251875 0.5606312292358804 0.24125 0.5514950166112956 0.23625 0.5390365448504983 0.23375 0.5224252491694352 0.235625 0.5157807308970099 0.239375 0.5116279069767442 0.246875 0.5141196013289037 0.263125 0.521594684385382 0.270625 0.5299003322259136 0.274375 0.5548172757475083 0.275 0.5672757475083057 0.266875 0.5689368770764119 0.251875
1 0.32142857142857145 0.34875 0.3181063122923588 0.3425 0.30481727574750833 0.33875 0.2956810631229236 0.33375 0.2815614617940199 0.3375 0.2691029900332226 0.34625 0.26411960132890366 0.35375 0.2649501661129568 0.36875 0.2823920265780731 0.379375 0.29401993355481726 0.379375 0.30481727574750833 0.37625 0.31976744186046513 0.363125 0.32142857142857145 0.34875
1 0.36046511627906974 0.610625 0.36129568106312293 0.59875 0.3588039867109635 0.59375 0.35132890365448505 0.584375 0.3330564784053156 0.57375 0.3164451827242525 0.570625 0.2973421926910299 0.5725 0.29401993355481726 0.575 0.292358803986711 0.58125 0.29401993355481726 0.593125 0.3122923588039867 0.614375 0.32641196013289037 0.621875 0.3380398671096346 0.624375 0.3496677740863787 0.621875 0.36046511627906974 0.610625
1 0.5548172757475083 0.5125 0.5581395348837209 0.5075 0.5581395348837209 0.49375 0.5556478405315615 0.490625 0.5431893687707641 0.485625 0.5174418604651163 0.486875 0.5041528239202658 0.494375 0.5 0.503125 0.4908637873754153 0.51 0.49169435215946844 0.515625 0.5 0.523125 0.5116279069767442 0.52625 0.5249169435215947 0.526875 0.5382059800664452 0.52375 0.5548172757475083 0.5125
1 0.22840531561461794 0.553125 0.22009966777408638 0.53875 0.20681063122923588 0.5325 0.19767441860465115 0.531875 0.18023255813953487 0.539375 0.16777408637873753 0.556875 0.16777408637873753 0.565 0.17109634551495018 0.5725 0.18023255813953487 0.579375 0.2026578073089701 0.579375 0.21345514950166114 0.573125 0.22425249169435216 0.561875 0.22840531561461794 0.553125
1 0.41777408637873753 0.321875 0.41777408637873753 0.3125 0.4061461794019934 0.300625 0.39700996677740863 0.2975 0.38870431893687707 0.2975 0.3803986710963455 0.30125 0.37209302325581395 0.313125 0.37209302325581395 0.331875 0.3812292358803987 0.344375 0.39368770764119604 0.350625 0.39700996677740863 0.350625 0.40863787375415284 0.341875 0.41777408637873753 0.321875
1 0.776578073089701 0.53875 0.7873754152823921 0.530625 0.7898671096345515 0.519375 0.7873754152823921 0.51375 0.7666112956810631 0.49875 0.7516611295681063 0.498125 0.739202657807309 0.50375 0.7325581395348837 0.519375 0.7325581395348837 0.526875 0.7350498338870431 0.53125 0.7475083056478405 0.53875 0.7541528239202658 0.54125 0.7674418604651163 0.54125 0.776578073089701 0.53875
1 0.29900332225913623 0.265625 0.3023255813953488 0.245625 0.2973421926910299 0.229375 0.28820598006644516 0.220625 0.26827242524916944 0.2175 0.2516611295681063 0.226875 0.24335548172757476 0.2475 0.2441860465116279 0.266875 0.25249169435215946 0.279375 0.26744186046511625 0.285 0.2807308970099668 0.283125 0.292358803986711 0.276875 0.29900332225913623 0.265625
1 0.6901993355481728 0.145 0.6993355481727574 0.1325 0.6993355481727574 0.125 0.6951827242524917 0.11875 0.6852159468438538 0.111875 0.6611295681063123 0.10875 0.6470099667774086 0.111875 0.6420265780730897 0.11625 0.6370431893687708 0.12375 0.6378737541528239 0.13 0.643687707641196 0.14 0.6495016611295681 0.145 0.6644518272425249 0.15 0.6760797342192691 0.15 0.6901993355481728 0.145
1 0.7317275747508306 0.46375 0.7242524916943521 0.459375 0.7059800664451827 0.4575 0.6893687707641196 0.460625 0.6744186046511628 0.4675 0.6677740863787376 0.474375 0.6661129568106312 0.485 0.670265780730897 0.48875 0.6810631229235881 0.490625 0.6910299003322259 0.48875 0.7250830564784053 0.478125 0.7333887043189369 0.47125 0.7317275747508306 0.46375
1 0.1478405315614618 0.29625 0.14700996677740863 0.28625 0.1403654485049834 0.278125 0.12624584717607973 0.27 0.11378737541528239 0.266875 0.10382059800664452 0.2675 0.09053156146179402 0.273125 0.0872093023255814 0.27875 0.08803986710963455 0.29 0.1004983388704319 0.3025 0.11378737541528239 0.308125 0.132890365448505 0.308125 0.14534883720930233 0.30125 0.1478405315614618 0.29625
1 0.6104651162790697 0.77 0.617109634551495 0.763125 0.6187707641196013 0.755625 0.617109634551495 0.748125 0.6104651162790697 0.740625 0.5996677740863787 0.73375 0.5730897009966778 0.72625 0.5556478405315615 0.7275 0.5456810631229236 0.73375 0.5448504983388704 0.753125 0.5481727574750831 0.76 0.5598006644518272 0.76875 0.5838870431893688 0.7725 0.6004983388704319 0.7725 0.6104651162790697 0.77
1 0.39867109634551495 0.52125 0.3945182724252492 0.503125 0.3903654485049834 0.49875 0.37790697674418605 0.495625 0.36627906976744184 0.495625 0.35299003322259137 0.5025 0.33970099667774084 0.519375 0.33637873754152825 0.53 0.3372093023255814 0.54125 0.3446843853820598 0.550625 0.3579734219269103 0.555 0.3729235880398671 0.551875 0.38205980066445183 0.545625 0.39867109634551495 0.52125
1 0.5681063122923588 0.555625 0.5705980066445183 0.5525 0.5714285714285714 0.53375 0.5581395348837209 0.524375 0.5448504983388704 0.521875 0.5332225913621262 0.524375 0.5199335548172758 0.531875 0.5166112956810631 0.539375 0.5174418604651163 0.5475 0.520764119601329 0.5525 0.5299003322259136 0.558125 0.542358803986711 0.560625 0.5589700996677741 0.559375 0.5681063122923588 0.555625
1 0.6868770764119602 0.36 0.6843853820598007 0.35375 0.6744186046511628 0.343125 0.6686046511627907 0.34 0.6503322259136213 0.3375 0.6320598006644518 0.344375 0.6262458471760798 0.355625 0.6270764119601329 0.363125 0.6362126245847176 0.37375 0.6478405315614618 0.376875 0.670265780730897 0.376875 0.6843853820598007 0.37 0.6868770764119602 0.36
1 0.4692691029900332 0.59625 0.4792358803986711 0.589375 0.48421926910299 0.58125 0.48421926910299 0.573125 0.4684385382059801 0.560625 0.46096345514950166 0.558125 0.446843853820598 0.558125 0.4277408637873754 0.565625 0.41777408637873753 0.575 0.4169435215946844 0.585625 0.43023255813953487 0.593125 0.4368770764119601 0.59375 0.4426910299003322 0.59875 0.4601328903654485 0.59875 0.4692691029900332 0.59625
1 0.776578073089701 0.32625 0.7749169435215947 0.314375 0.7666112956810631 0.30375 0.7591362126245847 0.298125 0.7466777408637874 0.29375 0.7358803986710963 0.29375 0.7267441860465116 0.299375 0.7242524916943521 0.30625 0.7259136212624585 0.32125 0.7350498338870431 0.334375 0.7641196013289037 0.34 0.7682724252491694 0.339375 0.7732558139534884 0.334375 0.776578073089701 0.32625
1 0.4601328903654485 0.63125 0.4601328903654485 0.618125 0.4543189368770764 0.60625 0.44019933554817275 0.6 0.4210963455149502 0.60875 0.41362126245847175 0.616875 0.4127906976744186 0.633125 0.4169435215946844 0.640625 0.4269102990033223 0.646875 0.44019933554817275 0.646875 0.44933554817275745 0.64375 0.4601328903654485 0.63125
1 0.31727574750830567 0.475625 0.3081395348837209 0.46375 0.3014950166112957 0.46 0.2840531561461794 0.455625 0.2757475083056478 0.455625 0.26245847176079734 0.4625 0.2558139534883721 0.470625 0.2558139534883721 0.48125 0.2632890365448505 0.493125 0.2799003322259136 0.5025 0.30564784053156147 0.5025 0.31727574750830567 0.48875 0.31727574750830567 0.475625
1 0.21096345514950166 0.32625 0.21096345514950166 0.323125 0.20431893687707642 0.3125 0.19102990033222592 0.304375 0.17109634551495018 0.30125 0.15780730897009967 0.30375 0.143687707641196 0.31125 0.1403654485049834 0.316875 0.14119601328903655 0.32625 0.1478405315614618 0.335 0.1611295681063123 0.3425 0.19684385382059802 0.34375 0.20182724252491693 0.333125 0.21096345514950166 0.32625
1 0.2026578073089701 0.1875 0.20681063122923588 0.180625 0.20764119601328904 0.16875 0.20182724252491693 0.151875 0.1951827242524917 0.1475 0.18853820598006646 0.14625 0.1760797342192691 0.146875 0.1669435215946844 0.15125 0.1569767441860465 0.16125 0.15614617940199335 0.18125 0.1611295681063123 0.19 0.17358803986710963 0.1975 0.18853820598006646 0.1975 0.19435215946843853 0.194375 0.2026578073089701 0.1875
1 0.23006644518272426 0.67 0.2350498338870432 0.661875 0.23754152823920266 0.643125 0.23006644518272426 0.63 0.22009966777408638 0.62625 0.21096345514950166 0.62625 0.1951827242524917 0.635625 0.18853820598006646 0.645 0.1877076411960133 0.66375 0.19186046511627908 0.6725 0.19767441860465115 0.676875 0.2084717607973422 0.679375 0.21926910299003322 0.6775 0.23006644518272426 0.67
1 0.776578073089701 0.433125 0.7807308970099668 0.423125 0.78156146179402 0.413125 0.7774086378737541 0.4025 0.7599667774086378 0.393125 0.7416943521594684 0.3925 0.7300664451827242 0.401875 0.729235880398671 0.419375 0.7350498338870431 0.428125 0.7466777408637874 0.4375 0.7591362126245847 0.439375 0.7699335548172758 0.4375 0.776578073089701 0.433125
1 0.4003322259136213 0.80125 0.4011627906976744 0.790625 0.39368770764119604 0.78625 0.3787375415282392 0.78625 0.3729235880398671 0.784375 0.3546511627906977 0.786875 0.34551495016611294 0.79125 0.3388704318936877 0.7975 0.3380398671096346 0.81 0.3446843853820598 0.815625 0.3521594684385382 0.818125 0.37624584717607973 0.8175 0.3911960132890365 0.81 0.4003322259136213 0.80125
1 0.6262458471760798 0.54125 0.6295681063122923 0.53375 0.627906976744186 0.523125 0.6129568106312292 0.5125 0.5980066445182725 0.5125 0.5863787375415282 0.515625 0.5780730897009967 0.521875 0.5730897009966778 0.529375 0.5730897009966778 0.54625 0.5764119601328903 0.549375 0.5897009966777409 0.553125 0.6004983388704319 0.553125 0.6129568106312292 0.55 0.6262458471760798 0.54125
1 0.8488372093023255 0.455 0.8463455149501661 0.445 0.8338870431893688 0.43125 0.8189368770764119 0.424375 0.8023255813953488 0.42625 0.7948504983388704 0.433125 0.792358803986711 0.44 0.7940199335548173 0.4575 0.8081395348837209 0.47375 0.8272425249169435 0.4825 0.834717607973422 0.4825 0.8463455149501661 0.4725 0.8488372093023255 0.455
1 0.6744186046511628 0.255 0.6852159468438538 0.246875 0.6893687707641196 0.240625 0.6901993355481728 0.2325 0.6868770764119602 0.22375 0.6769102990033222 0.2175 0.6669435215946844 0.214375 0.654485049833887 0.214375 0.6345514950166113 0.21875 0.622093023255814 0.225 0.6179401993355482 0.23125 0.6179401993355482 0.23875 0.6229235880398671 0.245 0.6362126245847176 0.25375 0.6470099667774086 0.256875 0.6677740863787376 0.256875 0.6744186046511628 0.255
1 0.6154485049833887 0.23875 0.6196013289036545 0.2275 0.6196013289036545 0.209375 0.6154485049833887 0.199375 0.606312292358804 0.196875 0.5930232558139535 0.1975 0.579734219269103 0.205625 0.5672757475083057 0.224375 0.5672757475083057 0.239375 0.5764119601328903 0.25 0.5855481727574751 0.251875 0.6013289036544851 0.25 0.6088039867109635 0.245 0.6154485049833887 0.23875
1 0.6337209302325582 0.1725 0.6370431893687708 0.16125 0.6362126245847176 0.15125 0.6303986710963455 0.140625 0.6187707641196013 0.135 0.5946843853820598 0.135625 0.584717607973422 0.146875 0.584717607973422 0.1625 0.5930232558139535 0.175625 0.606312292358804 0.1825 0.6154485049833887 0.1825 0.627906976744186 0.178125 0.6337209302325582 0.1725
1 0.2724252491694352 0.18125 0.260797342192691 0.16875 0.25249169435215946 0.16375 0.23754152823920266 0.16125 0.22508305647840532 0.16125 0.21096345514950166 0.166875 0.20764119601328904 0.178125 0.2101328903654485 0.185625 0.22425249169435216 0.194375 0.24584717607973422 0.199375 0.2616279069767442 0.199375 0.27325581395348836 0.19 0.2724252491694352 0.18125
1 0.5083056478405316 0.444375 0.5 0.433125 0.4808970099667774 0.42125 0.46677740863787376 0.42125 0.4584717607973422 0.426875 0.45514950166112955 0.431875 0.45598006644518274 0.441875 0.47259136212624586 0.4575 0.4808970099667774 0.459375 0.49750830564784054 0.459375 0.5091362126245847 0.45125 0.5083056478405316 0.444375
1 0.5 0.48125 0.49335548172757476 0.475625 0.48172757475083056 0.469375 0.462624584717608 0.464375 0.4526578073089701 0.465625 0.4418604651162791 0.474375 0.4426910299003322 0.49 0.46096345514950166 0.505 0.48255813953488375 0.50875 0.4950166112956811 0.506875 0.5041528239202658 0.491875 0.5 0.48125
1 0.43106312292358806 0.7025 0.4260797342192691 0.693125 0.4061461794019934 0.680625 0.3903654485049834 0.679375 0.38289036544850497 0.683125 0.37790697674418605 0.6925 0.3795681063122924 0.705 0.4003322259136213 0.72375 0.41029900332225916 0.72625 0.4260797342192691 0.72125 0.43106312292358806 0.71375 0.43106312292358806 0.7025
1 0.5083056478405316 0.275 0.5074750830564784 0.261875 0.49750830564784054 0.253125 0.4900332225913621 0.25 0.47259136212624586 0.2525 0.45514950166112955 0.2675 0.4543189368770764 0.284375 0.4601328903654485 0.2925 0.4717607973421927 0.2975 0.4833887043189369 0.29625 0.4958471760797342 0.29125 0.5083056478405316 0.275
1 0.27159468438538203 0.719375 0.2782392026578073 0.708125 0.2749169435215947 0.69625 0.2691029900332226 0.695 0.25 0.6825 0.2441860465116279 0.66875 0.2350498338870432 0.669375 0.22259136212624583 0.678125 0.22009966777408638 0.683125 0.22093023255813954 0.7025 0.22591362126245848 0.71125 0.23837209302325582 0.72125 0.25249169435215946 0.725 0.26411960132890366 0.72375 0.27159468438538203 0.719375
1 0.5514950166112956 0.350625 0.5523255813953488 0.344375 0.5440199335548173 0.328125 0.5390365448504983 0.324375 0.5149501661129569 0.3175 0.5024916943521595 0.32 0.4850498338870432 0.330625 0.4808970099667774 0.3375 0.48255813953488375 0.3475 0.4883720930232558 0.354375 0.5008305647840532 0.360625 0.5307308970099668 0.36375 0.5465116279069767 0.3575 0.5514950166112956 0.350625
1 0.6644518272425249 0.326875 0.6644518272425249 0.3175 0.6611295681063123 0.31125 0.6486710963455149 0.30375 0.6362126245847176 0.304375 0.622093023255814 0.31125 0.6121262458471761 0.32 0.6079734219269103 0.328125 0.6088039867109635 0.334375 0.622093023255814 0.34375 0.6312292358803987 0.34375 0.6378737541528239 0.34 0.6528239202657807 0.336875 0.6644518272425249 0.326875
1 0.2757475083056478 0.146875 0.2757475083056478 0.13 0.2616279069767442 0.120625 0.2367109634551495 0.120625 0.22425249169435216 0.125625 0.21677740863787376 0.133125 0.21428571428571427 0.14 0.2159468438538206 0.151875 0.22674418604651161 0.160625 0.25 0.163125 0.2574750830564784 0.160625 0.2724252491694352 0.151875 0.2757475083056478 0.146875
1 0.6611295681063123 0.69375 0.665282392026578 0.683125 0.6644518272425249 0.674375 0.6578073089700996 0.66625 0.6495016611295681 0.661875 0.6362126245847176 0.65875 0.6204318936877077 0.659375 0.6104651162790697 0.66375 0.606312292358804 0.668125 0.6038205980066446 0.683125 0.6071428571428571 0.6875 0.6154485049833887 0.695 0.6262458471760798 0.7 0.6486710963455149 0.7 0.6569767441860465 0.6975 0.6611295681063123 0.69375
1 0.7832225913621262 0.485 0.7890365448504983 0.47375 0.7882059800664452 0.464375 0.78156146179402 0.455625 0.776578073089701 0.4525 0.7616279069767442 0.45125 0.7416943521594684 0.455625 0.7350498338870431 0.46125 0.7350498338870431 0.469375 0.7308970099667774 0.476875 0.7317275747508306 0.485625 0.7383720930232558 0.493125 0.7475083056478405 0.495625 0.7649501661129569 0.495625 0.7740863787375415 0.493125 0.7832225913621262 0.485
1 0.38870431893687707 0.38875 0.3920265780730897 0.38375 0.3920265780730897 0.376875 0.38704318936877075 0.369375 0.37624584717607973 0.361875 0.3496677740863787 0.35875 0.329734219269103 0.361875 0.31478405315614616 0.371875 0.31727574750830567 0.385 0.3272425249169435 0.39625 0.33970099667774084 0.401875 0.36627906976744184 0.401875 0.3803986710963455 0.39625 0.38870431893687707 0.38875
1 0.5174418604651163 0.80125 0.5199335548172758 0.794375 0.5191029900332226 0.78125 0.5116279069767442 0.76875 0.4983388704318937 0.761875 0.48588039867109634 0.761875 0.47591362126245845 0.76625 0.4700996677740864 0.77625 0.4692691029900332 0.794375 0.4742524916943522 0.8025 0.48588039867109634 0.81 0.5041528239202658 0.81125 0.5099667774086378 0.809375 0.5174418604651163 0.80125
1 0.5830564784053156 0.780625 0.5780730897009967 0.774375 0.5730897009966778 0.77125 0.5606312292358804 0.76875 0.5456810631229236 0.759375 0.5299003322259136 0.765625 0.5249169435215947 0.77 0.520764119601329 0.776875 0.5240863787375415 0.783125 0.5340531561461794 0.794375 0.5539867109634552 0.8 0.5739202657807309 0.7975 0.5830564784053156 0.788125 0.5830564784053156 0.780625
1 0.36212624584717606 0.103125 0.36295681063122925 0.0975 0.35132890365448505 0.079375 0.3280730897009967 0.075 0.31478405315614616 0.075 0.2956810631229236 0.08 0.28820598006644516 0.089375 0.28903654485049834 0.100625 0.29817275747508304 0.110625 0.3089700996677741 0.11375 0.3380398671096346 0.11375 0.3554817275747508 0.10875 0.36212624584717606 0.103125
1 0.8679401993355482 0.408125 0.8770764119601329 0.40125 0.8803986710963455 0.395 0.8812292358803987 0.37375 0.8762458471760798 0.36875 0.8637873754152824 0.36375 0.8438538205980066 0.36375 0.8289036544850499 0.375625 0.8264119601328903 0.385625 0.8280730897009967 0.395625 0.829734219269103 0.399375 0.8397009966777409 0.406875 0.8471760797342193 0.41 0.8579734219269103 0.410625 0.8679401993355482 0.408125
1 0.7383720930232558 0.454375 0.7433554817275747 0.44625 0.7433554817275747 0.439375 0.7317275747508306 0.423125 0.717607973421927 0.416875 0.7068106312292359 0.415625 0.6976744186046512 0.41625 0.6893687707641196 0.42 0.6827242524916943 0.43125 0.6852159468438538 0.4425 0.6943521594684385 0.454375 0.7018272425249169 0.4575 0.7217607973421927 0.459375 0.7325581395348837 0.45875 0.7383720930232558 0.454375
1 0.7200996677740864 0.245 0.717607973421927 0.2425 0.7151162790697675 0.240625 0.7051495016611296 0.24 0.6918604651162791 0.24375 0.6827242524916943 0.25375 0.6818936877076412 0.265 0.6926910299003323 0.276875 0.7117940199335548 0.276875 0.7200996677740864 0.269375 0.7225913621262459 0.261875 0.7200996677740864 0.245
1 0.7371262458471761 0.3321875 0.0024916943521594683 0.000625
1 0.3496677740863787 0.254375 0.3521594684385382 0.24875 0.35132890365448505 0.22625 0.3347176079734219 0.209375 0.32142857142857145 0.2075 0.3122923588039867 0.210625 0.3023255813953488 0.220625 0.29983388704318936 0.230625 0.3014950166112957 0.24 0.3064784053156146 0.25 0.31893687707641194 0.26 0.3280730897009967 0.2625 0.3388704318936877 0.261875 0.3496677740863787 0.254375
1 0.4634551495016611 0.793125 0.4684385382059801 0.783125 0.4676079734219269 0.77125 0.4634551495016611 0.765625 0.45016611295681064 0.760625 0.43272425249169433 0.761875 0.4260797342192691 0.764375 0.4127906976744186 0.775625 0.40282392026578073 0.790625 0.40282392026578073 0.80375 0.4111295681063123 0.81125 0.4219269102990033 0.81375 0.43853820598006643 0.811875 0.45182724252491696 0.805 0.4634551495016611 0.793125
0 0.6794019933554817 0.9175 0.7491694352159468 0.915 0.7757475083056479 0.885 0.7674418604651163 0.8575 0.7558139534883721 0.83 0.7126245847176079 0.81125 0.6727574750830565 0.82375 0.6511627906976745 0.83625 0.6345514950166113 0.855 0.6345514950166113 0.88625 0.6794019933554817 0.9175