1 0.3075880758807588 0.68 0.3265582655826558 0.68875 0.34010840108401086 0.68875 0.34823848238482386 0.685625 0.34552845528455284 0.67 0.3319783197831978 0.66625 0.3116531165311653 0.668125 0.3075880758807588 0.670625 0.3075880758807588 0.68
1 0.2073170731707317 0.7375 0.23170731707317074 0.738125 0.23983739837398374 0.735 0.23983739837398374 0.728125 0.22899728997289973 0.723125 0.21544715447154472 0.721875 0.1991869918699187 0.725 0.19647696476964768 0.730625 0.2073170731707317 0.7375
1 0.7913279132791328 0.3075 0.8089430894308943 0.3075 0.8265582655826558 0.30125 0.8346883468834688 0.293125 0.8346883468834688 0.288125 0.8265582655826558 0.2825 0.8075880758807588 0.281875 0.7831978319783198 0.293125 0.7804878048780488 0.30375 0.7913279132791328 0.3075
1 0.43766937669376693 0.69375 0.44986449864498645 0.6925 0.45934959349593496 0.683125 0.45663956639566394 0.678125 0.44715447154471544 0.675 0.4186991869918699 0.675625 0.4186991869918699 0.68875 0.43766937669376693 0.69375
1 0.5420054200542005 0.70375 0.5582655826558266 0.694375 0.5555555555555556 0.680625 0.5487804878048781 0.6775 0.5392953929539296 0.6775 0.5230352303523035 0.683125 0.5230352303523035 0.699375 0.5420054200542005 0.70375
1 0.31842818428184283 0.494375 0.34010840108401086 0.49625 0.3509485094850949 0.4925 0.3509485094850949 0.483125 0.33739837398373984 0.476875 0.3157181571815718 0.475625 0.3075880758807588 0.478125 0.3048780487804878 0.485 0.31842818428184283 0.494375
1 0.1937669376693767 0.4325 0.2018970189701897 0.435 0.21544715447154472 0.435 0.22628726287262874 0.43125 0.22899728997289973 0.421875 0.21544715447154472 0.414375 0.1991869918699187 0.41375 0.18834688346883469 0.416875 0.1856368563685637 0.425 0.1937669376693767 0.4325
1 0.2872628726287263 0.620625 0.3021680216802168 0.625 0.32113821138211385 0.6225 0.3265582655826558 0.619375 0.3265582655826558 0.61125 0.32113821138211385 0.605625 0.2967479674796748 0.6 0.2777777777777778 0.6025 0.2750677506775068 0.6125 0.2872628726287263 0.620625
1 0.7100271002710027 0.314375 0.7235772357723578 0.319375 0.7479674796747967 0.319375 0.7615176151761518 0.31125 0.7588075880758808 0.305 0.7452574525745257 0.30125 0.7235772357723578 0.3025 0.7154471544715447 0.305625 0.7100271002710027 0.30875 0.7100271002710027 0.314375
1 0.5582655826558266 0.435 0.5772357723577236 0.435 0.5934959349593496 0.42875 0.5934959349593496 0.4225 0.5826558265582655 0.418125 0.5636856368563685 0.418125 0.5487804878048781 0.421875 0.5474254742547425 0.43 0.5582655826558266 0.435
1 0.13956639566395665 0.410625 0.15040650406504066 0.418125 0.17479674796747968 0.419375 0.1856368563685637 0.415625 0.18834688346883469 0.409375 0.1842818428184282 0.405625 0.16802168021680217 0.400625 0.14498644986449866 0.400625 0.13956639566395665 0.403125 0.13956639566395665 0.410625
1 0.494579945799458 0.485 0.5176151761517616 0.485 0.5311653116531165 0.480625 0.5338753387533876 0.473125 0.5271002710027101 0.46875 0.5013550135501355 0.468125 0.48644986449864497 0.47125 0.483739837398374 0.480625 0.494579945799458 0.485
1 0.44037940379403795 0.410625 0.45121951219512196 0.415625 0.47696476964769646 0.416875 0.48644986449864497 0.415625 0.494579945799458 0.410625 0.494579945799458 0.40625 0.483739837398374 0.400625 0.45663956639566394 0.3975 0.44579945799457993 0.39875 0.44037940379403795 0.4025 0.44037940379403795 0.410625
1 0.5284552845528455 0.413125 0.5447154471544715 0.420625 0.5555555555555556 0.420625 0.5718157181571816 0.415625 0.5691056910569106 0.408125 0.5582655826558266 0.40375 0.5338753387533876 0.40375 0.5284552845528455 0.40625 0.5284552845528455 0.413125
1 0.10975609756097561 0.375 0.12872628726287264 0.380625 0.14498644986449866 0.37875 0.15311653116531165 0.3725 0.15040650406504066 0.3625 0.13956639566395665 0.36 0.12601626016260162 0.36 0.11382113821138211 0.363125 0.10975609756097561 0.36625 0.10975609756097561 0.375
1 0.8780487804878049 0.2975 0.8970189701897019 0.296875 0.9024390243902439 0.293125 0.9024390243902439 0.286875 0.8956639566395664 0.283125 0.8861788617886179 0.27875 0.8617886178861789 0.27875 0.8617886178861789 0.29125 0.8780487804878049 0.2975
1 0.7425474254742548 0.2975 0.7533875338753387 0.3025 0.7723577235772358 0.301875 0.7777777777777778 0.2975 0.7777777777777778 0.28375 0.7710027100271003 0.279375 0.7533875338753387 0.27625 0.7371273712737128 0.283125 0.7344173441734417 0.28875 0.7425474254742548 0.2975
1 0.3265582655826558 0.649375 0.33739837398373984 0.65625 0.35501355013550134 0.658125 0.36720867208672087 0.65125 0.36449864498644985 0.645625 0.35636856368563685 0.64 0.3346883468834688 0.636875 0.3265582655826558 0.639375 0.3265582655826558 0.649375
1 0.7899728997289973 0.451875 0.8102981029810298 0.45625 0.8238482384823849 0.455625 0.8292682926829268 0.449375 0.8292682926829268 0.4425 0.8211382113821138 0.43625 0.8102981029810298 0.4325 0.8008130081300813 0.431875 0.7886178861788617 0.4325 0.7831978319783198 0.435 0.7804878048780488 0.444375 0.7899728997289973 0.451875
1 0.4051490514905149 0.58125 0.42140921409214094 0.579375 0.42953929539295393 0.5725 0.42953929539295393 0.560625 0.42276422764227645 0.5575 0.4132791327913279 0.5575 0.4024390243902439 0.560625 0.3970189701897019 0.56625 0.3970189701897019 0.5775 0.4051490514905149 0.58125
1 0.32926829268292684 0.359375 0.33739837398373984 0.359375 0.3509485094850949 0.355625 0.35907859078590787 0.345625 0.3523035230352303 0.339375 0.33739837398373984 0.33625 0.3157181571815718 0.344375 0.3157181571815718 0.354375 0.32926829268292684 0.359375
1 0.4132791327913279 0.70875 0.4241192411924119 0.71125 0.44579945799457993 0.70875 0.44850948509485095 0.6975 0.44308943089430897 0.694375 0.42140921409214094 0.689375 0.3997289972899729 0.691875 0.3970189701897019 0.69625 0.4132791327913279 0.70875
1 0.7506775067750677 0.375 0.7642276422764228 0.374375 0.7723577235772358 0.37 0.7696476964769647 0.355625 0.7588075880758808 0.351875 0.7479674796747967 0.351875 0.7398373983739838 0.354375 0.7371273712737128 0.37 0.7506775067750677 0.375
1 0.012195121951219513 0.560625 0.02032520325203252 0.56375 0.04336043360433604 0.5625 0.05013550135501355 0.558125 0.04742547425474255 0.5475 0.03523035230352303 0.5425 0.014905149051490514 0.5425 0.009485094850948509 0.545625 0.006775067750677507 0.555625 0.012195121951219513 0.560625
1 0.36585365853658536 0.49125 0.37533875338753386 0.495 0.3943089430894309 0.495 0.4024390243902439 0.48875 0.4024390243902439 0.483125 0.3943089430894309 0.47625 0.3807588075880759 0.474375 0.36449864498644985 0.47625 0.3617886178861789 0.4875 0.36585365853658536 0.49125
1 0.11788617886178862 0.6225 0.14227642276422764 0.6225 0.15040650406504066 0.618125 0.15040650406504066 0.61 0.13956639566395665 0.605 0.11788617886178862 0.603125 0.1043360433604336 0.605625 0.1043360433604336 0.61625 0.11788617886178862 0.6225
1 0.2018970189701897 0.480625 0.22628726287262874 0.480625 0.23441734417344173 0.478125 0.23983739837398374 0.47125 0.23983739837398374 0.46625 0.23441734417344173 0.463125 0.22628726287262874 0.46125 0.2046070460704607 0.46125 0.1910569105691057 0.465 0.18834688346883469 0.475625 0.2018970189701897 0.480625
1 0.6449864498644986 0.51625 0.6531165311653117 0.51625 0.6612466124661247 0.51 0.6531165311653117 0.50625 0.6422764227642277 0.50625 0.6422764227642277 0.51375 0.6449864498644986 0.51625
1 0.7479674796747967 0.606875 0.7655826558265583 0.608125 0.7831978319783198 0.60375 0.7859078590785907 0.596875 0.7777777777777778 0.589375 0.7560975609756098 0.58875 0.7398373983739838 0.59375 0.7371273712737128 0.601875 0.7479674796747967 0.606875
1 0.42953929539295393 0.39625 0.44037940379403795 0.3975 0.44986449864498645 0.395625 0.45663956639566394 0.389375 0.44850948509485095 0.380625 0.4349593495934959 0.375625 0.4186991869918699 0.375625 0.4132791327913279 0.3775 0.4132791327913279 0.389375 0.42953929539295393 0.39625
1 0.7425474254742548 0.5325 0.7615176151761518 0.5325 0.7669376693766937 0.529375 0.7642276422764228 0.515 0.7560975609756098 0.51125 0.7398373983739838 0.51125 0.7317073170731707 0.514375 0.7317073170731707 0.52875 0.7425474254742548 0.5325
1 0.3428184281842818 0.535625 0.34823848238482386 0.5375 0.36720867208672087 0.5375 0.37262872628726285 0.535625 0.3780487804878049 0.53125 0.3780487804878049 0.525625 0.3699186991869919 0.51875 0.3509485094850949 0.5175 0.34010840108401086 0.5225 0.33739837398373984 0.529375 0.3428184281842818 0.535625
1 0.04742547425474255 0.64 0.06775067750677506 0.6375 0.07452574525745258 0.629375 0.07452574525745258 0.619375 0.06639566395663957 0.61625 0.05555555555555555 0.615625 0.028455284552845527 0.625 0.028455284552845527 0.638125 0.04742547425474255 0.64
1 0.26151761517615174 0.42625 0.27235772357723576 0.43125 0.2967479674796748 0.4325 0.31029810298102983 0.4275 0.31029810298102983 0.419375 0.2994579945799458 0.415625 0.2777777777777778 0.414375 0.2669376693766938 0.416875 0.26151761517615174 0.420625 0.26151761517615174 0.42625
1 0.2506775067750677 0.495 0.2588075880758808 0.50125 0.2804878048780488 0.503125 0.29132791327913277 0.499375 0.29132791327913277 0.48875 0.2804878048780488 0.483125 0.25609756097560976 0.484375 0.2506775067750677 0.48875 0.2506775067750677 0.495
1 0.5230352303523035 0.601875 0.5447154471544715 0.601875 0.5555555555555556 0.5975 0.5555555555555556 0.59 0.5447154471544715 0.58375 0.5230352303523035 0.583125 0.5121951219512195 0.585 0.5094850948509485 0.595 0.5230352303523035 0.601875
1 0.7886178861788617 0.5325 0.8102981029810298 0.5325 0.8184281842818428 0.52875 0.8211382113821138 0.5175 0.8130081300813008 0.51375 0.7994579945799458 0.511875 0.7804878048780488 0.516875 0.7777777777777778 0.52625 0.7886178861788617 0.5325
1 0.2181571815718157 0.33125 0.23983739837398374 0.3325 0.24796747967479674 0.326875 0.24525745257452575 0.315 0.24119241192411925 0.3125 0.22628726287262874 0.3125 0.21544715447154472 0.315625 0.21002710027100271 0.325 0.2181571815718157 0.33125
1 0.34552845528455284 0.62 0.3712737127371274 0.62 0.38346883468834686 0.614375 0.3807588075880759 0.60375 0.35907859078590787 0.6025 0.3428184281842818 0.605 0.33739837398373984 0.613125 0.34552845528455284 0.62
1 0.491869918699187 0.721875 0.5 0.725 0.518970189701897 0.723125 0.5338753387533876 0.71625 0.5284552845528455 0.705 0.5176151761517616 0.7025 0.5067750677506775 0.7025 0.491869918699187 0.71 0.489159891598916 0.716875 0.491869918699187 0.721875
1 0.3617886178861789 0.675 0.37262872628726285 0.6775 0.3807588075880759 0.676875 0.3915989159891599 0.670625 0.3861788617886179 0.6575 0.3807588075880759 0.654375 0.36720867208672087 0.654375 0.35636856368563685 0.6575 0.35365853658536583 0.6675 0.3617886178861789 0.675
1 0.2181571815718157 0.654375 0.24119241192411925 0.654375 0.25745257452574527 0.651875 0.2669376693766938 0.646875 0.2669376693766938 0.639375 0.25203252032520324 0.634375 0.22899728997289973 0.635 0.2127371273712737 0.64125 0.21002710027100271 0.65125 0.2181571815718157 0.654375
1 0.3509485094850949 0.40625 0.35636856368563685 0.408125 0.3780487804878049 0.408125 0.3970189701897019 0.3975 0.3943089430894309 0.39375 0.38346883468834686 0.389375 0.3699186991869919 0.389375 0.35636856368563685 0.39375 0.3509485094850949 0.3975 0.3509485094850949 0.40625
1 0.3265582655826558 0.39375 0.3346883468834688 0.3975 0.34823848238482386 0.398125 0.3617886178861789 0.39 0.3617886178861789 0.380625 0.34688346883468835 0.375 0.3346883468834688 0.375 0.3238482384823848 0.379375 0.32113821138211385 0.389375 0.3265582655826558 0.39375
1 0.37533875338753386 0.514375 0.3861788617886179 0.51875 0.4078590785907859 0.51875 0.4241192411924119 0.513125 0.4241192411924119 0.508125 0.4159891598915989 0.504375 0.3861788617886179 0.504375 0.3807588075880759 0.50625 0.37533875338753386 0.50875 0.37533875338753386 0.514375
1 0.2018970189701897 0.3075 0.2127371273712737 0.3125 0.23983739837398374 0.3125 0.2506775067750677 0.30625 0.24796747967479674 0.2975 0.23983739837398374 0.295625 0.22086720867208673 0.294375 0.20596205962059622 0.2975 0.2018970189701897 0.3 0.2018970189701897 0.3075
1 0.37533875338753386 0.598125 0.3861788617886179 0.603125 0.4105691056910569 0.603125 0.4159891598915989 0.6 0.4159891598915989 0.59 0.4051490514905149 0.58375 0.38346883468834686 0.58 0.36720867208672087 0.581875 0.36449864498644985 0.588125 0.37533875338753386 0.598125
1 0.7560975609756098 0.338125 0.7791327913279132 0.33875 0.7913279132791328 0.3325 0.7940379403794038 0.3175 0.7859078590785907 0.313125 0.7696476964769647 0.3125 0.7642276422764228 0.313125 0.7533875338753387 0.32 0.7506775067750677 0.335 0.7560975609756098 0.338125
1 0.5663956639566395 0.30375 0.5799457994579946 0.306875 0.592140921409214 0.306875 0.5989159891598916 0.304375 0.6016260162601627 0.291875 0.5975609756097561 0.28875 0.5853658536585366 0.285625 0.5582655826558266 0.28875 0.5555555555555556 0.293125 0.5663956639566395 0.30375
1 0.2127371273712737 0.384375 0.23441734417344173 0.385 0.24661246612466126 0.38125 0.2506775067750677 0.375 0.24796747967479674 0.369375 0.23983739837398374 0.365 0.22357723577235772 0.36375 0.2073170731707317 0.3675 0.2046070460704607 0.379375 0.2127371273712737 0.384375
1 0.7018970189701897 0.681875 0.7249322493224932 0.680625 0.7371273712737128 0.676875 0.7398373983739838 0.668125 0.7317073170731707 0.663125 0.7100271002710027 0.663125 0.6937669376693767 0.668125 0.6910569105691057 0.675625 0.7018970189701897 0.681875
1 0.6910569105691057 0.3 0.7073170731707317 0.3075 0.7425474254742548 0.3 0.7398373983739838 0.294375 0.7289972899728997 0.290625 0.7100271002710027 0.289375 0.6991869918699187 0.291875 0.6910569105691057 0.295625 0.6910569105691057 0.3
1 0.16395663956639567 0.3675 0.1856368563685637 0.3675 0.1937669376693767 0.369375 0.2018970189701897 0.36625 0.2018970189701897 0.358125 0.1910569105691057 0.351875 0.16937669376693767 0.349375 0.16124661246612465 0.353125 0.15853658536585366 0.3625 0.16395663956639567 0.3675
1 0.2994579945799458 0.58375 0.3252032520325203 0.584375 0.3319783197831978 0.581875 0.3319783197831978 0.576875 0.32113821138211385 0.56875 0.3021680216802168 0.5675 0.2940379403794038 0.569375 0.29132791327913277 0.57875 0.2994579945799458 0.58375
1 0.5907859078590786 0.75 0.6070460704607046 0.75 0.6233062330623306 0.744375 0.6260162601626016 0.73625 0.6178861788617886 0.73 0.5989159891598916 0.73 0.5853658536585366 0.735625 0.5826558265582655 0.745 0.5907859078590786 0.75
1 0.7018970189701897 0.51125 0.7100271002710027 0.50875 0.7127371273712737 0.505 0.7100271002710027 0.4925 0.6991869918699187 0.4875 0.6829268292682927 0.4875 0.6802168021680217 0.508125 0.7018970189701897 0.51125
1 0.3861788617886179 0.420625 0.4024390243902439 0.425 0.4173441734417344 0.425 0.4268292682926829 0.418125 0.42140921409214094 0.40875 0.4024390243902439 0.40375 0.3888888888888889 0.40375 0.3807588075880759 0.406875 0.3780487804878049 0.41125 0.3861788617886179 0.420625
1 0.3807588075880759 0.715625 0.3970189701897019 0.71875 0.4092140921409214 0.716875 0.4132791327913279 0.70875 0.3997289972899729 0.696875 0.3780487804878049 0.699375 0.37533875338753386 0.711875 0.3807588075880759 0.715625
1 0.7479674796747967 0.664375 0.7642276422764228 0.669375 0.7818428184281843 0.668125 0.7804878048780488 0.65125 0.7696476964769647 0.646875 0.7533875338753387 0.646875 0.7452574525745257 0.650625 0.7425474254742548 0.6575 0.7479674796747967 0.664375
1 0.16937669376693767 0.319375 0.1910569105691057 0.320625 0.2018970189701897 0.31125 0.19647696476964768 0.3 0.18834688346883469 0.2975 0.17750677506775067 0.2975 0.16666666666666666 0.3025 0.16395663956639567 0.315 0.16937669376693767 0.319375
1 0.3888888888888889 0.66125 0.3943089430894309 0.664375 0.4051490514905149 0.664375 0.42953929539295393 0.6575 0.43224932249322495 0.650625 0.4241192411924119 0.644375 0.4024390243902439 0.64375 0.3915989159891599 0.646875 0.3861788617886179 0.65125 0.38346883468834686 0.654375 0.3888888888888889 0.66125
1 0.4186991869918699 0.434375 0.43224932249322495 0.439375 0.45121951219512196 0.436875 0.462059620596206 0.42875 0.46070460704607047 0.423125 0.44986449864498645 0.418125 0.4254742547425474 0.419375 0.4186991869918699 0.424375 0.4186991869918699 0.434375
1 0.25338753387533874 0.45625 0.2669376693766938 0.45875 0.2791327913279133 0.45875 0.2859078590785908 0.45625 0.2886178861788618 0.45 0.2804878048780488 0.444375 0.26151761517615174 0.440625 0.24525745257452575 0.441875 0.24254742547425473 0.450625 0.25338753387533874 0.45625
1 0.3699186991869919 0.47125 0.3943089430894309 0.470625 0.4078590785907859 0.46375 0.3997289972899729 0.45625 0.38346883468834686 0.45375 0.3617886178861789 0.45625 0.35636856368563685 0.45875 0.35365853658536583 0.465625 0.3699186991869919 0.47125
1 0.11246612466124661 0.71 0.12330623306233063 0.71625 0.14498644986449866 0.71625 0.16124661246612465 0.71125 0.16124661246612465 0.701875 0.15718157181571815 0.69875 0.13143631436314362 0.696875 0.11788617886178862 0.70125 0.11246612466124661 0.704375 0.11246612466124661 0.71
1 0.12059620596205962 0.3 0.13414634146341464 0.304375 0.16124661246612465 0.3025 0.17208672086720866 0.294375 0.17208672086720866 0.289375 0.16124661246612465 0.285625 0.14227642276422764 0.285625 0.12737127371273713 0.289375 0.12059620596205962 0.29375 0.12059620596205962 0.3
1 0.8346883468834688 0.30125 0.8455284552845529 0.31125 0.8672086720867209 0.3125 0.8739837398373984 0.310625 0.8780487804878049 0.3075 0.8753387533875339 0.2975 0.8563685636856369 0.28875 0.8401084010840109 0.289375 0.8346883468834688 0.294375 0.8346883468834688 0.30125
1 0.8116531165311653 0.656875 0.8211382113821138 0.659375 0.8401084010840109 0.656875 0.8428184281842819 0.644375 0.8346883468834688 0.63625 0.8279132791327913 0.63375 0.8102981029810298 0.63375 0.8021680216802168 0.63625 0.7994579945799458 0.64375 0.8116531165311653 0.656875
1 0.7804878048780488 0.4925 0.7886178861788617 0.496875 0.8130081300813008 0.49875 0.8238482384823849 0.49625 0.8238482384823849 0.4875 0.8130081300813008 0.48125 0.7859078590785907 0.480625 0.7804878048780488 0.483125 0.7804878048780488 0.4925
1 0.6585365853658537 0.465 0.6775067750677507 0.463125 0.6856368563685636 0.4575 0.6829268292682927 0.449375 0.6734417344173442 0.446875 0.6558265582655827 0.446875 0.6409214092140921 0.45125 0.6395663956639567 0.46 0.6585365853658537 0.465
1 0.6476964769647696 0.5325 0.6666666666666666 0.5325 0.6829268292682927 0.525625 0.6829268292682927 0.516875 0.6720867208672087 0.511875 0.6558265582655827 0.511875 0.6449864498644986 0.519375 0.6422764227642277 0.529375 0.6476964769647696 0.5325
1 0.6517615176151762 0.50625 0.6558265582655827 0.508125 0.6747967479674797 0.50625 0.6747967479674797 0.48875 0.6531165311653117 0.4875 0.6422764227642277 0.4925 0.6422764227642277 0.50625 0.6517615176151762 0.50625
1 0.3997289972899729 0.64125 0.4241192411924119 0.641875 0.4349593495934959 0.64 0.43766937669376693 0.631875 0.4241192411924119 0.623125 0.3997289972899729 0.623125 0.3902439024390244 0.626875 0.3861788617886179 0.634375 0.3997289972899729 0.64125
1 0.8888888888888888 0.350625 0.9186991869918699 0.350625 0.924119241192412 0.346875 0.924119241192412 0.340625 0.9132791327913279 0.33375 0.8888888888888888 0.3325 0.8807588075880759 0.335625 0.8780487804878049 0.344375 0.8888888888888888 0.350625
1 0.7127371273712737 0.639375 0.7208672086720868 0.64375 0.7398373983739838 0.64375 0.7479674796747967 0.63625 0.7452574525745257 0.62625 0.7330623306233063 0.620625 0.7235772357723578 0.620625 0.7154471544715447 0.623125 0.7100271002710027 0.62875 0.7127371273712737 0.639375
1 0.44037940379403795 0.49125 0.4634146341463415 0.4925 0.47289972899729 0.49 0.481029810298103 0.480625 0.47560975609756095 0.474375 0.453929539295393 0.471875 0.43766937669376693 0.476875 0.4349593495934959 0.485 0.44037940379403795 0.49125
1 0.25338753387533874 0.304375 0.26422764227642276 0.3075 0.28319783197831977 0.306875 0.2886178861788618 0.30125 0.2859078590785908 0.291875 0.26422764227642276 0.285625 0.25609756097560976 0.285625 0.24796747967479674 0.28875 0.24525745257452575 0.295625 0.25338753387533874 0.304375
1 0.4186991869918699 0.675 0.43224932249322495 0.675 0.44579945799457993 0.671875 0.453929539295393 0.660625 0.44986449864498645 0.6575 0.4241192411924119 0.6575 0.4105691056910569 0.6625 0.4105691056910569 0.671875 0.4186991869918699 0.675
1 0.11517615176151762 0.323125 0.13414634146341464 0.324375 0.14227642276422764 0.318125 0.13956639566395665 0.313125 0.12059620596205962 0.3075 0.1043360433604336 0.309375 0.1043360433604336 0.319375 0.11517615176151762 0.323125
1 0.55420054200542 0.51875 0.5636856368563685 0.52125 0.5772357723577236 0.520625 0.5880758807588076 0.51875 0.5989159891598916 0.51125 0.5989159891598916 0.499375 0.5799457994579946 0.495 0.5663956639566395 0.4975 0.5528455284552846 0.50625 0.5501355013550135 0.51625 0.55420054200542 0.51875
1 0.5962059620596206 0.65375 0.6043360433604336 0.65625 0.6273712737127372 0.654375 0.6395663956639567 0.646875 0.6368563685636857 0.63375 0.6260162601626016 0.63 0.6151761517615176 0.63 0.5989159891598916 0.63625 0.5934959349593496 0.641875 0.5962059620596206 0.65375
1 0.7046070460704607 0.58375 0.7154471544715447 0.591875 0.7452574525745257 0.591875 0.7506775067750677 0.58875 0.7506775067750677 0.58125 0.7452574525745257 0.576875 0.7303523035230353 0.571875 0.7154471544715447 0.571875 0.7100271002710027 0.57375 0.7046070460704607 0.5775 0.7046070460704607 0.58375
1 0.17208672086720866 0.71375 0.19647696476964768 0.713125 0.2046070460704607 0.708125 0.2073170731707317 0.7025 0.2018970189701897 0.69125 0.19647696476964768 0.68875 0.1802168021680217 0.68875 0.16666666666666666 0.69625 0.16666666666666666 0.711875 0.17208672086720866 0.71375
1 0.7208672086720868 0.494375 0.7479674796747967 0.49375 0.7588075880758808 0.485 0.7560975609756098 0.47875 0.7493224932249323 0.475625 0.7154471544715447 0.47625 0.7073170731707317 0.480625 0.7073170731707317 0.489375 0.7208672086720868 0.494375
1 0.7018970189701897 0.53125 0.7168021680216802 0.53125 0.7262872628726287 0.52875 0.7289972899728997 0.51375 0.7235772357723578 0.51125 0.7100271002710027 0.51 0.6937669376693767 0.515 0.6910569105691057 0.525625 0.7018970189701897 0.53125
1 0.8157181571815718 0.3325 0.8279132791327913 0.33375 0.8428184281842819 0.33125 0.8482384823848238 0.325625 0.8482384823848238 0.316875 0.8373983739837398 0.31 0.8211382113821138 0.309375 0.8075880758807588 0.316875 0.8048780487804879 0.324375 0.8157181571815718 0.3325
1 0.6124661246612466 0.281875 0.6205962059620597 0.285625 0.6341463414634146 0.288125 0.6504065040650406 0.285625 0.6531165311653117 0.27625 0.6436314363143631 0.270625 0.6260162601626016 0.27 0.6165311653116531 0.271875 0.6124661246612466 0.275 0.6124661246612466 0.281875
1 0.32926829268292684 0.739375 0.3509485094850949 0.738125 0.35907859078590787 0.733125 0.35636856368563685 0.72 0.34552845528455284 0.716875 0.3319783197831978 0.716875 0.31842818428184283 0.720625 0.31842818428184283 0.735 0.32926829268292684 0.739375
1 0.6476964769647696 0.629375 0.6558265582655827 0.634375 0.6788617886178862 0.634375 0.6910569105691057 0.626875 0.6883468834688347 0.618125 0.6720867208672087 0.614375 0.6558265582655827 0.61625 0.6476964769647696 0.62125 0.6476964769647696 0.629375
1 0.3021680216802168 0.27125 0.3157181571815718 0.2775 0.33062330623306235 0.27875 0.3428184281842818 0.270625 0.3428184281842818 0.261875 0.33739837398373984 0.2575 0.31978319783197834 0.251875 0.31029810298102983 0.251875 0.2994579945799458 0.255 0.2967479674796748 0.265 0.3021680216802168 0.27125
1 0.1891341463414634 0.388015 0.20042547425474252 0.37955125 0.19336856368563685 0.36848375 0.16655149051490517 0.36848375 0.16090514905149053 0.37304125 0.16655149051490517 0.38736375 0.1891341463414634 0.388015