1 0.6345514950166113 0.54 0.6320598006644518 0.529375 0.6137873754152824 0.519375 0.6021594684385382 0.51875 0.5897009966777409 0.52125 0.579734219269103 0.529375 0.5789036544850499 0.536875 0.5830564784053156 0.541875 0.5930232558139535 0.55 0.6013289036544851 0.5525 0.6146179401993356 0.5525 0.6196013289036545 0.548125 0.6303986710963455 0.545 0.6345514950166113 0.54
1 0.4227574750830565 0.441875 0.41362126245847175 0.438125 0.38289036544850497 0.4375 0.3787375415282392 0.439375 0.3787375415282392 0.44375 0.3845514950166113 0.451875 0.4219269102990033 0.46375 0.42857142857142855 0.46375 0.43272425249169433 0.46 0.43272425249169433 0.45375 0.42857142857142855 0.446875 0.4227574750830565 0.441875
1 0.42524916943521596 0.318125 0.41445182724252494 0.315 0.40780730897009965 0.315625 0.3995016611295681 0.32 0.3978405315614618 0.33 0.40282392026578073 0.3425 0.41445182724252494 0.353125 0.4219269102990033 0.353125 0.43521594684385384 0.34125 0.43521594684385384 0.33375 0.43106312292358806 0.324375 0.42524916943521596 0.318125
1 0.40863787375415284 0.496875 0.40448504983388706 0.49625 0.3862126245847176 0.4975 0.3696013289036545 0.510625 0.3687707641196013 0.52625 0.3795681063122924 0.535625 0.3845514950166113 0.53625 0.3961794019933555 0.535625 0.41029900332225916 0.529375 0.41943521594684385 0.515 0.4169435215946844 0.505 0.40863787375415284 0.496875
1 0.5880398671096345 0.615625 0.5772425249169435 0.608125 0.5672757475083057 0.608125 0.553156146179402 0.618125 0.5465116279069767 0.6325 0.5456810631229236 0.6375 0.5490033222591362 0.645625 0.5556478405315615 0.65125 0.5730897009966778 0.65125 0.5830564784053156 0.645625 0.5888704318936877 0.638125 0.590531561461794 0.623125 0.5880398671096345 0.615625
1 0.6943521594684385 0.4875 0.686046511627907 0.476875 0.6777408637873754 0.47125 0.6719269102990033 0.469375 0.6578073089700996 0.470625 0.6528239202657807 0.47625 0.6486710963455149 0.486875 0.6478405315614618 0.491875 0.6528239202657807 0.5 0.6627906976744186 0.511875 0.6710963455149501 0.51625 0.6893687707641196 0.51625 0.6993355481727574 0.50625 0.6993355481727574 0.496875 0.6943521594684385 0.4875
1 0.6611295681063123 0.314375 0.654485049833887 0.3125 0.6411960132890365 0.315 0.6337209302325582 0.320625 0.6320598006644518 0.331875 0.6378737541528239 0.345625 0.6495016611295681 0.355625 0.6578073089700996 0.355625 0.6710963455149501 0.34125 0.6719269102990033 0.32875 0.6694352159468439 0.3225 0.6611295681063123 0.314375
1 0.7632890365448505 0.46 0.7641196013289037 0.451875 0.760797342192691 0.445 0.7466777408637874 0.438125 0.7408637873754153 0.438125 0.7250830564784053 0.443125 0.7151162790697675 0.451875 0.7134551495016611 0.460625 0.7159468438538206 0.4675 0.7217607973421927 0.473125 0.728405315614618 0.475625 0.7400332225913622 0.475625 0.7491694352159468 0.473125 0.7599667774086378 0.465625 0.7632890365448505 0.46
1 0.5938538205980066 0.1675 0.5888704318936877 0.17 0.5822259136212624 0.17875 0.5822259136212624 0.191875 0.5880398671096345 0.19625 0.5980066445182725 0.19875 0.617109634551495 0.19625 0.6295681063122923 0.1875 0.6287375415282392 0.174375 0.6129568106312292 0.165 0.5938538205980066 0.1675
1 0.840531561461794 0.215 0.8355481727574751 0.205625 0.8239202657807309 0.2 0.8114617940199336 0.2 0.8023255813953488 0.21 0.7998338870431894 0.218125 0.8023255813953488 0.22875 0.8064784053156147 0.23375 0.8131229235880398 0.238125 0.8272425249169435 0.238125 0.8330564784053156 0.235625 0.840531561461794 0.225625 0.840531561461794 0.215
1 0.7865448504983389 0.183125 0.7724252491694352 0.178125 0.7624584717607974 0.178125 0.7516611295681063 0.1825 0.7466777408637874 0.1875 0.7466777408637874 0.199375 0.75 0.204375 0.7616279069767442 0.211875 0.782392026578073 0.210625 0.7915282392026578 0.206875 0.7956810631229236 0.195 0.7940199335548173 0.188125 0.7865448504983389 0.183125
1 0.6146179401993356 0.379375 0.5996677740863787 0.379375 0.5971760797342193 0.381875 0.5921926910299004 0.3825 0.5822259136212624 0.39375 0.5813953488372093 0.400625 0.5838870431893688 0.405625 0.5988372093023255 0.41125 0.6046511627906976 0.415625 0.6212624584717608 0.41125 0.6303986710963455 0.39875 0.6262458471760798 0.385625 0.6146179401993356 0.379375
1 0.5490033222591362 0.4975 0.532392026578073 0.49 0.5141196013289037 0.4925 0.510797342192691 0.495 0.5091362126245847 0.50125 0.5083056478405316 0.5125 0.5132890365448505 0.518125 0.5199335548172758 0.52125 0.5382059800664452 0.52125 0.5440199335548173 0.519375 0.553156146179402 0.509375 0.553156146179402 0.504375 0.5490033222591362 0.4975
1 0.792358803986711 0.62 0.78156146179402 0.61125 0.7757475083056479 0.61 0.7682724252491694 0.62 0.7466777408637874 0.631875 0.7458471760797342 0.641875 0.75 0.650625 0.7583056478405316 0.655625 0.771594684385382 0.65625 0.782392026578073 0.650625 0.7906976744186046 0.64125 0.7940199335548173 0.63375 0.792358803986711 0.62
1 0.45016611295681064 0.16375 0.42940199335548174 0.16375 0.4210963455149502 0.1675 0.41445182724252494 0.174375 0.41362126245847175 0.180625 0.4169435215946844 0.188125 0.42940199335548174 0.19625 0.4426910299003322 0.19625 0.45016611295681064 0.19375 0.4634551495016611 0.181875 0.46179401993355484 0.171875 0.45016611295681064 0.16375
1 0.7740863787375415 0.278125 0.7724252491694352 0.270625 0.7624584717607974 0.25625 0.7508305647840532 0.2525 0.739202657807309 0.254375 0.7317275747508306 0.26 0.7267441860465116 0.27125 0.7267441860465116 0.28625 0.729235880398671 0.293125 0.7358803986710963 0.3 0.7450166112956811 0.304375 0.7549833887043189 0.304375 0.7641196013289037 0.301875 0.7724252491694352 0.293125 0.7740863787375415 0.278125
1 0.6611295681063123 0.6725 0.6519933554817275 0.6675 0.6387043189368771 0.6675 0.6295681063122923 0.67375 0.6270764119601329 0.68625 0.6353820598006644 0.69875 0.6486710963455149 0.706875 0.6677740863787376 0.70625 0.6719269102990033 0.7025 0.6735880398671097 0.68875 0.6710963455149501 0.6825 0.6611295681063123 0.6725
1 0.8853820598006644 0.41125 0.8803986710963455 0.40125 0.8604651162790697 0.39875 0.8380398671096345 0.406875 0.8222591362126246 0.418125 0.8214285714285714 0.425625 0.8264119601328903 0.4325 0.8380398671096345 0.436875 0.8513289036544851 0.436875 0.867109634551495 0.4325 0.8787375415282392 0.425 0.8853820598006644 0.415625 0.8853820598006644 0.41125
1 0.49916943521594687 0.423125 0.4833887043189369 0.414375 0.47259136212624586 0.41625 0.4684385382059801 0.420625 0.4676079734219269 0.4375 0.4742524916943522 0.446875 0.4833887043189369 0.45375 0.4941860465116279 0.45375 0.4983388704318937 0.451875 0.5058139534883721 0.441875 0.5058139534883721 0.4325 0.49916943521594687 0.423125
1 0.5764119601328903 0.68875 0.5672757475083057 0.6875 0.5606312292358804 0.689375 0.5490033222591362 0.696875 0.5456810631229236 0.704375 0.5456810631229236 0.71625 0.5548172757475083 0.7275 0.5631229235880398 0.73 0.5755813953488372 0.728125 0.5880398671096345 0.718125 0.5880398671096345 0.69875 0.5855481727574751 0.694375 0.5764119601328903 0.68875
1 0.7367109634551495 0.321875 0.7308970099667774 0.3125 0.7250830564784053 0.31 0.7084717607973422 0.309375 0.6935215946843853 0.319375 0.6910299003322259 0.32375 0.6910299003322259 0.33625 0.6960132890365448 0.341875 0.7084717607973422 0.348125 0.71843853820598 0.348125 0.7308970099667774 0.3425 0.7367109634551495 0.3325 0.7367109634551495 0.321875
1 0.3380398671096346 0.3725 0.329734219269103 0.37 0.31893687707641194 0.37 0.3106312292358804 0.375625 0.30564784053156147 0.38375 0.303156146179402 0.3975 0.3089700996677741 0.405625 0.3230897009966777 0.409375 0.3338870431893688 0.408125 0.34053156146179403 0.400625 0.3446843853820598 0.389375 0.3446843853820598 0.3825 0.3380398671096346 0.3725
1 0.47093023255813954 0.4425 0.4642857142857143 0.438125 0.45598006644518274 0.436875 0.4435215946843854 0.4375 0.43853820598006643 0.4425 0.43438538205980065 0.44875 0.43438538205980065 0.4575 0.4377076411960133 0.463125 0.45016611295681064 0.470625 0.4692691029900332 0.470625 0.47840531561461797 0.460625 0.47840531561461797 0.450625 0.47093023255813954 0.4425
1 0.4053156146179402 0.45875 0.39700996677740863 0.45875 0.3903654485049834 0.46125 0.37790697674418605 0.473125 0.3770764119601329 0.478125 0.38205980066445183 0.4875 0.39700996677740863 0.4925 0.4111295681063123 0.4925 0.42441860465116277 0.484375 0.4269102990033223 0.47875 0.42524916943521596 0.46625 0.4053156146179402 0.45875
1 0.5564784053156147 0.46375 0.5490033222591362 0.46125 0.5332225913621262 0.460625 0.5274086378737541 0.46125 0.5182724252491694 0.46625 0.5174418604651163 0.475625 0.5290697674418605 0.48875 0.5456810631229236 0.495 0.553156146179402 0.495 0.5672757475083057 0.491875 0.5730897009966778 0.486875 0.5730897009966778 0.478125 0.5564784053156147 0.46375
1 0.37624584717607973 0.385 0.3654485049833887 0.3825 0.35299003322259137 0.383125 0.3438538205980066 0.391875 0.34053156146179403 0.39875 0.34053156146179403 0.411875 0.3480066445182724 0.41875 0.35714285714285715 0.4225 0.36710963455149503 0.421875 0.3770764119601329 0.415 0.3845514950166113 0.40125 0.38205980066445183 0.389375 0.37624584717607973 0.385
1 0.5930232558139535 0.444375 0.5730897009966778 0.451875 0.5672757475083057 0.45875 0.5647840531561462 0.469375 0.5730897009966778 0.478125 0.5980066445182725 0.478125 0.6154485049833887 0.463125 0.6162790697674418 0.4525 0.6129568106312292 0.448125 0.6054817275747508 0.444375 0.5930232558139535 0.444375
1 0.3538205980066445 0.3125 0.3504983388704319 0.316875 0.3488372093023256 0.333125 0.3554817275747508 0.343125 0.3812292358803987 0.33875 0.3903654485049834 0.323125 0.3903654485049834 0.315 0.38205980066445183 0.3075 0.3654485049833887 0.3075 0.3538205980066445 0.3125
1 0.3538205980066445 0.540625 0.35132890365448505 0.5325 0.3372093023255814 0.521875 0.3222591362126246 0.52125 0.3089700996677741 0.531875 0.30980066445182725 0.54625 0.3131229235880399 0.551875 0.32142857142857145 0.5575 0.3289036544850498 0.560625 0.3380398671096346 0.560625 0.34717607973421927 0.5575 0.3521594684385382 0.553125 0.3538205980066445 0.540625
1 0.4314784053156146 0.2753125 0.0008305647840531562 0.000625
1 0.5091362126245847 0.240625 0.4983388704318937 0.234375 0.4867109634551495 0.2325 0.47591362126245845 0.235625 0.473421926910299 0.239375 0.473421926910299 0.254375 0.48421926910299 0.2725 0.4908637873754153 0.275625 0.5024916943521595 0.27625 0.5124584717607974 0.27375 0.5174418604651163 0.265 0.5174418604651163 0.256875 0.5091362126245847 0.240625
1 0.584717607973422 0.408125 0.5705980066445183 0.414375 0.5614617940199336 0.4275 0.5622923588039868 0.435625 0.5689368770764119 0.439375 0.5888704318936877 0.439375 0.6004983388704319 0.431875 0.6046511627906976 0.424375 0.6038205980066446 0.416875 0.6021594684385382 0.41375 0.584717607973422 0.408125
1 0.30564784053156147 0.375 0.30398671096345514 0.37 0.2931893687707641 0.36 0.2857142857142857 0.358125 0.2749169435215947 0.36 0.26411960132890366 0.368125 0.26245847176079734 0.379375 0.2649501661129568 0.38875 0.2691029900332226 0.393125 0.2782392026578073 0.3975 0.2898671096345515 0.3975 0.3014950166112957 0.39 0.30564784053156147 0.383125 0.30564784053156147 0.375
1 0.893687707641196 0.449375 0.8820598006644518 0.441875 0.8729235880398671 0.439375 0.8588039867109635 0.44 0.8521594684385382 0.441875 0.8471760797342193 0.448125 0.8471760797342193 0.459375 0.8579734219269103 0.473125 0.8687707641196013 0.478125 0.8862126245847176 0.478125 0.8970099667774086 0.473125 0.9003322259136213 0.46625 0.8995016611295681 0.45875 0.893687707641196 0.449375
1 0.5116279069767442 0.625 0.5033222591362126 0.618125 0.49750830564784054 0.615 0.48754152823920266 0.615625 0.47259136212624586 0.629375 0.4700996677740864 0.633125 0.47259136212624586 0.64375 0.48421926910299 0.654375 0.5008305647840532 0.654375 0.5083056478405316 0.650625 0.5124584717607974 0.64375 0.5141196013289037 0.63375 0.5116279069767442 0.625
1 0.7259136212624585 0.254375 0.717607973421927 0.246875 0.7051495016611296 0.245 0.6976744186046512 0.2475 0.6910299003322259 0.251875 0.6868770764119602 0.260625 0.6868770764119602 0.275625 0.6885382059800664 0.280625 0.6943521594684385 0.285625 0.7034883720930233 0.288125 0.7200996677740864 0.281875 0.728405315614618 0.270625 0.729235880398671 0.261875 0.7259136212624585 0.254375
1 0.7848837209302325 0.5625 0.7848837209302325 0.571875 0.7890365448504983 0.57375 0.7990033222591362 0.574375 0.8073089700996677 0.569375 0.8081395348837209 0.5625 0.8039867109634552 0.55875 0.792358803986711 0.55875 0.7848837209302325 0.5625
1 0.792358803986711 0.2125 0.78156146179402 0.210625 0.7682724252491694 0.21125 0.7516611295681063 0.219375 0.7475083056478405 0.225625 0.7466777408637874 0.230625 0.7524916943521595 0.238125 0.7732558139534884 0.239375 0.792358803986711 0.234375 0.7998338870431894 0.22625 0.7998338870431894 0.2225 0.7973421926910299 0.21625 0.792358803986711 0.2125
1 0.6303986710963455 0.561875 0.6262458471760798 0.558125 0.617109634551495 0.555 0.6029900332225914 0.555625 0.5980066445182725 0.560625 0.5946843853820598 0.57375 0.6038205980066446 0.586875 0.6137873754152824 0.591875 0.627906976744186 0.591875 0.6337209302325582 0.58625 0.6370431893687708 0.57875 0.6362126245847176 0.570625 0.6303986710963455 0.561875
1 0.8098006644518272 0.5 0.7973421926910299 0.501875 0.7857142857142857 0.513125 0.7848837209302325 0.51875 0.7931893687707641 0.53 0.8064784053156147 0.5375 0.8239202657807309 0.5375 0.8322259136212624 0.5325 0.8322259136212624 0.514375 0.8172757475083057 0.501875 0.8098006644518272 0.5
1 0.4119601328903654 0.264375 0.3995016611295681 0.265 0.39368770764119604 0.274375 0.39368770764119604 0.285625 0.4003322259136213 0.293125 0.4119601328903654 0.295625 0.4210963455149502 0.2925 0.4260797342192691 0.28625 0.4260797342192691 0.275 0.4169435215946844 0.26625 0.4119601328903654 0.264375
1 0.4867109634551495 0.481875 0.4750830564784053 0.481875 0.46179401993355484 0.49 0.46179401993355484 0.4975 0.4717607973421927 0.51125 0.4850498338870432 0.515 0.5 0.514375 0.5074750830564784 0.51125 0.5091362126245847 0.4975 0.49750830564784054 0.485 0.4867109634551495 0.481875
1 0.43853820598006643 0.48125 0.4269102990033223 0.483125 0.41362126245847175 0.491875 0.41362126245847175 0.50125 0.4269102990033223 0.50875 0.44518272425249167 0.50875 0.4543189368770764 0.50375 0.4568106312292359 0.4975 0.45514950166112955 0.4875 0.44933554817275745 0.483125 0.43853820598006643 0.48125
1 0.47840531561461797 0.61125 0.4676079734219269 0.6025 0.4435215946843854 0.603125 0.43106312292358806 0.60875 0.4277408637873754 0.615 0.4277408637873754 0.6225 0.43106312292358806 0.62875 0.4418604651162791 0.63625 0.46179401993355484 0.63625 0.4692691029900332 0.63375 0.48006644518272423 0.62 0.47840531561461797 0.61125
1 0.5946843853820598 0.27875 0.584717607973422 0.275625 0.574750830564784 0.27625 0.5681063122923588 0.28125 0.563953488372093 0.288125 0.5631229235880398 0.29625 0.5764119601328903 0.31 0.5930232558139535 0.3125 0.5988372093023255 0.31125 0.6046511627906976 0.306875 0.6079734219269103 0.293125 0.6054817275747508 0.288125 0.5946843853820598 0.27875
1 0.3654485049833887 0.4325 0.3480066445182724 0.43 0.34053156146179403 0.4325 0.3338870431893688 0.440625 0.3347176079734219 0.455 0.34053156146179403 0.463125 0.3488372093023256 0.4675 0.36710963455149503 0.46875 0.3803986710963455 0.46 0.38205980066445183 0.4475 0.3770764119601329 0.439375 0.3654485049833887 0.4325
1 0.8953488372093024 0.3075 0.8953488372093024 0.3025 0.8920265780730897 0.298125 0.8820598006644518 0.293125 0.8629568106312292 0.294375 0.8554817275747508 0.2975 0.8480066445182725 0.305 0.8446843853820598 0.31 0.8471760797342193 0.316875 0.8546511627906976 0.324375 0.8629568106312292 0.325 0.8762458471760798 0.324375 0.8820598006644518 0.321875 0.8920265780730897 0.314375 0.8953488372093024 0.3075
1 0.436046511627907 0.536875 0.43106312292358806 0.541875 0.43106312292358806 0.55 0.4476744186046512 0.561875 0.4634551495016611 0.56375 0.48006644518272423 0.555625 0.48006644518272423 0.543125 0.46677740863787376 0.5325 0.44518272425249167 0.5325 0.436046511627907 0.536875
1 0.6495016611295681 0.70875 0.6470099667774086 0.71125 0.6478405315614618 0.723125 0.6644518272425249 0.734375 0.6877076411960132 0.735 0.6976744186046512 0.726875 0.6951827242524917 0.716875 0.686046511627907 0.70875 0.670265780730897 0.70625 0.6495016611295681 0.70875
1 0.5573089700996677 0.295625 0.5307308970099668 0.295625 0.520764119601329 0.3 0.5199335548172758 0.314375 0.53156146179402 0.324375 0.5398671096345515 0.326875 0.5573089700996677 0.325625 0.5705980066445183 0.314375 0.5714285714285714 0.3075 0.5689368770764119 0.3025 0.5573089700996677 0.295625
1 0.782392026578073 0.383125 0.7740863787375415 0.375625 0.7616279069767442 0.375 0.7533222591362126 0.3775 0.7416943521594684 0.39 0.7408637873754153 0.398125 0.7450166112956811 0.4075 0.7549833887043189 0.415625 0.7674418604651163 0.41625 0.7790697674418605 0.411875 0.7857142857142857 0.40125 0.7857142857142857 0.39 0.782392026578073 0.383125
1 0.7350498338870431 0.393125 0.728405315614618 0.39 0.7200996677740864 0.39 0.7051495016611296 0.39625 0.7001661129568106 0.40125 0.7001661129568106 0.4075 0.7109634551495017 0.425625 0.7151162790697675 0.4275 0.7250830564784053 0.4275 0.7333887043189369 0.424375 0.7441860465116279 0.408125 0.7433554817275747 0.40375 0.7350498338870431 0.393125
1 0.3446843853820598 0.46875 0.3330564784053156 0.479375 0.3330564784053156 0.494375 0.3438538205980066 0.503125 0.36627906976744184 0.503125 0.3787375415282392 0.49125 0.3795681063122924 0.483125 0.3770764119601329 0.47625 0.36627906976744184 0.46875 0.3446843853820598 0.46875
1 0.6918604651162791 0.145625 0.6802325581395349 0.156875 0.6802325581395349 0.16625 0.6951827242524917 0.173125 0.728405315614618 0.171875 0.7375415282392026 0.161875 0.7350498338870431 0.150625 0.7267441860465116 0.145625 0.7167774086378738 0.143125 0.6918604651162791 0.145625
1 0.7425249169435216 0.345 0.728405315614618 0.34375 0.7192691029900332 0.348125 0.7117940199335548 0.34875 0.7093023255813954 0.351875 0.7101328903654485 0.364375 0.723421926910299 0.376875 0.7400332225913622 0.379375 0.7491694352159468 0.376875 0.7541528239202658 0.371875 0.7558139534883721 0.36 0.7491694352159468 0.349375 0.7425249169435216 0.345
1 0.7159468438538206 0.3725 0.7109634551495017 0.3675 0.6960132890365448 0.3625 0.6744186046511628 0.3625 0.6627906976744186 0.365 0.6553156146179402 0.3725 0.6553156146179402 0.38125 0.6586378737541528 0.386875 0.6669435215946844 0.39375 0.675249169435216 0.39625 0.7001661129568106 0.395 0.7093023255813954 0.389375 0.7159468438538206 0.379375 0.7159468438538206 0.3725
1 0.5556478405315615 0.375 0.5332225913621262 0.369375 0.5224252491694352 0.37 0.5166112956810631 0.373125 0.5149501661129569 0.38125 0.5182724252491694 0.386875 0.5348837209302325 0.398125 0.5448504983388704 0.40125 0.5539867109634552 0.40125 0.5631229235880398 0.3975 0.5664451827242525 0.388125 0.5556478405315615 0.375
1 0.526578073089701 0.6875 0.5116279069767442 0.69375 0.5041528239202658 0.694375 0.4950166112956811 0.699375 0.4941860465116279 0.70875 0.49667774086378735 0.71375 0.5016611295681063 0.718125 0.5083056478405316 0.72 0.5282392026578073 0.718125 0.5440199335548173 0.70875 0.5431893687707641 0.695625 0.526578073089701 0.6875
1 0.8172757475083057 0.58875 0.8081395348837209 0.58 0.7990033222591362 0.576875 0.7840531561461794 0.579375 0.7790697674418605 0.585625 0.7782392026578073 0.6 0.782392026578073 0.61 0.7940199335548173 0.618125 0.8081395348837209 0.618125 0.8164451827242525 0.6125 0.8197674418604651 0.605625 0.8205980066445183 0.598125 0.8172757475083057 0.58875
1 0.6818936877076412 0.17 0.6760797342192691 0.16625 0.6644518272425249 0.16625 0.6495016611295681 0.1775 0.6478405315614618 0.194375 0.6511627906976745 0.2025 0.6611295681063123 0.209375 0.6744186046511628 0.208125 0.6843853820598007 0.2 0.6885382059800664 0.188125 0.6868770764119602 0.176875 0.6818936877076412 0.17
1 0.4676079734219269 0.250625 0.45348837209302323 0.246875 0.4318936877076412 0.2475 0.4210963455149502 0.254375 0.420265780730897 0.264375 0.4269102990033223 0.275 0.44019933554817275 0.28 0.45016611295681064 0.28 0.4659468438538206 0.275625 0.47674418604651164 0.265 0.4742524916943522 0.255 0.4676079734219269 0.250625
1 0.5191029900332226 0.205625 0.5116279069767442 0.208125 0.5041528239202658 0.215 0.5008305647840532 0.2225 0.5016611295681063 0.234375 0.5157807308970099 0.24625 0.5290697674418605 0.245625 0.5431893687707641 0.23375 0.5431893687707641 0.215 0.5398671096345515 0.209375 0.5332225913621262 0.205625 0.5191029900332226 0.205625
1 0.5382059800664452 0.605625 0.5249169435215947 0.605 0.5166112956810631 0.61 0.5132890365448505 0.615625 0.5116279069767442 0.624375 0.5157807308970099 0.6375 0.5232558139534884 0.64375 0.532392026578073 0.644375 0.5456810631229236 0.634375 0.5490033222591362 0.62625 0.5481727574750831 0.615 0.5382059800664452 0.605625
1 0.39700996677740863 0.351875 0.39368770764119604 0.346875 0.3787375415282392 0.340625 0.35714285714285715 0.34375 0.34717607973421927 0.353125 0.34717607973421927 0.36625 0.35132890365448505 0.37125 0.3588039867109635 0.375 0.3712624584717608 0.375625 0.3812292358803987 0.37375 0.39368770764119604 0.36625 0.39700996677740863 0.36 0.39700996677740863 0.351875
1 0.3313953488372093 0.419375 0.3230897009966777 0.410625 0.3089700996677741 0.40875 0.29401993355481726 0.41625 0.2857142857142857 0.43125 0.28488372093023256 0.439375 0.28820598006644516 0.44875 0.2956810631229236 0.455625 0.303156146179402 0.455625 0.32059800664451826 0.446875 0.3272425249169435 0.439375 0.33222591362126247 0.42875 0.3313953488372093 0.419375
1 0.3812292358803987 0.639375 0.37209302325581395 0.631875 0.36710963455149503 0.629375 0.3538205980066445 0.62875 0.3430232558139535 0.63625 0.34136212624584716 0.644375 0.3438538205980066 0.65125 0.3546511627906977 0.66375 0.3654485049833887 0.6675 0.3803986710963455 0.665625 0.3862126245847176 0.66 0.3862126245847176 0.650625 0.3812292358803987 0.639375
1 0.3338870431893688 0.338125 0.3230897009966777 0.335 0.3131229235880399 0.335 0.3081395348837209 0.33625 0.29983388704318936 0.34375 0.29900332225913623 0.3525 0.3064784053156146 0.361875 0.3131229235880399 0.36625 0.3313953488372093 0.37 0.34136212624584716 0.366875 0.3438538205980066 0.3625 0.3438538205980066 0.348125 0.3338870431893688 0.338125
1 0.8521594684385382 0.326875 0.8471760797342193 0.323125 0.8355481727574751 0.319375 0.8230897009966778 0.318125 0.8131229235880398 0.32 0.7965116279069767 0.331875 0.7973421926910299 0.338125 0.8064784053156147 0.34375 0.8081395348837209 0.350625 0.8106312292358804 0.351875 0.8372093023255814 0.350625 0.8521594684385382 0.34125 0.8529900332225914 0.338125 0.8521594684385382 0.326875
1 0.6893687707641196 0.405 0.6785714285714286 0.40625 0.6669435215946844 0.4175 0.665282392026578 0.428125 0.6777408637873754 0.441875 0.6893687707641196 0.443125 0.7026578073089701 0.439375 0.7084717607973422 0.424375 0.7051495016611296 0.41375 0.696843853820598 0.406875 0.6893687707641196 0.405
1 0.6320598006644518 0.39625 0.627906976744186 0.405625 0.6196013289036545 0.41375 0.622093023255814 0.42875 0.6362126245847176 0.4375 0.6461794019933554 0.436875 0.654485049833887 0.43125 0.6611295681063123 0.4225 0.6611295681063123 0.40625 0.6470099667774086 0.39625 0.6320598006644518 0.39625
1 0.5465116279069767 0.16625 0.5332225913621262 0.17125 0.5232558139534884 0.1825 0.5240863787375415 0.19125 0.5332225913621262 0.2 0.5589700996677741 0.20125 0.5664451827242525 0.2 0.5789036544850499 0.1925 0.5822259136212624 0.178125 0.5705980066445183 0.1675 0.5465116279069767 0.16625
1 0.3995016611295681 0.60375 0.39285714285714285 0.600625 0.38205980066445183 0.600625 0.3729235880398671 0.60375 0.36710963455149503 0.61 0.36794019933554817 0.626875 0.38205980066445183 0.64125 0.3945182724252492 0.64125 0.39867109634551495 0.639375 0.40448504983388706 0.634375 0.40863787375415284 0.624375 0.40780730897009965 0.615 0.3995016611295681 0.60375
1 0.6312292358803987 0.34125 0.6254152823920266 0.335625 0.617109634551495 0.33125 0.6021594684385382 0.33125 0.5880398671096345 0.34125 0.5880398671096345 0.358125 0.5938538205980066 0.365 0.6021594684385382 0.369375 0.6121262458471761 0.37 0.6270764119601329 0.36375 0.6320598006644518 0.355625 0.6320598006644518 0.345625 0.6312292358803987 0.34125
1 0.7475083056478405 0.574375 0.7367109634551495 0.569375 0.7159468438538206 0.569375 0.7068106312292359 0.571875 0.696843853820598 0.5775 0.6910299003322259 0.58375 0.6918604651162791 0.596875 0.6993355481727574 0.603125 0.7051495016611296 0.605 0.7225913621262459 0.605625 0.7342192691029901 0.603125 0.7475083056478405 0.59375 0.75 0.58875 0.7475083056478405 0.574375
1 0.5008305647840532 0.188125 0.4925249169435216 0.184375 0.47674418604651164 0.185 0.4692691029900332 0.188125 0.4642857142857143 0.194375 0.46179401993355484 0.19875 0.46179401993355484 0.209375 0.4700996677740864 0.219375 0.48421926910299 0.2225 0.4983388704318937 0.218125 0.5058139534883721 0.2025 0.5041528239202658 0.1925 0.5008305647840532 0.188125
1 0.617109634551495 0.65625 0.6079734219269103 0.644375 0.5988372093023255 0.64 0.5938538205980066 0.64 0.5880398671096345 0.64125 0.5739202657807309 0.651875 0.5697674418604651 0.656875 0.5681063122923588 0.665625 0.5681063122923588 0.674375 0.5764119601328903 0.68625 0.5830564784053156 0.68875 0.5921926910299004 0.68875 0.6013289036544851 0.685625 0.6121262458471761 0.675625 0.617109634551495 0.665 0.617109634551495 0.65625
1 0.3920265780730897 0.264375 0.3812292358803987 0.258125 0.36129568106312293 0.2575 0.3546511627906977 0.26 0.3480066445182724 0.26625 0.3438538205980066 0.271875 0.3446843853820598 0.28125 0.3588039867109635 0.288125 0.37624584717607973 0.288125 0.38953488372093026 0.2825 0.39285714285714285 0.27875 0.3945182724252492 0.26875 0.3920265780730897 0.264375
1 0.6470099667774086 0.618125 0.6370431893687708 0.62125 0.6196013289036545 0.63625 0.6187707641196013 0.645 0.6212624584717608 0.650625 0.6312292358803987 0.6575 0.6461794019933554 0.6575 0.6644518272425249 0.639375 0.665282392026578 0.63125 0.659468438538206 0.62125 0.6470099667774086 0.618125
1 0.6528239202657807 0.469375 0.643687707641196 0.45625 0.627906976744186 0.455625 0.617109634551495 0.460625 0.6054817275747508 0.473125 0.6038205980066446 0.486875 0.6071428571428571 0.494375 0.6121262458471761 0.49875 0.6245847176079734 0.5 0.6353820598006644 0.4975 0.6470099667774086 0.49 0.6528239202657807 0.47625 0.6528239202657807 0.469375
1 0.6403654485049833 0.70375 0.6262458471760798 0.69125 0.6121262458471761 0.6875 0.6029900332225914 0.6875 0.5897009966777409 0.695 0.5921926910299004 0.7125 0.6088039867109635 0.726875 0.6212624584717608 0.730625 0.6303986710963455 0.730625 0.6403654485049833 0.7275 0.6453488372093024 0.72 0.6445182724252492 0.711875 0.6403654485049833 0.70375
1 0.6553156146179402 0.26 0.6353820598006644 0.260625 0.6287375415282392 0.26625 0.6237541528239202 0.275625 0.6237541528239202 0.288125 0.6337209302325582 0.3 0.643687707641196 0.301875 0.6569767441860465 0.3 0.6694352159468439 0.28875 0.6694352159468439 0.27125 0.6619601328903655 0.263125 0.6553156146179402 0.26
1 0.7342192691029901 0.533125 0.7267441860465116 0.529375 0.7059800664451827 0.53125 0.6918604651162791 0.5375 0.6802325581395349 0.548125 0.6785714285714286 0.558125 0.6810631229235881 0.56375 0.6926910299003323 0.57125 0.7034883720930233 0.571875 0.7142857142857143 0.56875 0.7308970099667774 0.5525 0.7350498338870431 0.545 0.7342192691029901 0.533125
1 0.6004983388704319 0.213125 0.5813953488372093 0.213125 0.5689368770764119 0.220625 0.5672757475083057 0.231875 0.5705980066445183 0.236875 0.579734219269103 0.241875 0.6021594684385382 0.24375 0.6104651162790697 0.240625 0.617109634551495 0.234375 0.6154485049833887 0.221875 0.6004983388704319 0.213125
1 0.44601328903654486 0.34125 0.4318936877076412 0.34375 0.420265780730897 0.354375 0.4210963455149502 0.365 0.4318936877076412 0.3725 0.45514950166112955 0.3725 0.46677740863787376 0.36625 0.4700996677740864 0.359375 0.4676079734219269 0.34875 0.4584717607973422 0.34375 0.44601328903654486 0.34125
1 0.5232558139534884 0.660625 0.5141196013289037 0.6575 0.5041528239202658 0.6575 0.4750830564784053 0.668125 0.4684385382059801 0.6775 0.4676079734219269 0.685625 0.4750830564784053 0.69375 0.4833887043189369 0.695625 0.5091362126245847 0.69375 0.5224252491694352 0.6875 0.5290697674418605 0.680625 0.5290697674418605 0.665625 0.5232558139534884 0.660625
1 0.8995016611295681 0.3675 0.877906976744186 0.3675 0.8679401993355482 0.371875 0.8654485049833887 0.37625 0.8646179401993356 0.38625 0.8687707641196013 0.393125 0.8837209302325582 0.400625 0.9053156146179402 0.400625 0.909468438538206 0.39875 0.9169435215946844 0.389375 0.9144518272425249 0.375625 0.8995016611295681 0.3675
1 0.5614617940199336 0.275 0.5589700996677741 0.26875 0.5539867109634552 0.264375 0.5348837209302325 0.263125 0.520764119601329 0.26875 0.5141196013289037 0.27625 0.5141196013289037 0.285625 0.520764119601329 0.293125 0.526578073089701 0.295625 0.5348837209302325 0.295625 0.5481727574750831 0.293125 0.5573089700996677 0.288125 0.5614617940199336 0.275
1 0.7948504983388704 0.33625 0.7832225913621262 0.33375 0.770764119601329 0.33375 0.7599667774086378 0.34125 0.7574750830564784 0.3525 0.7682724252491694 0.36375 0.78156146179402 0.3675 0.7898671096345515 0.3675 0.7990033222591362 0.365 0.8073089700996677 0.359375 0.8073089700996677 0.344375 0.7948504983388704 0.33625
1 0.7632890365448505 0.595625 0.7508305647840532 0.591875 0.7200996677740864 0.61 0.7192691029900332 0.629375 0.7200996677740864 0.63125 0.728405315614618 0.631875 0.7558139534883721 0.628125 0.7682724252491694 0.62 0.7732558139534884 0.609375 0.7724252491694352 0.605 0.7632890365448505 0.595625
0 0.4435215946843854 0.75625 0.4219269102990033 0.74125 0.39368770764119604 0.735 0.36212624584717606 0.73875 0.3388704318936877 0.74875 0.33222591362126247 0.7575 0.3289036544850498 0.8 0.35714285714285715 0.825 0.3704318936877076 0.825 0.4053156146179402 0.83 0.42857142857142855 0.8175 0.45016611295681064 0.79875 0.45016611295681064 0.77625 0.4435215946843854 0.75625
1 0.44518272425249167 0.325 0.44518272425249167 0.33625 0.46677740863787376 0.34 0.48006644518272423 0.3425 0.4850498338870432 0.33 0.4717607973421927 0.32125 0.45182724252491696 0.3175 0.43853820598006643 0.32875 0.44518272425249167 0.325
1 0.42358803986710963 0.415 0.39867109634551495 0.405 0.38205980066445183 0.41625 0.3754152823920266 0.42875 0.3853820598006645 0.44125 0.4053156146179402 0.43875 0.4152823920265781 0.4325 0.42358803986710963 0.415
1 0.5299003322259136 0.35625 0.553156146179402 0.3625 0.584717607973422 0.3625 0.5813953488372093 0.355 0.5813953488372093 0.34375 0.574750830564784 0.33 0.553156146179402 0.33 0.5332225913621262 0.34375 0.5299003322259136 0.35625