1 0.3428184281842818 0.7725 0.34010840108401086 0.780625 0.3509485094850949 0.785625 0.37262872628726285 0.7875 0.3861788617886179 0.7825 0.3888888888888889 0.774375 0.37533875338753386 0.7675 0.35907859078590787 0.7675 0.3428184281842818 0.7725
1 0.494579945799458 0.6775 0.5013550135501355 0.681875 0.5176151761517616 0.6825 0.5271002710027101 0.679375 0.5311653116531165 0.675 0.5271002710027101 0.67 0.497289972899729 0.670625 0.494579945799458 0.6775
1 0.48644986449864497 0.66 0.5067750677506775 0.6675 0.518970189701897 0.66625 0.5284552845528455 0.660625 0.5230352303523035 0.65125 0.505420054200542 0.64875 0.48644986449864497 0.65125 0.48644986449864497 0.66
1 0.5094850948509485 0.61125 0.5067750677506775 0.626875 0.5149051490514905 0.63 0.5284552845528455 0.629375 0.5392953929539296 0.625 0.5392953929539296 0.61 0.5338753387533876 0.608125 0.5176151761517616 0.608125 0.5094850948509485 0.61125
1 0.23170731707317074 0.504375 0.22628726287262874 0.508125 0.22357723577235772 0.51625 0.23170731707317074 0.519375 0.25338753387533874 0.51875 0.26151761517615174 0.51625 0.2669376693766938 0.51125 0.26422764227642276 0.504375 0.25745257452574527 0.50125 0.23170731707317074 0.504375
1 0.6937669376693767 0.33875 0.6910569105691057 0.348125 0.6991869918699187 0.35125 0.7073170731707317 0.353125 0.7262872628726287 0.353125 0.7344173441734417 0.349375 0.7344173441734417 0.34375 0.7262872628726287 0.33875 0.6937669376693767 0.33875
1 0.4268292682926829 0.670625 0.4159891598915989 0.676875 0.4132791327913279 0.685625 0.4186991869918699 0.691875 0.4268292682926829 0.69375 0.44037940379403795 0.691875 0.453929539295393 0.685625 0.453929539295393 0.67375 0.44850948509485095 0.67125 0.4268292682926829 0.670625
1 0.5907859078590786 0.54375 0.5853658536585366 0.5475 0.5853658536585366 0.555625 0.5962059620596206 0.5625 0.6043360433604336 0.5625 0.6178861788617886 0.556875 0.6178861788617886 0.54875 0.6124661246612466 0.5425 0.5907859078590786 0.54375
1 0.8075880758807588 0.39375 0.8021680216802168 0.39625 0.7967479674796748 0.4 0.7967479674796748 0.409375 0.8102981029810298 0.415625 0.8211382113821138 0.415625 0.8319783197831978 0.40875 0.8319783197831978 0.40125 0.8157181571815718 0.39375 0.8075880758807588 0.39375
1 0.06639566395663957 0.449375 0.06639566395663957 0.446875 0.058265582655826556 0.448125 0.06097560975609756 0.449375 0.05555555555555555 0.4525 0.06639566395663957 0.449375
1 0.023035230352303523 0.420625 0.014905149051490514 0.424375 0.012195121951219513 0.435 0.02032520325203252 0.44 0.03116531165311653 0.441875 0.04336043360433604 0.440625 0.052845528455284556 0.436875 0.05555555555555555 0.429375 0.044715447154471545 0.420625 0.023035230352303523 0.420625
1 0.5433604336043361 0.444375 0.5365853658536586 0.448125 0.5365853658536586 0.451875 0.5447154471544715 0.45625 0.5772357723577236 0.455 0.5799457994579946 0.4475 0.5718157181571816 0.441875 0.5501355013550135 0.441875 0.5433604336043361 0.444375
1 0.6151761517615176 0.33375 0.6151761517615176 0.348125 0.6287262872628726 0.353125 0.6368563685636857 0.353125 0.6476964769647696 0.345625 0.6449864498644986 0.33625 0.6341463414634146 0.33125 0.6205962059620597 0.33125 0.6151761517615176 0.33375
1 0.05013550135501355 0.40625 0.04742547425474255 0.41125 0.058265582655826556 0.41625 0.07452574525745258 0.418125 0.09078590785907859 0.413125 0.09078590785907859 0.40625 0.08536585365853659 0.40375 0.06097560975609756 0.4025 0.05013550135501355 0.40625
1 0.7208672086720868 0.470625 0.7046070460704607 0.475625 0.7018970189701897 0.485 0.7059620596205962 0.488125 0.7127371273712737 0.49 0.7317073170731707 0.489375 0.7425474254742548 0.48125 0.7425474254742548 0.47375 0.7317073170731707 0.470625 0.7208672086720868 0.470625
1 0.8617886178861789 0.296875 0.8509485094850948 0.3 0.8455284552845529 0.305 0.8455284552845529 0.313125 0.8563685636856369 0.315625 0.8753387533875339 0.314375 0.8861788617886179 0.3075 0.8807588075880759 0.3 0.8699186991869918 0.296875 0.8617886178861789 0.296875
1 0.7777777777777778 0.343125 0.7750677506775068 0.355625 0.7831978319783198 0.36 0.7994579945799458 0.36 0.8102981029810298 0.353125 0.8102981029810298 0.34625 0.7994579945799458 0.34125 0.7831978319783198 0.34125 0.7777777777777778 0.343125
1 0.22357723577235772 0.293125 0.2140921409214092 0.29125 0.19647696476964768 0.291875 0.1910569105691057 0.294375 0.1910569105691057 0.3025 0.1991869918699187 0.3075 0.21544715447154472 0.31125 0.22357723577235772 0.3075 0.23170731707317074 0.306875 0.23441734417344173 0.299375 0.22357723577235772 0.293125
1 0.7208672086720868 0.561875 0.7154471544715447 0.566875 0.7235772357723578 0.571875 0.7398373983739838 0.57375 0.7669376693766937 0.569375 0.7669376693766937 0.56 0.7615176151761518 0.5575 0.7344173441734417 0.5575 0.7208672086720868 0.561875
1 0.5799457994579946 0.495 0.5636856368563685 0.4975 0.5582655826558266 0.5 0.5582655826558266 0.504375 0.5718157181571816 0.509375 0.6043360433604336 0.509375 0.6151761517615176 0.504375 0.6151761517615176 0.499375 0.6043360433604336 0.495 0.5799457994579946 0.495
1 0.3699186991869919 0.55875 0.36720867208672087 0.566875 0.37262872628726285 0.570625 0.3915989159891599 0.57375 0.4024390243902439 0.570625 0.4024390243902439 0.56375 0.3888888888888889 0.555625 0.3780487804878049 0.555625 0.3699186991869919 0.55875
1 0.7967479674796748 0.620625 0.7967479674796748 0.628125 0.8102981029810298 0.63375 0.8319783197831978 0.63375 0.8319783197831978 0.62 0.8102981029810298 0.61625 0.8021680216802168 0.618125 0.7967479674796748 0.620625
1 0.7425474254742548 0.358125 0.7398373983739838 0.3625 0.7560975609756098 0.37125 0.7710027100271003 0.371875 0.7831978319783198 0.369375 0.7831978319783198 0.36125 0.7750677506775068 0.356875 0.7506775067750677 0.355625 0.7425474254742548 0.358125
1 0.37669376693766937 0.504375 0.3915989159891599 0.50125 0.3888888888888889 0.4925 0.3699186991869919 0.49125 0.3509485094850949 0.49375 0.3509485094850949 0.501875 0.37669376693766937 0.504375
1 0.3238482384823848 0.36375 0.3075880758807588 0.3675 0.3021680216802168 0.371875 0.3021680216802168 0.376875 0.3075880758807588 0.379375 0.34010840108401086 0.379375 0.34823848238482386 0.376875 0.3509485094850949 0.369375 0.34552845528455284 0.365 0.3238482384823848 0.36375
1 0.34823848238482386 0.63375 0.34552845528455284 0.64125 0.35365853658536583 0.649375 0.37262872628726285 0.65 0.3807588075880759 0.645625 0.3807588075880759 0.634375 0.3699186991869919 0.629375 0.35907859078590787 0.63 0.34823848238482386 0.63375
1 0.6314363143631436 0.529375 0.6395663956639567 0.534375 0.6693766937669376 0.535625 0.6802168021680217 0.5325 0.6802168021680217 0.525625 0.6707317073170732 0.52125 0.6341463414634146 0.521875 0.6314363143631436 0.529375
1 0.05555555555555555 0.455625 0.05555555555555555 0.465625 0.06910569105691057 0.4675 0.09078590785907859 0.46375 0.0989159891598916 0.45875 0.0989159891598916 0.45375 0.08943089430894309 0.449375 0.06639566395663957 0.449375 0.05555555555555555 0.455625
1 0.2222222222222222 0.490625 0.0027100271002710027 0.00125
1 0.26287262872628725 0.484375 0.26151761517615174 0.49 0.2750677506775068 0.49625 0.3021680216802168 0.496875 0.3130081300813008 0.49125 0.31029810298102983 0.485 0.2981029810298103 0.485 0.2886178861788618 0.481875 0.26287262872628725 0.484375
1 0.22899728997289973 0.47 0.01084010840108401 0.00125
1 0.4254742547425474 0.61125 0.4241192411924119 0.618125 0.43766937669376693 0.6225 0.45934959349593496 0.6225 0.470189701897019 0.618125 0.46747967479674796 0.61125 0.45934959349593496 0.606875 0.43766937669376693 0.6075 0.4254742547425474 0.61125
1 0.2127371273712737 0.46875 0.2046070460704607 0.47375 0.2046070460704607 0.49 0.2127371273712737 0.4925 0.23170731707317074 0.49125 0.24525745257452575 0.480625 0.24525745257452575 0.473125 0.23712737127371275 0.46875 0.22357723577235772 0.4675 0.2127371273712737 0.46875
1 0.45121951219512196 0.545625 0.44715447154471544 0.5475 0.44308943089430897 0.55 0.44308943089430897 0.555625 0.45934959349593496 0.561875 0.47560975609756095 0.561875 0.491869918699187 0.555 0.491869918699187 0.55 0.481029810298103 0.545625 0.45121951219512196 0.545625
1 0.7859078590785907 0.545625 0.7750677506775068 0.551875 0.7750677506775068 0.560625 0.7913279132791328 0.561875 0.8048780487804879 0.56 0.8157181571815718 0.555625 0.8184281842818428 0.54875 0.8130081300813008 0.545625 0.7994579945799458 0.543125 0.7859078590785907 0.545625
1 0.5230352303523035 0.393125 0.5067750677506775 0.39375 0.5013550135501355 0.39625 0.497289972899729 0.4 0.497289972899729 0.408125 0.5013550135501355 0.411875 0.5094850948509485 0.415625 0.5257452574525745 0.415625 0.5365853658536586 0.406875 0.5338753387533876 0.39625 0.5230352303523035 0.393125
1 0.5691056910569106 0.576875 0.5772357723577236 0.581875 0.5867208672086721 0.581875 0.5989159891598916 0.575625 0.6016260162601627 0.569375 0.5880758807588076 0.561875 0.5691056910569106 0.564375 0.5691056910569106 0.576875
1 0.489159891598916 0.560625 0.481029810298103 0.565625 0.47831978319783197 0.571875 0.4823848238482385 0.578125 0.489159891598916 0.581875 0.5040650406504065 0.581875 0.5176151761517616 0.57375 0.5176151761517616 0.565625 0.5040650406504065 0.55875 0.489159891598916 0.560625
1 0.14498644986449866 0.34125 0.13414634146341464 0.345625 0.13414634146341464 0.36 0.14498644986449866 0.3625 0.16124661246612465 0.3625 0.17208672086720866 0.359375 0.17479674796747968 0.345625 0.17073170731707318 0.34375 0.16124661246612465 0.34125 0.14498644986449866 0.34125
1 0.7831978319783198 0.51625 0.7831978319783198 0.529375 0.7940379403794038 0.5325 0.8021680216802168 0.5325 0.8130081300813008 0.529375 0.8184281842818428 0.525625 0.8143631436314364 0.51625 0.8008130081300813 0.513125 0.7831978319783198 0.51625
1 0.32113821138211385 0.49 0.3157181571815718 0.4925 0.31029810298102983 0.49625 0.31029810298102983 0.504375 0.3157181571815718 0.508125 0.3346883468834688 0.508125 0.34823848238482386 0.503125 0.34823848238482386 0.495 0.34010840108401086 0.49 0.32113821138211385 0.49
1 0.453929539295393 0.439375 0.44850948509485095 0.441875 0.45121951219512196 0.45375 0.45663956639566394 0.45625 0.47560975609756095 0.45625 0.481029810298103 0.451875 0.481029810298103 0.441875 0.46747967479674796 0.438125 0.453929539295393 0.439375
1 0 0.52125 0.016260162601626018 0.5225 0.028455284552845527 0.519375 0.03116531165311653 0.50625 0.009485094850948509 0.50125 0 0.50125 0 0.52125
1 0.28319783197831977 0.4525 0.2696476964769648 0.455625 0.2669376693766938 0.46375 0.2750677506775068 0.465625 0.2940379403794038 0.46875 0.3075880758807588 0.46875 0.3157181571815718 0.465625 0.31842818428184283 0.46 0.3021680216802168 0.45375 0.28319783197831977 0.4525
1 0.3075880758807588 0.438125 0.3130081300813008 0.435 0.2994579945799458 0.435 0.3075880758807588 0.438125
1 0.7289972899728997 0.574375 0.7262872628726287 0.576875 0.7317073170731707 0.58125 0.7588075880758808 0.581875 0.7682926829268293 0.580625 0.7750677506775068 0.57375 0.7696476964769647 0.570625 0.7615176151761518 0.570625 0.7289972899728997 0.574375
1 0.453929539295393 0.586875 0.46747967479674796 0.5975 0.491869918699187 0.595 0.494579945799458 0.58375 0.489159891598916 0.58125 0.47560975609756095 0.5775 0.45663956639566394 0.58 0.453929539295393 0.586875
1 0.2506775067750677 0.35125 0.24796747967479674 0.36375 0.2588075880758808 0.36875 0.2750677506775068 0.3675 0.2886178861788618 0.361875 0.29132791327913277 0.35125 0.2791327913279133 0.34625 0.25609756097560976 0.348125 0.2506775067750677 0.35125
1 0.3943089430894309 0.545625 0.3888888888888889 0.548125 0.3888888888888889 0.555625 0.4024390243902439 0.56375 0.4105691056910569 0.564375 0.4241192411924119 0.5575 0.4241192411924119 0.55 0.4132791327913279 0.544375 0.3943089430894309 0.545625
1 0.05013550135501355 0.383125 0.03116531165311653 0.383125 0.025745257452574527 0.385625 0.025745257452574527 0.395 0.032520325203252036 0.39875 0.05013550135501355 0.4025 0.06233062330623306 0.399375 0.06639566395663957 0.395 0.06368563685636856 0.388125 0.05013550135501355 0.383125
1 0.2777777777777778 0.608125 0.2750677506775068 0.615 0.2886178861788618 0.624375 0.3075880758807588 0.624375 0.31842818428184283 0.62 0.31842818428184283 0.61125 0.31029810298102983 0.6075 0.29132791327913277 0.605 0.2777777777777778 0.608125
1 0.7235772357723578 0.380625 0.7181571815718157 0.3825 0.7181571815718157 0.39125 0.7262872628726287 0.39375 0.7479674796747967 0.39375 0.7533875338753387 0.39 0.7533875338753387 0.385625 0.7384823848238482 0.38 0.7235772357723578 0.380625
1 0.5907859078590786 0.579375 0.5745257452574526 0.585 0.5691056910569106 0.58875 0.5691056910569106 0.596875 0.5772357723577236 0.6 0.5948509485094851 0.598125 0.6016260162601627 0.59375 0.6043360433604336 0.584375 0.5962059620596206 0.579375 0.5907859078590786 0.579375
1 0.8319783197831978 0.41375 0.8292682926829268 0.421875 0.8346883468834688 0.425 0.8550135501355014 0.425 0.8726287262872628 0.418125 0.8726287262872628 0.410625 0.8631436314363143 0.408125 0.8482384823848238 0.408125 0.8319783197831978 0.41375
1 0.2127371273712737 0.313125 0.2127371273712737 0.319375 0.22086720867208673 0.324375 0.24796747967479674 0.321875 0.24796747967479674 0.309375 0.23170731707317074 0.306875 0.22086720867208673 0.31 0.2127371273712737 0.313125
1 0.3428184281842818 0.51875 0.34010840108401086 0.5275 0.3509485094850949 0.53125 0.36449864498644985 0.530625 0.3807588075880759 0.524375 0.3794037940379404 0.5175 0.3699186991869919 0.515 0.35365853658536583 0.515 0.3428184281842818 0.51875
1 0.8048780487804879 0.58125 0.8184281842818428 0.584375 0.8401084010840109 0.58375 0.8509485094850948 0.57875 0.8482384823848238 0.574375 0.8373983739837398 0.57125 0.8048780487804879 0.57375 0.8048780487804879 0.58125
1 0.5962059620596206 0.595625 0.5962059620596206 0.605625 0.6016260162601627 0.608125 0.6138211382113821 0.608125 0.6341463414634146 0.59875 0.6341463414634146 0.591875 0.6287262872628726 0.58875 0.6124661246612466 0.58875 0.5962059620596206 0.595625
1 0.18292682926829268 0.543125 0.17479674796747968 0.545625 0.17208672086720866 0.55375 0.18292682926829268 0.56 0.2018970189701897 0.5625 0.21544715447154472 0.5575 0.21544715447154472 0.5525 0.2073170731707317 0.54625 0.1937669376693767 0.543125 0.18292682926829268 0.543125
1 0.04200542005420054 0.439375 0.03116531165311653 0.444375 0.03116531165311653 0.45375 0.03929539295392954 0.45625 0.05013550135501355 0.45625 0.06368563685636856 0.449375 0.06910569105691057 0.449375 0.06639566395663957 0.441875 0.056910569105691054 0.439375 0.04200542005420054 0.439375
1 0.4078590785907859 0.409375 0.3861788617886179 0.40875 0.3807588075880759 0.41125 0.3807588075880759 0.418125 0.3888888888888889 0.424375 0.3997289972899729 0.4275 0.42276422764227645 0.4275 0.4268292682926829 0.420625 0.4186991869918699 0.41375 0.4078590785907859 0.409375
1 0.2859078590785908 0.625 0.2669376693766938 0.63 0.26151761517615174 0.634375 0.26151761517615174 0.64125 0.2696476964769648 0.64625 0.2994579945799458 0.64375 0.31029810298102983 0.638125 0.31029810298102983 0.63125 0.2967479674796748 0.625 0.2859078590785908 0.625
1 0.08265582655826559 0.474375 0.07994579945799458 0.483125 0.09078590785907859 0.4875 0.12195121951219512 0.486875 0.13143631436314362 0.480625 0.12872628726287264 0.47625 0.11924119241192412 0.473125 0.09620596205962059 0.471875 0.08265582655826559 0.474375
1 0.4268292682926829 0.564375 0.42140921409214094 0.566875 0.4241192411924119 0.571875 0.43766937669376693 0.57875 0.45663956639566394 0.57875 0.47289972899729 0.57375 0.47289972899729 0.566875 0.462059620596206 0.564375 0.4268292682926829 0.564375
1 0.22086720867208673 0.33125 0.23712737127371275 0.34125 0.25338753387533874 0.3425 0.2696476964769648 0.33875 0.2696476964769648 0.33375 0.2506775067750677 0.323125 0.22493224932249323 0.32375 0.22086720867208673 0.33125
1 0.13550135501355012 0.396875 0.13143631436314362 0.403125 0.14498644986449866 0.410625 0.17479674796747968 0.410625 0.1802168021680217 0.406875 0.17750677506775067 0.4 0.16937669376693767 0.39625 0.14769647696476965 0.395 0.13550135501355012 0.396875
1 0.2669376693766938 0.5175 0.2669376693766938 0.53125 0.2777777777777778 0.535625 0.2940379403794038 0.535625 0.3048780487804878 0.530625 0.3021680216802168 0.521875 0.2886178861788618 0.515 0.2777777777777778 0.514375 0.2669376693766938 0.5175
1 0.3238482384823848 0.27 0.32926829268292684 0.275 0.3509485094850949 0.275625 0.36449864498644985 0.26625 0.35907859078590787 0.25875 0.34010840108401086 0.256875 0.3265582655826558 0.260625 0.3238482384823848 0.27
1 0.3943089430894309 0.586875 0.3888888888888889 0.589375 0.38346883468834686 0.596875 0.3915989159891599 0.603125 0.3970189701897019 0.605 0.4132791327913279 0.605 0.42140921409214094 0.601875 0.42140921409214094 0.591875 0.4105691056910569 0.58625 0.3943089430894309 0.586875
1 0.7588075880758808 0.39625 0.7452574525745257 0.40125 0.7425474254742548 0.406875 0.7452574525745257 0.410625 0.7533875338753387 0.413125 0.7859078590785907 0.408125 0.7913279132791328 0.400625 0.7859078590785907 0.39625 0.7696476964769647 0.395625 0.7588075880758808 0.39625
1 0.023035230352303523 0.470625 0.006775067750677507 0.474375 0.0013550135501355014 0.479375 0.006775067750677507 0.4875 0.014905149051490514 0.489375 0.032520325203252036 0.489375 0.03929539295392954 0.486875 0.044715447154471545 0.480625 0.03929539295392954 0.47125 0.023035230352303523 0.470625
1 0.6910569105691057 0.3125 0.6775067750677507 0.316875 0.6747967479674797 0.326875 0.6829268292682927 0.33125 0.7018970189701897 0.33125 0.7181571815718157 0.324375 0.7208672086720868 0.32 0.7154471544715447 0.315 0.7059620596205962 0.3125 0.6910569105691057 0.3125
1 0.1856368563685637 0.350625 0.1802168021680217 0.353125 0.17750677506775067 0.359375 0.1910569105691057 0.36875 0.21002710027100271 0.37125 0.22086720867208673 0.369375 0.22357723577235772 0.36125 0.2127371273712737 0.353125 0.2032520325203252 0.350625 0.1856368563685637 0.350625
1 0.6666666666666666 0.33125 0.6517615176151762 0.335625 0.6476964769647696 0.338125 0.6476964769647696 0.34375 0.6585365853658537 0.349375 0.6720867208672087 0.350625 0.6883468834688347 0.345625 0.6910569105691057 0.33625 0.6802168021680217 0.33125 0.6666666666666666 0.33125
1 0.31029810298102983 0.469375 0.2967479674796748 0.47125 0.2886178861788618 0.47375 0.2886178861788618 0.481875 0.2967479674796748 0.485 0.3075880758807588 0.485 0.3157181571815718 0.4875 0.3265582655826558 0.480625 0.3238482384823848 0.473125 0.31029810298102983 0.469375
1 0.2086720867208672 0.515625 0.2018970189701897 0.519375 0.2018970189701897 0.52875 0.2127371273712737 0.534375 0.22764227642276422 0.535 0.23983739837398374 0.529375 0.23983739837398374 0.52125 0.22086720867208673 0.514375 0.2086720867208672 0.515625
1 0.7344173441734417 0.486875 0.7317073170731707 0.49375 0.7398373983739838 0.4975 0.7615176151761518 0.4975 0.7723577235772358 0.4925 0.7777777777777778 0.484375 0.7710027100271003 0.48125 0.7506775067750677 0.479375 0.7344173441734417 0.486875
1 0.35907859078590787 0.445 0.3428184281842818 0.445 0.3346883468834688 0.4475 0.3346883468834688 0.455 0.3428184281842818 0.46 0.3617886178861789 0.463125 0.3807588075880759 0.45875 0.3807588075880759 0.4525 0.37262872628726285 0.448125 0.35907859078590787 0.445
1 0.3699186991869919 0.711875 0.3509485094850949 0.716875 0.34552845528455284 0.72 0.34552845528455284 0.726875 0.35365853658536583 0.73 0.37262872628726285 0.73 0.3915989159891599 0.72375 0.3915989159891599 0.71875 0.3807588075880759 0.711875 0.3699186991869919 0.711875
1 0.8075880758807588 0.59 0.7953929539295393 0.593125 0.7913279132791328 0.595 0.7913279132791328 0.6 0.8075880758807588 0.609375 0.8265582655826558 0.609375 0.8373983739837398 0.603125 0.8373983739837398 0.5975 0.8265582655826558 0.591875 0.8075880758807588 0.59
1 0.42953929539295393 0.593125 0.4268292682926829 0.6025 0.4349593495934959 0.605 0.45663956639566394 0.605 0.462059620596206 0.603125 0.46476964769647694 0.595 0.453929539295393 0.58875 0.43766937669376693 0.59 0.42953929539295393 0.593125
1 0.4105691056910569 0.400625 0.4078590785907859 0.408125 0.4159891598915989 0.413125 0.4363143631436314 0.41375 0.44579945799457993 0.409375 0.44579945799457993 0.400625 0.43766937669376693 0.3975 0.42140921409214094 0.39625 0.4105691056910569 0.400625
1 0.07452574525745258 0.5 0.07723577235772358 0.51125 0.09078590785907859 0.51625 0.1111111111111111 0.514375 0.11246612466124661 0.501875 0.10298102981029811 0.496875 0.07994579945799458 0.4975 0.07452574525745258 0.5
1 0.08807588075880758 0.74 0.08265582655826559 0.739375 0.06097560975609756 0.74 0.04742547425474255 0.744375 0.03929539295392954 0.75 0.03929539295392954 0.754375 0.05013550135501355 0.75875 0.06639566395663957 0.758125 0.08130081300813008 0.754375 0.09078590785907859 0.75 0.09349593495934959 0.745625 0.08807588075880758 0.74
1 0.8428184281842819 0.32875 0.8346883468834688 0.3325 0.8401084010840109 0.340625 0.8590785907859079 0.345625 0.8780487804878049 0.343125 0.8807588075880759 0.33375 0.8753387533875339 0.33125 0.8563685636856369 0.3275 0.8428184281842819 0.32875
1 0.47696476964769646 0.791875 0.47560975609756095 0.8025 0.481029810298103 0.805 0.497289972899729 0.805625 0.5149051490514905 0.800625 0.5176151761517616 0.7925 0.505420054200542 0.785625 0.497289972899729 0.785625 0.47696476964769646 0.791875
1 0.7601626016260162 0.470625 0.7560975609756098 0.478125 0.7669376693766937 0.480625 0.7967479674796748 0.480625 0.8048780487804879 0.476875 0.8048780487804879 0.47125 0.7994579945799458 0.46875 0.7750677506775068 0.468125 0.7601626016260162 0.470625
1 0.5392953929539296 0.55875 0.5338753387533876 0.5625 0.5338753387533876 0.569375 0.5392953929539296 0.57375 0.5528455284552846 0.575625 0.5663956639566395 0.569375 0.5663956639566395 0.560625 0.551490514905149 0.556875 0.5392953929539296 0.55875
1 0.2994579945799458 0.225 0.2967479674796748 0.23125 0.3130081300813008 0.236875 0.33739837398373984 0.236875 0.34552845528455284 0.2325 0.34552845528455284 0.22625 0.33604336043360433 0.2225 0.3157181571815718 0.22125 0.2994579945799458 0.225
1 0.09349593495934959 0.71875 0.09078590785907859 0.725 0.1043360433604336 0.733125 0.12872628726287264 0.733125 0.14769647696476965 0.726875 0.14769647696476965 0.72 0.13008130081300814 0.714375 0.12059620596205962 0.71375 0.09349593495934959 0.71875
1 0.5880758807588076 0.519375 0.5799457994579946 0.5225 0.5799457994579946 0.530625 0.5907859078590786 0.534375 0.6151761517615176 0.535625 0.6260162601626016 0.53125 0.6260162601626016 0.52375 0.6151761517615176 0.519375 0.5880758807588076 0.519375
1 0.5257452574525745 0.71 0.5230352303523035 0.71875 0.5311653116531165 0.723125 0.556910569105691 0.723125 0.5718157181571816 0.716875 0.5691056910569106 0.713125 0.5555555555555556 0.706875 0.5338753387533876 0.706875 0.5257452574525745 0.71
1 0.44715447154471544 0.355 0.44308943089430897 0.36375 0.45121951219512196 0.369375 0.47560975609756095 0.371875 0.489159891598916 0.369375 0.491869918699187 0.3625 0.483739837398374 0.355625 0.46747967479674796 0.353125 0.44715447154471544 0.355
1 0.8617886178861789 0.348125 0.8590785907859079 0.36 0.8644986449864499 0.364375 0.8726287262872628 0.36625 0.8970189701897019 0.359375 0.8970189701897019 0.350625 0.8888888888888888 0.34625 0.8780487804878049 0.344375 0.8617886178861789 0.348125
1 0.6775067750677507 0.61 0.6666666666666666 0.615 0.6666666666666666 0.63 0.6720867208672087 0.63375 0.6883468834688347 0.633125 0.6991869918699187 0.62875 0.7018970189701897 0.625 0.6991869918699187 0.613125 0.6937669376693767 0.61 0.6775067750677507 0.61
1 0.6111111111111112 0.614375 0.592140921409214 0.615625 0.5853658536585366 0.62125 0.5853658536585366 0.63125 0.5934959349593496 0.63625 0.6097560975609756 0.63625 0.6178861788617886 0.63375 0.6205962059620597 0.63 0.6178861788617886 0.61625 0.6111111111111112 0.614375
1 0.2696476964769648 0.59375 0.2669376693766938 0.598125 0.2804878048780488 0.605 0.2967479674796748 0.605 0.31029810298102983 0.6 0.31029810298102983 0.593125 0.2994579945799458 0.58875 0.28319783197831977 0.58875 0.2696476964769648 0.59375
1 0.8184281842818428 0.344375 0.8157181571815718 0.351875 0.8238482384823849 0.35875 0.8455284552845529 0.359375 0.8536585365853658 0.353125 0.8536585365853658 0.345625 0.8401084010840109 0.34125 0.8265582655826558 0.34125 0.8184281842818428 0.344375
1 0.6666666666666666 0.5525 0.6666666666666666 0.56375 0.6747967479674797 0.56875 0.6910569105691057 0.56875 0.6991869918699187 0.56625 0.7018970189701897 0.555625 0.6937669376693767 0.55 0.6747967479674797 0.55 0.6666666666666666 0.5525
1 0.2588075880758808 0.289375 0.2506775067750677 0.291875 0.25338753387533874 0.30125 0.2669376693766938 0.3075 0.29132791327913277 0.3075 0.2967479674796748 0.30375 0.2940379403794038 0.295625 0.28319783197831977 0.290625 0.2588075880758808 0.289375
1 0.481029810298103 0.69875 0.481029810298103 0.706875 0.489159891598916 0.71125 0.5013550135501355 0.713125 0.5230352303523035 0.709375 0.5257452574525745 0.7025 0.5149051490514905 0.696875 0.497289972899729 0.694375 0.481029810298103 0.69875
1 0.7533875338753387 0.324375 0.7398373983739838 0.324375 0.7289972899728997 0.32875 0.7262872628726287 0.33875 0.7317073170731707 0.343125 0.7398373983739838 0.345625 0.7533875338753387 0.345625 0.7588075880758808 0.34375 0.7642276422764228 0.33875 0.7615176151761518 0.326875 0.7533875338753387 0.324375
1 0.5149051490514905 0.63 0.5013550135501355 0.631875 0.494579945799458 0.635 0.494579945799458 0.639375 0.5067750677506775 0.64875 0.5257452574525745 0.650625 0.5392953929539296 0.64625 0.5392953929539296 0.638125 0.532520325203252 0.633125 0.5149051490514905 0.63
1 0.11924119241192412 0.3275 0.11788617886178862 0.33625 0.12872628726287264 0.34 0.15853658536585366 0.34 0.16937669376693767 0.335 0.16937669376693767 0.33125 0.15447154471544716 0.324375 0.13414634146341464 0.323125 0.11924119241192412 0.3275
1 0.5501355013550135 0.5275 0.5365853658536586 0.53125 0.5338753387533876 0.535625 0.540650406504065 0.544375 0.5528455284552846 0.5475 0.5636856368563685 0.546875 0.5745257452574526 0.54 0.5718157181571816 0.5325 0.5582655826558266 0.5275 0.5501355013550135 0.5275
1 0.6449864498644986 0.354375 0.6449864498644986 0.37125 0.6531165311653117 0.37375 0.6747967479674797 0.371875 0.6856368563685636 0.36125 0.6856368563685636 0.354375 0.6693766937669376 0.349375 0.6558265582655827 0.350625 0.6449864498644986 0.354375
1 0.6043360433604336 0.6725 0.5826558265582655 0.67375 0.5691056910569106 0.67875 0.5663956639566395 0.686875 0.5745257452574526 0.691875 0.5826558265582655 0.6925 0.6016260162601627 0.691875 0.6151761517615176 0.685625 0.6178861788617886 0.680625 0.6138211382113821 0.674375 0.6043360433604336 0.6725
1 0.5691056910569106 0.389375 0.5609756097560976 0.393125 0.5555555555555556 0.398125 0.5555555555555556 0.40375 0.5636856368563685 0.408125 0.5799457994579946 0.408125 0.5934959349593496 0.40375 0.5962059620596206 0.39625 0.5894308943089431 0.389375 0.5691056910569106 0.389375
1 0.7886178861788617 0.365 0.7859078590785907 0.375 0.7913279132791328 0.379375 0.8102981029810298 0.379375 0.8211382113821138 0.374375 0.8211382113821138 0.36625 0.8116531165311653 0.361875 0.7967479674796748 0.361875 0.7886178861788617 0.365
1 0.6802168021680217 0.37375 0.6747967479674797 0.376875 0.6747967479674797 0.384375 0.6802168021680217 0.389375 0.6937669376693767 0.39375 0.7127371273712737 0.3925 0.7154471544715447 0.378125 0.6991869918699187 0.3725 0.6802168021680217 0.37375
1 0.8346883468834688 0.3625 0.8292682926829268 0.365 0.8292682926829268 0.376875 0.8401084010840109 0.381875 0.8617886178861789 0.381875 0.8672086720867209 0.378125 0.8644986449864499 0.366875 0.8536585365853658 0.3625 0.8346883468834688 0.3625
1 0.31029810298102983 0.46625 0.3075880758807588 0.465 0.3021680216802168 0.46625 0.31029810298102983 0.46625
1 0.29132791327913277 0.435 0.2886178861788618 0.445 0.2940379403794038 0.449375 0.3075880758807588 0.45375 0.32113821138211385 0.45375 0.33062330623306235 0.45125 0.3346883468834688 0.443125 0.3238482384823848 0.435 0.29132791327913277 0.435
1 0.6205962059620597 0.288125 0.6178861788617886 0.2975 0.6233062330623306 0.30375 0.6314363143631436 0.30625 0.6476964769647696 0.30375 0.6558265582655827 0.2975 0.6531165311653117 0.285625 0.6314363143631436 0.28375 0.6205962059620597 0.288125
1 0.8970189701897019 0.44 0.8888888888888888 0.443125 0.8861788617886179 0.449375 0.8943089430894309 0.45375 0.9105691056910569 0.455 0.9214092140921409 0.45375 0.9295392953929539 0.45 0.9295392953929539 0.443125 0.9186991869918699 0.44 0.8970189701897019 0.44
1 0.7723577235772358 0.49625 0.7696476964769647 0.504375 0.7804878048780488 0.508125 0.7940379403794038 0.508125 0.8102981029810298 0.504375 0.8157181571815718 0.49875 0.8075880758807588 0.49 0.7859078590785907 0.49 0.7723577235772358 0.49625
1 0.6205962059620597 0.6525 0.6178861788617886 0.660625 0.6287262872628726 0.665625 0.6476964769647696 0.664375 0.6612466124661247 0.655625 0.6612466124661247 0.649375 0.6504065040650406 0.645625 0.6341463414634146 0.64625 0.6205962059620597 0.6525
1 0.4105691056910569 0.295625 0.3997289972899729 0.299375 0.3970189701897019 0.31 0.4105691056910569 0.314375 0.4349593495934959 0.314375 0.44308943089430897 0.311875 0.44579945799457993 0.3025 0.44173441734417346 0.299375 0.42140921409214094 0.295625 0.4105691056910569 0.295625
1 0.12471544715447155 0.36223999999999995 0.11025609756097561 0.35265250000000004 0.08856639566395663 0.35557062500000003 0.0930840108401084 0.36974312500000006 0.1265230352303523 0.371410625 0.12471544715447155 0.36223999999999995
1 0.2919051490514905 0.320138125 0.2756382113821138 0.31471937499999997 0.2593712737127371 0.32263937499999995 0.2702168021680217 0.3334775 0.2919051490514905 0.33264375 0.2919051490514905 0.320138125
1 0.04699457994579946 0.49313 0.018074525745257454 0.491045625 0.005422764227642276 0.49604750000000003 0.017170731707317075 0.5027174999999999 0.044283197831978316 0.503968125 0.04699457994579946 0.49313
1 0.22593360433604337 0.46811875000000003 0.23768157181571814 0.462283125 0.2241260162601626 0.451445 0.20334010840108402 0.4485275 0.19249457994579947 0.45478 0.19791734417344173 0.46686875 0.22593360433604337 0.46811875000000003
1 0.612730352303523 0.318054375 0.595559620596206 0.31680375 0.5847154471544715 0.325974375 0.6009823848238482 0.33472812500000004 0.6226720867208672 0.330559375 0.612730352303523 0.318054375
1 0.2292452574525745 0.49697625 0.21068834688346882 0.492444375 0.19977100271002712 0.498486875 0.2063211382113821 0.507046875 0.22706233062330625 0.506543125 0.2292452574525745 0.49697625
1 0.12990650406504065 0.580560625 0.12226422764227642 0.57351125 0.10152303523035232 0.572504375 0.08951490514905149 0.581568125 0.09497289972899729 0.58811375 0.11680623306233062 0.589624375 0.12990650406504065 0.580560625
1 0.284920054200542 0.51661375 0.3078441734417344 0.51611 0.31548644986449864 0.50553625 0.3089363143631436 0.498486875 0.29037804878048784 0.49748 0.271819783197832 0.49949375 0.26963685636856366 0.5075500000000001 0.284920054200542 0.51661375
1 0.42355826558265586 0.58811375 0.43993360433604334 0.58458875 0.43993360433604334 0.578546875 0.42355826558265586 0.572504375 0.40390921409214087 0.57200125 0.3951761517615176 0.57703625 0.4060921409214093 0.584085625 0.42355826558265586 0.58811375
1 0.5752981029810298 0.6586068749999999 0.543639566395664 0.662635 0.5381815718157181 0.674719375 0.5556476964769648 0.67925125 0.5829390243902439 0.6696843749999999 0.5752981029810298 0.6586068749999999
1 0.5130745257452575 0.608254375 0.49669918699186993 0.5991912500000001 0.46613279132791324 0.5991912500000001 0.46613279132791324 0.609261875 0.4792330623306233 0.616310625 0.5097994579945799 0.616814375 0.5130745257452575 0.608254375
1 0.7445027100271002 0.791033125 0.7259444444444444 0.776430625 0.7062953929539295 0.7779412499999999 0.7019281842818429 0.7940543750000001 0.703020325203252 0.79153625 0.7281287262872629 0.7995931249999999 0.7445027100271002 0.791033125