1 0.7750677506775068 0.424375 0.7886178861788617 0.429375 0.8170731707317073 0.43 0.8292682926829268 0.425 0.8292682926829268 0.420625 0.8238482384823849 0.416875 0.8116531165311653 0.41375 0.7804878048780488 0.416875 0.7750677506775068 0.41875 0.7750677506775068 0.424375
1 0.45121951219512196 0.6125 0.45934959349593496 0.615 0.46883468834688347 0.615 0.48644986449864497 0.61 0.489159891598916 0.598125 0.481029810298103 0.59375 0.462059620596206 0.591875 0.45121951219512196 0.59375 0.44850948509485095 0.596875 0.44579945799457993 0.609375 0.45121951219512196 0.6125
1 0.3943089430894309 0.633125 0.4132791327913279 0.639375 0.43089430894308944 0.639375 0.43766937669376693 0.63625 0.4349593495934959 0.620625 0.4186991869918699 0.615 0.4024390243902439 0.615 0.3915989159891599 0.62 0.3943089430894309 0.633125
1 0.5636856368563685 0.50125 0.5799457994579946 0.50625 0.5934959349593496 0.50625 0.6043360433604336 0.49875 0.6016260162601627 0.489375 0.5907859078590786 0.483125 0.5677506775067751 0.48375 0.5609756097560976 0.4875 0.5636856368563685 0.50125
1 0.12872628726287264 0.34125 0.13956639566395665 0.345625 0.17208672086720866 0.345625 0.17479674796747968 0.333125 0.16395663956639567 0.3275 0.13414634146341464 0.325625 0.12872628726287264 0.32875 0.12330623306233063 0.335 0.12872628726287264 0.34125
1 0.5257452574525745 0.413125 0.5609756097560976 0.415625 0.5718157181571816 0.413125 0.5799457994579946 0.408125 0.5609756097560976 0.40125 0.5284552845528455 0.40125 0.5230352303523035 0.40375 0.5257452574525745 0.413125
1 0.481029810298103 0.410625 0.491869918699187 0.418125 0.5121951219512195 0.418125 0.5203252032520326 0.415625 0.5230352303523035 0.39875 0.5094850948509485 0.39375 0.491869918699187 0.39375 0.481029810298103 0.39875 0.481029810298103 0.410625
1 0.21544715447154472 0.4 0.22899728997289973 0.3975 0.23712737127371275 0.39125 0.23712737127371275 0.3825 0.23306233062330622 0.380625 0.22628726287262874 0.378125 0.21544715447154472 0.378125 0.2046070460704607 0.379375 0.19647696476964768 0.383125 0.19647696476964768 0.398125 0.21544715447154472 0.4
1 0.6205962059620597 0.46875 0.6449864498644986 0.471875 0.6598915989159891 0.47 0.6612466124661247 0.4625 0.6544715447154471 0.455 0.6449864498644986 0.4525 0.6233062330623306 0.4525 0.6178861788617886 0.455 0.6151761517615176 0.46375 0.6205962059620597 0.46875
1 0.8319783197831978 0.408125 0.8482384823848238 0.408125 0.8617886178861789 0.4025 0.8672086720867209 0.395625 0.8672086720867209 0.3875 0.8590785907859079 0.3825 0.8401084010840109 0.381875 0.8238482384823849 0.39125 0.8211382113821138 0.40375 0.8319783197831978 0.408125
1 0.6422764227642277 0.3325 0.6531165311653117 0.335 0.6693766937669376 0.3325 0.6775067750677507 0.325625 0.6775067750677507 0.319375 0.6720867208672087 0.314375 0.6612466124661247 0.31125 0.6504065040650406 0.31125 0.6395663956639567 0.315625 0.6368563685636857 0.325 0.6422764227642277 0.3325
1 0.2859078590785908 0.306875 0.2967479674796748 0.31 0.3048780487804878 0.31 0.3238482384823848 0.301875 0.3265582655826558 0.290625 0.3157181571815718 0.288125 0.3021680216802168 0.288125 0.2899728997289973 0.29375 0.2859078590785908 0.296875 0.2859078590785908 0.306875
1 0.6747967479674797 0.566875 0.6802168021680217 0.570625 0.6991869918699187 0.575625 0.7235772357723578 0.57375 0.7344173441734417 0.56875 0.7317073170731707 0.560625 0.7222222222222222 0.556875 0.6910569105691057 0.555625 0.6788617886178862 0.558125 0.6747967479674797 0.560625 0.6747967479674797 0.566875
1 0.8292682926829268 0.478125 0.8401084010840109 0.484375 0.8536585365853658 0.484375 0.8644986449864499 0.479375 0.8672086720867209 0.46875 0.8536585365853658 0.46125 0.8373983739837398 0.46375 0.8292682926829268 0.469375 0.8292682926829268 0.478125
1 0.489159891598916 0.465 0.5 0.46875 0.5203252032520326 0.468125 0.5284552845528455 0.46125 0.5284552845528455 0.451875 0.5230352303523035 0.445625 0.5121951219512195 0.4425 0.497289972899729 0.441875 0.483739837398374 0.4475 0.481029810298103 0.45625 0.489159891598916 0.465
1 0.23441734417344173 0.324375 0.24254742547425473 0.33 0.25609756097560976 0.335625 0.2777777777777778 0.33375 0.28319783197831977 0.32875 0.2804878048780488 0.32 0.26151761517615174 0.3125 0.23848238482384823 0.31375 0.23441734417344173 0.315625 0.23441734417344173 0.324375
1 0.6666666666666666 0.465625 0.6856368563685636 0.465 0.6964769647696477 0.46125 0.7018970189701897 0.45625 0.7018970189701897 0.448125 0.6856368563685636 0.443125 0.6693766937669376 0.444375 0.6585365853658537 0.45 0.6558265582655827 0.45625 0.6666666666666666 0.465625
1 0.5284552845528455 0.619375 0.540650406504065 0.62 0.5663956639566395 0.613125 0.5718157181571816 0.6075 0.5718157181571816 0.6 0.5609756097560976 0.59375 0.5501355013550135 0.59375 0.5311653116531165 0.598125 0.5203252032520326 0.605625 0.5176151761517616 0.614375 0.5284552845528455 0.619375
1 0.8346883468834688 0.508125 0.8563685636856369 0.50875 0.8699186991869918 0.504375 0.8726287262872628 0.494375 0.8604336043360433 0.486875 0.8428184281842819 0.486875 0.8265582655826558 0.4925 0.8238482384823849 0.50125 0.8346883468834688 0.508125
1 0.3075880758807588 0.42875 0.31842818428184283 0.435 0.33739837398373984 0.43625 0.34552845528455284 0.4325 0.34823848238482386 0.426875 0.34552845528455284 0.41625 0.3319783197831978 0.413125 0.32113821138211385 0.413125 0.3130081300813008 0.415625 0.3075880758807588 0.420625 0.3075880758807588 0.42875
1 0.3075880758807588 0.77125 0.32926829268292684 0.7725 0.34010840108401086 0.769375 0.3428184281842818 0.76125 0.33739837398373984 0.756875 0.31842818428184283 0.75625 0.3048780487804878 0.759375 0.3021680216802168 0.769375 0.3075880758807588 0.77125
1 0.3319783197831978 0.821875 0.3428184281842818 0.826875 0.35365853658536583 0.82875 0.37533875338753386 0.825625 0.3861788617886179 0.81875 0.3861788617886179 0.814375 0.3699186991869919 0.808125 0.35365853658536583 0.808125 0.33875338753387535 0.8125 0.3319783197831978 0.816875 0.3319783197831978 0.821875
1 0.6151761517615176 0.434375 0.6300813008130082 0.4325 0.6395663956639567 0.4275 0.6395663956639567 0.414375 0.6314363143631436 0.410625 0.6151761517615176 0.410625 0.6043360433604336 0.415625 0.6043360433604336 0.43125 0.6151761517615176 0.434375
1 0.07994579945799458 0.39625 0.08536585365853659 0.400625 0.1016260162601626 0.4025 0.11382113821138211 0.40125 0.12330623306233063 0.39375 0.12330623306233063 0.385625 0.1070460704607046 0.380625 0.0989159891598916 0.380625 0.08672086720867209 0.384375 0.07994579945799458 0.388125 0.07994579945799458 0.39625
1 0.3048780487804878 0.52375 0.31842818428184283 0.52375 0.3346883468834688 0.51625 0.34010840108401086 0.508125 0.33062330623306235 0.50125 0.3130081300813008 0.50125 0.2967479674796748 0.509375 0.2967479674796748 0.52125 0.3048780487804878 0.52375
1 0.27235772357723576 0.583125 0.28319783197831977 0.588125 0.3021680216802168 0.58875 0.3157181571815718 0.58625 0.32113821138211385 0.583125 0.32113821138211385 0.569375 0.3157181571815718 0.5675 0.29132791327913277 0.5675 0.2764227642276423 0.5725 0.27235772357723576 0.575625 0.27235772357723576 0.583125
1 0.6314363143631436 0.509375 0.6395663956639567 0.51125 0.6612466124661247 0.51125 0.6720867208672087 0.50875 0.6734417344173442 0.496875 0.6531165311653117 0.4925 0.6341463414634146 0.495 0.6287262872628726 0.4975 0.6314363143631436 0.509375
1 0.44308943089430897 0.49875 0.462059620596206 0.4975 0.47560975609756095 0.491875 0.47560975609756095 0.480625 0.46476964769647694 0.476875 0.44579945799457993 0.476875 0.43224932249322495 0.479375 0.4241192411924119 0.484375 0.4241192411924119 0.494375 0.44308943089430897 0.49875
1 0.7831978319783198 0.586875 0.7940379403794038 0.591875 0.8048780487804879 0.59375 0.8333333333333334 0.5925 0.8373983739837398 0.58375 0.8319783197831978 0.58 0.8197831978319783 0.576875 0.7913279132791328 0.576875 0.7831978319783198 0.579375 0.7831978319783198 0.586875
1 0.5663956639566395 0.441875 0.5880758807588076 0.444375 0.6070460704607046 0.439375 0.6043360433604336 0.43 0.5907859078590786 0.425 0.5663956639566395 0.425 0.5582655826558266 0.42875 0.5555555555555556 0.435 0.5663956639566395 0.441875
1 0.5040650406504065 0.343125 0.5230352303523035 0.348125 0.5447154471544715 0.345625 0.5528455284552846 0.340625 0.5528455284552846 0.335625 0.5474254742547425 0.33125 0.5365853658536586 0.3275 0.5121951219512195 0.32875 0.5013550135501355 0.33375 0.5040650406504065 0.343125
1 0.5813008130081301 0.5975 0.5880758807588076 0.6 0.6016260162601627 0.6 0.6233062330623306 0.59375 0.6287262872628726 0.58375 0.6205962059620597 0.5775 0.6070460704607046 0.5775 0.5962059620596206 0.58 0.5799457994579946 0.588125 0.5772357723577236 0.591875 0.5813008130081301 0.5975
1 0.1802168021680217 0.650625 0.2005420054200542 0.65125 0.21680216802168023 0.648125 0.22086720867208673 0.63875 0.2127371273712737 0.63375 0.2018970189701897 0.63125 0.18834688346883469 0.63125 0.17344173441734417 0.635 0.16937669376693767 0.644375 0.1802168021680217 0.650625
1 0.3157181571815718 0.34375 0.33604336043360433 0.34375 0.35365853658536583 0.335625 0.35365853658536583 0.326875 0.34010840108401086 0.3225 0.31842818428184283 0.3225 0.3021680216802168 0.32875 0.2994579945799458 0.338125 0.3157181571815718 0.34375
1 0.3888888888888889 0.4875 0.3997289972899729 0.489375 0.4159891598915989 0.489375 0.42140921409214094 0.4875 0.4268292682926829 0.480625 0.42140921409214094 0.473125 0.4159891598915989 0.473125 0.4078590785907859 0.469375 0.3861788617886179 0.469375 0.3807588075880759 0.473125 0.3780487804878049 0.476875 0.3888888888888889 0.4875
1 0.18834688346883469 0.350625 0.22086720867208673 0.353125 0.23306233062330622 0.35 0.23983739837398374 0.345625 0.23983739837398374 0.34125 0.23170731707317074 0.33625 0.2127371273712737 0.33375 0.18834688346883469 0.33375 0.1802168021680217 0.33625 0.17750677506775067 0.345625 0.18834688346883469 0.350625
1 0.36720867208672087 0.675 0.3915989159891599 0.675 0.4105691056910569 0.6675 0.4105691056910569 0.66 0.3983739837398374 0.655625 0.38346883468834686 0.65625 0.3699186991869919 0.660625 0.36449864498644985 0.665625 0.3617886178861789 0.671875 0.36720867208672087 0.675
1 0.7859078590785907 0.571875 0.7940379403794038 0.57625 0.8075880758807588 0.575625 0.8238482384823849 0.566875 0.8238482384823849 0.56 0.8130081300813008 0.555625 0.7913279132791328 0.55875 0.7859078590785907 0.5625 0.7859078590785907 0.571875
1 0.3130081300813008 0.60375 0.3319783197831978 0.605 0.34417344173441733 0.6025 0.3509485094850949 0.598125 0.34823848238482386 0.593125 0.32926829268292684 0.585 0.31842818428184283 0.585 0.3021680216802168 0.589375 0.2994579945799458 0.598125 0.3130081300813008 0.60375
1 0.35365853658536583 0.596875 0.37533875338753386 0.593125 0.3861788617886179 0.58625 0.3861788617886179 0.579375 0.3780487804878049 0.57375 0.35636856368563685 0.57375 0.3428184281842818 0.579375 0.34010840108401086 0.588125 0.35365853658536583 0.596875
1 0.5257452574525745 0.64875 0.5501355013550135 0.644375 0.5609756097560976 0.639375 0.5636856368563685 0.63125 0.5528455284552846 0.62625 0.5338753387533876 0.625 0.5149051490514905 0.629375 0.5040650406504065 0.63625 0.5040650406504065 0.64625 0.5257452574525745 0.64875
1 0.2926829268292683 0.68125 0.3048780487804878 0.685 0.3238482384823848 0.685 0.34010840108401086 0.680625 0.34010840108401086 0.670625 0.33062330623306235 0.665625 0.3075880758807588 0.665625 0.2994579945799458 0.668125 0.2886178861788618 0.673125 0.2926829268292683 0.68125
1 0.23170731707317074 0.646875 0.2506775067750677 0.64875 0.27235772357723576 0.644375 0.2750677506775068 0.633125 0.2669376693766938 0.62875 0.24254742547425473 0.629375 0.22899728997289973 0.634375 0.22628726287262874 0.64125 0.23170731707317074 0.646875
1 0.34417344173441733 0.38625 0.3509485094850949 0.3875 0.3699186991869919 0.386875 0.38346883468834686 0.376875 0.38346883468834686 0.371875 0.37262872628726285 0.36625 0.3617886178861789 0.36625 0.3428184281842818 0.374375 0.34010840108401086 0.381875 0.34417344173441733 0.38625
1 0.3915989159891599 0.508125 0.4024390243902439 0.5125 0.4186991869918699 0.51625 0.44579945799457993 0.51375 0.44850948509485095 0.508125 0.44037940379403795 0.500625 0.4132791327913279 0.495 0.3970189701897019 0.49625 0.3915989159891599 0.49875 0.3915989159891599 0.508125
1 0.3617886178861789 0.615 0.3888888888888889 0.6125 0.3997289972899729 0.605625 0.3997289972899729 0.598125 0.3915989159891599 0.59375 0.37262872628726285 0.59375 0.35636856368563685 0.598125 0.35365853658536583 0.610625 0.3617886178861789 0.615
1 0.5338753387533876 0.30125 0.5501355013550135 0.306875 0.5663956639566395 0.306875 0.5772357723577236 0.29875 0.5772357723577236 0.293125 0.5718157181571816 0.288125 0.5555555555555556 0.28375 0.5392953929539296 0.285625 0.5338753387533876 0.289375 0.5338753387533876 0.30125
1 0.25609756097560976 0.358125 0.2696476964769648 0.358125 0.2804878048780488 0.355625 0.2967479674796748 0.345625 0.29132791327913277 0.33625 0.28319783197831977 0.33375 0.26151761517615174 0.335 0.24525745257452575 0.34125 0.24254742547425473 0.35125 0.25609756097560976 0.358125
1 0.2859078590785908 0.645625 0.3062330623306233 0.64625 0.32113821138211385 0.644375 0.3319783197831978 0.64 0.32926829268292684 0.629375 0.31842818428184283 0.626875 0.2940379403794038 0.626875 0.2777777777777778 0.631875 0.2750677506775068 0.64125 0.2859078590785908 0.645625
1 0.7181571815718157 0.708125 0.7289972899728997 0.71375 0.7466124661246613 0.715 0.7615176151761518 0.711875 0.7669376693766937 0.701875 0.7560975609756098 0.694375 0.7371273712737128 0.6925 0.7235772357723578 0.696875 0.7181571815718157 0.700625 0.7181571815718157 0.708125
1 0.3943089430894309 0.4275 0.3997289972899729 0.431875 0.4132791327913279 0.436875 0.43766937669376693 0.436875 0.44308943089430897 0.43375 0.44037940379403795 0.419375 0.42140921409214094 0.415625 0.3997289972899729 0.418125 0.3943089430894309 0.420625 0.3943089430894309 0.4275
1 0.23035230352303523 0.61875 0.24525745257452575 0.6225 0.27235772357723576 0.619375 0.2777777777777778 0.609375 0.2696476964769648 0.60375 0.24525745257452575 0.6025 0.23035230352303523 0.605625 0.22628726287262874 0.609375 0.23035230352303523 0.61875
1 0.5772357723577236 0.28625 0.5880758807588076 0.288125 0.6043360433604336 0.288125 0.6178861788617886 0.285625 0.6314363143631436 0.27875 0.6314363143631436 0.2725 0.6260162601626016 0.26875 0.6151761517615176 0.26625 0.5853658536585366 0.26875 0.5718157181571816 0.27375 0.5691056910569106 0.281875 0.5772357723577236 0.28625
1 0.5392953929539296 0.37 0.5474254742547425 0.374375 0.5718157181571816 0.37375 0.5880758807588076 0.364375 0.5880758807588076 0.35625 0.5745257452574526 0.351875 0.5609756097560976 0.351875 0.5501355013550135 0.355625 0.5392953929539296 0.3625 0.5392953929539296 0.37
1 0.31842818428184283 0.478125 0.3346883468834688 0.47625 0.34010840108401086 0.473125 0.33739837398373984 0.46 0.3265582655826558 0.455625 0.3130081300813008 0.455625 0.3048780487804878 0.45875 0.3048780487804878 0.474375 0.31842818428184283 0.478125
1 0.2804878048780488 0.625 0.2886178861788618 0.626875 0.32113821138211385 0.624375 0.3346883468834688 0.619375 0.33739837398373984 0.615625 0.33739837398373984 0.61125 0.32791327913279134 0.605 0.2994579945799458 0.605625 0.2777777777777778 0.6125 0.2750677506775068 0.62 0.2804878048780488 0.625
1 0.5636856368563685 0.3875 0.5677506775067751 0.390625 0.5772357723577236 0.39375 0.5907859078590786 0.39375 0.5989159891598916 0.39125 0.6070460704607046 0.384375 0.6070460704607046 0.379375 0.5962059620596206 0.375 0.5691056910569106 0.375 0.5636856368563685 0.379375 0.5636856368563685 0.3875
1 0.5392953929539296 0.805625 0.5474254742547425 0.810625 0.5704607046070461 0.8125 0.5826558265582655 0.805 0.5799457994579946 0.795625 0.5663956639566395 0.790625 0.5433604336043361 0.791875 0.5392953929539296 0.795 0.5392953929539296 0.805625
1 0.4241192411924119 0.375 0.44986449864498645 0.375625 0.46476964769647694 0.369375 0.46476964769647694 0.361875 0.45663956639566394 0.358125 0.43766937669376693 0.356875 0.42953929539295393 0.358125 0.42140921409214094 0.3625 0.4186991869918699 0.3725 0.4241192411924119 0.375
1 0.4078590785907859 0.606875 0.42140921409214094 0.613125 0.4444444444444444 0.61 0.44308943089430897 0.595 0.43224932249322495 0.589375 0.4132791327913279 0.59 0.4051490514905149 0.59375 0.4078590785907859 0.606875
1 0.2886178861788618 0.475625 0.2994579945799458 0.470625 0.2994579945799458 0.4625 0.2940379403794038 0.45875 0.2669376693766938 0.45875 0.25474254742547425 0.464375 0.25609756097560976 0.475625 0.2886178861788618 0.475625
1 0.2777777777777778 0.81 0.2953929539295393 0.810625 0.3075880758807588 0.806875 0.31029810298102983 0.796875 0.3035230352303523 0.790625 0.2926829268292683 0.7875 0.2804878048780488 0.7875 0.26422764227642276 0.7925 0.26151761517615174 0.8 0.2777777777777778 0.81
1 0.08807588075880758 0.3325 0.0921409214092141 0.335 0.1043360433604336 0.338125 0.12330623306233063 0.33625 0.13008130081300814 0.3275 0.13685636856368563 0.324375 0.13143631436314362 0.32 0.11924119241192412 0.3175 0.09349593495934959 0.32 0.08807588075880758 0.324375 0.08807588075880758 0.3325
1 0.7669376693766937 0.398125 0.7723577235772358 0.403125 0.7886178861788617 0.408125 0.7994579945799458 0.408125 0.8075880758807588 0.405625 0.8130081300813008 0.4025 0.8130081300813008 0.39625 0.8048780487804879 0.389375 0.7967479674796748 0.386875 0.7750677506775068 0.3875 0.7669376693766937 0.3925 0.7669376693766937 0.398125
1 0.8482384823848238 0.57875 0.8590785907859079 0.581875 0.8726287262872628 0.58125 0.8807588075880759 0.5775 0.8807588075880759 0.565625 0.8672086720867209 0.55875 0.8536585365853658 0.55875 0.8455284552845529 0.5625 0.8428184281842819 0.5675 0.8482384823848238 0.57875
1 0.44037940379403795 0.795 0.462059620596206 0.795625 0.47289972899729 0.7925 0.47560975609756095 0.783125 0.46476964769647694 0.775 0.44850948509485095 0.77375 0.43089430894308944 0.7775 0.4268292682926829 0.7875 0.44037940379403795 0.795
1 0.7533875338753387 0.451875 0.7696476964769647 0.451875 0.7777777777777778 0.449375 0.7804878048780488 0.4375 0.7682926829268293 0.43125 0.7533875338753387 0.429375 0.7398373983739838 0.4325 0.7371273712737128 0.439375 0.7533875338753387 0.451875
1 0.3075880758807588 0.314375 0.3157181571815718 0.321875 0.33875338753387535 0.3225 0.35636856368563685 0.315625 0.35636856368563685 0.30875 0.3428184281842818 0.3025 0.3265582655826558 0.3025 0.3143631436314363 0.305625 0.3075880758807588 0.31 0.3075880758807588 0.314375
1 0.07994579945799458 0.72875 0.08536585365853659 0.733125 0.1043360433604336 0.733125 0.12059620596205962 0.726875 0.12330623306233063 0.72 0.11246612466124661 0.711875 0.09078590785907859 0.713125 0.07994579945799458 0.72 0.07994579945799458 0.72875
1 0.5392953929539296 0.571875 0.5663956639566395 0.574375 0.5772357723577236 0.57375 0.5826558265582655 0.57125 0.5826558265582655 0.556875 0.5474254742547425 0.555625 0.5392953929539296 0.5575 0.5338753387533876 0.561875 0.5392953929539296 0.571875
1 0.5230352303523035 0.47875 0.5311653116531165 0.483125 0.5501355013550135 0.483125 0.5609756097560976 0.478125 0.5636856368563685 0.46625 0.5501355013550135 0.46125 0.5365853658536586 0.46125 0.5257452574525745 0.465625 0.5203252032520326 0.470625 0.5230352303523035 0.47875
1 0.497289972899729 0.545625 0.5176151761517616 0.545625 0.5311653116531165 0.54 0.5284552845528455 0.533125 0.5176151761517616 0.529375 0.489159891598916 0.529375 0.481029810298103 0.5325 0.481029810298103 0.540625 0.497289972899729 0.545625
1 0.36449864498644985 0.3125 0.3983739837398374 0.3125 0.4078590785907859 0.3075 0.4078590785907859 0.3 0.3915989159891599 0.29375 0.3617886178861789 0.293125 0.3509485094850949 0.296875 0.34823848238482386 0.30375 0.36449864498644985 0.3125
1 0.8672086720867209 0.481875 0.8753387533875339 0.4875 0.8888888888888888 0.49125 0.9065040650406504 0.49 0.9105691056910569 0.4875 0.907859078590786 0.475625 0.8929539295392954 0.470625 0.8726287262872628 0.470625 0.8672086720867209 0.473125 0.8672086720867209 0.481875
1 0.5311653116531165 0.586875 0.5474254742547425 0.59125 0.5582655826558266 0.591875 0.5785907859078591 0.58875 0.5907859078590786 0.581875 0.5907859078590786 0.576875 0.5853658536585366 0.57375 0.559620596205962 0.574375 0.5420054200542005 0.5725 0.532520325203252 0.575 0.5284552845528455 0.57875 0.5311653116531165 0.586875
1 0.5691056910569106 0.64625 0.5799457994579946 0.649375 0.6016260162601627 0.64875 0.6124661246612466 0.64375 0.6124661246612466 0.634375 0.6029810298102981 0.63125 0.5853658536585366 0.63 0.5663956639566395 0.634375 0.5636856368563685 0.64125 0.5691056910569106 0.64625
1 0.46476964769647694 0.441875 0.481029810298103 0.441875 0.4905149051490515 0.44 0.494579945799458 0.436875 0.491869918699187 0.4275 0.4796747967479675 0.424375 0.462059620596206 0.4225 0.44579945799457993 0.4275 0.44579945799457993 0.436875 0.46476964769647694 0.441875
1 0.5907859078590786 0.35125 0.6016260162601627 0.355625 0.6205962059620597 0.355625 0.6273712737127372 0.35375 0.6314363143631436 0.349375 0.6314363143631436 0.338125 0.6151761517615176 0.33125 0.592140921409214 0.33375 0.5880758807588076 0.33625 0.5907859078590786 0.35125
1 0.5880758807588076 0.6225 0.6070460704607046 0.623125 0.6205962059620597 0.618125 0.6205962059620597 0.609375 0.6097560975609756 0.603125 0.5907859078590786 0.601875 0.5772357723577236 0.605625 0.5745257452574526 0.615625 0.5880758807588076 0.6225
1 0.5799457994579946 0.33375 0.5989159891598916 0.33125 0.6043360433604336 0.325625 0.6043360433604336 0.319375 0.5989159891598916 0.315625 0.5772357723577236 0.314375 0.5609756097560976 0.32 0.5609756097560976 0.330625 0.5799457994579946 0.33375
1 0.24254742547425473 0.783125 0.25338753387533874 0.7875 0.2804878048780488 0.7875 0.2994579945799458 0.779375 0.2967479674796748 0.7725 0.2899728997289973 0.76875 0.25338753387533874 0.7725 0.24254742547425473 0.77625 0.24254742547425473 0.783125
1 0.6192411924119241 0.490625 0.6260162601626016 0.4925 0.6490514905149052 0.4925 0.6558265582655827 0.4875 0.6531165311653117 0.476875 0.6368563685636857 0.47125 0.6260162601626016 0.47125 0.6151761517615176 0.47625 0.6124661246612466 0.485 0.6192411924119241 0.490625
1 0.1937669376693767 0.5 0.2140921409214092 0.501875 0.22899728997289973 0.49875 0.23170731707317074 0.4875 0.21951219512195122 0.480625 0.19647696476964768 0.480625 0.18834688346883469 0.484375 0.1856368563685637 0.4925 0.1937669376693767 0.5
1 0.3048780487804878 0.665 0.33604336043360433 0.665 0.3428184281842818 0.6575 0.3428184281842818 0.651875 0.33875338753387535 0.649375 0.3319783197831978 0.64625 0.3048780487804878 0.64625 0.2994579945799458 0.6525 0.3048780487804878 0.665
1 0.32926829268292684 0.454375 0.3523035230352303 0.45625 0.36449864498644985 0.45375 0.37533875338753386 0.4475 0.37533875338753386 0.438125 0.35501355013550134 0.43625 0.33739837398373984 0.4375 0.3265582655826558 0.444375 0.3238482384823848 0.449375 0.32926829268292684 0.454375
1 0.48644986449864497 0.270625 0.5121951219512195 0.26875 0.5284552845528455 0.26 0.5257452574525745 0.2525 0.5094850948509485 0.248125 0.481029810298103 0.250625 0.470189701897019 0.255625 0.470189701897019 0.26625 0.48644986449864497 0.270625
1 0.6368563685636857 0.63875 0.6558265582655827 0.64125 0.6747967479674797 0.63625 0.6747967479674797 0.62625 0.6639566395663956 0.6225 0.6476964769647696 0.623125 0.6314363143631436 0.626875 0.6287262872628726 0.63625 0.6368563685636857 0.63875
1 0.32926829268292684 0.63125 0.3319783197831978 0.634375 0.3428184281842818 0.636875 0.36449864498644985 0.63625 0.3807588075880759 0.629375 0.3807588075880759 0.623125 0.3699186991869919 0.618125 0.34552845528455284 0.6175 0.3333333333333333 0.621875 0.32926829268292684 0.624375 0.32926829268292684 0.63125
1 0.2714078590785908 0.417091875 0.28041192411924115 0.404039375 0.2662628726287263 0.39751312499999997 0.2418238482384824 0.39692 0.22381571815718154 0.40581937500000004 0.2341056910569106 0.41649875000000003 0.24825474254742547 0.42183875 0.2714078590785908 0.417091875
1 0.39103387533875344 0.42955125000000005 0.39360569105691057 0.417685625 0.3653075880758807 0.415311875 0.3485853658536585 0.42302500000000004 0.353730352303523 0.43311124999999995 0.37945663956639564 0.43845125 0.39103387533875344 0.42955125000000005