1 0.6021594684385382 0.238125 0.6104651162790697 0.241875 0.6146179401993356 0.24875 0.6121262458471761 0.261875 0.6029900332225914 0.2675 0.5880398671096345 0.265625 0.5838870431893688 0.26 0.5863787375415282 0.2475 0.5946843853820598 0.24 0.6013289036544851 0.238125
1 0.6769102990033222 0.263125 0.686046511627907 0.266875 0.6877076411960132 0.275625 0.6818936877076412 0.2825 0.6727574750830565 0.28625 0.6644518272425249 0.28625 0.6561461794019934 0.283125 0.6528239202657807 0.280625 0.6528239202657807 0.27375 0.6553156146179402 0.2675 0.659468438538206 0.264375 0.6644518272425249 0.2625 0.6760797342192691 0.263125
1 0.5506644518272426 0.351875 0.5556478405315615 0.355625 0.5556478405315615 0.365 0.5514950166112956 0.370625 0.5406976744186046 0.376875 0.5307308970099668 0.376875 0.526578073089701 0.375 0.521594684385382 0.370625 0.521594684385382 0.36375 0.5332225913621262 0.3525 0.5390365448504983 0.350625 0.5498338870431894 0.351875
1 0.7358803986710963 0.578125 0.7450166112956811 0.580625 0.7516611295681063 0.5875 0.75 0.59625 0.7367109634551495 0.601875 0.7259136212624585 0.599375 0.7142857142857143 0.589375 0.7151162790697675 0.585 0.7192691029900332 0.58125 0.7350498338870431 0.578125
1 0.49335548172757476 0.49375 0.5 0.4975 0.5016611295681063 0.50625 0.4983388704318937 0.510625 0.4883720930232558 0.515 0.473421926910299 0.51375 0.46677740863787376 0.5075 0.4659468438538206 0.50125 0.4684385382059801 0.4975 0.47591362126245845 0.49375 0.4925249169435216 0.49375
1 0.6677740863787376 0.460625 0.6785714285714286 0.4625 0.6827242524916943 0.466875 0.6827242524916943 0.47375 0.6794019933554817 0.478125 0.6677740863787376 0.483125 0.6528239202657807 0.480625 0.6461794019933554 0.47625 0.643687707641196 0.470625 0.6486710963455149 0.463125 0.6669435215946844 0.460625
1 0.6237541528239202 0.5721875 0.03820598006644518 0.024375
1 0.7192691029900332 0.41625 0.7317275747508306 0.42875 0.7308970099667774 0.435 0.7267441860465116 0.43875 0.7209302325581395 0.44 0.7117940199335548 0.434375 0.707641196013289 0.425 0.7084717607973422 0.420625 0.7134551495016611 0.416875 0.71843853820598 0.41625
1 0.8696013289036545 0.6175 0.8770764119601329 0.621875 0.8820598006644518 0.629375 0.8803986710963455 0.639375 0.8762458471760798 0.643125 0.8704318936877077 0.644375 0.8554817275747508 0.6425 0.8480066445182725 0.634375 0.8480066445182725 0.626875 0.8513289036544851 0.62125 0.8604651162790697 0.616875 0.8687707641196013 0.6175
1 0.7724252491694352 0.599375 0.7857142857142857 0.603125 0.7915282392026578 0.609375 0.7915282392026578 0.616875 0.782392026578073 0.62375 0.7641196013289037 0.620625 0.7541528239202658 0.611875 0.7549833887043189 0.606875 0.7599667774086378 0.6025 0.771594684385382 0.599375
1 0.7873754152823921 0.258125 0.7940199335548173 0.264375 0.7940199335548173 0.271875 0.7857142857142857 0.279375 0.7740863787375415 0.2825 0.7558139534883721 0.279375 0.7533222591362126 0.276875 0.7533222591362126 0.27125 0.7583056478405316 0.264375 0.7666112956810631 0.25875 0.7724252491694352 0.256875 0.7865448504983389 0.258125
1 0.8006644518272426 0.549375 0.8114617940199336 0.551875 0.8181063122923588 0.561875 0.813953488372093 0.57 0.8048172757475083 0.573125 0.7931893687707641 0.57125 0.7865448504983389 0.56625 0.7840531561461794 0.56125 0.7865448504983389 0.55375 0.792358803986711 0.55 0.7998338870431894 0.549375
1 0.8338870431893688 0.43125 0.8480066445182725 0.435625 0.8554817275747508 0.44125 0.856312292358804 0.45125 0.8504983388704319 0.45625 0.845514950166113 0.4575 0.8322259136212624 0.4575 0.8181063122923588 0.45125 0.8131229235880398 0.44625 0.8131229235880398 0.440625 0.8164451827242525 0.435625 0.8239202657807309 0.43125 0.8330564784053156 0.43125
1 0.574750830564784 0.35875 0.5830564784053156 0.363125 0.5872093023255814 0.3725 0.5830564784053156 0.384375 0.5755813953488372 0.38875 0.5647840531561462 0.3875 0.5548172757475083 0.37625 0.5548172757475083 0.369375 0.5598006644518272 0.3625 0.5664451827242525 0.35875 0.5739202657807309 0.35875
1 0.6420265780730897 0.22125 0.6503322259136213 0.226875 0.6528239202657807 0.23625 0.6511627906976745 0.239375 0.6395348837209303 0.24625 0.6245847176079734 0.24375 0.6137873754152824 0.236875 0.6129568106312292 0.233125 0.6229235880398671 0.221875 0.6287375415282392 0.22 0.6411960132890365 0.22125
1 0.728405315614618 0.49625 0.7342192691029901 0.5025 0.7333887043189369 0.50875 0.7300664451827242 0.51375 0.7200996677740864 0.519375 0.7093023255813954 0.51875 0.7034883720930233 0.515 0.7051495016611296 0.503125 0.7117940199335548 0.496875 0.7275747508305648 0.49625
1 0.4867109634551495 0.466875 0.4941860465116279 0.47 0.4983388704318937 0.476875 0.49667774086378735 0.485625 0.4900332225913621 0.491875 0.4750830564784053 0.490625 0.4692691029900332 0.483125 0.4692691029900332 0.475625 0.47259136212624586 0.47 0.47840531561461797 0.466875 0.48588039867109634 0.466875
1 0.5996677740863787 0.488125 0.6088039867109635 0.49125 0.6179401993355482 0.498125 0.6196013289036545 0.501875 0.6187707641196013 0.50875 0.6088039867109635 0.514375 0.5971760797342193 0.5125 0.590531561461794 0.5075 0.5863787375415282 0.500625 0.5880398671096345 0.49125 0.5988372093023255 0.488125
1 0.5498338870431894 0.63375 0.5548172757475083 0.639375 0.5539867109634552 0.648125 0.5465116279069767 0.6575 0.5390365448504983 0.66125 0.5332225913621262 0.66125 0.5240863787375415 0.6575 0.521594684385382 0.65125 0.5224252491694352 0.644375 0.532392026578073 0.635 0.5373754152823921 0.633125 0.5490033222591362 0.63375
1 0.6370431893687708 0.411875 0.6411960132890365 0.41625 0.6420265780730897 0.424375 0.6337209302325582 0.4325 0.6262458471760798 0.43625 0.6121262458471761 0.433125 0.6079734219269103 0.42875 0.6088039867109635 0.424375 0.622093023255814 0.41375 0.627906976744186 0.41125 0.6362126245847176 0.411875
1 0.6569767441860465 0.426875 0.6611295681063123 0.43125 0.6627906976744186 0.439375 0.654485049833887 0.449375 0.6453488372093024 0.453125 0.6362126245847176 0.4525 0.627906976744186 0.445625 0.6270764119601329 0.44 0.6428571428571429 0.424375 0.6511627906976745 0.42375 0.6561461794019934 0.426875
1 0.7724252491694352 0.353125 0.7931893687707641 0.358125 0.7998338870431894 0.36625 0.7998338870431894 0.375625 0.7931893687707641 0.383125 0.7799003322259136 0.384375 0.7740863787375415 0.3825 0.7691029900332226 0.37 0.7724252491694352 0.35375
1 0.6511627906976745 0.57875 0.6578073089700996 0.583125 0.6569767441860465 0.591875 0.6470099667774086 0.59875 0.6395348837209303 0.6 0.6295681063122923 0.5975 0.6254152823920266 0.5925 0.6262458471760798 0.58625 0.6395348837209303 0.5775 0.6503322259136213 0.57875
1 0.5490033222591362 0.580625 0.5539867109634552 0.584375 0.5556478405315615 0.593125 0.5514950166112956 0.60125 0.5431893687707641 0.605625 0.5290697674418605 0.6025 0.5240863787375415 0.59875 0.5232558139534884 0.591875 0.5257475083056479 0.586875 0.532392026578073 0.581875 0.5398671096345515 0.58 0.5481727574750831 0.580625
1 0.4717607973421927 0.430625 0.48006644518272423 0.435625 0.4833887043189369 0.45 0.48255813953488375 0.45625 0.4775747508305648 0.458125 0.462624584717608 0.45375 0.45016611295681064 0.440625 0.45099667774086377 0.435625 0.45598006644518274 0.430625 0.47093023255813954 0.430625
1 0.6553156146179402 0.4875 0.6644518272425249 0.49 0.6719269102990033 0.499375 0.670265780730897 0.50875 0.6619601328903655 0.513125 0.6553156146179402 0.5125 0.6486710963455149 0.5075 0.6486710963455149 0.49 0.654485049833887 0.4875
1 0.6162790697674418 0.444375 0.6270764119601329 0.445 0.6353820598006644 0.453125 0.6337209302325582 0.45875 0.6270764119601329 0.463125 0.6021594684385382 0.463125 0.5996677740863787 0.45625 0.6029900332225914 0.449375 0.6096345514950167 0.445 0.6154485049833887 0.445
1 0.5548172757475083 0.3325 0.5672757475083057 0.335 0.5730897009966778 0.34125 0.5714285714285714 0.346875 0.5631229235880398 0.3525 0.5573089700996677 0.35375 0.5456810631229236 0.35 0.5382059800664452 0.344375 0.5382059800664452 0.339375 0.5415282392026578 0.335 0.5465116279069767 0.3325 0.5539867109634552 0.3325
1 0.7807308970099668 0.56125 0.7898671096345515 0.56875 0.7906976744186046 0.576875 0.7865448504983389 0.585 0.7799003322259136 0.588125 0.7732558139534884 0.588125 0.7649501661129569 0.585 0.7591362126245847 0.576875 0.7649501661129569 0.56375 0.771594684385382 0.560625 0.7799003322259136 0.56125
1 0.6602990033222591 0.358125 0.6661129568106312 0.3625 0.6669435215946844 0.37 0.659468438538206 0.3775 0.6503322259136213 0.380625 0.6362126245847176 0.379375 0.6295681063122923 0.373125 0.6295681063122923 0.365 0.6337209302325582 0.360625 0.6428571428571429 0.356875 0.659468438538206 0.358125
1 0.8098006644518272 0.4125 0.8214285714285714 0.418125 0.8230897009966778 0.425 0.8172757475083057 0.433125 0.8048172757475083 0.4375 0.7965116279069767 0.436875 0.792358803986711 0.43375 0.7898671096345515 0.425 0.7973421926910299 0.41625 0.8089700996677741 0.4125
1 0.7300664451827242 0.310625 0.7358803986710963 0.316875 0.7350498338870431 0.323125 0.723421926910299 0.331875 0.7151162790697675 0.33375 0.696843853820598 0.331875 0.6951827242524917 0.32625 0.6976744186046512 0.320625 0.7101328903654485 0.310625 0.729235880398671 0.310625
1 0.5016611295681063 0.42625 0.5132890365448505 0.428125 0.5166112956810631 0.43125 0.5132890365448505 0.440625 0.5083056478405316 0.445625 0.5008305647840532 0.45 0.49169435215946844 0.45 0.4850498338870432 0.448125 0.4808970099667774 0.4425 0.48172757475083056 0.433125 0.4908637873754153 0.428125 0.5008305647840532 0.426875
1 0.5705980066445183 0.558125 0.5813953488372093 0.563125 0.5880398671096345 0.5725 0.5880398671096345 0.58125 0.5838870431893688 0.585 0.5772425249169435 0.586875 0.5656146179401993 0.585625 0.5598006644518272 0.58125 0.5556478405315615 0.573125 0.5556478405315615 0.56375 0.5581395348837209 0.560625 0.5697674418604651 0.558125
1 0.5855481727574751 0.284375 0.5946843853820598 0.29 0.5980066445182725 0.298125 0.5963455149501661 0.305625 0.5888704318936877 0.31375 0.5830564784053156 0.31375 0.5697674418604651 0.306875 0.5656146179401993 0.298125 0.5664451827242525 0.29 0.5705980066445183 0.285 0.5755813953488372 0.283125 0.584717607973422 0.284375
1 0.6985049833887044 0.49625 0.7043189368770764 0.499375 0.7043189368770764 0.50625 0.7001661129568106 0.515 0.6910299003322259 0.52125 0.6777408637873754 0.519375 0.6744186046511628 0.51625 0.6744186046511628 0.51 0.6777408637873754 0.50375 0.686046511627907 0.4975 0.6910299003322259 0.495625 0.6976744186046512 0.49625
1 0.6245847176079734 0.46375 0.627906976744186 0.465 0.6303986710963455 0.47 0.6270764119601329 0.47875 0.6187707641196013 0.484375 0.6071428571428571 0.48625 0.6013289036544851 0.485 0.5971760797342193 0.480625 0.5963455149501661 0.47375 0.5988372093023255 0.46875 0.6046511627906976 0.464375 0.6237541528239202 0.46375
1 0.8621262458471761 0.52875 0.8662790697674418 0.53 0.8712624584717608 0.535625 0.8712624584717608 0.543125 0.867109634551495 0.549375 0.8588039867109635 0.55375 0.8438538205980066 0.55375 0.8388704318936877 0.55 0.8430232558139535 0.535 0.8480066445182725 0.53125 0.8612956810631229 0.529375
1 0.6644518272425249 0.558125 0.6777408637873754 0.5675 0.6794019933554817 0.57375 0.6744186046511628 0.57875 0.6636212624584718 0.58125 0.6470099667774086 0.57625 0.643687707641196 0.568125 0.6453488372093024 0.563125 0.6503322259136213 0.559375 0.6636212624584718 0.558125
1 0.5307308970099668 0.490625 0.5390365448504983 0.498125 0.5398671096345515 0.505625 0.5332225913621262 0.515 0.5257475083056479 0.518125 0.5141196013289037 0.515625 0.5083056478405316 0.51125 0.5074750830564784 0.500625 0.5116279069767442 0.49375 0.5174418604651163 0.49 0.5299003322259136 0.490625
1 0.6420265780730897 0.520625 0.6470099667774086 0.525 0.6478405315614618 0.531875 0.6453488372093024 0.5375 0.6353820598006644 0.544375 0.622093023255814 0.543125 0.6187707641196013 0.539375 0.6179401993355482 0.531875 0.6229235880398671 0.521875 0.6262458471760798 0.52 0.6362126245847176 0.518125 0.6411960132890365 0.520625
1 0.6627906976744186 0.534375 0.6719269102990033 0.544375 0.6727574750830565 0.55375 0.6677740863787376 0.558125 0.6528239202657807 0.559375 0.6470099667774086 0.558125 0.643687707641196 0.555 0.6395348837209303 0.55 0.6395348837209303 0.54625 0.6503322259136213 0.53375 0.6619601328903655 0.534375
1 0.7549833887043189 0.440625 0.7641196013289037 0.44375 0.770764119601329 0.4525 0.7691029900332226 0.459375 0.7632890365448505 0.463125 0.7549833887043189 0.465 0.7408637873754153 0.460625 0.7358803986710963 0.454375 0.7383720930232558 0.445625 0.7458471760797342 0.44125 0.7541528239202658 0.440625
1 0.792358803986711 0.3 0.8048172757475083 0.3075 0.8098006644518272 0.319375 0.8081395348837209 0.325625 0.7956810631229236 0.333125 0.782392026578073 0.32875 0.776578073089701 0.32375 0.7732558139534884 0.31625 0.7732558139534884 0.310625 0.7774086378737541 0.304375 0.7840531561461794 0.3 0.7915282392026578 0.3
1 0.5282392026578073 0.4675 0.53156146179402 0.473125 0.5307308970099668 0.4775 0.5224252491694352 0.48625 0.5149501661129569 0.48875 0.5041528239202658 0.488125 0.5008305647840532 0.485 0.5008305647840532 0.48 0.510797342192691 0.47 0.5191029900332226 0.466875 0.5274086378737541 0.4675
1 0.8504983388704319 0.505 0.8612956810631229 0.511875 0.8629568106312292 0.521875 0.8596345514950167 0.528125 0.8496677740863787 0.530625 0.840531561461794 0.53 0.8305647840531561 0.524375 0.8239202657807309 0.515 0.8264119601328903 0.50875 0.8330564784053156 0.504375 0.8421926910299004 0.503125 0.8496677740863787 0.505
1 0.8264119601328903 0.52375 0.8380398671096345 0.53125 0.8388704318936877 0.538125 0.8355481727574751 0.54375 0.829734219269103 0.5475 0.8156146179401993 0.551875 0.8048172757475083 0.55 0.7998338870431894 0.545625 0.7990033222591362 0.539375 0.8081395348837209 0.52875 0.8181063122923588 0.524375 0.8255813953488372 0.52375
1 0.8089700996677741 0.33 0.8205980066445183 0.3325 0.8280730897009967 0.338125 0.8280730897009967 0.35 0.8181063122923588 0.355 0.8039867109634552 0.351875 0.792358803986711 0.343125 0.792358803986711 0.338125 0.7956810631229236 0.33375 0.8081395348837209 0.33
1 0.7051495016611296 0.395625 0.717607973421927 0.400625 0.717607973421927 0.40625 0.7109634551495017 0.415 0.7026578073089701 0.41875 0.6818936877076412 0.4175 0.6777408637873754 0.414375 0.6769102990033222 0.4075 0.6818936877076412 0.40125 0.6885382059800664 0.3975 0.7043189368770764 0.395625
1 0.6744186046511628 0.238125 0.6785714285714286 0.241875 0.6785714285714286 0.249375 0.6719269102990033 0.256875 0.6602990033222591 0.260625 0.6461794019933554 0.25875 0.6403654485049833 0.253125 0.6403654485049833 0.248125 0.643687707641196 0.24375 0.6578073089700996 0.236875 0.6735880398671097 0.238125
1 0.8239202657807309 0.454375 0.8313953488372093 0.45875 0.8322259136212624 0.466875 0.824750830564784 0.4725 0.813953488372093 0.475 0.7998338870431894 0.4725 0.7956810631229236 0.468125 0.7956810631229236 0.4625 0.8014950166112956 0.45625 0.8089700996677741 0.453125 0.8172757475083057 0.4525 0.8230897009966778 0.454375
1 0.7101328903654485 0.44875 0.7200996677740864 0.454375 0.7225913621262459 0.46 0.717607973421927 0.47 0.7059800664451827 0.47375 0.6901993355481728 0.469375 0.6868770764119602 0.46625 0.6868770764119602 0.46125 0.6918604651162791 0.4525 0.7001661129568106 0.44875 0.7093023255813954 0.44875
1 0.6777408637873754 0.435625 0.6827242524916943 0.438125 0.6885382059800664 0.44625 0.6877076411960132 0.455625 0.6810631229235881 0.46125 0.6644518272425249 0.45875 0.6602990033222591 0.4525 0.6602990033222591 0.444375 0.6636212624584718 0.438125 0.6694352159468439 0.435625 0.6769102990033222 0.435625
1 0.7375415282392026 0.275625 0.7433554817275747 0.2825 0.7433554817275747 0.291875 0.7383720930232558 0.299375 0.7300664451827242 0.304375 0.7225913621262459 0.304375 0.7126245847176079 0.3 0.7117940199335548 0.29 0.7200996677740864 0.27875 0.7250830564784053 0.275625 0.7367109634551495 0.275625
1 0.5373754152823921 0.42375 0.542358803986711 0.428125 0.542358803986711 0.435625 0.5390365448504983 0.44125 0.53156146179402 0.44625 0.5257475083056479 0.44625 0.520764119601329 0.4425 0.5191029900332226 0.435 0.5257475083056479 0.425 0.5299003322259136 0.423125 0.5365448504983389 0.42375
1 0.6370431893687708 0.483125 0.6470099667774086 0.488125 0.6486710963455149 0.49375 0.6478405315614618 0.506875 0.6428571428571429 0.511875 0.6370431893687708 0.51375 0.627906976744186 0.5125 0.6212624584717608 0.508125 0.6179401993355482 0.4975 0.622093023255814 0.486875 0.6287375415282392 0.483125 0.6362126245847176 0.483125
1 0.7267441860465116 0.350625 0.7408637873754153 0.354375 0.7483388704318937 0.36 0.7491694352159468 0.3675 0.7408637873754153 0.37375 0.7242524916943521 0.373125 0.7159468438538206 0.37 0.7093023255813954 0.363125 0.7093023255813954 0.35375 0.7159468438538206 0.35 0.7259136212624585 0.350625
1 0.5689368770764119 0.5875 0.5780730897009967 0.591875 0.5805647840531561 0.603125 0.5780730897009967 0.609375 0.5672757475083057 0.614375 0.5556478405315615 0.609375 0.5514950166112956 0.601875 0.5573089700996677 0.59125 0.563953488372093 0.5875 0.5681063122923588 0.5875
1 0.6362126245847176 0.255 0.643687707641196 0.2575 0.6528239202657807 0.266875 0.6519933554817275 0.275625 0.6495016611295681 0.279375 0.6420265780730897 0.283125 0.6295681063122923 0.28125 0.6196013289036545 0.27125 0.622093023255814 0.26125 0.6262458471760798 0.2575 0.6353820598006644 0.255
1 0.5083056478405316 0.56375 0.5157807308970099 0.56625 0.5224252491694352 0.573125 0.521594684385382 0.58125 0.5149501661129569 0.585 0.5091362126245847 0.585625 0.49667774086378735 0.5825 0.48754152823920266 0.574375 0.4883720930232558 0.568125 0.49169435215946844 0.565625 0.49667774086378735 0.56375 0.5074750830564784 0.56375
1 0.6943521594684385 0.4175 0.7043189368770764 0.423125 0.7093023255813954 0.43625 0.7034883720930233 0.443125 0.6926910299003323 0.44625 0.6885382059800664 0.445 0.6794019933554817 0.435625 0.6777408637873754 0.425 0.6843853820598007 0.418125 0.6935215946843853 0.4175
1 0.6852159468438538 0.521875 0.6926910299003323 0.524375 0.6993355481727574 0.5325 0.6976744186046512 0.5425 0.6885382059800664 0.549375 0.675249169435216 0.548125 0.6644518272425249 0.5325 0.6719269102990033 0.52375 0.6777408637873754 0.52125 0.6843853820598007 0.521875
1 0.7001661129568106 0.235 0.7043189368770764 0.23625 0.7084717607973422 0.24125 0.707641196013289 0.249375 0.7034883720930233 0.25625 0.6918604651162791 0.2625 0.6852159468438538 0.2625 0.6777408637873754 0.258125 0.6802325581395349 0.241875 0.6885382059800664 0.23625 0.6993355481727574 0.235
1 0.7624584717607974 0.36625 0.7691029900332226 0.37 0.770764119601329 0.380625 0.7616279069767442 0.389375 0.7524916943521595 0.3925 0.7433554817275747 0.39125 0.7400332225913622 0.38875 0.7375415282392026 0.380625 0.7491694352159468 0.36875 0.7616279069767442 0.36625
1 0.7774086378737541 0.471875 0.7882059800664452 0.476875 0.7890365448504983 0.485625 0.782392026578073 0.494375 0.7757475083056479 0.496875 0.7624584717607974 0.494375 0.7583056478405316 0.490625 0.7574750830564784 0.484375 0.7649501661129569 0.47375 0.776578073089701 0.471875
1 0.7250830564784053 0.469375 0.7375415282392026 0.473125 0.7408637873754153 0.480625 0.7375415282392026 0.488125 0.7275747508305648 0.494375 0.7209302325581395 0.495625 0.707641196013289 0.494375 0.6985049833887044 0.488125 0.6976744186046512 0.48375 0.7059800664451827 0.47375 0.7242524916943521 0.469375
1 0.7358803986710963 0.405625 0.7441860465116279 0.411875 0.7483388704318937 0.42 0.7458471760797342 0.4275 0.7375415282392026 0.43125 0.7317275747508306 0.429375 0.717607973421927 0.414375 0.7217607973421927 0.40375 0.7275747508305648 0.403125 0.7350498338870431 0.405625
1 0.5714285714285714 0.480625 0.5805647840531561 0.486875 0.5813953488372093 0.49625 0.5739202657807309 0.505 0.5606312292358804 0.51 0.5539867109634552 0.50875 0.5506644518272426 0.504375 0.5506644518272426 0.494375 0.5614617940199336 0.4825 0.5705980066445183 0.480625
1 0.5938538205980066 0.509375 0.6029900332225914 0.514375 0.6038205980066446 0.521875 0.5980066445182725 0.5275 0.5880398671096345 0.53125 0.5739202657807309 0.529375 0.5697674418604651 0.525 0.5689368770764119 0.52 0.574750830564784 0.511875 0.5805647840531561 0.50875 0.5930232558139535 0.509375
1 0.5971760797342193 0.589375 0.6054817275747508 0.591875 0.6137873754152824 0.60125 0.6129568106312292 0.606875 0.6029900332225914 0.6125 0.5946843853820598 0.6125 0.5813953488372093 0.604375 0.5830564784053156 0.593125 0.5913621262458472 0.58875 0.5963455149501661 0.589375
0 0.7848837209302325 0.645 0.7990033222591362 0.6475 0.8106312292358804 0.653125 0.8205980066445183 0.661875 0.8272425249169435 0.675 0.8264119601328903 0.688125 0.8197674418604651 0.699375 0.8073089700996677 0.708125 0.7898671096345515 0.713125 0.7691029900332226 0.7125 0.7541528239202658 0.706875 0.7441860465116279 0.700625 0.7367109634551495 0.69 0.7342192691029901 0.675 0.7367109634551495 0.666875 0.7483388704318937 0.65375 0.771594684385382 0.645 0.7840531561461794 0.645