1 0.5067750677506775 0.650625 0.5203252032520326 0.650625 0.5365853658536586 0.645625 0.5392953929539296 0.63625 0.5311653116531165 0.63125 0.5149051490514905 0.63125 0.5040650406504065 0.636875 0.5013550135501355 0.646875 0.5067750677506775 0.650625
1 0.5691056910569106 0.70125 0.5772357723577236 0.70375 0.5880758807588076 0.7025 0.5989159891598916 0.69625 0.5962059620596206 0.68875 0.5840108401084011 0.685 0.5718157181571816 0.685 0.5663956639566395 0.686875 0.5636856368563685 0.69625 0.5691056910569106 0.70125
1 0.3021680216802168 0.6525 0.3075880758807588 0.65625 0.3224932249322493 0.65625 0.3319783197831978 0.65125 0.3346883468834688 0.639375 0.3238482384823848 0.63375 0.3075880758807588 0.63625 0.3021680216802168 0.641875 0.3021680216802168 0.6525
1 0.24525745257452575 0.4875 0.26151761517615174 0.4875 0.2669376693766938 0.484375 0.26422764227642276 0.47375 0.25609756097560976 0.470625 0.23983739837398374 0.473125 0.23983739837398374 0.485 0.24525745257452575 0.4875
1 0.6531165311653117 0.485 0.6666666666666666 0.484375 0.6775067750677507 0.479375 0.6802168021680217 0.473125 0.6761517615176151 0.46875 0.6558265582655827 0.4675 0.6449864498644986 0.470625 0.6449864498644986 0.483125 0.6531165311653117 0.485
1 0.46476964769647694 0.788125 0.483739837398374 0.7875 0.497289972899729 0.78125 0.497289972899729 0.775625 0.4823848238482385 0.77125 0.47289972899729 0.771875 0.45934959349593496 0.7775 0.45663956639566394 0.785 0.46476964769647694 0.788125
1 0.7913279132791328 0.556875 0.8021680216802168 0.5625 0.8224932249322493 0.560625 0.8292682926829268 0.5525 0.8197831978319783 0.544375 0.8157181571815718 0.5425 0.7926829268292683 0.543125 0.7886178861788617 0.546875 0.7913279132791328 0.556875
1 0.6016260162601627 0.446875 0.6260162601626016 0.446875 0.6368563685636857 0.441875 0.6341463414634146 0.435 0.6260162601626016 0.4325 0.5989159891598916 0.43 0.5894308943089431 0.433125 0.5880758807588076 0.441875 0.6016260162601627 0.446875
1 0.10975609756097561 0.47625 0.12330623306233063 0.479375 0.14227642276422764 0.478125 0.14769647696476965 0.474375 0.14498644986449866 0.46625 0.13414634146341464 0.4625 0.11246612466124661 0.46125 0.1070460704607046 0.465625 0.10975609756097561 0.47625
1 0.5365853658536586 0.418125 0.5609756097560976 0.415625 0.5691056910569106 0.41125 0.5691056910569106 0.40375 0.5609756097560976 0.4 0.5528455284552846 0.4 0.5338753387533876 0.40625 0.5311653116531165 0.410625 0.5365853658536586 0.418125
1 0.5663956639566395 0.41125 0.5636856368563685 0.40875 0.5691056910569106 0.408125 0.5650406504065041 0.405 0.5691056910569106 0.40375 0.5636856368563685 0.40375 0.5609756097560976 0.410625 0.5663956639566395 0.41125
1 0.5230352303523035 0.39375 0.5284552845528455 0.39625 0.5420054200542005 0.3975 0.5609756097560976 0.3925 0.5636856368563685 0.386875 0.556910569105691 0.381875 0.5311653116531165 0.381875 0.5230352303523035 0.385625 0.5230352303523035 0.39375
1 0.16395663956639567 0.47625 0.1856368563685637 0.475625 0.19647696476964768 0.470625 0.1991869918699187 0.463125 0.1910569105691057 0.46 0.16937669376693767 0.46 0.16124661246612465 0.463125 0.15853658536585366 0.47375 0.16395663956639567 0.47625
1 0.8888888888888888 0.37375 0.9037940379403794 0.374375 0.9159891598915989 0.37 0.9186991869918699 0.359375 0.9119241192411924 0.35625 0.8915989159891599 0.355625 0.8834688346883469 0.36125 0.8807588075880759 0.36625 0.8888888888888888 0.37375
1 0.34010840108401086 0.348125 0.3604336043360434 0.349375 0.3699186991869919 0.345625 0.3699186991869919 0.3375 0.36585365853658536 0.335625 0.34823848238482386 0.33375 0.3346883468834688 0.338125 0.3319783197831978 0.344375 0.34010840108401086 0.348125
1 0.8970189701897019 0.405625 0.9024390243902439 0.408125 0.9186991869918699 0.408125 0.926829268292683 0.4025 0.926829268292683 0.39625 0.9105691056910569 0.39125 0.8943089430894309 0.39125 0.8915989159891599 0.39375 0.8888888888888888 0.3975 0.8970189701897019 0.405625
1 0.5880758807588076 0.571875 0.6124661246612466 0.57375 0.6205962059620597 0.57125 0.6205962059620597 0.564375 0.6097560975609756 0.55875 0.5799457994579946 0.55875 0.5772357723577236 0.564375 0.5880758807588076 0.571875
1 0.3157181571815718 0.71 0.33875338753387535 0.711875 0.35636856368563685 0.70625 0.35636856368563685 0.700625 0.34959349593495936 0.696875 0.32113821138211385 0.6975 0.31029810298102983 0.7025 0.3157181571815718 0.71
1 0.5691056910569106 0.6825 0.6016260162601627 0.6825 0.6097560975609756 0.675 0.6056910569105691 0.67 0.5853658536585366 0.6675 0.5718157181571816 0.670625 0.5663956639566395 0.673125 0.5691056910569106 0.6825
1 0.3861788617886179 0.665 0.3997289972899729 0.669375 0.4241192411924119 0.664375 0.4268292682926829 0.65625 0.42140921409214094 0.653125 0.4024390243902439 0.6525 0.3902439024390244 0.655 0.3861788617886179 0.6575 0.3861788617886179 0.665
1 0.4078590785907859 0.414375 0.4132791327913279 0.418125 0.4268292682926829 0.418125 0.44308943089430897 0.410625 0.44579945799457993 0.400625 0.4268292682926829 0.3975 0.4146341463414634 0.401875 0.4078590785907859 0.40625 0.4078590785907859 0.414375
1 0.4349593495934959 0.81875 0.453929539295393 0.820625 0.46747967479674796 0.816875 0.46747967479674796 0.8125 0.45663956639566394 0.805625 0.44037940379403795 0.805625 0.42953929539295393 0.80875 0.4268292682926829 0.814375 0.4349593495934959 0.81875
1 0.6178861788617886 0.4325 0.6341463414634146 0.4325 0.6436314363143631 0.42875 0.6449864498644986 0.420625 0.6341463414634146 0.416875 0.6151761517615176 0.41625 0.6043360433604336 0.418125 0.6043360433604336 0.43 0.6178861788617886 0.4325
1 0.13956639566395665 0.540625 0.16395663956639567 0.54 0.17479674796747968 0.534375 0.16937669376693767 0.52875 0.15718157181571815 0.525625 0.14227642276422764 0.525625 0.13414634146341464 0.528125 0.13143631436314362 0.535625 0.13956639566395665 0.540625
1 0.28319783197831977 0.676875 0.2981029810298103 0.675625 0.3075880758807588 0.670625 0.3075880758807588 0.66 0.2994579945799458 0.65625 0.2886178861788618 0.65625 0.2750677506775068 0.663125 0.27235772357723576 0.668125 0.28319783197831977 0.676875
1 0.3617886178861789 0.3675 0.37669376693766937 0.3675 0.3915989159891599 0.361875 0.3888888888888889 0.35375 0.3780487804878049 0.35125 0.36449864498644985 0.350625 0.3523035230352303 0.354375 0.3509485094850949 0.36375 0.3617886178861789 0.3675
1 0.36720867208672087 0.699375 0.3875338753387534 0.699375 0.3997289972899729 0.696875 0.4024390243902439 0.694375 0.4024390243902439 0.690625 0.3915989159891599 0.685625 0.36720867208672087 0.685625 0.35907859078590787 0.68875 0.35636856368563685 0.695625 0.36720867208672087 0.699375
1 0.2669376693766938 0.484375 0.2777777777777778 0.4875 0.2940379403794038 0.486875 0.3021680216802168 0.480625 0.2994579945799458 0.475625 0.2859078590785908 0.470625 0.27235772357723576 0.471875 0.26422764227642276 0.473125 0.2669376693766938 0.484375
1 0.29132791327913277 0.63125 0.3048780487804878 0.63125 0.31842818428184283 0.623125 0.3157181571815718 0.614375 0.3062330623306233 0.610625 0.2940379403794038 0.610625 0.28319783197831977 0.615 0.2804878048780488 0.62625 0.29132791327913277 0.63125
1 0.5772357723577236 0.63875 0.5962059620596206 0.638125 0.6043360433604336 0.63375 0.6016260162601627 0.625 0.592140921409214 0.620625 0.5772357723577236 0.62 0.5663956639566395 0.623125 0.5636856368563685 0.628125 0.5772357723577236 0.63875
1 0.5067750677506775 0.62625 0.5230352303523035 0.63125 0.5420054200542005 0.628125 0.5474254742547425 0.623125 0.5392953929539296 0.615 0.5176151761517616 0.615 0.5067750677506775 0.62 0.5067750677506775 0.62625
1 0.6341463414634146 0.45375 0.6395663956639567 0.45625 0.6653116531165312 0.45625 0.6747967479674797 0.4525 0.6720867208672087 0.445 0.6585365853658537 0.443125 0.6395663956639567 0.444375 0.6341463414634146 0.446875 0.6341463414634146 0.45375
1 0.7425474254742548 0.58375 0.7750677506775068 0.584375 0.7859078590785907 0.57875 0.7777777777777778 0.571875 0.7452574525745257 0.570625 0.7330623306233063 0.573125 0.7317073170731707 0.57875 0.7425474254742548 0.58375
1 0.5907859078590786 0.46 0.5962059620596206 0.463125 0.6205962059620597 0.46375 0.6314363143631436 0.46 0.6341463414634146 0.45625 0.6260162601626016 0.45 0.6151761517615176 0.448125 0.5989159891598916 0.45 0.5907859078590786 0.45375 0.5907859078590786 0.46
1 0.46747967479674796 0.3975 0.481029810298103 0.400625 0.5013550135501355 0.400625 0.5176151761517616 0.3925 0.516260162601626 0.385625 0.4986449864498645 0.3825 0.47289972899729 0.3875 0.46747967479674796 0.39 0.46747967479674796 0.3975
1 0.5745257452574526 0.5325 0.5880758807588076 0.53125 0.5989159891598916 0.52375 0.5962059620596206 0.515 0.5826558265582655 0.511875 0.5663956639566395 0.515 0.5663956639566395 0.52875 0.5745257452574526 0.5325
1 0.3048780487804878 0.37125 0.31842818428184283 0.37 0.3238482384823848 0.36625 0.3238482384823848 0.358125 0.3157181571815718 0.350625 0.2994579945799458 0.34875 0.2886178861788618 0.351875 0.2886178861788618 0.365 0.3048780487804878 0.37125
1 0.7046070460704607 0.560625 0.7235772357723578 0.5625 0.7398373983739838 0.5575 0.7425474254742548 0.553125 0.7344173441734417 0.54875 0.7032520325203252 0.54875 0.6991869918699187 0.553125 0.7046070460704607 0.560625
1 0.5121951219512195 0.438125 0.5176151761517616 0.441875 0.5392953929539296 0.441875 0.5474254742547425 0.438125 0.5501355013550135 0.43 0.5392953929539296 0.42625 0.518970189701897 0.428125 0.5121951219512195 0.4325 0.5121951219512195 0.438125
1 0.34552845528455284 0.603125 0.35636856368563685 0.603125 0.3699186991869919 0.595 0.36720867208672087 0.584375 0.3617886178861789 0.581875 0.34823848238482386 0.581875 0.33739837398373984 0.586875 0.33739837398373984 0.6 0.34552845528455284 0.603125
1 0.6341463414634146 0.709375 0.6422764227642277 0.71125 0.6612466124661247 0.70875 0.6666666666666666 0.70125 0.6585365853658537 0.694375 0.6449864498644986 0.694375 0.6287262872628726 0.69875 0.6260162601626016 0.70625 0.6341463414634146 0.709375
1 0.44850948509485095 0.6675 0.462059620596206 0.665625 0.46747967479674796 0.6625 0.46747967479674796 0.6575 0.45934959349593496 0.65375 0.44850948509485095 0.6525 0.4349593495934959 0.65625 0.43224932249322495 0.660625 0.44850948509485095 0.6675
1 0.3888888888888889 0.65375 0.4132791327913279 0.65125 0.4241192411924119 0.644375 0.42140921409214094 0.63625 0.4105691056910569 0.634375 0.3943089430894309 0.63625 0.3807588075880759 0.641875 0.3780487804878049 0.646875 0.3888888888888889 0.65375
1 0.8184281842818428 0.63125 0.8401084010840109 0.629375 0.8509485094850948 0.623125 0.8509485094850948 0.618125 0.8373983739837398 0.613125 0.8265582655826558 0.613125 0.8075880758807588 0.618125 0.8048780487804879 0.624375 0.8184281842818428 0.63125
1 0.3157181571815718 0.735625 0.3319783197831978 0.735625 0.33739837398373984 0.731875 0.3346883468834688 0.72 0.3265582655826558 0.716875 0.3075880758807588 0.72 0.3075880758807588 0.7325 0.3157181571815718 0.735625
1 0.5691056910569106 0.6575 0.5989159891598916 0.6575 0.6097560975609756 0.651875 0.6043360433604336 0.639375 0.5799457994579946 0.639375 0.5636856368563685 0.645625 0.5609756097560976 0.650625 0.5691056910569106 0.6575
1 0.7615176151761518 0.52875 0.7791327913279132 0.529375 0.7913279132791328 0.524375 0.7886178861788617 0.519375 0.7791327913279132 0.514375 0.7506775067750677 0.514375 0.7479674796747967 0.52375 0.7615176151761518 0.52875
1 0.35636856368563685 0.62625 0.37533875338753386 0.62625 0.3861788617886179 0.623125 0.3915989159891599 0.618125 0.3915989159891599 0.610625 0.38346883468834686 0.6075 0.36449864498644985 0.608125 0.35365853658536583 0.613125 0.3509485094850949 0.623125 0.35636856368563685 0.62625
1 0.2669376693766938 0.41125 0.2804878048780488 0.410625 0.2940379403794038 0.40375 0.2940379403794038 0.39625 0.2859078590785908 0.39375 0.2669376693766938 0.39375 0.2588075880758808 0.39875 0.2588075880758808 0.408125 0.2669376693766938 0.41125
1 0.483739837398374 0.465 0.5040650406504065 0.463125 0.5121951219512195 0.4575 0.5121951219512195 0.45 0.5067750677506775 0.446875 0.494579945799458 0.445 0.47831978319783197 0.449375 0.47831978319783197 0.4625 0.483739837398374 0.465
1 0.17750677506775067 0.58125 0.1910569105691057 0.58125 0.2018970189701897 0.576875 0.2018970189701897 0.571875 0.1951219512195122 0.566875 0.16531165311653118 0.5675 0.16124661246612465 0.574375 0.17750677506775067 0.58125
1 0.22899728997289973 0.386875 0.24254742547425473 0.3925 0.26422764227642276 0.39375 0.27235772357723576 0.39125 0.27235772357723576 0.381875 0.2669376693766938 0.378125 0.2506775067750677 0.375625 0.23441734417344173 0.376875 0.22899728997289973 0.379375 0.22899728997289973 0.386875
1 0.3780487804878049 0.6825 0.4051490514905149 0.681875 0.4105691056910569 0.678125 0.4065040650406504 0.67125 0.3915989159891599 0.665625 0.37533875338753386 0.6675 0.37262872628726285 0.67875 0.3780487804878049 0.6825
1 0.12466124661246612 0.43875 0.14769647696476965 0.44 0.15311653116531165 0.4375 0.15040650406504066 0.4275 0.13685636856368563 0.42375 0.12059620596205962 0.425 0.11788617886178862 0.43375 0.12466124661246612 0.43875
1 0.7642276422764228 0.499375 0.7831978319783198 0.499375 0.7913279132791328 0.49125 0.7886178861788617 0.4875 0.7804878048780488 0.485 0.7642276422764228 0.486875 0.7588075880758808 0.49125 0.7642276422764228 0.499375
1 0.1951219512195122 0.485 0.2127371273712737 0.48875 0.23441734417344173 0.48625 0.23712737127371275 0.479375 0.23170731707317074 0.473125 0.21951219512195122 0.47125 0.1991869918699187 0.473125 0.1937669376693767 0.475625 0.1951219512195122 0.485
1 0.23441734417344173 0.626875 0.24254742547425473 0.63125 0.27235772357723576 0.63125 0.2804878048780488 0.629375 0.2804878048780488 0.620625 0.2750677506775068 0.6175 0.26422764227642276 0.615625 0.23848238482384823 0.61875 0.23441734417344173 0.62125 0.23441734417344173 0.626875
1 0.497289972899729 0.33875 0.5121951219512195 0.34 0.5230352303523035 0.335 0.5230352303523035 0.326875 0.510840108401084 0.321875 0.491869918699187 0.3225 0.489159891598916 0.33375 0.497289972899729 0.33875
1 0.6124661246612466 0.7025 0.6233062330623306 0.7025 0.6341463414634146 0.69625 0.6341463414634146 0.68875 0.6219512195121951 0.6825 0.6043360433604336 0.6825 0.6016260162601627 0.685 0.6016260162601627 0.69875 0.6124661246612466 0.7025
1 0.5772357723577236 0.408125 0.5962059620596206 0.408125 0.6016260162601627 0.40125 0.5989159891598916 0.39375 0.5894308943089431 0.389375 0.5745257452574526 0.388125 0.5691056910569106 0.39 0.5691056910569106 0.40375 0.5772357723577236 0.408125
1 0.3943089430894309 0.50625 0.4159891598915989 0.50625 0.42140921409214094 0.501875 0.4186991869918699 0.4975 0.4078590785907859 0.4925 0.3861788617886179 0.49125 0.3861788617886179 0.50375 0.3943089430894309 0.50625
1 0.5663956639566395 0.424375 0.5826558265582655 0.431875 0.5975609756097561 0.43 0.5989159891598916 0.41875 0.5880758807588076 0.41375 0.5718157181571816 0.41375 0.5663956639566395 0.41625 0.5663956639566395 0.424375
1 0.6246612466124661 0.32375 0.6422764227642277 0.325 0.6558265582655827 0.319375 0.6585365853658537 0.31125 0.6422764227642277 0.30875 0.6314363143631436 0.31 0.6233062330623306 0.314375 0.6205962059620597 0.320625 0.6246612466124661 0.32375
1 0.6802168021680217 0.529375 0.6991869918699187 0.530625 0.7046070460704607 0.52625 0.7046070460704607 0.515 0.6883468834688347 0.514375 0.6775067750677507 0.51875 0.6747967479674797 0.52625 0.6802168021680217 0.529375
1 0.6829268292682927 0.545625 0.6910569105691057 0.548125 0.7154471544715447 0.546875 0.7208672086720868 0.544375 0.7235772357723578 0.535625 0.7127371273712737 0.53125 0.6924119241192412 0.533125 0.6829268292682927 0.538125 0.6829268292682927 0.545625
1 0.37533875338753386 0.75625 0.3861788617886179 0.75625 0.4051490514905149 0.75125 0.4105691056910569 0.74 0.4024390243902439 0.73625 0.3915989159891599 0.73625 0.37533875338753386 0.740625 0.3699186991869919 0.744375 0.36720867208672087 0.753125 0.37533875338753386 0.75625
1 0.7615176151761518 0.605 0.7669376693766937 0.608125 0.7981029810298103 0.606875 0.8021680216802168 0.598125 0.7967479674796748 0.59375 0.7696476964769647 0.595 0.7615176151761518 0.59875 0.7615176151761518 0.605
1 0.1856368563685637 0.405 0.1937669376693767 0.408125 0.21544715447154472 0.406875 0.21544715447154472 0.39625 0.2073170731707317 0.39375 0.1802168021680217 0.393125 0.17750677506775067 0.4 0.1856368563685637 0.405
1 0.6124661246612466 0.39125 0.6395663956639567 0.389375 0.6422764227642277 0.381875 0.6368563685636857 0.378125 0.6043360433604336 0.378125 0.6016260162601627 0.386875 0.6124661246612466 0.39125
1 0.4186991869918699 0.4975 0.4241192411924119 0.4975 0.42953929539295393 0.494375 0.42953929539295393 0.48625 0.4241192411924119 0.481875 0.4132791327913279 0.48125 0.4024390243902439 0.485 0.4010840108401084 0.49125 0.4186991869918699 0.4975
1 0.45663956639566394 0.418125 0.47831978319783197 0.418125 0.48644986449864497 0.41375 0.48644986449864497 0.403125 0.481029810298103 0.400625 0.46476964769647694 0.400625 0.453929539295393 0.405625 0.45121951219512196 0.411875 0.45663956639566394 0.418125
1 0.5013550135501355 0.3825 0.508130081300813 0.3825 0.5203252032520326 0.386875 0.5257452574525745 0.386875 0.5338753387533876 0.3825 0.5338753387533876 0.375625 0.5271002710027101 0.371875 0.5094850948509485 0.37125 0.4986449864498645 0.37375 0.497289972899729 0.380625 0.5013550135501355 0.3825
1 0.497289972899729 0.77375 0.508130081300813 0.770625 0.5176151761517616 0.764375 0.5176151761517616 0.756875 0.505420054200542 0.753125 0.489159891598916 0.754375 0.483739837398374 0.756875 0.481029810298103 0.77125 0.497289972899729 0.77375
1 0.26151761517615174 0.5525 0.28319783197831977 0.5525 0.2967479674796748 0.54875 0.2967479674796748 0.545 0.2872628726287263 0.54 0.26422764227642276 0.539375 0.25338753387533874 0.5425 0.2506775067750677 0.546875 0.26151761517615174 0.5525
1 0.17750677506775067 0.606875 0.19647696476964768 0.605625 0.2018970189701897 0.6025 0.1991869918699187 0.591875 0.1842818428184282 0.588125 0.16937669376693767 0.588125 0.16395663956639567 0.59 0.16395663956639567 0.601875 0.17750677506775067 0.606875
1 0.12330623306233063 0.766875 0.13143631436314362 0.770625 0.15853658536585366 0.76875 0.17208672086720866 0.761875 0.17208672086720866 0.75625 0.16260162601626016 0.753125 0.14769647696476965 0.753125 0.13008130081300814 0.7575 0.12330623306233063 0.76125 0.12330623306233063 0.766875
1 0.1991869918699187 0.349375 0.2127371273712737 0.35375 0.23170731707317074 0.353125 0.23441734417344173 0.343125 0.22493224932249323 0.338125 0.1991869918699187 0.33625 0.1937669376693767 0.33875 0.1910569105691057 0.34375 0.1991869918699187 0.349375
1 0.45934959349593496 0.805 0.481029810298103 0.806875 0.494579945799458 0.8025 0.494579945799458 0.795 0.48644986449864497 0.790625 0.46747967479674796 0.79 0.45528455284552843 0.791875 0.45121951219512196 0.800625 0.45934959349593496 0.805
1 0.38346883468834686 0.32875 0.3861788617886179 0.33125 0.3943089430894309 0.33125 0.4051490514905149 0.335625 0.4241192411924119 0.33125 0.42953929539295393 0.3275 0.4268292682926829 0.319375 0.4186991869918699 0.316875 0.3997289972899729 0.316875 0.3888888888888889 0.319375 0.38346883468834686 0.323125 0.38346883468834686 0.32875
1 0.6964769647696477 0.50125 0.7127371273712737 0.506875 0.7235772357723578 0.50625 0.7289972899728997 0.5 0.7262872628726287 0.4925 0.7208672086720868 0.49 0.6991869918699187 0.49 0.6937669376693767 0.495 0.6964769647696477 0.50125
1 0.6124661246612466 0.58375 0.6178861788617886 0.58625 0.6287262872628726 0.586875 0.6476964769647696 0.581875 0.6504065040650406 0.575625 0.6409214092140921 0.570625 0.6178861788617886 0.571875 0.6124661246612466 0.576875 0.6124661246612466 0.58375
1 0.6355013550135501 0.518125 0.6531165311653117 0.520625 0.6693766937669376 0.51875 0.6747967479674797 0.515 0.6747967479674797 0.509375 0.6612466124661247 0.504375 0.6395663956639567 0.505 0.6314363143631436 0.50875 0.6355013550135501 0.518125
1 0.5392953929539296 0.646875 0.559620596205962 0.6475 0.5718157181571816 0.64125 0.5718157181571816 0.635 0.5636856368563685 0.629375 0.5501355013550135 0.629375 0.5447154471544715 0.63125 0.5392953929539296 0.635 0.5392953929539296 0.646875
1 0.45121951219512196 0.353125 0.46747967479674796 0.353125 0.48644986449864497 0.345625 0.48509485094850946 0.339375 0.47560975609756095 0.33625 0.45663956639566394 0.33625 0.44579945799457993 0.34125 0.44308943089430897 0.349375 0.45121951219512196 0.353125
1 0.6070460704607046 0.784375 0.6192411924119241 0.785625 0.6395663956639567 0.779375 0.6422764227642277 0.769375 0.6327913279132791 0.764375 0.6178861788617886 0.764375 0.6043360433604336 0.769375 0.6016260162601627 0.779375 0.6070460704607046 0.784375
1 0.5067750677506775 0.605 0.5203252032520326 0.605 0.5392953929539296 0.598125 0.5420054200542005 0.58875 0.5365853658536586 0.586875 0.5203252032520326 0.586875 0.5040650406504065 0.59375 0.5013550135501355 0.603125 0.5067750677506775 0.605
1 0.7994579945799458 0.4325 0.8252032520325203 0.4325 0.8319783197831978 0.42875 0.8238482384823849 0.41875 0.8021680216802168 0.418125 0.7940379403794038 0.420625 0.7913279132791328 0.42875 0.7994579945799458 0.4325
1 0.4268292682926829 0.48125 0.4349593495934959 0.485 0.45663956639566394 0.48625 0.470189701897019 0.483125 0.47289972899729 0.480625 0.46747967479674796 0.475625 0.453929539295393 0.47125 0.43766937669376693 0.471875 0.4268292682926829 0.474375 0.4268292682926829 0.48125
1 0.8780487804878049 0.386875 0.8848238482384824 0.386875 0.8888888888888888 0.389375 0.9024390243902439 0.389375 0.9186991869918699 0.384375 0.9173441734417345 0.378125 0.9065040650406504 0.375 0.8861788617886179 0.375 0.8739837398373984 0.378125 0.8726287262872628 0.383125 0.8780487804878049 0.386875
1 0.6422764227642277 0.33 0.6531165311653117 0.33375 0.6734417344173442 0.33375 0.6883468834688347 0.3275 0.6883468834688347 0.324375 0.6747967479674797 0.318125 0.6639566395663956 0.3175 0.6504065040650406 0.320625 0.6422764227642277 0.324375 0.6422764227642277 0.33
1 0.5013550135501355 0.734375 0.5094850948509485 0.735625 0.5298102981029811 0.735 0.5392953929539296 0.73 0.5365853658536586 0.725 0.5257452574525745 0.721875 0.497289972899729 0.72375 0.494579945799458 0.73 0.5013550135501355 0.734375
1 0.5772357723577236 0.618125 0.5962059620596206 0.6175 0.6097560975609756 0.614375 0.6151761517615176 0.609375 0.6151761517615176 0.605 0.6016260162601627 0.601875 0.5772357723577236 0.601875 0.5677506775067751 0.604375 0.5663956639566395 0.613125 0.5772357723577236 0.618125
1 0.5609756097560976 0.721875 0.5691056910569106 0.726875 0.5826558265582655 0.726875 0.5962059620596206 0.721875 0.5989159891598916 0.71625 0.5907859078590786 0.70875 0.5772357723577236 0.706875 0.5663956639566395 0.71125 0.5609756097560976 0.714375 0.5609756097560976 0.721875
1 0.6016260162601627 0.415625 0.6395663956639567 0.415625 0.6449864498644986 0.41125 0.6449864498644986 0.40625 0.6314363143631436 0.40125 0.6097560975609756 0.400625 0.5989159891598916 0.40375 0.5962059620596206 0.410625 0.6016260162601627 0.415625
1 0.5582655826558266 0.381875 0.5772357723577236 0.379375 0.5799457994579946 0.3675 0.5663956639566395 0.3625 0.5582655826558266 0.3625 0.5487804878048781 0.368125 0.5474254742547425 0.376875 0.5582655826558266 0.381875
1 0.19647696476964768 0.7475 0.2127371273712737 0.749375 0.23170731707317074 0.745 0.23441734417344173 0.74 0.23170731707317074 0.735 0.22493224932249323 0.7325 0.21544715447154472 0.731875 0.1910569105691057 0.735 0.1856368563685637 0.740625 0.19647696476964768 0.7475
1 0.7127371273712737 0.52875 0.7303523035230353 0.529375 0.7452574525745257 0.524375 0.7452574525745257 0.51625 0.7398373983739838 0.514375 0.7208672086720868 0.51375 0.7073170731707317 0.5175 0.7046070460704607 0.525625 0.7127371273712737 0.52875
1 0.5121951219512195 0.8075 0.5338753387533876 0.8075 0.5420054200542005 0.805625 0.5474254742547425 0.800625 0.5474254742547425 0.7975 0.5392953929539296 0.7925 0.5176151761517616 0.7925 0.5067750677506775 0.796875 0.5040650406504065 0.8025 0.5121951219512195 0.8075
1 0.8644986449864499 0.425 0.8943089430894309 0.425 0.8997289972899729 0.4225 0.8997289972899729 0.41375 0.8888888888888888 0.409375 0.8672086720867209 0.40875 0.8563685636856369 0.413125 0.8536585365853658 0.418125 0.8644986449864499 0.425
1 0.36720867208672087 0.51875 0.3997289972899729 0.51875 0.4105691056910569 0.51125 0.4078590785907859 0.506875 0.3956639566395664 0.504375 0.3780487804878049 0.504375 0.37262872628726285 0.50625 0.36449864498644985 0.51 0.36720867208672087 0.51875
1 0.48644986449864497 0.365 0.494579945799458 0.3675 0.5121951219512195 0.366875 0.5149051490514905 0.358125 0.5067750677506775 0.3525 0.483739837398374 0.350625 0.481029810298103 0.36 0.48644986449864497 0.365
1 0.2588075880758808 0.745 0.26422764227642276 0.7475 0.2804878048780488 0.7475 0.2940379403794038 0.7425 0.2994579945799458 0.735625 0.2967479674796748 0.73 0.2804878048780488 0.72875 0.26422764227642276 0.733125 0.2588075880758808 0.7375 0.2588075880758808 0.745
1 0.9349593495934959 0.496875 0.9525745257452575 0.496875 0.962059620596206 0.4925 0.962059620596206 0.4875 0.9512195121951219 0.483125 0.924119241192412 0.484375 0.9214092140921409 0.4925 0.9349593495934959 0.496875
1 0.3130081300813008 0.45375 0.3238482384823848 0.45375 0.3346883468834688 0.449375 0.3346883468834688 0.4375 0.32926829268292684 0.435 0.3157181571815718 0.434375 0.3048780487804878 0.438125 0.3048780487804878 0.450625 0.3130081300813008 0.45375
1 0.6205962059620597 0.64375 0.6314363143631436 0.64375 0.6449864498644986 0.63875 0.6422764227642277 0.629375 0.6314363143631436 0.62625 0.6205962059620597 0.62625 0.6124661246612466 0.62875 0.6097560975609756 0.639375 0.6205962059620597 0.64375
1 0.42953929539295393 0.33125 0.44037940379403795 0.33625 0.45257452574525747 0.33625 0.46747967479674796 0.32875 0.46747967479674796 0.319375 0.453929539295393 0.315625 0.43766937669376693 0.3175 0.42953929539295393 0.321875 0.42953929539295393 0.33125
1 0.5677371273712737 0.335504375 0.5687953929539296 0.32965249999999996 0.5687953929539296 0.322338125 0.5539932249322493 0.31794875 0.5423644986449865 0.32282562499999995 0.5413062330623306 0.327701875 0.5465934959349594 0.33452937499999996 0.5677371273712737 0.335504375
1 0.5539932249322493 0.337455 0.547650406504065 0.33306624999999995 0.540249322493225 0.33306624999999995 0.5307344173441735 0.33501687500000005 0.5296775067750678 0.338918125 0.536020325203252 0.343306875 0.5434214092140922 0.3462325 0.5550514905149051 0.34379437500000004 0.5539932249322493 0.337455
1 0.5920542005420054 0.359886875 0.5857113821138211 0.35013375 0.5814823848238483 0.3442825 0.5656233062330623 0.34086875 0.5571653116531166 0.34476999999999997 0.5550514905149051 0.352084375 0.5603373983739838 0.355498125 0.5730243902439024 0.359886875 0.5920542005420054 0.359886875
1 0.5487073170731708 0.36622625 0.5582222222222223 0.36183750000000003 0.5571653116531166 0.35744875 0.5518794037940379 0.3535475 0.5391924119241193 0.352084375 0.5339065040650407 0.35696125 0.5265054200542005 0.3608625 0.5286192411924119 0.36817687499999996 0.540249322493225 0.37012749999999994 0.5487073170731708 0.36622625
1 0.5423644986449865 0.35306 0.5391924119241193 0.35013375 0.5391924119241193 0.3442825 0.5243915989159891 0.34379437500000004 0.5138184281842818 0.3452575 0.5138184281842818 0.350621875 0.5201626016260162 0.358424375 0.5328482384823848 0.35744875 0.5423644986449865 0.35306
1 0.40280894308943094 0.412065625 0.40069376693766934 0.407676875 0.38800677506775066 0.40475125 0.3710907859078591 0.40523875 0.37003387533875337 0.41157812499999996 0.3742628726287263 0.419868125 0.3964647696476965 0.42376937499999995 0.40280894308943094 0.41889312500000003 0.40280894308943094 0.412065625
1 0.14167073170731706 0.45400375 0.13744173441734417 0.446689375 0.12369647696476964 0.4501025 0.11946747967479675 0.455466875 0.12475474254742548 0.46034312499999996 0.13638346883468835 0.46083125 0.14167073170731706 0.45400375
1 0.10678184281842819 0.47009625 0.10572357723577236 0.4647325 0.11523848238482386 0.462781875 0.10889566395663956 0.457905 0.09303658536585366 0.455466875 0.08775067750677508 0.459855625 0.08986585365853658 0.46717062499999995 0.10255284552845528 0.47399749999999996 0.10678184281842819 0.47009625
1 0.2960271002710027 0.46521999999999997 0.294970189701897 0.46180625 0.2854552845528455 0.459855625 0.27276829268292685 0.46034312499999996 0.264310298102981 0.46131875 0.2621951219512195 0.46229374999999995 0.2632520325203252 0.46765812500000004 0.271710027100271 0.47009625 0.2917981029810298 0.468633125 0.2960271002710027 0.46521999999999997
1 0.47575745257452573 0.47107187500000003 0.48210162601626017 0.466683125 0.47575745257452573 0.46180625 0.4662425474254742 0.456441875 0.45355555555555555 0.455466875 0.4472127371273713 0.4583925 0.4450975609756098 0.466195 0.4577845528455285 0.46912125000000005 0.47575745257452573 0.47107187500000003
1 0.5328482384823848 0.4096275 0.5381355013550135 0.40523875 0.5307344173441735 0.39841125 0.5180474254742548 0.39694875 0.5064173441734418 0.4023125 0.5032466124661247 0.4096275 0.49901761517615173 0.41401625000000003 0.5117046070460705 0.414504375 0.5328482384823848 0.4096275
1 0.8489634146341463 0.459855625 0.8595365853658536 0.4583925 0.8679932249322493 0.45254062500000003 0.8690514905149052 0.44620125 0.8510785907859079 0.441325 0.8383915989159891 0.439861875 0.8341626016260162 0.447176875 0.8415623306233062 0.455954375 0.8489634146341463 0.459855625
1 0.750639566395664 0.512034375 0.7664986449864499 0.512521875 0.7707276422764228 0.507645625 0.7664986449864499 0.50179375 0.7538116531165312 0.498868125 0.7442967479674798 0.4978925 0.7337249322493226 0.499843125 0.7294959349593496 0.5047193750000001 0.7411246612466126 0.50959625 0.750639566395664 0.512034375
1 0.6692330623306233 0.56275 0.681920054200542 0.555923125 0.6776910569105692 0.551534375 0.6681761517615176 0.547145625 0.6502018970189701 0.5495837499999999 0.639630081300813 0.55446 0.6364579945799458 0.559336875 0.6385731707317073 0.56275 0.6491449864498645 0.563725625 0.6692330623306233 0.56275
1 0.13532655826558265 0.540318125 0.12581165311653117 0.534954375 0.10572357723577236 0.5373924999999999 0.09938075880758808 0.5447068749999999 0.11841056910569106 0.551534375 0.13532655826558265 0.5476331249999999 0.13532655826558265 0.540318125
1 0.07294986449864499 0.6422374999999999 0.06343495934959349 0.645163125 0.06026287262872628 0.651503125 0.06554878048780488 0.6593049999999999 0.07823577235772358 0.664181875 0.09197967479674797 0.657354375 0.09197967479674797 0.64711375 0.07294986449864499 0.6422374999999999
1 0.7834146341463414 0.709045625 0.7918726287262873 0.700755625 0.7834146341463414 0.696854375 0.77389972899729 0.6944162500000001 0.7675555555555555 0.6992925 0.7633265582655827 0.704656875 0.7686138211382113 0.71148375 0.7834146341463414 0.709045625
1 0.4662425474254742 0.6705212500000001 0.4472127371273713 0.671984375 0.4482696476964769 0.68563875 0.4620135501355014 0.6910025000000001 0.47575745257452573 0.68710125 0.4778726287262873 0.67491 0.4662425474254742 0.6705212500000001
1 0.681920054200542 0.7066074999999999 0.6713468834688348 0.707095 0.6671178861788618 0.712459375 0.6713468834688348 0.71928625 0.6903780487804878 0.71441 0.681920054200542 0.7066074999999999
1 0.43346883468834685 0.327701875 0.4144376693766938 0.33501687500000005 0.41549457994579947 0.34476999999999997 0.42712466124661247 0.350621875 0.4419268292682927 0.34086875 0.43346883468834685 0.327701875
1 0.4091517615176152 0.339405625 0.398579945799458 0.33404125 0.3816639566395664 0.337455 0.3784918699186992 0.34476999999999997 0.386949864498645 0.350621875 0.4123238482384824 0.345745 0.4091517615176152 0.339405625