1 0.35365853658536583 0.496875 0.3428184281842818 0.50125 0.34010840108401086 0.509375 0.3509485094850949 0.51625 0.35907859078590787 0.51875 0.3699186991869919 0.51875 0.3780487804878049 0.51625 0.3807588075880759 0.506875 0.3699186991869919 0.499375 0.35365853658536583 0.496875
1 0.26422764227642276 0.6425 0.25609756097560976 0.645625 0.24796747967479674 0.65125 0.24796747967479674 0.658125 0.26422764227642276 0.6625 0.29132791327913277 0.65875 0.3021680216802168 0.650625 0.2994579945799458 0.64625 0.2872628726287263 0.641875 0.26422764227642276 0.6425
1 0.6910569105691057 0.38 0.6883468834688347 0.388125 0.6937669376693767 0.39375 0.7168021680216802 0.39625 0.7344173441734417 0.39125 0.7344173441734417 0.384375 0.7262872628726287 0.379375 0.7046070460704607 0.376875 0.6910569105691057 0.38
1 0.481029810298103 0.70375 0.46476964769647694 0.70375 0.45663956639566394 0.70625 0.45121951219512196 0.71 0.453929539295393 0.721875 0.47560975609756095 0.731875 0.489159891598916 0.731875 0.5013550135501355 0.726875 0.5013550135501355 0.72 0.494579945799458 0.71125 0.481029810298103 0.70375
1 0.6178861788617886 0.5 0.6070460704607046 0.504375 0.6043360433604336 0.514375 0.6151761517615176 0.519375 0.6395663956639567 0.51875 0.6504065040650406 0.514375 0.6558265582655827 0.50875 0.6558265582655827 0.504375 0.6368563685636857 0.4975 0.6178861788617886 0.5
1 0.15853658536585366 0.571875 0.14498644986449866 0.576875 0.14227642276422764 0.581875 0.14905149051490515 0.586875 0.16937669376693767 0.59125 0.18834688346883469 0.58875 0.1937669376693767 0.58375 0.1937669376693767 0.5775 0.18292682926829268 0.5725 0.15853658536585366 0.571875
1 0.5962059620596206 0.371875 0.5934959349593496 0.3775 0.6070460704607046 0.384375 0.6287262872628726 0.381875 0.6422764227642277 0.3725 0.6341463414634146 0.3675 0.6205962059620597 0.36625 0.6124661246612466 0.36625 0.5962059620596206 0.371875
1 0.6558265582655827 0.51875 0.6531165311653117 0.526875 0.6639566395663956 0.5325 0.6883468834688347 0.5325 0.6964769647696477 0.52875 0.6964769647696477 0.52125 0.6842818428184282 0.51625 0.6666666666666666 0.515 0.6558265582655827 0.51875
1 0.8319783197831978 0.375 0.8238482384823849 0.378125 0.8211382113821138 0.3875 0.8279132791327913 0.394375 0.8428184281842819 0.39875 0.8617886178861789 0.39875 0.8699186991869918 0.395 0.8699186991869918 0.385 0.8550135501355014 0.376875 0.8319783197831978 0.375
1 0.7181571815718157 0.325625 0.7154471544715447 0.33125 0.7208672086720868 0.338125 0.7344173441734417 0.340625 0.7506775067750677 0.338125 0.7588075880758808 0.3275 0.7479674796747967 0.32 0.7289972899728997 0.32 0.7181571815718157 0.325625
1 0.6937669376693767 0.595625 0.6937669376693767 0.613125 0.7100271002710027 0.6175 0.7181571815718157 0.6175 0.7289972899728997 0.61125 0.7262872628726287 0.595 0.7154471544715447 0.591875 0.7073170731707317 0.591875 0.6937669376693767 0.595625
1 0.8211382113821138 0.46875 0.8021680216802168 0.473125 0.7967479674796748 0.47625 0.7967479674796748 0.484375 0.8048780487804879 0.4875 0.8428184281842819 0.4875 0.8590785907859079 0.480625 0.8590785907859079 0.473125 0.8468834688346883 0.46875 0.8211382113821138 0.46875
1 0.8292682926829268 0.7225 0.8184281842818428 0.725625 0.8157181571815718 0.733125 0.8238482384823849 0.74 0.8455284552845529 0.74125 0.8563685636856369 0.74 0.8644986449864499 0.73625 0.8644986449864499 0.7275 0.8536585365853658 0.723125 0.8292682926829268 0.7225
1 0.3780487804878049 0.283125 0.37262872628726285 0.28625 0.36720867208672087 0.290625 0.36720867208672087 0.299375 0.3861788617886179 0.3075 0.4024390243902439 0.306875 0.4105691056910569 0.30125 0.4105691056910569 0.293125 0.3888888888888889 0.283125 0.3780487804878049 0.283125
1 0.4159891598915989 0.589375 0.4132791327913279 0.595625 0.4241192411924119 0.601875 0.44037940379403795 0.60375 0.45663956639566394 0.601875 0.45934959349593496 0.595625 0.44986449864498645 0.588125 0.42953929539295393 0.58625 0.4159891598915989 0.589375
1 0.46747967479674796 0.48625 0.45799457994579945 0.488125 0.453929539295393 0.49125 0.45663956639566394 0.49625 0.46476964769647694 0.499375 0.47560975609756095 0.50125 0.5013550135501355 0.49875 0.5040650406504065 0.4925 0.497289972899729 0.4875 0.46747967479674796 0.48625
1 0.4024390243902439 0.746875 0.3997289972899729 0.754375 0.4078590785907859 0.759375 0.4349593495934959 0.75875 0.43766937669376693 0.748125 0.43360433604336046 0.74625 0.4281842818428184 0.744375 0.4105691056910569 0.744375 0.4024390243902439 0.746875
1 0.13143631436314362 0.49625 0.11246612466124661 0.4975 0.10569105691056911 0.5 0.0989159891598916 0.504375 0.0989159891598916 0.51125 0.10975609756097561 0.515 0.12466124661246612 0.514375 0.14092140921409213 0.509375 0.14769647696476965 0.503125 0.14498644986449866 0.4975 0.13143631436314362 0.49625
1 0.2181571815718157 0.618125 0.1910569105691057 0.618125 0.18292682926829268 0.62125 0.17479674796747968 0.62625 0.17479674796747968 0.631875 0.18292682926829268 0.63625 0.1937669376693767 0.638125 0.2127371273712737 0.63625 0.22357723577235772 0.63125 0.22628726287262874 0.623125 0.2181571815718157 0.618125
1 0.3943089430894309 0.634375 0.3915989159891599 0.64375 0.3997289972899729 0.646875 0.4254742547425474 0.64625 0.44037940379403795 0.63875 0.43766937669376693 0.631875 0.4281842818428184 0.62875 0.4078590785907859 0.629375 0.3943089430894309 0.634375
1 0.32926829268292684 0.61 0.3265582655826558 0.615625 0.3346883468834688 0.625 0.35907859078590787 0.62625 0.36720867208672087 0.620625 0.36449864498644985 0.6075 0.35907859078590787 0.605 0.33739837398373984 0.605 0.32926829268292684 0.61
1 0.6151761517615176 0.571875 0.6233062330623306 0.5525 0.6043360433604336 0.55 0.5962059620596206 0.550625 0.5934959349593496 0.55375 0.5934959349593496 0.57125 0.6151761517615176 0.571875
1 0.5555555555555556 0.438125 0.5501355013550135 0.441875 0.5528455284552846 0.458125 0.5663956639566395 0.45875 0.5772357723577236 0.45625 0.5826558265582655 0.451875 0.5826558265582655 0.439375 0.5677506775067751 0.43625 0.5555555555555556 0.438125
1 0.7899728997289973 0.300625 0.7804878048780488 0.299375 0.7669376693766937 0.3 0.7425474254742548 0.30625 0.7371273712737128 0.31 0.7371273712737128 0.314375 0.7452574525745257 0.319375 0.7560975609756098 0.320625 0.7777777777777778 0.319375 0.7940379403794038 0.314375 0.7967479674796748 0.31 0.7899728997289973 0.300625
1 0.6666666666666666 0.584375 0.6531165311653117 0.58875 0.6504065040650406 0.595 0.6558265582655827 0.603125 0.6666666666666666 0.608125 0.6869918699186992 0.6075 0.6910569105691057 0.603125 0.6910569105691057 0.59375 0.6842818428184282 0.58875 0.6666666666666666 0.584375
1 0.5474254742547425 0.48875 0.5447154471544715 0.495 0.5487804878048781 0.498125 0.5663956639566395 0.5 0.5853658536585366 0.494375 0.5880758807588076 0.483125 0.5840108401084011 0.480625 0.5555555555555556 0.48125 0.5474254742547425 0.48875
1 0.13414634146341464 0.425 0.13143631436314362 0.434375 0.13956639566395665 0.439375 0.16395663956639567 0.439375 0.17479674796747968 0.4325 0.17479674796747968 0.425 0.16124661246612465 0.41875 0.14498644986449866 0.41875 0.13414634146341464 0.425
1 0.462059620596206 0.58375 0.462059620596206 0.598125 0.47560975609756095 0.601875 0.4905149051490515 0.59875 0.497289972899729 0.593125 0.497289972899729 0.586875 0.4878048780487805 0.58 0.470189701897019 0.58 0.462059620596206 0.58375
1 0.14227642276422764 0.63875 0.13414634146341464 0.6425 0.13414634146341464 0.65375 0.14769647696476965 0.659375 0.16937669376693767 0.6575 0.17479674796747968 0.65375 0.17208672086720866 0.639375 0.16395663956639567 0.636875 0.14227642276422764 0.63875
1 0.47289972899729 0.504375 0.47289972899729 0.51875 0.481029810298103 0.52125 0.5013550135501355 0.519375 0.5094850948509485 0.51375 0.5067750677506775 0.504375 0.494579945799458 0.5 0.483739837398374 0.5 0.47289972899729 0.504375
1 0.3943089430894309 0.425 0.4078590785907859 0.43 0.42140921409214094 0.429375 0.43224932249322495 0.420625 0.4268292682926829 0.41125 0.4132791327913279 0.40875 0.3970189701897019 0.414375 0.3943089430894309 0.425
1 0.44308943089430897 0.618125 0.44037940379403795 0.62625 0.44850948509485095 0.633125 0.4715447154471545 0.63375 0.483739837398374 0.62 0.481029810298103 0.615 0.46747967479674796 0.61125 0.45934959349593496 0.61125 0.44308943089430897 0.618125
1 0.3888888888888889 0.67375 0.3780487804878049 0.67875 0.3807588075880759 0.690625 0.3970189701897019 0.69625 0.4105691056910569 0.69625 0.42140921409214094 0.69125 0.4186991869918699 0.681875 0.4105691056910569 0.67625 0.3888888888888889 0.67375
1 0.491869918699187 0.6225 0.47831978319783197 0.626875 0.47560975609756095 0.636875 0.481029810298103 0.639375 0.5013550135501355 0.64125 0.5176151761517616 0.638125 0.5230352303523035 0.634375 0.5230352303523035 0.62625 0.5121951219512195 0.6225 0.491869918699187 0.6225
1 0.8482384823848238 0.5 0.8319783197831978 0.4975 0.8102981029810298 0.5 0.8048780487804879 0.501875 0.8048780487804879 0.508125 0.8102981029810298 0.51375 0.8184281842818428 0.51625 0.8482384823848238 0.51625 0.8563685636856369 0.511875 0.8563685636856369 0.504375 0.8482384823848238 0.5
1 0.6395663956639567 0.610625 0.6341463414634146 0.613125 0.6368563685636857 0.62625 0.6666666666666666 0.625625 0.6747967479674797 0.618125 0.6720867208672087 0.610625 0.6639566395663956 0.6075 0.6476964769647696 0.608125 0.6395663956639567 0.610625
1 0.491869918699187 0.474375 0.489159891598916 0.483125 0.5013550135501355 0.489375 0.5203252032520326 0.48875 0.5338753387533876 0.485 0.5338753387533876 0.47625 0.5257452574525745 0.473125 0.5067750677506775 0.47125 0.491869918699187 0.474375
1 0.5230352303523035 0.45875 0.5311653116531165 0.4625 0.5447154471544715 0.4625 0.5528455284552846 0.458125 0.5501355013550135 0.4475 0.5365853658536586 0.443125 0.5230352303523035 0.445 0.5230352303523035 0.45875
1 0.3617886178861789 0.696875 0.3617886178861789 0.711875 0.3780487804878049 0.714375 0.3943089430894309 0.713125 0.4024390243902439 0.706875 0.3997289972899729 0.696875 0.3861788617886179 0.691875 0.3780487804878049 0.691875 0.3617886178861789 0.696875
1 0.5853658536585366 0.439375 0.5853658536585366 0.451875 0.5962059620596206 0.45625 0.6178861788617886 0.45625 0.6260162601626016 0.449375 0.6205962059620597 0.439375 0.6043360433604336 0.435 0.5962059620596206 0.435 0.5853658536585366 0.439375
1 0.22357723577235772 0.639375 0.21544715447154472 0.6425 0.21002710027100271 0.64875 0.2073170731707317 0.655625 0.21544715447154472 0.6625 0.22086720867208673 0.664375 0.24254742547425473 0.6625 0.24796747967479674 0.6575 0.25338753387533874 0.641875 0.24390243902439024 0.63875 0.22357723577235772 0.639375
1 0.489159891598916 0.5575 0.47289972899729 0.5575 0.462059620596206 0.560625 0.45934959349593496 0.56625 0.470189701897019 0.57375 0.483739837398374 0.57625 0.502710027100271 0.57625 0.5094850948509485 0.57375 0.5121951219512195 0.566875 0.5013550135501355 0.560625 0.489159891598916 0.5575
1 0.37669376693766937 0.345625 0.36449864498644985 0.344375 0.34146341463414637 0.34875 0.3346883468834688 0.353125 0.3346883468834688 0.359375 0.3428184281842818 0.3625 0.3685636856368564 0.3625 0.3821138211382114 0.3575 0.3861788617886179 0.353125 0.3861788617886179 0.350625 0.37669376693766937 0.345625
1 0.3346883468834688 0.646875 0.3238482384823848 0.64125 0.3116531165311653 0.643125 0.3130081300813008 0.650625 0.33062330623306235 0.650625 0.3346883468834688 0.646875
1 0.5772357723577236 0.415625 0.5555555555555556 0.415625 0.5474254742547425 0.419375 0.5474254742547425 0.4275 0.55420054200542 0.433125 0.5718157181571816 0.43625 0.5853658536585366 0.43625 0.5962059620596206 0.429375 0.5880758807588076 0.418125 0.5772357723577236 0.415625
1 0.3523035230352303 0.538125 0.34552845528455284 0.5425 0.34552845528455284 0.5525 0.35501355013550134 0.560625 0.37533875338753386 0.56375 0.38346883468834686 0.55875 0.3861788617886179 0.5425 0.37533875338753386 0.5375 0.3523035230352303 0.538125
1 0.6991869918699187 0.779375 0.6991869918699187 0.789375 0.7127371273712737 0.796875 0.7384823848238482 0.79875 0.7533875338753387 0.795 0.7533875338753387 0.785625 0.7330623306233063 0.776875 0.7100271002710027 0.775625 0.6991869918699187 0.779375
1 0.6802168021680217 0.72375 0.6693766937669376 0.726875 0.6639566395663956 0.73 0.6639566395663956 0.74125 0.6693766937669376 0.744375 0.6883468834688347 0.744375 0.7073170731707317 0.7375 0.7073170731707317 0.72875 0.7018970189701897 0.725625 0.6802168021680217 0.72375
1 0.7777777777777778 0.4275 0.7696476964769647 0.431875 0.7669376693766937 0.4375 0.7859078590785907 0.444375 0.7994579945799458 0.444375 0.8211382113821138 0.4375 0.8211382113821138 0.431875 0.8157181571815718 0.4275 0.7886178861788617 0.42625 0.7777777777777778 0.4275
1 0.7506775067750677 0.46625 0.7344173441734417 0.468125 0.7317073170731707 0.47625 0.7411924119241192 0.484375 0.7533875338753387 0.4875 0.7669376693766937 0.4875 0.7750677506775068 0.483125 0.7723577235772358 0.473125 0.7642276422764228 0.46875 0.7506775067750677 0.46625
1 0.18292682926829268 0.6 0.1802168021680217 0.609375 0.18834688346883469 0.613125 0.21544715447154472 0.613125 0.22628726287262874 0.608125 0.22357723577235772 0.59875 0.21544715447154472 0.595625 0.19647696476964768 0.595 0.18292682926829268 0.6
1 0.6449864498644986 0.384375 0.6449864498644986 0.395625 0.6558265582655827 0.400625 0.6802168021680217 0.4025 0.6937669376693767 0.39625 0.6937669376693767 0.3925 0.6829268292682927 0.383125 0.6558265582655827 0.380625 0.6449864498644986 0.384375
1 0.22899728997289973 0.595 0.22628726287262874 0.606875 0.23170731707317074 0.61 0.24796747967479674 0.6125 0.26422764227642276 0.6075 0.2669376693766938 0.595 0.26151761517615174 0.5925 0.24254742547425473 0.59125 0.22899728997289973 0.595
1 0.5826558265582655 0.494375 0.5934959349593496 0.50125 0.6097560975609756 0.503125 0.6260162601626016 0.496875 0.6260162601626016 0.483125 0.6016260162601627 0.48125 0.5853658536585366 0.4875 0.5826558265582655 0.494375
1 0.7913279132791328 0.70875 0.7886178861788617 0.725 0.7994579945799458 0.73 0.8075880758807588 0.73 0.8292682926829268 0.720625 0.8319783197831978 0.709375 0.8211382113821138 0.70375 0.8048780487804879 0.70375 0.7913279132791328 0.70875
1 0.4024390243902439 0.5425 0.3888888888888889 0.5475 0.3861788617886179 0.56 0.3915989159891599 0.56375 0.41192411924119243 0.564375 0.42276422764227645 0.561875 0.4268292682926829 0.558125 0.4268292682926829 0.55 0.4159891598915989 0.543125 0.4024390243902439 0.5425
1 0.44037940379403795 0.75 0.44037940379403795 0.764375 0.44850948509485095 0.769375 0.470189701897019 0.769375 0.483739837398374 0.76 0.483739837398374 0.754375 0.47831978319783197 0.749375 0.453929539295393 0.74625 0.44037940379403795 0.75
1 0.23983739837398374 0.700625 0.22086720867208673 0.709375 0.2181571815718157 0.720625 0.2222222222222222 0.72375 0.23170731707317074 0.726875 0.24525745257452575 0.726875 0.2588075880758808 0.7225 0.26151761517615174 0.70625 0.25609756097560976 0.701875 0.23983739837398374 0.700625
1 0.7791327913279132 0.376875 0.7615176151761518 0.378125 0.7560975609756098 0.380625 0.7560975609756098 0.389375 0.7628726287262872 0.39375 0.7723577235772358 0.39625 0.7967479674796748 0.395625 0.7994579945799458 0.386875 0.7940379403794038 0.3825 0.7791327913279132 0.376875
1 0.13956639566395665 0.354375 0.12872628726287264 0.358125 0.12601626016260162 0.366875 0.13143631436314362 0.371875 0.14498644986449866 0.375625 0.15989159891598917 0.374375 0.16937669376693767 0.36875 0.16395663956639567 0.358125 0.14769647696476965 0.354375 0.13956639566395665 0.354375
1 0.6192411924119241 0.579375 0.6151761517615176 0.583125 0.6151761517615176 0.591875 0.6233062330623306 0.595 0.6476964769647696 0.595 0.6585365853658537 0.584375 0.6504065040650406 0.576875 0.6260162601626016 0.57625 0.6192411924119241 0.579375
1 0.4742547425474255 0.765625 0.470189701897019 0.771875 0.47289972899729 0.775625 0.483739837398374 0.779375 0.5067750677506775 0.779375 0.5149051490514905 0.77625 0.5121951219512195 0.7675 0.502710027100271 0.764375 0.4742547425474255 0.765625
1 0.6666666666666666 0.41 0.6666666666666666 0.418125 0.6802168021680217 0.42375 0.7100271002710027 0.425 0.7208672086720868 0.421875 0.7235772357723578 0.415625 0.7073170731707317 0.406875 0.6802168021680217 0.405625 0.6666666666666666 0.41
1 0.21002710027100271 0.670625 0.2046070460704607 0.673125 0.19647696476964768 0.678125 0.19647696476964768 0.68875 0.2018970189701897 0.691875 0.23170731707317074 0.691875 0.23983739837398374 0.68875 0.24525745257452575 0.6825 0.24119241192411925 0.671875 0.21002710027100271 0.670625
1 0.6233062330623306 0.556875 0.6205962059620597 0.569375 0.6287262872628726 0.575625 0.6504065040650406 0.57625 0.6585365853658537 0.56875 0.6585365853658537 0.556875 0.6463414634146342 0.5525 0.6314363143631436 0.5525 0.6233062330623306 0.556875
1 0.5474254742547425 0.560625 0.5582655826558266 0.565625 0.5880758807588076 0.565625 0.5934959349593496 0.5525 0.5853658536585366 0.54875 0.5582655826558266 0.54875 0.5501355013550135 0.5525 0.5474254742547425 0.560625
1 0.5934959349593496 0.629375 0.6070460704607046 0.634375 0.6260162601626016 0.63375 0.6341463414634146 0.62875 0.6314363143631436 0.613125 0.6124661246612466 0.608125 0.5934959349593496 0.6125 0.5934959349593496 0.629375
1 0.6680216802168022 0.75125 0.6504065040650406 0.751875 0.6422764227642277 0.754375 0.6395663956639567 0.763125 0.6476964769647696 0.76875 0.6585365853658537 0.77125 0.6775067750677507 0.77125 0.6883468834688347 0.766875 0.6910569105691057 0.76125 0.6829268292682927 0.754375 0.6680216802168022 0.75125
1 0.6124661246612466 0.385 0.5989159891598916 0.388125 0.5962059620596206 0.3975 0.6056910569105691 0.405 0.6178861788617886 0.408125 0.6314363143631436 0.408125 0.6368563685636857 0.40625 0.6395663956639567 0.39625 0.6314363143631436 0.389375 0.6124661246612466 0.385
1 0.2859078590785908 0.6675 0.2967479674796748 0.676875 0.3333333333333333 0.676875 0.33739837398373984 0.670625 0.32926829268292684 0.66125 0.3021680216802168 0.659375 0.2886178861788618 0.663125 0.2859078590785908 0.6675
1 0.5094850948509485 0.529375 0.497289972899729 0.53125 0.489159891598916 0.535 0.48644986449864497 0.543125 0.491869918699187 0.546875 0.510840108401084 0.54875 0.521680216802168 0.5475 0.5311653116531165 0.5425 0.5311653116531165 0.533125 0.5257452574525745 0.53125 0.5094850948509485 0.529375
1 0.34010840108401086 0.315625 0.3346883468834688 0.324375 0.3428184281842818 0.33125 0.35636856368563685 0.335 0.3780487804878049 0.333125 0.38346883468834686 0.326875 0.37533875338753386 0.31875 0.3604336043360434 0.315 0.34010840108401086 0.315625
1 0.491869918699187 0.64 0.470189701897019 0.639375 0.45934959349593496 0.644375 0.45934959349593496 0.649375 0.46476964769647694 0.65375 0.47560975609756095 0.6575 0.497289972899729 0.6575 0.5040650406504065 0.65375 0.5013550135501355 0.644375 0.491869918699187 0.64
1 0.11517615176151762 0.386875 0.10569105691056911 0.389375 0.1043360433604336 0.4 0.12059620596205962 0.408125 0.13821138211382114 0.409375 0.15040650406504066 0.405625 0.15040650406504066 0.395 0.14092140921409213 0.389375 0.12737127371273713 0.386875 0.11517615176151762 0.386875
1 0.5813008130081301 0.533125 0.5772357723577236 0.540625 0.5853658536585366 0.5475 0.6070460704607046 0.550625 0.6233062330623306 0.545625 0.6233062330623306 0.5375 0.6151761517615176 0.5325 0.5962059620596206 0.530625 0.5813008130081301 0.533125
1 0.551490514905149 0.78625 0.5474254742547425 0.79 0.5474254742547425 0.800625 0.5663956639566395 0.806875 0.5772357723577236 0.806875 0.5880758807588076 0.801875 0.5853658536585366 0.79 0.5745257452574526 0.785625 0.551490514905149 0.78625
1 0.24796747967479674 0.67375 0.24796747967479674 0.6825 0.26151761517615174 0.686875 0.28319783197831977 0.685625 0.2940379403794038 0.68 0.2940379403794038 0.673125 0.28319783197831977 0.6675 0.26151761517615174 0.6675 0.24796747967479674 0.67375
1 0.7642276422764228 0.399375 0.7615176151761518 0.408125 0.7723577235772358 0.413125 0.8062330623306233 0.414375 0.8211382113821138 0.408125 0.8211382113821138 0.40375 0.7940379403794038 0.39625 0.7777777777777778 0.39625 0.7642276422764228 0.399375
1 0.7046070460704607 0.489375 0.7154471544715447 0.494375 0.7289972899728997 0.494375 0.7371273712737128 0.49 0.7344173441734417 0.476875 0.7289972899728997 0.473125 0.7073170731707317 0.474375 0.7046070460704607 0.489375
1 0.5826558265582655 0.7375 0.5745257452574526 0.74 0.5772357723577236 0.753125 0.5880758807588076 0.758125 0.6124661246612466 0.758125 0.6205962059620597 0.754375 0.6178861788617886 0.745 0.6029810298102981 0.7375 0.5826558265582655 0.7375
1 0.6829268292682927 0.340625 0.6802168021680217 0.34875 0.6883468834688347 0.353125 0.7127371273712737 0.35375 0.7289972899728997 0.348125 0.7289972899728997 0.34125 0.7154471544715447 0.33625 0.6964769647696477 0.33625 0.6829268292682927 0.340625
1 0.4105691056910569 0.581875 0.4159891598915989 0.584375 0.44173441734417346 0.58375 0.453929539295393 0.571875 0.45121951219512196 0.56375 0.4268292682926829 0.561875 0.4105691056910569 0.56875 0.4105691056910569 0.581875
1 0.6761517615176151 0.310625 0.6747967479674797 0.320625 0.6964769647696477 0.32875 0.7113821138211383 0.3275 0.7181571815718157 0.321875 0.7154471544715447 0.3125 0.6964769647696477 0.3075 0.6856368563685636 0.3075 0.6761517615176151 0.310625
1 0.3509485094850949 0.7675 0.34010840108401086 0.771875 0.34010840108401086 0.7825 0.35636856368563685 0.790625 0.3780487804878049 0.790625 0.3861788617886179 0.78625 0.3861788617886179 0.775625 0.37533875338753386 0.769375 0.3509485094850949 0.7675
1 0.8536585365853658 0.5525 0.8455284552845529 0.555 0.8401084010840109 0.55875 0.8401084010840109 0.565625 0.8563685636856369 0.570625 0.8753387533875339 0.570625 0.8915989159891599 0.56375 0.8915989159891599 0.560625 0.8766937669376694 0.553125 0.8536585365853658 0.5525
1 0.7642276422764228 0.494375 0.7533875338753387 0.496875 0.7506775067750677 0.50375 0.7560975609756098 0.50875 0.7642276422764228 0.51125 0.7940379403794038 0.515 0.8075880758807588 0.513125 0.8021680216802168 0.50125 0.7859078590785907 0.495 0.7642276422764228 0.494375
1 0.3428184281842818 0.65375 0.33739837398373984 0.655625 0.3319783197831978 0.659375 0.3346883468834688 0.668125 0.34552845528455284 0.675 0.3604336043360434 0.675625 0.3699186991869919 0.670625 0.3699186991869919 0.66125 0.35636856368563685 0.654375 0.3428184281842818 0.65375
1 0.483739837398374 0.34125 0.47696476964769646 0.344375 0.47289972899729 0.348125 0.47560975609756095 0.359375 0.489159891598916 0.365 0.5040650406504065 0.365 0.5121951219512195 0.359375 0.5121951219512195 0.346875 0.5013550135501355 0.34125 0.483739837398374 0.34125
1 0.5551639566395664 0.480053125 0.5805813008130081 0.480053125 0.5966341463414634 0.472031875 0.5832574525745258 0.46586125 0.5618536585365854 0.464010625 0.5417872628726287 0.46771250000000003 0.5391111111111111 0.47141500000000003 0.5551639566395664 0.480053125
1 0.569879403794038 0.528799375 0.5792439024390245 0.5213949999999999 0.5712168021680216 0.5152243750000001 0.5444620596205962 0.513373125 0.5337601626016261 0.5244800000000001 0.5484756097560975 0.533118125 0.569879403794038 0.528799375