0 0.5125 0.20930232558139536 0.5125 0.2292358803986711 0.519375 0.25083056478405313 0.526875 0.26245847176079734 0.54625 0.27325581395348836 0.559375 0.27325581395348836 0.575 0.2649501661129568 0.58625 0.24916943521594684 0.59125 0.2292358803986711 0.59125 0.20930232558139536 0.586875 0.19186046511627908 0.5775 0.1777408637873754 0.565 0.16777408637873753 0.558125 0.16528239202657807 0.545625 0.16528239202657807 0.53625 0.1686046511627907 0.528125 0.17524916943521596 0.516875 0.19352159468438537 0.5125 0.20930232558139536
1 0.6275 0.5058139534883721 0.618125 0.5049833887043189 0.613125 0.510797342192691 0.613125 0.521594684385382 0.616875 0.5299003322259136 0.6275 0.5340531561461794 0.635625 0.5290697674418605 0.635 0.5141196013289037 0.6275 0.5058139534883721
1 0.464375 0.7541528239202658 0.464375 0.7416943521594684 0.4575 0.7342192691029901 0.443125 0.7383720930232558 0.43625 0.7491694352159468 0.43625 0.7649501661129569 0.4425 0.771594684385382 0.446875 0.7732558139534884 0.461875 0.760797342192691 0.464375 0.7541528239202658
1 0.510625 0.6096345514950167 0.4975 0.6112956810631229 0.49125 0.6204318936877077 0.491875 0.6312292358803987 0.49875 0.6378737541528239 0.505 0.6370431893687708 0.518125 0.6262458471760798 0.51875 0.6179401993355482 0.510625 0.6096345514950167
1 0.6375 0.6901993355481728 0.64 0.6868770764119602 0.64 0.6744186046511628 0.635 0.6661129568106312 0.625625 0.6619601328903655 0.6175 0.6619601328903655 0.610625 0.6727574750830565 0.613125 0.6818936877076412 0.620625 0.6918604651162791 0.63 0.6935215946843853 0.6375 0.6901993355481728
1 0.548125 0.6553156146179402 0.53625 0.6536544850498339 0.526875 0.6644518272425249 0.526875 0.6744186046511628 0.53625 0.686046511627907 0.551875 0.6885382059800664 0.558125 0.6835548172757475 0.559375 0.6727574750830565 0.548125 0.6553156146179402
1 0.53625 0.5141196013289037 0.53875 0.5049833887043189 0.53875 0.4883720930232558 0.534375 0.48255813953488375 0.53 0.48255813953488375 0.515625 0.5016611295681063 0.513125 0.5174418604651163 0.516875 0.5274086378737541 0.524375 0.5290697674418605 0.530625 0.5249169435215947 0.53625 0.5141196013289037
1 0.5075 0.3637873754152824 0.5075 0.34717607973421927 0.503125 0.3388704318936877 0.49875 0.33637873754152825 0.490625 0.33637873754152825 0.486875 0.3388704318936877 0.48125 0.3496677740863787 0.48375 0.3596345514950166 0.48875 0.36710963455149503 0.5 0.3687707641196013 0.5075 0.3637873754152824
1 0.59875 0.6345514950166113 0.60125 0.6312292358803987 0.60125 0.617109634551495 0.59375 0.6079734219269103 0.593125 0.6029900332225914 0.581875 0.6046511627906976 0.57125 0.6187707641196013 0.57 0.6378737541528239 0.57375 0.6453488372093024 0.584375 0.6461794019933554 0.59875 0.6345514950166113
1 0.65125 0.5573089700996677 0.653125 0.5523255813953488 0.65375 0.5448504983388704 0.651875 0.5382059800664452 0.640625 0.5307308970099668 0.6375 0.5299003322259136 0.625625 0.5357142857142857 0.6225 0.5431893687707641 0.623125 0.5564784053156147 0.6325 0.5647840531561462 0.643125 0.5647840531561462 0.65125 0.5573089700996677
1 0.588125 0.8106312292358804 0.59125 0.8039867109634552 0.590625 0.7807308970099668 0.585625 0.771594684385382 0.580625 0.7674418604651163 0.5725 0.7691029900332226 0.56875 0.7749169435215947 0.56625 0.7857142857142857 0.56875 0.8039867109634552 0.573125 0.8098006644518272 0.579375 0.8122923588039868 0.588125 0.8106312292358804
1 0.63 0.584717607973422 0.63 0.5722591362126246 0.623125 0.5672757475083057 0.610625 0.5681063122923588 0.604375 0.5739202657807309 0.60125 0.5805647840531561 0.6025 0.5921926910299004 0.60625 0.5980066445182725 0.610625 0.5988372093023255 0.620625 0.5980066445182725 0.63 0.584717607973422
1 0.395 0.43106312292358806 0.404375 0.42857142857142855 0.408125 0.42358803986710963 0.41 0.40946843853820597 0.408125 0.4019933554817276 0.404375 0.39700996677740863 0.3975 0.39368770764119604 0.383125 0.39368770764119604 0.3775 0.39867109634551495 0.375625 0.41362126245847175 0.380625 0.42441860465116277 0.3875 0.42940199335548174 0.395 0.43106312292358806
1 0.519375 0.5805647840531561 0.5125 0.5764119601328903 0.504375 0.5764119601328903 0.495625 0.5805647840531561 0.48875 0.5930232558139535 0.48875 0.6013289036544851 0.495625 0.6096345514950167 0.51125 0.6079734219269103 0.520625 0.5996677740863787 0.519375 0.5805647840531561
1 0.5625 0.7491694352159468 0.558125 0.7375415282392026 0.553125 0.7350498338870431 0.54375 0.7358803986710963 0.53875 0.7483388704318937 0.54 0.7641196013289037 0.550625 0.7749169435215947 0.558125 0.7740863787375415 0.561875 0.7666112956810631 0.5625 0.7491694352159468
1 0.4425 0.7275747508305648 0.443125 0.7159468438538206 0.441875 0.7109634551495017 0.4375 0.7059800664451827 0.426875 0.7034883720930233 0.421875 0.7059800664451827 0.41875 0.7109634551495017 0.418125 0.7242524916943521 0.42625 0.7358803986710963 0.43625 0.7358803986710963 0.4425 0.7275747508305648
1 0.624375 0.7524916943521595 0.618125 0.7458471760797342 0.60625 0.7475083056478405 0.6025 0.7516611295681063 0.599375 0.7624584717607974 0.6025 0.7732558139534884 0.60625 0.7757475083056479 0.616875 0.7749169435215947 0.624375 0.7674418604651163 0.624375 0.7524916943521595
1 0.683125 0.3446843853820598 0.669375 0.34551495016611294 0.66125 0.3554817275747508 0.661875 0.37375415282392027 0.66875 0.38289036544850497 0.68 0.3803986710963455 0.6875 0.36794019933554817 0.688125 0.35299003322259137 0.683125 0.3446843853820598
1 0.589375 0.696843853820598 0.59375 0.6935215946843853 0.59625 0.6901993355481728 0.59625 0.6744186046511628 0.59375 0.6686046511627907 0.589375 0.6619601328903655 0.584375 0.659468438538206 0.573125 0.6619601328903655 0.5675 0.6727574750830565 0.57125 0.686046511627907 0.581875 0.6960132890365448 0.589375 0.696843853820598
1 0.561875 0.521594684385382 0.565 0.5132890365448505 0.5625 0.5008305647840532 0.5525 0.49169435215946844 0.5475 0.49169435215946844 0.54375 0.4950166112956811 0.53875 0.5058139534883721 0.541875 0.5240863787375415 0.548125 0.5299003322259136 0.555 0.5307308970099668 0.561875 0.521594684385382
1 0.64625 0.6345514950166113 0.64 0.6245847176079734 0.62625 0.6196013289036545 0.618125 0.627906976744186 0.618125 0.6378737541528239 0.623125 0.6478405315614618 0.63 0.6519933554817275 0.63875 0.6519933554817275 0.645625 0.6478405315614618 0.64625 0.6345514950166113
1 0.5975 0.3978405315614618 0.5775 0.3978405315614618 0.573125 0.4061461794019934 0.575 0.4169435215946844 0.581875 0.42358803986710963 0.59625 0.42358803986710963 0.601875 0.4161129568106312 0.60125 0.4003322259136213 0.5975 0.3978405315614618
1 0.368125 0.4792358803986711 0.36875 0.473421926910299 0.365 0.4568106312292359 0.35 0.45348837209302323 0.345625 0.45598006644518274 0.340625 0.4642857142857143 0.340625 0.47259136212624586 0.345 0.48255813953488375 0.34875 0.48588039867109634 0.36125 0.48588039867109634 0.368125 0.4792358803986711
1 0.505625 0.44601328903654486 0.5075 0.4410299003322259 0.5075 0.4269102990033223 0.49875 0.4169435215946844 0.490625 0.41777408637873753 0.48375 0.42940199335548174 0.483125 0.4426910299003322 0.485 0.45016611295681064 0.490625 0.4543189368770764 0.5 0.45348837209302323 0.505625 0.44601328903654486
1 0.60625 0.521594684385382 0.595 0.5199335548172758 0.58875 0.5290697674418605 0.589375 0.5473421926910299 0.59625 0.5523255813953488 0.606875 0.5523255813953488 0.614375 0.542358803986711 0.614375 0.5299003322259136 0.60625 0.521594684385382
1 0.5075 0.3081395348837209 0.505 0.29900332225913623 0.496875 0.2865448504983389 0.491875 0.2857142857142857 0.48625 0.29651162790697677 0.48875 0.31976744186046513 0.49625 0.33554817275747506 0.5025 0.3347176079734219 0.505625 0.329734219269103 0.5075 0.3081395348837209
1 0.485625 0.34136212624584716 0.488125 0.33554817275747506 0.485625 0.3222591362126246 0.475625 0.31561461794019935 0.470625 0.31561461794019935 0.460625 0.32142857142857145 0.454375 0.33222591362126247 0.455 0.3430232558139535 0.460625 0.35132890365448505 0.478125 0.3504983388704319 0.485625 0.34136212624584716
1 0.62 0.4210963455149502 0.63 0.41777408637873753 0.635 0.4119601328903654 0.635 0.4003322259136213 0.6325 0.3953488372093023 0.619375 0.3862126245847176 0.6125 0.3862126245847176 0.6075 0.38953488372093026 0.604375 0.3961794019933555 0.604375 0.4019933554817276 0.60875 0.4119601328903654 0.62 0.4210963455149502
1 0.615 0.665282392026578 0.616875 0.6578073089700996 0.614375 0.6478405315614618 0.605 0.6395348837209303 0.595 0.6378737541528239 0.58875 0.6445182724252492 0.58875 0.6611295681063123 0.595 0.6710963455149501 0.606875 0.6735880398671097 0.610625 0.6719269102990033 0.615 0.665282392026578
1 0.575 0.4908637873754153 0.579375 0.48588039867109634 0.579375 0.4684385382059801 0.5775 0.46179401993355484 0.5675 0.45099667774086377 0.561875 0.45182724252491696 0.555625 0.46096345514950166 0.555625 0.47591362126245845 0.563125 0.489202657807309 0.570625 0.4925249169435216 0.575 0.4908637873754153
1 0.478125 0.292358803986711 0.47375 0.2857142857142857 0.4675 0.28322259136212624 0.4575 0.2865448504983389 0.449375 0.30066445182724255 0.45 0.3106312292358804 0.4575 0.31893687707641194 0.4625 0.31893687707641194 0.478125 0.3081395348837209 0.478125 0.292358803986711
1 0.4575 0.5863787375415282 0.46375 0.574750830564784 0.4625 0.5614617940199336 0.45125 0.5539867109634552 0.438125 0.5573089700996677 0.43375 0.5614617940199336 0.43125 0.5689368770764119 0.4325 0.5830564784053156 0.43625 0.5888704318936877 0.439375 0.5897009966777409 0.45 0.5897009966777409 0.4575 0.5863787375415282
1 0.528125 0.7832225913621262 0.535 0.7732558139534884 0.53625 0.760797342192691 0.53375 0.7549833887043189 0.526875 0.7516611295681063 0.516875 0.7533222591362126 0.5125 0.7566445182724253 0.505 0.770764119601329 0.505625 0.7799003322259136 0.51375 0.7882059800664452 0.519375 0.7882059800664452 0.528125 0.7832225913621262
1 0.610625 0.5606312292358804 0.60625 0.5539867109634552 0.599375 0.5539867109634552 0.5875 0.5481727574750831 0.581875 0.5573089700996677 0.581875 0.5631229235880398 0.58875 0.5739202657807309 0.599375 0.5772425249169435 0.61 0.5672757475083057 0.610625 0.5606312292358804
1 0.530625 0.6337209302325582 0.52625 0.627906976744186 0.519375 0.6245847176079734 0.505625 0.6387043189368771 0.50375 0.6553156146179402 0.508125 0.6619601328903655 0.519375 0.6619601328903655 0.526875 0.6561461794019934 0.530625 0.6495016611295681 0.530625 0.6337209302325582
1 0.5325 0.3480066445182724 0.53375 0.32641196013289037 0.528125 0.31478405315614616 0.51875 0.3089700996677741 0.51 0.31146179401993357 0.5075 0.31976744186046513 0.5075 0.33637873754152825 0.5125 0.34634551495016613 0.52125 0.35299003322259137 0.526875 0.35299003322259137 0.5325 0.3480066445182724
1 0.37625 0.4418604651162791 0.376875 0.43023255813953487 0.370625 0.41777408637873753 0.363125 0.4127906976744186 0.355 0.4127906976744186 0.3475 0.4186046511627907 0.34625 0.43272425249169433 0.349375 0.44019933554817275 0.355625 0.446843853820598 0.365625 0.45099667774086377 0.37625 0.4418604651162791
1 0.57 0.6661129568106312 0.5725 0.6602990033222591 0.5725 0.6478405315614618 0.57 0.6411960132890365 0.5625 0.6320598006644518 0.55375 0.632890365448505 0.550625 0.6395348837209303 0.550625 0.6578073089700996 0.560625 0.6719269102990033 0.565 0.6727574750830565 0.57 0.6661129568106312
1 0.559375 0.7317275747508306 0.57 0.7209302325581395 0.57125 0.7151162790697675 0.5725 0.7034883720930233 0.57 0.6943521594684385 0.565625 0.6910299003322259 0.560625 0.6918604651162791 0.555625 0.6976744186046512 0.553125 0.7142857142857143 0.548125 0.7209302325581395 0.548125 0.7250830564784053 0.550625 0.7300664451827242 0.559375 0.7317275747508306
1 0.6225 0.6004983388704319 0.60375 0.5988372093023255 0.5975 0.606312292358804 0.5975 0.6112956810631229 0.605625 0.6245847176079734 0.616875 0.6262458471760798 0.6275 0.6179401993355482 0.6275 0.6054817275747508 0.6225 0.6004983388704319
1 0.66625 0.49667774086378735 0.673125 0.49169435215946844 0.675 0.48172757475083056 0.6725 0.4742524916943522 0.66 0.4659468438538206 0.650625 0.4676079734219269 0.645 0.47259136212624586 0.64 0.48172757475083056 0.640625 0.4908637873754153 0.644375 0.4958471760797342 0.65 0.4983388704318937 0.66625 0.49667774086378735
1 0.38375 0.5473421926910299 0.379375 0.5365448504983389 0.37375 0.5332225913621262 0.36375 0.5365448504983389 0.35625 0.553156146179402 0.35625 0.5614617940199336 0.36375 0.5722591362126246 0.376875 0.5689368770764119 0.381875 0.5614617940199336 0.38375 0.5473421926910299
1 0.5075 0.4601328903654485 0.505 0.45598006644518274 0.5 0.4543189368770764 0.486875 0.45598006644518274 0.48125 0.4676079734219269 0.48375 0.48172757475083056 0.490625 0.48754152823920266 0.5025 0.48421926910299 0.5075 0.47591362126245845 0.5075 0.4601328903654485
1 0.480625 0.6619601328903655 0.48125 0.6486710963455149 0.475625 0.6345514950166113 0.46875 0.627906976744186 0.4575 0.627906976744186 0.453125 0.6395348837209303 0.453125 0.6478405315614618 0.4575 0.6561461794019934 0.47 0.6661129568106312 0.475625 0.6661129568106312 0.480625 0.6619601328903655
1 0.469375 0.47674418604651164 0.47375 0.4750830564784053 0.478125 0.4676079734219269 0.47875 0.45598006644518274 0.475625 0.44518272425249167 0.464375 0.43272425249169433 0.46 0.43272425249169433 0.455 0.4368770764119601 0.4525 0.4410299003322259 0.451875 0.457641196013289 0.455625 0.4700996677740864 0.460625 0.4750830564784053 0.469375 0.47674418604651164
1 0.355625 0.5066445182724253 0.35625 0.4958471760797342 0.354375 0.49169435215946844 0.3425 0.4808970099667774 0.33125 0.48172757475083056 0.325 0.4883720930232558 0.325 0.49667774086378735 0.335625 0.5116279069767442 0.3475 0.5141196013289037 0.35375 0.510797342192691 0.355625 0.5066445182724253
1 0.610625 0.4543189368770764 0.616875 0.4543189368770764 0.62125 0.45016611295681064 0.623125 0.44518272425249167 0.623125 0.43106312292358806 0.620625 0.42358803986710963 0.614375 0.4152823920265781 0.60875 0.4119601328903654 0.604375 0.4127906976744186 0.59875 0.4227574750830565 0.6 0.4393687707641196 0.60625 0.45099667774086377 0.610625 0.4543189368770764
1 0.54 0.5963455149501661 0.54125 0.5764119601328903 0.53375 0.563953488372093 0.525625 0.5631229235880398 0.519375 0.5772425249169435 0.519375 0.5880398671096345 0.521875 0.5980066445182725 0.526875 0.6029900332225914 0.53375 0.6046511627906976 0.536875 0.6029900332225914 0.54 0.5963455149501661
1 0.5525 0.3646179401993355 0.54375 0.3521594684385382 0.535 0.35299003322259137 0.529375 0.3596345514950166 0.526875 0.37790697674418605 0.531875 0.3845514950166113 0.54 0.3853820598006645 0.54625 0.38289036544850497 0.551875 0.37624584717607973 0.5525 0.3646179401993355
1 0.5375 0.47093023255813954 0.54125 0.4659468438538206 0.54125 0.4543189368770764 0.535625 0.44518272425249167 0.52625 0.4393687707641196 0.516875 0.4393687707641196 0.51125 0.44435215946843853 0.51 0.45598006644518274 0.515 0.4684385382059801 0.524375 0.473421926910299 0.5375 0.47093023255813954
1 0.4853125 0.3392857142857143 0.000625 0.0008305647840531562
1 0.484375 0.3911960132890365 0.486875 0.3845514950166113 0.485 0.3696013289036545 0.47 0.36710963455149503 0.465 0.3687707641196013 0.46 0.3745847176079734 0.4575 0.38704318936877075 0.460625 0.3961794019933555 0.464375 0.39867109634551495 0.475625 0.3978405315614618 0.484375 0.3911960132890365
1 0.4525 0.41943521594684385 0.454375 0.41029900332225916 0.4525 0.3978405315614618 0.4475 0.38870431893687707 0.439375 0.38953488372093026 0.42875 0.4069767441860465 0.429375 0.42358803986710963 0.43625 0.43272425249169433 0.441875 0.43272425249169433 0.44625 0.43023255813953487 0.4525 0.41943521594684385
1 0.548125 0.6910299003322259 0.536875 0.6868770764119602 0.529375 0.6926910299003323 0.52875 0.7059800664451827 0.53375 0.717607973421927 0.54625 0.7200996677740864 0.551875 0.7142857142857143 0.553125 0.6985049833887044 0.548125 0.6910299003322259
1 0.45125 0.6453488372093024 0.454375 0.6378737541528239 0.456875 0.6287375415282392 0.454375 0.6054817275747508 0.446875 0.5996677740863787 0.43625 0.6038205980066446 0.43125 0.6162790697674418 0.43125 0.6362126245847176 0.43375 0.6411960132890365 0.43625 0.6453488372093024 0.443125 0.6478405315614618 0.45125 0.6453488372093024
1 0.551875 0.7973421926910299 0.54125 0.7898671096345515 0.53375 0.7865448504983389 0.526875 0.7898671096345515 0.521875 0.7956810631229236 0.521875 0.8064784053156147 0.53125 0.8172757475083057 0.544375 0.8181063122923588 0.5525 0.8098006644518272 0.551875 0.7973421926910299
1 0.589375 0.36212624584717606 0.575625 0.36295681063122925 0.56625 0.3704318936877076 0.56625 0.3812292358803987 0.575 0.3961794019933555 0.59375 0.3953488372093023 0.59875 0.38870431893687707 0.59875 0.3704318936877076 0.589375 0.36212624584717606
1 0.396875 0.47591362126245845 0.39625 0.457641196013289 0.38875 0.44601328903654486 0.376875 0.4426910299003322 0.37 0.4485049833887043 0.366875 0.45598006644518274 0.366875 0.46511627906976744 0.375 0.48588039867109634 0.38 0.4883720930232558 0.3875 0.48754152823920266 0.396875 0.47591362126245845
1 0.59875 0.4792358803986711 0.59875 0.4568106312292359 0.591875 0.4476744186046512 0.585625 0.4485049833887043 0.579375 0.4601328903654485 0.579375 0.4700996677740864 0.581875 0.4775747508305648 0.585 0.4833887043189369 0.59125 0.48588039867109634 0.59625 0.4850498338870432 0.59875 0.4792358803986711