0 0.6910299003322259 0.395 0.6868770764119602 0.3875 0.675249169435216 0.381875 0.6569767441860465 0.381875 0.6503322259136213 0.384375 0.6461794019933554 0.395625 0.6470099667774086 0.410625 0.6669435215946844 0.420625 0.6760797342192691 0.42 0.6835548172757475 0.416875 0.6910299003322259 0.40625 0.6910299003322259 0.395
0 0.627906976744186 0.129375 0.6254152823920266 0.12125 0.6121262458471761 0.111875 0.590531561461794 0.111875 0.579734219269103 0.120625 0.5764119601328903 0.126875 0.5739202657807309 0.14 0.5789036544850499 0.143125 0.5772425249169435 0.145 0.5813953488372093 0.143125 0.590531561461794 0.151875 0.6112956810631229 0.151875 0.6262458471760798 0.14 0.627906976744186 0.129375
0 0.5930232558139535 0.0675 0.590531561461794 0.063125 0.5764119601328903 0.054375 0.5581395348837209 0.054375 0.553156146179402 0.05625 0.5465116279069767 0.06 0.5390365448504983 0.07 0.5382059800664452 0.084375 0.5465116279069767 0.095625 0.5722591362126246 0.095625 0.5830564784053156 0.089375 0.5921926910299004 0.07625 0.5930232558139535 0.0675
0 0.5406976744186046 0.8925 0.5705980066445183 0.890625 0.5980066445182725 0.88125 0.617109634551495 0.8675 0.6270764119601329 0.853125 0.6303986710963455 0.84375 0.6295681063122923 0.8175 0.6162790697674418 0.795625 0.5980066445182725 0.78125 0.5722591362126246 0.77125 0.5539867109634552 0.76875 0.5299003322259136 0.77 0.49916943521594687 0.78125 0.4867109634551495 0.789375 0.4742524916943522 0.8025 0.4659468438538206 0.82125 0.4659468438538206 0.84375 0.47259136212624586 0.86125 0.4850498338870432 0.87375 0.5 0.8825 0.5182724252491694 0.889375 0.5406976744186046 0.8925
1 0.3230897009966777 0.155 0.3313953488372093 0.143125 0.3338870431893688 0.135 0.33222591362126247 0.120625 0.31727574750830567 0.11375 0.3089700996677741 0.11375 0.29900332225913623 0.116875 0.28488372093023256 0.126875 0.2815614617940199 0.131875 0.2815614617940199 0.145 0.29401993355481726 0.15625 0.29900332225913623 0.158125 0.3106312292358804 0.16 0.31727574750830567 0.158125 0.3230897009966777 0.155
1 0.6013289036544851 0.706875 0.5921926910299004 0.704375 0.5822259136212624 0.704375 0.5730897009966778 0.706875 0.5622923588039868 0.715 0.5622923588039868 0.724375 0.5764119601328903 0.73375 0.5980066445182725 0.735 0.6104651162790697 0.7275 0.6129568106312292 0.716875 0.6013289036544851 0.706875
1 0.5681063122923588 0.385 0.5714285714285714 0.37375 0.5689368770764119 0.36125 0.5606312292358804 0.35625 0.5490033222591362 0.35625 0.5340531561461794 0.36375 0.5249169435215947 0.37625 0.5249169435215947 0.39125 0.5257475083056479 0.394375 0.5357142857142857 0.4 0.5473421926910299 0.4 0.5556478405315615 0.39625 0.5681063122923588 0.385
1 0.1303986710963455 0.495625 0.12541528239202657 0.48125 0.11877076411960133 0.47375 0.11212624584717608 0.470625 0.1004983388704319 0.470625 0.0888704318936877 0.475 0.08471760797342193 0.48375 0.08637873754152824 0.49375 0.09219269102990033 0.5025 0.10548172757475083 0.51 0.11627906976744186 0.51 0.1270764119601329 0.5025 0.1303986710963455 0.495625
1 0.45514950166112955 0.580625 0.4642857142857143 0.5725 0.4659468438538206 0.5625 0.4634551495016611 0.554375 0.45348837209302323 0.54375 0.4393687707641196 0.53625 0.4269102990033223 0.535 0.4119601328903654 0.541875 0.4111295681063123 0.559375 0.41362126245847175 0.565 0.4227574750830565 0.570625 0.42857142857142855 0.5775 0.4410299003322259 0.581875 0.45514950166112955 0.580625
1 0.5714285714285714 0.518125 0.5705980066445183 0.503125 0.5631229235880398 0.49875 0.5431893687707641 0.49875 0.5357142857142857 0.50125 0.5249169435215947 0.513125 0.5240863787375415 0.526875 0.5282392026578073 0.53125 0.5390365448504983 0.53625 0.5556478405315615 0.53375 0.5681063122923588 0.52375 0.5714285714285714 0.518125
1 0.6877076411960132 0.5775 0.6852159468438538 0.5725 0.6735880398671097 0.565 0.6644518272425249 0.5625 0.6528239202657807 0.5625 0.6387043189368771 0.568125 0.632890365448505 0.575 0.6337209302325582 0.585625 0.6387043189368771 0.591875 0.6503322259136213 0.59875 0.670265780730897 0.599375 0.6852159468438538 0.590625 0.6877076411960132 0.5775
1 0.4950166112956811 0.526875 0.4983388704318937 0.519375 0.4983388704318937 0.51 0.49335548172757476 0.500625 0.48588039867109634 0.495625 0.47093023255813954 0.495625 0.45930232558139533 0.50125 0.446843853820598 0.519375 0.44601328903654486 0.53125 0.44933554817275745 0.53625 0.4584717607973422 0.541875 0.4700996677740864 0.54125 0.48421926910299 0.53625 0.4950166112956811 0.526875
1 0.3803986710963455 0.42625 0.3812292358803987 0.418125 0.3787375415282392 0.413125 0.3646179401993355 0.405 0.3446843853820598 0.403125 0.33554817275747506 0.405 0.3230897009966777 0.411875 0.31976744186046513 0.41875 0.32059800664451826 0.428125 0.329734219269103 0.4375 0.33637873754152825 0.439375 0.35714285714285715 0.439375 0.3770764119601329 0.430625 0.3803986710963455 0.42625
1 0.4260797342192691 0.235 0.42524916943521596 0.220625 0.4210963455149502 0.215 0.40946843853820597 0.2075 0.4003322259136213 0.205 0.3920265780730897 0.205625 0.38205980066445183 0.21 0.37624584717607973 0.2175 0.37624584717607973 0.2275 0.3787375415282392 0.231875 0.3853820598006645 0.239375 0.39700996677740863 0.24625 0.40946843853820597 0.245625 0.4210963455149502 0.24125 0.4260797342192691 0.235
1 0.1478405315614618 0.4425 0.13704318936877077 0.4375 0.12790697674418605 0.4375 0.12043189368770764 0.44 0.11212624584717608 0.44875 0.11129568106312292 0.461875 0.11877076411960133 0.470625 0.12624584717607973 0.4725 0.1420265780730897 0.46875 0.15282392026578073 0.454375 0.1478405315614618 0.4425
1 0.2350498338870432 0.4275 0.2367109634551495 0.4225 0.2350498338870432 0.411875 0.23006644518272426 0.408125 0.20930232558139536 0.401875 0.19102990033222592 0.401875 0.18438538205980065 0.405 0.18023255813953487 0.41125 0.1818936877076412 0.42 0.19186046511627908 0.430625 0.19933554817275748 0.433125 0.21179401993355482 0.43375 0.22757475083056478 0.4325 0.2350498338870432 0.4275
1 0.4260797342192691 0.30125 0.41029900332225916 0.293125 0.40282392026578073 0.293125 0.39700996677740863 0.29625 0.38704318936877075 0.30375 0.38205980066445183 0.311875 0.38372093023255816 0.3275 0.39700996677740863 0.334375 0.41029900332225916 0.3325 0.42524916943521596 0.319375 0.4277408637873754 0.3125 0.4260797342192691 0.30125
1 0.2707641196013289 0.58375 0.26993355481727577 0.57625 0.26245847176079734 0.56625 0.24667774086378738 0.559375 0.22009966777408638 0.56375 0.21760797342192692 0.566875 0.21843853820598005 0.5775 0.22425249169435216 0.58625 0.2350498338870432 0.591875 0.2441860465116279 0.59375 0.2616279069767442 0.593125 0.2707641196013289 0.58375
1 0.643687707641196 0.3375 0.643687707641196 0.324375 0.6411960132890365 0.32 0.6270764119601329 0.3125 0.6129568106312292 0.3125 0.6021594684385382 0.3175 0.590531561461794 0.33125 0.5921926910299004 0.35 0.5946843853820598 0.353125 0.6146179401993356 0.35875 0.6262458471760798 0.355625 0.6403654485049833 0.34375 0.643687707641196 0.3375
1 0.18438538205980065 0.370625 0.18687707641196014 0.36375 0.18604651162790697 0.349375 0.17358803986710963 0.339375 0.15033222591362128 0.339375 0.1378737541528239 0.349375 0.13538205980066445 0.35625 0.1362126245847176 0.368125 0.13870431893687707 0.373125 0.14700996677740863 0.38 0.16029900332225913 0.38375 0.17109634551495018 0.381875 0.18438538205980065 0.370625
1 0.6511627906976745 0.28125 0.6511627906976745 0.27125 0.6461794019933554 0.26 0.6312292358803987 0.24875 0.6212624584717608 0.245625 0.6088039867109635 0.245625 0.5996677740863787 0.251875 0.5988372093023255 0.274375 0.6046511627906976 0.285625 0.6104651162790697 0.29125 0.6370431893687708 0.293125 0.643687707641196 0.29125 0.6511627906976745 0.28125
1 0.7043189368770764 0.36375 0.7051495016611296 0.35625 0.6993355481727574 0.345625 0.6868770764119602 0.3375 0.6735880398671097 0.334375 0.6602990033222591 0.334375 0.6470099667774086 0.3375 0.6378737541528239 0.34625 0.6378737541528239 0.359375 0.6528239202657807 0.3775 0.6644518272425249 0.381875 0.6818936877076412 0.381875 0.6993355481727574 0.37 0.7043189368770764 0.36375
1 0.36046511627906974 0.325 0.3646179401993355 0.3175 0.3654485049833887 0.30875 0.36212624584717606 0.299375 0.3480066445182724 0.288125 0.32558139534883723 0.288125 0.31727574750830567 0.293125 0.3122923588039867 0.3 0.31146179401993357 0.310625 0.313953488372093 0.31625 0.3230897009966777 0.329375 0.3289036544850498 0.3325 0.3330564784053156 0.334375 0.3496677740863787 0.334375 0.36046511627906974 0.325
1 0.6054817275747508 0.295 0.6046511627906976 0.286875 0.5988372093023255 0.278125 0.5897009966777409 0.275 0.5722591362126246 0.275 0.563953488372093 0.276875 0.5556478405315615 0.281875 0.5498338870431894 0.29 0.5514950166112956 0.300625 0.5598006644518272 0.308125 0.5813953488372093 0.3125 0.5872093023255814 0.31125 0.6021594684385382 0.303125 0.6054817275747508 0.295
1 0.3945182724252492 0.541875 0.38205980066445183 0.53125 0.36710963455149503 0.534375 0.35631229235880396 0.54375 0.3488372093023256 0.5625 0.3504983388704319 0.571875 0.35714285714285715 0.578125 0.37624584717607973 0.5775 0.3920265780730897 0.565 0.3953488372093023 0.558125 0.3945182724252492 0.541875
1 0.18106312292358803 0.408125 0.17940199335548174 0.3975 0.1719269102990033 0.386875 0.15448504983388706 0.381875 0.1478405315614618 0.381875 0.1378737541528239 0.3875 0.13372093023255813 0.39375 0.13372093023255813 0.404375 0.1378737541528239 0.415625 0.1478405315614618 0.423125 0.16528239202657807 0.423125 0.17275747508305647 0.420625 0.18106312292358803 0.408125
1 0.2549833887043189 0.5375 0.24833887043189368 0.530625 0.22093023255813954 0.53125 0.20514950166112958 0.54 0.20514950166112958 0.555 0.21511627906976744 0.5625 0.23089700996677742 0.5625 0.24335548172757476 0.559375 0.2541528239202658 0.548125 0.2549833887043189 0.5375
1 0.3554817275747508 0.37 0.36046511627906974 0.360625 0.3579734219269103 0.350625 0.3504983388704319 0.3475 0.3230897009966777 0.349375 0.29900332225913623 0.365625 0.29900332225913623 0.3775 0.3064784053156146 0.381875 0.3230897009966777 0.38375 0.3347176079734219 0.381875 0.3488372093023256 0.37625 0.3554817275747508 0.37
1 0.627906976744186 0.1275 0.6254152823920266 0.12125 0.6096345514950167 0.11125 0.5930232558139535 0.11125 0.579734219269103 0.120625 0.5755813953488372 0.130625 0.5764119601328903 0.13875 0.5888704318936877 0.149375 0.6088039867109635 0.15125 0.6154485049833887 0.149375 0.6262458471760798 0.14 0.627906976744186 0.1275
1 0.6636212624584718 0.508125 0.659468438538206 0.49875 0.6478405315614618 0.49375 0.6345514950166113 0.49125 0.617109634551495 0.49125 0.6046511627906976 0.49625 0.5980066445182725 0.503125 0.5971760797342193 0.515 0.6029900332225914 0.520625 0.6146179401993356 0.52375 0.6453488372093024 0.52375 0.659468438538206 0.5175 0.6636212624584718 0.508125
1 0.617109634551495 0.38 0.6187707641196013 0.373125 0.6137873754152824 0.360625 0.5963455149501661 0.355625 0.5880398671096345 0.35875 0.5772425249169435 0.366875 0.5697674418604651 0.383125 0.5705980066445183 0.39625 0.5772425249169435 0.40625 0.590531561461794 0.406875 0.5996677740863787 0.404375 0.6104651162790697 0.3925 0.617109634551495 0.38
1 0.4368770764119601 0.52875 0.4418604651162791 0.52125 0.4426910299003322 0.50875 0.4393687707641196 0.5025 0.43106312292358806 0.49875 0.4169435215946844 0.498125 0.4011627906976744 0.50375 0.3853820598006645 0.516875 0.38289036544850497 0.5225 0.38372093023255816 0.530625 0.3903654485049834 0.53625 0.40448504983388706 0.54 0.41943521594684385 0.53875 0.42524916943521596 0.53625 0.4368770764119601 0.52875
1 0.3546511627906977 0.60125 0.3546511627906977 0.581875 0.3504983388704319 0.575 0.34136212624584716 0.56875 0.3313953488372093 0.565 0.3131229235880399 0.56375 0.3014950166112957 0.5675 0.29485049833887045 0.5725 0.292358803986711 0.578125 0.29401993355481726 0.59625 0.31478405315614616 0.61 0.3289036544850498 0.6125 0.3388704318936877 0.611875 0.3488372093023256 0.60875 0.3546511627906977 0.60125
1 0.4277408637873754 0.579375 0.4219269102990033 0.57125 0.4152823920265781 0.568125 0.40946843853820597 0.56625 0.39700996677740863 0.56625 0.3911960132890365 0.5675 0.3770764119601329 0.5775 0.3770764119601329 0.58625 0.38704318936877075 0.59625 0.4069767441860465 0.59875 0.4219269102990033 0.591875 0.4269102990033223 0.585625 0.4277408637873754 0.579375
1 0.3995016611295681 0.269375 0.39700996677740863 0.25 0.3803986710963455 0.236875 0.3687707641196013 0.23875 0.3579734219269103 0.25125 0.3588039867109635 0.27 0.3687707641196013 0.284375 0.3795681063122924 0.29 0.38787375415282394 0.288125 0.3961794019933555 0.28 0.3995016611295681 0.269375
1 0.2101328903654485 0.49375 0.2101328903654485 0.485 0.19933554817275748 0.47625 0.19102990033222592 0.474375 0.1760797342192691 0.475625 0.16029900332225913 0.481875 0.1553156146179402 0.48875 0.15614617940199335 0.4975 0.1611295681063123 0.503125 0.17026578073089702 0.5075 0.19186046511627908 0.508125 0.20431893687707642 0.5025 0.2101328903654485 0.49375
1 0.20348837209302326 0.456875 0.20514950166112958 0.453125 0.2026578073089701 0.439375 0.18687707641196014 0.428125 0.1611295681063123 0.428125 0.15199335548172757 0.436875 0.1511627906976744 0.4475 0.15282392026578073 0.451875 0.16029900332225913 0.4575 0.18023255813953487 0.464375 0.19601328903654486 0.461875 0.20348837209302326 0.456875
1 0.21511627906976744 0.565 0.21428571428571427 0.561875 0.20514950166112958 0.554375 0.20431893687707642 0.535625 0.19186046511627908 0.5325 0.18106312292358803 0.534375 0.17358803986710963 0.54 0.1669435215946844 0.548125 0.1669435215946844 0.55875 0.1777408637873754 0.57125 0.18687707641196014 0.575 0.19684385382059802 0.575 0.20514950166112958 0.5725 0.21511627906976744 0.565
1 0.5232558139534884 0.399375 0.5224252491694352 0.381875 0.5099667774086378 0.3775 0.4900332225913621 0.380625 0.47591362126245845 0.393125 0.473421926910299 0.39875 0.4750830564784053 0.408125 0.48172757475083056 0.413125 0.489202657807309 0.415 0.5 0.415 0.510797342192691 0.41125 0.5232558139534884 0.399375
1 0.6910299003322259 0.40625 0.6910299003322259 0.395 0.686046511627907 0.386875 0.6760797342192691 0.3825 0.6578073089700996 0.3825 0.6503322259136213 0.38625 0.6470099667774086 0.391875 0.6470099667774086 0.4075 0.6578073089700996 0.41625 0.670265780730897 0.42 0.675249169435216 0.42 0.6852159468438538 0.415625 0.6910299003322259 0.40625
1 0.43521594684385384 0.40875 0.42524916943521596 0.4 0.4111295681063123 0.399375 0.39700996677740863 0.401875 0.38205980066445183 0.41125 0.38205980066445183 0.4325 0.39368770764119604 0.4375 0.4111295681063123 0.435625 0.4269102990033223 0.42625 0.43521594684385384 0.41625 0.43521594684385384 0.40875
1 0.46677740863787376 0.27125 0.4634551495016611 0.265625 0.4543189368770764 0.26 0.44933554817275745 0.259375 0.42940199335548174 0.26 0.41777408637873753 0.265 0.4111295681063123 0.270625 0.40863787375415284 0.278125 0.4111295681063123 0.29125 0.4260797342192691 0.300625 0.4368770764119601 0.300625 0.4543189368770764 0.295625 0.46677740863787376 0.283125 0.46677740863787376 0.27125
1 0.584717607973422 0.0875 0.5913621262458472 0.0775 0.5913621262458472 0.064375 0.5863787375415282 0.059375 0.5739202657807309 0.054375 0.5598006644518272 0.054375 0.5448504983388704 0.06125 0.5398671096345515 0.068125 0.5390365448504983 0.08375 0.5465116279069767 0.0925 0.5564784053156147 0.09375 0.5581395348837209 0.095625 0.5739202657807309 0.09375 0.584717607973422 0.0875
1 0.5174418604651163 0.583125 0.5224252491694352 0.575 0.5224252491694352 0.57 0.5166112956810631 0.5625 0.5091362126245847 0.558125 0.48588039867109634 0.558125 0.4700996677740864 0.5675 0.46677740863787376 0.57625 0.4676079734219269 0.58375 0.47840531561461797 0.59375 0.4950166112956811 0.595 0.5041528239202658 0.593125 0.5124584717607974 0.58875 0.5174418604651163 0.583125
1 0.6461794019933554 0.430625 0.6428571428571429 0.423125 0.6362126245847176 0.41875 0.6079734219269103 0.42125 0.6013289036544851 0.43 0.6021594684385382 0.445625 0.6179401993355482 0.456875 0.6303986710963455 0.4575 0.6387043189368771 0.451875 0.6453488372093024 0.443125 0.6461794019933554 0.430625
1 0.6262458471760798 0.545 0.617109634551495 0.53625 0.6046511627906976 0.53375 0.5946843853820598 0.534375 0.5780730897009967 0.543125 0.5730897009966778 0.550625 0.5739202657807309 0.555625 0.5888704318936877 0.5675 0.6079734219269103 0.5675 0.6229235880398671 0.558125 0.6262458471760798 0.5525 0.6262458471760798 0.545
1 0.2691029900332226 0.470625 0.26827242524916944 0.46 0.2549833887043189 0.45 0.23588039867109634 0.449375 0.22591362126245848 0.4525 0.21677740863787376 0.4575 0.2101328903654485 0.464375 0.2084717607973422 0.475625 0.21096345514950166 0.48125 0.22009966777408638 0.49 0.23338870431893688 0.491875 0.24750830564784054 0.490625 0.26411960132890366 0.48 0.2691029900332226 0.470625
1 0.2815614617940199 0.268125 0.28903654485049834 0.259375 0.28820598006644516 0.24875 0.2840531561461794 0.24125 0.27408637873754155 0.23125 0.2574750830564784 0.224375 0.23421926910299004 0.22375 0.22674418604651161 0.2275 0.22009966777408638 0.2375 0.22009966777408638 0.251875 0.22508305647840532 0.26 0.23920265780730898 0.27 0.25249169435215946 0.273125 0.2749169435215947 0.271875 0.2815614617940199 0.268125
1 0.6470099667774086 0.37375 0.6420265780730897 0.36875 0.6320598006644518 0.36875 0.6204318936877077 0.375625 0.6121262458471761 0.390625 0.6121262458471761 0.404375 0.622093023255814 0.418125 0.6353820598006644 0.418125 0.6420265780730897 0.413125 0.6495016611295681 0.38375 0.6470099667774086 0.37375
1 0.40780730897009965 0.714375 0.40448504983388706 0.706875 0.3945182724252492 0.698125 0.3803986710963455 0.6925 0.3637873754152824 0.6925 0.3521594684385382 0.695625 0.3438538205980066 0.7025 0.3430232558139535 0.714375 0.36046511627906974 0.72625 0.3862126245847176 0.7275 0.39700996677740863 0.724375 0.4061461794019934 0.718125 0.40780730897009965 0.714375