0 0.56625 0.8380398671096345 0.566875 0.8338870431893688 0.570625 0.834717607973422 0.566875 0.8330564784053156 0.5625 0.8380398671096345 0.56625 0.8380398671096345
0 0.5475 0.8172757475083057 0.55 0.8205980066445183 0.54875 0.8272425249169435 0.553125 0.8272425249169435 0.553125 0.8322259136212624 0.55625 0.8289036544850499 0.556875 0.8322259136212624 0.558125 0.8313953488372093 0.555625 0.8230897009966778 0.550625 0.8205980066445183 0.551875 0.8122923588039868 0.549375 0.8081395348837209 0.5475 0.8089700996677741 0.5475 0.8172757475083057
0 0.545625 0.7317275747508306 0.5525 0.7450166112956811 0.56375 0.7541528239202658 0.5725 0.7541528239202658 0.57875 0.7450166112956811 0.57875 0.7317275747508306 0.57625 0.7259136212624585 0.56375 0.7117940199335548 0.551875 0.7101328903654485 0.5475 0.7142857142857143 0.545625 0.71843853820598 0.545625 0.7317275747508306
0 0.54875 0.8272425249169435 0.553125 0.8330564784053156 0.56 0.8380398671096345 0.5675 0.8380398671096345 0.575625 0.8313953488372093 0.58125 0.8181063122923588 0.581875 0.7956810631229236 0.57375 0.7799003322259136 0.568125 0.7774086378737541 0.5575 0.7790697674418605 0.550625 0.7857142857142857 0.546875 0.7956810631229236 0.545625 0.8172757475083057 0.54875 0.8272425249169435
0 0.5771875 0.7354651162790697 0.000625 0.004152823920265781
0 0.43 0.3588039867109635 0.435 0.36710963455149503 0.4475 0.3554817275747508 0.45625 0.3521594684385382 0.46 0.3480066445182724 0.45625 0.3338870431893688 0.44875 0.32641196013289037 0.439375 0.3230897009966777 0.43 0.3230897009966777 0.41625 0.3347176079734219 0.415625 0.35132890365448505 0.43 0.3588039867109635
0 0.569375 0.7151162790697675 0.576875 0.7267441860465116 0.5775 0.7342192691029901 0.595 0.7367109634551495 0.6025 0.7333887043189369 0.605625 0.7242524916943521 0.606875 0.7109634551495017 0.601875 0.6976744186046512 0.595 0.6910299003322259 0.585625 0.6893687707641196 0.57875 0.6910299003322259 0.5725 0.696843853820598 0.569375 0.7059800664451827 0.569375 0.7151162790697675
0 0.635 0.6856312292358804 0.0025 0.0008305647840531562
0 0.6196875 0.6856312292358804 0.000625 0.0008305647840531562
0 0.46375 0.8911960132890365 0.469375 0.9169435215946844 0.483125 0.9410299003322259 0.4975 0.9534883720930233 0.516875 0.9593023255813954 0.540625 0.9551495016611296 0.55 0.9493355481727574 0.566875 0.9227574750830565 0.57125 0.9053156146179402 0.570625 0.8737541528239202 0.56375 0.8521594684385382 0.556875 0.8397009966777409 0.54 0.8230897009966778 0.523125 0.813953488372093 0.505 0.813953488372093 0.483125 0.8264119601328903 0.47125 0.8438538205980066 0.46625 0.8571428571428571 0.46375 0.8704318936877077 0.46375 0.8911960132890365
1 0.68875 0.21179401993355482 0.694375 0.21760797342192692 0.708125 0.21760797342192692 0.713125 0.21428571428571427 0.72 0.20182724252491693 0.71875 0.18106312292358803 0.70875 0.17109634551495018 0.69375 0.17109634551495018 0.68375 0.1852159468438538 0.68375 0.2009966777408638 0.68875 0.21179401993355482
1 0.3675 0.24335548172757476 0.37375 0.24916943521594684 0.381875 0.25249169435215946 0.39 0.25 0.39625 0.2367109634551495 0.395 0.2217607973421927 0.386875 0.21511627906976744 0.37875 0.20348837209302326 0.3675 0.2026578073089701 0.361875 0.20764119601328904 0.3625 0.23338870431893688 0.3675 0.24335548172757476
1 0.4925 0.23754152823920266 0.5 0.25 0.509375 0.2599667774086379 0.52375 0.2616279069767442 0.536875 0.25 0.539375 0.24501661129568106 0.540625 0.23089700996677742 0.536875 0.223421926910299 0.53125 0.21926910299003322 0.519375 0.21511627906976744 0.506875 0.21511627906976744 0.496875 0.22425249169435216 0.4925 0.23172757475083056 0.4925 0.23754152823920266
1 0.600625 0.5672757475083057 0.605625 0.5705980066445183 0.62 0.5705980066445183 0.63 0.5564784053156147 0.629375 0.5398671096345515 0.62625 0.53156146179402 0.619375 0.5249169435215947 0.605625 0.5257475083056479 0.59375 0.5340531561461794 0.591875 0.553156146179402 0.600625 0.5672757475083057
1 0.74625 0.5772425249169435 0.7525 0.5863787375415282 0.766875 0.5963455149501661 0.774375 0.5963455149501661 0.785 0.5872093023255814 0.7875 0.5772425249169435 0.7875 0.5622923588039868 0.785 0.553156146179402 0.774375 0.5357142857142857 0.764375 0.532392026578073 0.75125 0.5390365448504983 0.744375 0.5481727574750831 0.743125 0.5681063122923588 0.74625 0.5772425249169435
1 0.435 0.38372093023255816 0.4375 0.39285714285714285 0.4425 0.39867109634551495 0.448125 0.4003322259136213 0.459375 0.3961794019933555 0.46125 0.3853820598006645 0.46875 0.3729235880398671 0.46875 0.36627906976744184 0.465625 0.3579734219269103 0.46 0.35299003322259137 0.45 0.3546511627906977 0.4375 0.36710963455149503 0.435 0.3729235880398671 0.435 0.38372093023255816
1 0.550625 0.829734219269103 0.558125 0.8380398671096345 0.566875 0.8380398671096345 0.57375 0.8330564784053156 0.581875 0.8131229235880398 0.58125 0.7973421926910299 0.57625 0.7857142857142857 0.57125 0.7790697674418605 0.560625 0.7790697674418605 0.553125 0.7865448504983389 0.5475 0.7973421926910299 0.545625 0.8172757475083057 0.550625 0.829734219269103
1 0.569375 0.3122923588039867 0.581875 0.3131229235880399 0.59125 0.303156146179402 0.591875 0.2898671096345515 0.588125 0.2799003322259136 0.5775 0.2691029900332226 0.5625 0.26744186046511625 0.5575 0.276578073089701 0.5575 0.292358803986711 0.569375 0.3122923588039867
1 0.47625 0.26744186046511625 0.481875 0.28488372093023256 0.488125 0.2931893687707641 0.494375 0.29651162790697677 0.504375 0.29401993355481726 0.50875 0.28488372093023256 0.509375 0.27325581395348836 0.50875 0.2649501661129568 0.50375 0.25332225913621265 0.4925 0.24335548172757476 0.483125 0.24169435215946844 0.480625 0.2441860465116279 0.47625 0.25 0.47625 0.26744186046511625
1 0.41875 0.4941860465116279 0.430625 0.4950166112956811 0.43625 0.4900332225913621 0.438125 0.4850498338870432 0.438125 0.473421926910299 0.435 0.4634551495016611 0.43 0.4568106312292359 0.420625 0.45348837209302323 0.410625 0.4584717607973422 0.406875 0.4642857142857143 0.408125 0.48255813953488375 0.41875 0.4941860465116279
1 0.471875 0.5813953488372093 0.478125 0.5863787375415282 0.4875 0.584717607973422 0.495 0.5722591362126246 0.494375 0.5481727574750831 0.489375 0.5382059800664452 0.48 0.5307308970099668 0.469375 0.5290697674418605 0.46125 0.5406976744186046 0.46125 0.5548172757475083 0.471875 0.5813953488372093
1 0.3925 0.45514950166112955 0.40375 0.4584717607973422 0.413125 0.45598006644518274 0.4225 0.45099667774086377 0.42625 0.4426910299003322 0.425 0.4260797342192691 0.4175 0.4152823920265781 0.41375 0.41362126245847175 0.39875 0.41362126245847175 0.39 0.420265780730897 0.384375 0.42857142857142855 0.384375 0.44435215946843853 0.3925 0.45514950166112955
1 0.51125 0.5 0.525625 0.5033222591362126 0.534375 0.4983388704318937 0.5375 0.4883720930232558 0.5375 0.47259136212624586 0.535 0.4634551495016611 0.529375 0.45514950166112955 0.52375 0.45182724252491696 0.515 0.45182724252491696 0.509375 0.4568106312292359 0.504375 0.4692691029900332 0.504375 0.4883720930232558 0.51125 0.5
1 0.726875 0.654485049833887 0.731875 0.6611295681063123 0.744375 0.6661129568106312 0.76625 0.665282392026578 0.77125 0.6611295681063123 0.774375 0.6478405315614618 0.77375 0.6403654485049833 0.766875 0.6254152823920266 0.75875 0.617109634551495 0.7525 0.6146179401993356 0.739375 0.6137873754152824 0.730625 0.617109634551495 0.72375 0.6353820598006644 0.723125 0.643687707641196 0.726875 0.654485049833887
1 0.53125 0.3181063122923588 0.535625 0.33222591362126247 0.5425 0.34219269102990035 0.553125 0.3488372093023256 0.56 0.3496677740863787 0.570625 0.3380398671096346 0.57125 0.3230897009966777 0.56875 0.3131229235880399 0.5575 0.29817275747508304 0.550625 0.29401993355481726 0.543125 0.29401993355481726 0.53375 0.3014950166112957 0.53125 0.30564784053156147 0.53125 0.3181063122923588
1 0.515625 0.1686046511627907 0.53125 0.17358803986710963 0.535625 0.17275747508305647 0.5425 0.15946843853820597 0.5425 0.1345514950166113 0.539375 0.1270764119601329 0.53 0.11710963455149502 0.51875 0.11710963455149502 0.51125 0.1270764119601329 0.51 0.15033222591362128 0.515625 0.1686046511627907
1 0.386875 0.21345514950166114 0.39 0.2159468438538206 0.400625 0.21345514950166114 0.404375 0.21926910299003322 0.40875 0.21677740863787376 0.415625 0.20431893687707642 0.420625 0.18853820598006646 0.420625 0.1777408637873754 0.415625 0.1611295681063123 0.409375 0.15282392026578073 0.40625 0.15199335548172757 0.403125 0.15282392026578073 0.389375 0.16777408637873753 0.383125 0.1852159468438538 0.3825 0.20514950166112958 0.386875 0.21345514950166114
1 0.654375 0.6237541528239202 0.660625 0.643687707641196 0.6675 0.6503322259136213 0.681875 0.6503322259136213 0.6875 0.643687707641196 0.68875 0.6387043189368771 0.68875 0.617109634551495 0.685 0.6054817275747508 0.676875 0.5938538205980066 0.669375 0.590531561461794 0.663125 0.5913621262458472 0.65625 0.6021594684385382 0.654375 0.6079734219269103 0.654375 0.6237541528239202
1 0.358125 0.1744186046511628 0.371875 0.17524916943521596 0.37875 0.17109634551495018 0.386875 0.1611295681063123 0.386875 0.13704318936877077 0.379375 0.12956810631229235 0.361875 0.12956810631229235 0.355625 0.13205980066445183 0.349375 0.1403654485049834 0.348125 0.16029900332225913 0.358125 0.1744186046511628
1 0.77625 0.6254152823920266 0.781875 0.6320598006644518 0.795625 0.6411960132890365 0.805625 0.6403654485049833 0.815625 0.6320598006644518 0.816875 0.6121262458471761 0.81375 0.6038205980066446 0.805 0.5938538205980066 0.798125 0.5897009966777409 0.7875 0.5888704318936877 0.774375 0.5988372093023255 0.774375 0.6196013289036545 0.77625 0.6254152823920266
1 0.451875 0.6362126245847176 0.45875 0.6445182724252492 0.470625 0.6470099667774086 0.483125 0.6445182724252492 0.488125 0.6403654485049833 0.49125 0.632890365448505 0.48875 0.6187707641196013 0.476875 0.6088039867109635 0.46375 0.6088039867109635 0.45875 0.6104651162790697 0.45375 0.6162790697674418 0.451875 0.6204318936877077 0.451875 0.6362126245847176
1 0.65625 0.1686046511627907 0.6625 0.17358803986710963 0.670625 0.17275747508305647 0.6825 0.1644518272425249 0.690625 0.15448504983388706 0.69375 0.14700996677740863 0.69375 0.1287375415282392 0.69125 0.12209302325581395 0.68625 0.11710963455149502 0.673125 0.11794019933554817 0.660625 0.13122923588039867 0.654375 0.14451827242524917 0.6525 0.16029900332225913 0.65625 0.1686046511627907
1 0.569375 0.7151162790697675 0.57625 0.7250830564784053 0.58 0.7350498338870431 0.593125 0.7367109634551495 0.603125 0.7308970099667774 0.605625 0.7192691029900332 0.605 0.7059800664451827 0.5975 0.6935215946843853 0.594375 0.6910299003322259 0.58375 0.6901993355481728 0.576875 0.6918604651162791 0.573125 0.696843853820598 0.569375 0.7026578073089701 0.569375 0.7151162790697675
1 0.51125 0.20016611295681064 0.514375 0.20764119601328904 0.525625 0.21677740863787376 0.530625 0.21760797342192692 0.536875 0.21428571428571427 0.545 0.2009966777408638 0.544375 0.19019933554817275 0.54 0.1777408637873754 0.523125 0.17026578073089702 0.51625 0.1744186046511628 0.51125 0.18106312292358803 0.51125 0.20016611295681064
1 0.46375 0.40780730897009965 0.47375 0.4127906976744186 0.485 0.4111295681063123 0.48875 0.40780730897009965 0.494375 0.4003322259136213 0.496875 0.3903654485049834 0.495 0.37209302325581395 0.4875 0.3654485049833887 0.47125 0.3704318936877076 0.4625 0.38289036544850497 0.46125 0.39700996677740863 0.46375 0.40780730897009965
1 0.389375 0.12956810631229235 0.3975 0.132890365448505 0.405 0.13205980066445183 0.41375 0.1212624584717608 0.415625 0.11627906976744186 0.415625 0.10465116279069768 0.413125 0.09717607973421927 0.408125 0.08803986710963455 0.39875 0.07973421926910298 0.386875 0.07973421926910298 0.3825 0.08637873754152824 0.38 0.09551495016611296 0.380625 0.11295681063122924 0.389375 0.12956810631229235
1 0.619375 0.8056478405315615 0.62375 0.8147840531561462 0.631875 0.8222591362126246 0.64875 0.8230897009966778 0.6575 0.8172757475083057 0.6625 0.8089700996677741 0.6625 0.7990033222591362 0.65125 0.78156146179402 0.629375 0.7790697674418605 0.62 0.7898671096345515 0.618125 0.7940199335548173 0.619375 0.8056478405315615
1 0.6525 0.42524916943521596 0.670625 0.43438538205980065 0.68875 0.4260797342192691 0.69625 0.40946843853820597 0.695625 0.39700996677740863 0.688125 0.3853820598006645 0.681875 0.38205980066445183 0.663125 0.3862126245847176 0.649375 0.40282392026578073 0.649375 0.41943521594684385 0.6525 0.42524916943521596
1 0.549375 0.14285714285714285 0.555625 0.14700996677740863 0.571875 0.14700996677740863 0.576875 0.14451827242524917 0.588125 0.13205980066445183 0.591875 0.12209302325581395 0.591875 0.1079734219269103 0.583125 0.09800664451827243 0.57125 0.09717607973421927 0.555625 0.10714285714285714 0.54875 0.11877076411960133 0.5475 0.1378737541528239 0.549375 0.14285714285714285
1 0.39125 0.31146179401993357 0.39375 0.3181063122923588 0.4 0.32475083056478404 0.41875 0.33222591362126247 0.43125 0.32059800664451826 0.43125 0.3122923588039867 0.426875 0.2973421926910299 0.418125 0.28903654485049834 0.40125 0.28820598006644516 0.393125 0.29485049833887045 0.39125 0.29900332225913623 0.39125 0.31146179401993357
1 0.429375 0.6104651162790697 0.440625 0.6196013289036545 0.446875 0.6204318936877077 0.455 0.617109634551495 0.4575 0.6121262458471761 0.45625 0.590531561461794 0.446875 0.5739202657807309 0.436875 0.5672757475083057 0.4225 0.5755813953488372 0.420625 0.590531561461794 0.429375 0.6104651162790697
1 0.526875 0.29401993355481726 0.535625 0.2956810631229236 0.550625 0.29069767441860467 0.555625 0.28488372093023256 0.560625 0.2691029900332226 0.560625 0.2591362126245847 0.5575 0.25332225913621265 0.55125 0.25 0.539375 0.25 0.533125 0.25332225913621265 0.52125 0.2666112956810631 0.521875 0.2857142857142857 0.526875 0.29401993355481726
1 0.618125 0.5897009966777409 0.62125 0.5996677740863787 0.629375 0.6054817275747508 0.649375 0.6046511627906976 0.65625 0.6004983388704319 0.6625 0.5897009966777409 0.6625 0.5697674418604651 0.653125 0.5589700996677741 0.631875 0.5581395348837209 0.62125 0.5697674418604651 0.618125 0.5739202657807309 0.618125 0.5897009966777409
1 0.501875 0.7699335548172758 0.50625 0.7774086378737541 0.51625 0.78156146179402 0.525625 0.78156146179402 0.535625 0.7757475083056479 0.545 0.7616279069767442 0.546875 0.7541528239202658 0.544375 0.7408637873754153 0.54 0.7358803986710963 0.5325 0.7325581395348837 0.514375 0.7350498338870431 0.50375 0.7466777408637874 0.50125 0.7508305647840532 0.501875 0.7699335548172758
1 0.48625 0.23089700996677742 0.49125 0.23421926910299004 0.495 0.22591362126245848 0.50625 0.21428571428571427 0.509375 0.2059800664451827 0.51125 0.19933554817275748 0.509375 0.17940199335548174 0.5025 0.1744186046511628 0.4925 0.1760797342192691 0.486875 0.18106312292358803 0.481875 0.19102990033222592 0.480625 0.22009966777408638 0.48625 0.23089700996677742
1 0.410625 0.40863787375415284 0.415625 0.4127906976744186 0.425 0.41029900332225916 0.434375 0.3911960132890365 0.43375 0.36627906976744184 0.426875 0.35714285714285715 0.416875 0.35631229235880396 0.40625 0.36710963455149503 0.40625 0.39368770764119604 0.410625 0.40863787375415284
1 0.365 0.5431893687707641 0.375625 0.5473421926910299 0.385 0.5465116279069767 0.393125 0.5415282392026578 0.40125 0.5290697674418605 0.4025 0.5224252491694352 0.399375 0.5124584717607974 0.38375 0.5041528239202658 0.369375 0.5058139534883721 0.356875 0.5141196013289037 0.35625 0.532392026578073 0.365 0.5431893687707641
1 0.636875 0.3222591362126246 0.650625 0.329734219269103 0.6575 0.3280730897009967 0.6625 0.3230897009966777 0.665625 0.3081395348837209 0.664375 0.29817275747508304 0.65375 0.2807308970099668 0.64125 0.27408637873754155 0.631875 0.2749169435215947 0.62625 0.2807308970099668 0.62625 0.30481727574750833 0.636875 0.3222591362126246
1 0.33875 0.7026578073089701 0.34375 0.7068106312292359 0.355 0.7084717607973422 0.364375 0.7051495016611296 0.371875 0.6951827242524917 0.3725 0.6744186046511628 0.36875 0.6636212624584718 0.365 0.6602990033222591 0.35125 0.6611295681063123 0.33875 0.6769102990033222 0.33625 0.6943521594684385 0.33875 0.7026578073089701
1 0.57375 0.5357142857142857 0.58 0.5373754152823921 0.58875 0.5290697674418605 0.595 0.5141196013289037 0.598125 0.5008305647840532 0.5975 0.4808970099667774 0.59125 0.4700996677740864 0.5775 0.4700996677740864 0.57375 0.4750830564784053 0.566875 0.4941860465116279 0.566875 0.521594684385382 0.57375 0.5357142857142857
1 0.473125 0.11295681063122924 0.483125 0.12624584717607973 0.49375 0.12624584717607973 0.50125 0.11710963455149502 0.504375 0.10299003322259136 0.503125 0.07807308970099668 0.495 0.06478405315614617 0.490625 0.06229235880398671 0.480625 0.06312292358803986 0.471875 0.0739202657807309 0.470625 0.10215946843853821 0.473125 0.11295681063122924
1 0.805625 0.5224252491694352 0.8125 0.5332225913621262 0.82375 0.5440199335548173 0.83875 0.5440199335548173 0.848125 0.5373754152823921 0.85 0.532392026578073 0.85 0.520764119601329 0.838125 0.5033222591362126 0.828125 0.49667774086378735 0.821875 0.4958471760797342 0.814375 0.4983388704318937 0.8075 0.5041528239202658 0.805625 0.5091362126245847 0.805625 0.5224252491694352
1 0.4925 0.3646179401993355 0.49875 0.37790697674418605 0.504375 0.3812292358803987 0.513125 0.3803986710963455 0.51875 0.3712624584717608 0.52125 0.36212624584717606 0.520625 0.3380398671096346 0.51625 0.329734219269103 0.509375 0.3230897009966777 0.501875 0.3230897009966777 0.495 0.33554817275747506 0.4925 0.34136212624584716 0.4925 0.3646179401993355
1 0.610625 0.6719269102990033 0.62 0.6794019933554817 0.633125 0.6802325581395349 0.645 0.6760797342192691 0.65125 0.6694352159468439 0.65375 0.6611295681063123 0.649375 0.6495016611295681 0.63625 0.6387043189368771 0.619375 0.6362126245847176 0.615 0.6378737541528239 0.608125 0.6486710963455149 0.608125 0.665282392026578 0.610625 0.6719269102990033
1 0.414375 0.09634551495016612 0.4275 0.09219269102990033 0.43375 0.08471760797342193 0.43375 0.07308970099667775 0.43 0.06395348837209303 0.425 0.05813953488372093 0.415625 0.05398671096345515 0.40875 0.05398671096345515 0.40125 0.059800664451827246 0.400625 0.07724252491694353 0.414375 0.09634551495016612
1 0.545625 0.7317275747508306 0.553125 0.7450166112956811 0.56375 0.7541528239202658 0.573125 0.7533222591362126 0.57875 0.7441860465116279 0.57875 0.7325581395348837 0.57625 0.7267441860465116 0.5625 0.7117940199335548 0.553125 0.7101328903654485 0.548125 0.7142857142857143 0.545625 0.71843853820598 0.545625 0.7317275747508306
1 0.578125 0.6088039867109635 0.580625 0.6137873754152824 0.591875 0.622093023255814 0.600625 0.6262458471760798 0.60875 0.6262458471760798 0.619375 0.6129568106312292 0.62 0.5996677740863787 0.6175 0.5913621262458472 0.61 0.5789036544850499 0.601875 0.5730897009966778 0.584375 0.5739202657807309 0.57625 0.584717607973422 0.575625 0.5971760797342193 0.578125 0.6088039867109635
1 0.615 0.7624584717607974 0.623125 0.7674418604651163 0.63625 0.7682724252491694 0.645 0.7649501661129569 0.650625 0.760797342192691 0.654375 0.7524916943521595 0.65375 0.7358803986710963 0.63875 0.7209302325581395 0.62 0.7200996677740864 0.615625 0.7217607973421927 0.608125 0.7308970099667774 0.608125 0.7524916943521595 0.615 0.7624584717607974
1 0.6675 0.36710963455149503 0.685625 0.36627906976744184 0.695625 0.3521594684385382 0.69875 0.34136212624584716 0.69875 0.31727574750830567 0.695625 0.3089700996677741 0.69125 0.30481727574750833 0.686875 0.3023255813953488 0.6725 0.303156146179402 0.66625 0.3089700996677741 0.6625 0.32475083056478404 0.6625 0.3488372093023256 0.6675 0.36710963455149503
1 0.581875 0.7882059800664452 0.586875 0.8023255813953488 0.595625 0.8181063122923588 0.603125 0.8197674418604651 0.606875 0.8172757475083057 0.6125 0.7990033222591362 0.606875 0.7657807308970099 0.6 0.7533222591362126 0.595 0.7508305647840532 0.589375 0.7533222591362126 0.581875 0.7657807308970099 0.58 0.7757475083056479 0.581875 0.7882059800664452
1 0.7675 0.45514950166112955 0.77625 0.4642857142857143 0.789375 0.4634551495016611 0.800625 0.4526578073089701 0.805 0.4410299003322259 0.805 0.4227574750830565 0.801875 0.4161129568106312 0.79625 0.4119601328903654 0.7875 0.4111295681063123 0.779375 0.41362126245847175 0.7675 0.4269102990033223 0.76625 0.45099667774086377 0.7675 0.45514950166112955
1 0.4275 0.35631229235880396 0.435 0.3654485049833887 0.45875 0.3480066445182724 0.45875 0.33970099667774084 0.45625 0.3338870431893688 0.445 0.32558139534883723 0.431875 0.3230897009966777 0.425 0.32641196013289037 0.416875 0.3347176079734219 0.416875 0.3521594684385382 0.4275 0.35631229235880396
1 0.5275 0.08388704318936877 0.5425 0.0946843853820598 0.556875 0.09634551495016612 0.566875 0.08554817275747509 0.56875 0.07973421926910298 0.56875 0.0681063122923588 0.565625 0.0606312292358804 0.553125 0.053156146179401995 0.540625 0.053156146179401995 0.52625 0.06478405315614617 0.524375 0.07641196013289037 0.5275 0.08388704318936877
1 0.410625 0.643687707641196 0.42375 0.654485049833887 0.43625 0.659468438538206 0.44125 0.6578073089700996 0.446875 0.6503322259136213 0.446875 0.6320598006644518 0.443125 0.6237541528239202 0.4375 0.6179401993355482 0.428125 0.6121262458471761 0.418125 0.6112956810631229 0.40875 0.6229235880398671 0.408125 0.6337209302325582 0.410625 0.643687707641196
1 0.788125 0.5689368770764119 0.79875 0.5813953488372093 0.81625 0.5813953488372093 0.82625 0.5681063122923588 0.826875 0.5573089700996677 0.82375 0.5465116279069767 0.8125 0.5340531561461794 0.798125 0.5382059800664452 0.7875 0.5498338870431894 0.785625 0.553156146179402 0.788125 0.5689368770764119
1 0.614375 0.7200996677740864 0.64125 0.7159468438538206 0.644375 0.7134551495016611 0.6475 0.7043189368770764 0.646875 0.6951827242524917 0.644375 0.6910299003322259 0.633125 0.6810631229235881 0.625 0.6810631229235881 0.615625 0.6852159468438538 0.608125 0.6910299003322259 0.605625 0.696843853820598 0.605625 0.7134551495016611 0.614375 0.7200996677740864
1 0.41375 0.5523255813953488 0.4225 0.5664451827242525 0.433125 0.5672757475083057 0.441875 0.5589700996677741 0.441875 0.5398671096345515 0.439375 0.5332225913621262 0.43125 0.5249169435215947 0.425 0.5224252491694352 0.41125 0.5348837209302325 0.410625 0.5415282392026578 0.41375 0.5523255813953488