1 0.532520325203252 0.54875 0.537940379403794 0.55125 0.5392953929539296 0.5575 0.532520325203252 0.5625 0.5203252032520326 0.564375 0.5121951219512195 0.564375 0.505420054200542 0.561875 0.5040650406504065 0.55375 0.513550135501355 0.54875 0.5311653116531165 0.54875
1 0.6626016260162602 0.311875 0.6720867208672087 0.31625 0.6761517615176151 0.32375 0.6747967479674797 0.328125 0.6639566395663956 0.334375 0.6476964769647696 0.333125 0.6395663956639567 0.3275 0.6422764227642277 0.314375 0.6504065040650406 0.31125 0.6612466124661247 0.311875
1 0.44986449864498645 0.64375 0.45663956639566394 0.6475 0.453929539295393 0.654375 0.4349593495934959 0.66 0.4186991869918699 0.659375 0.4132791327913279 0.654375 0.4146341463414634 0.650625 0.43224932249322495 0.644375 0.44850948509485095 0.64375
1 0.13685636856368563 0.450625 0.14634146341463414 0.454375 0.14905149051490515 0.46375 0.14363143631436315 0.469375 0.13550135501355012 0.47125 0.11653116531165311 0.47 0.10840108401084012 0.463125 0.11246612466124661 0.454375 0.12330623306233063 0.450625 0.13550135501355012 0.450625
1 0.508130081300813 0.439375 0.5203252032520326 0.443125 0.524390243902439 0.453125 0.518970189701897 0.45875 0.505420054200542 0.461875 0.494579945799458 0.46125 0.483739837398374 0.456875 0.4796747967479675 0.449375 0.483739837398374 0.443125 0.4986449864498645 0.43875 0.5067750677506775 0.439375
1 0.7777777777777778 0.266875 0.7859078590785907 0.270625 0.7899728997289973 0.275625 0.7872628726287263 0.2825 0.7764227642276422 0.285625 0.7655826558265583 0.285 0.7560975609756098 0.27625 0.7574525745257452 0.269375 0.7655826558265583 0.26625 0.7764227642276422 0.266875
1 0.21544715447154472 0.30125 0.23170731707317074 0.30375 0.23848238482384823 0.306875 0.23983739837398374 0.311875 0.23035230352303523 0.31625 0.21544715447154472 0.315625 0.2032520325203252 0.31125 0.2018970189701897 0.30375 0.2140921409214092 0.30125
1 0.7317073170731707 0.496875 0.7371273712737128 0.500625 0.7344173441734417 0.50875 0.7140921409214093 0.514375 0.7059620596205962 0.514375 0.6978319783197832 0.511875 0.6951219512195121 0.508125 0.6978319783197832 0.50125 0.7140921409214093 0.49625 0.7303523035230353 0.496875
1 0.6598915989159891 0.41375 0.6747967479674797 0.415 0.6815718157181572 0.420625 0.6775067750677507 0.429375 0.6612466124661247 0.435625 0.6409214092140921 0.435 0.6341463414634146 0.42875 0.6341463414634146 0.423125 0.6395663956639567 0.418125 0.6476964769647696 0.415 0.6585365853658537 0.41375
1 0.16395663956639567 0.503125 0.17208672086720866 0.506875 0.17208672086720866 0.51125 0.16802168021680217 0.51625 0.16124661246612465 0.51875 0.14363143631436315 0.51875 0.13550135501355012 0.511875 0.14363143631436315 0.50375 0.16260162601626016 0.503125
1 0.23035230352303523 0.573125 0.23983739837398374 0.574375 0.24796747967479674 0.58125 0.24390243902439024 0.585625 0.23306233062330622 0.58875 0.2127371273712737 0.58875 0.2018970189701897 0.581875 0.2073170731707317 0.575625 0.22899728997289973 0.573125
1 0.1910569105691057 0.53375 0.20596205962059622 0.53875 0.2086720867208672 0.5425 0.2086720867208672 0.546875 0.1978319783197832 0.55125 0.18699186991869918 0.55125 0.17479674796747968 0.54875 0.16395663956639567 0.541875 0.16802168021680217 0.534375 0.1897018970189702 0.53375
1 0.7262872628726287 0.624375 0.7344173441734417 0.62875 0.7371273712737128 0.638125 0.7276422764227642 0.64375 0.7168021680216802 0.645 0.7046070460704607 0.64375 0.6991869918699187 0.64125 0.6978319783197832 0.63125 0.7059620596205962 0.625625 0.7249322493224932 0.624375
1 0.6219512195121951 0.455625 0.6368563685636857 0.459375 0.6422764227642277 0.463125 0.6395663956639567 0.47125 0.6287262872628726 0.475 0.6151761517615176 0.4725 0.6043360433604336 0.46375 0.6056910569105691 0.45875 0.6138211382113821 0.455625 0.6205962059620597 0.455625
1 0.513550135501355 0.310625 0.5230352303523035 0.315 0.5230352303523035 0.321875 0.518970189701897 0.325 0.505420054200542 0.328125 0.497289972899729 0.3275 0.489159891598916 0.324375 0.4878048780487805 0.318125 0.497289972899729 0.31125 0.5121951219512195 0.310625
1 0.7262872628726287 0.5625 0.7317073170731707 0.565 0.7317073170731707 0.5725 0.7249322493224932 0.576875 0.7181571815718157 0.578125 0.7073170731707317 0.578125 0.7018970189701897 0.575625 0.7005420054200542 0.56875 0.7113821138211383 0.5625 0.7249322493224932 0.5625
1 0.17886178861788618 0.550625 0.1937669376693767 0.5525 0.2032520325203252 0.55875 0.2032520325203252 0.564375 0.1991869918699187 0.566875 0.18834688346883469 0.568125 0.17208672086720866 0.56625 0.15989159891598917 0.56 0.16124661246612465 0.551875 0.17073170731707318 0.549375 0.17750677506775067 0.550625
1 0.8224932249322493 0.586875 0.8373983739837398 0.591875 0.8414634146341463 0.59625 0.8387533875338753 0.601875 0.8238482384823849 0.60625 0.8130081300813008 0.605625 0.8035230352303523 0.601875 0.7967479674796748 0.595 0.8035230352303523 0.58875 0.8211382113821138 0.586875
1 0.33062330623306235 0.6 0.3346883468834688 0.60125 0.33739837398373984 0.609375 0.3333333333333333 0.613125 0.31978319783197834 0.615625 0.3062330623306233 0.615 0.2994579945799458 0.611875 0.2994579945799458 0.605 0.3116531165311653 0.599375 0.32926829268292684 0.6
1 0.5365853658536586 0.53375 0.5460704607046071 0.538125 0.5433604336043361 0.544375 0.535230352303523 0.548125 0.5149051490514905 0.54875 0.5013550135501355 0.54625 0.5013550135501355 0.54 0.5176151761517616 0.53375 0.535230352303523 0.53375
1 0.7520325203252033 0.566875 0.7642276422764228 0.570625 0.7682926829268293 0.575 0.7669376693766937 0.580625 0.7560975609756098 0.584375 0.7439024390243902 0.583125 0.7330623306233063 0.576875 0.7344173441734417 0.57 0.7398373983739838 0.5675 0.7506775067750677 0.566875
1 0.4146341463414634 0.42375 0.4241192411924119 0.425625 0.42953929539295393 0.431875 0.4268292682926829 0.43625 0.4159891598915989 0.439375 0.4065040650406504 0.43875 0.3970189701897019 0.4325 0.3997289972899729 0.42625 0.4065040650406504 0.42375 0.4132791327913279 0.42375
1 0.31029810298102983 0.35625 0.31842818428184283 0.359375 0.31978319783197834 0.36625 0.31029810298102983 0.37125 0.2967479674796748 0.373125 0.2764227642276423 0.370625 0.27100271002710025 0.366875 0.27100271002710025 0.361875 0.2845528455284553 0.355625 0.3089430894308943 0.35625
1 0.3062330623306233 0.581875 0.2940379403794038 0.579375 0.2886178861788618 0.575625 0.2886178861788618 0.57125 0.2953929539295393 0.565 0.3157181571815718 0.56 0.3319783197831978 0.560625 0.33739837398373984 0.564375 0.3346883468834688 0.574375 0.3238482384823848 0.579375 0.3075880758807588 0.58125
1 0.7195121951219512 0.6575 0.7276422764227642 0.66125 0.7289972899728997 0.66875 0.7235772357723578 0.67625 0.7100271002710027 0.68 0.7018970189701897 0.679375 0.6951219512195121 0.67625 0.6924119241192412 0.6675 0.6964769647696477 0.66125 0.7018970189701897 0.65875 0.7181571815718157 0.6575
1 0.44173441734417346 0.46625 0.44715447154471544 0.469375 0.44850948509485095 0.474375 0.44173441734417346 0.480625 0.4349593495934959 0.4825 0.42140921409214094 0.4825 0.4159891598915989 0.480625 0.4146341463414634 0.471875 0.4254742547425474 0.46625 0.44037940379403795 0.46625
1 0.1978319783197832 0.509375 0.20596205962059622 0.5125 0.20596205962059622 0.52 0.2032520325203252 0.5225 0.1856368563685637 0.52625 0.17615176151761516 0.525625 0.17073170731707318 0.523125 0.16937669376693767 0.515 0.17615176151761516 0.51 0.19647696476964768 0.509375
1 0.33062330623306235 0.5125 0.33739837398373984 0.515625 0.33875338753387535 0.52375 0.33604336043360433 0.5275 0.3265582655826558 0.53 0.3157181571815718 0.53 0.31029810298102983 0.528125 0.3075880758807588 0.518125 0.3143631436314363 0.51375 0.32926829268292684 0.5125
1 0.3265582655826558 0.580625 0.33604336043360433 0.585 0.3346883468834688 0.59375 0.3265582655826558 0.599375 0.3062330623306233 0.60125 0.3021680216802168 0.60125 0.2940379403794038 0.595625 0.2953929539295393 0.5875 0.3035230352303523 0.5825 0.3252032520325203 0.580625
1 0.6734417344173442 0.49 0.6856368563685636 0.494375 0.6869918699186992 0.5 0.6829268292682927 0.504375 0.6720867208672087 0.506875 0.6544715447154471 0.505 0.6476964769647696 0.5 0.6504065040650406 0.4925 0.6571815718157181 0.49 0.6720867208672087 0.49
1 0.34823848238482386 0.66125 0.35772357723577236 0.664375 0.3617886178861789 0.671875 0.35501355013550134 0.676875 0.33875338753387535 0.680625 0.3224932249322493 0.67875 0.31978319783197834 0.67 0.3265582655826558 0.66375 0.33739837398373984 0.66125 0.34688346883468835 0.66125
1 0.4742547425474255 0.426875 0.483739837398374 0.428125 0.4932249322493225 0.435625 0.4905149051490515 0.439375 0.481029810298103 0.44375 0.46476964769647694 0.4425 0.453929539295393 0.435625 0.45799457994579945 0.429375 0.47289972899729 0.426875
1 0.7439024390243902 0.379375 0.7506775067750677 0.380625 0.7628726287262872 0.388125 0.7601626016260162 0.393125 0.7506775067750677 0.39625 0.7344173441734417 0.395 0.7235772357723578 0.38875 0.7249322493224932 0.381875 0.7330623306233063 0.379375 0.7425474254742548 0.379375
1 0.5907859078590786 0.534375 0.5989159891598916 0.538125 0.6002710027100271 0.54625 0.5880758807588076 0.550625 0.5772357723577236 0.55 0.5704607046070461 0.546875 0.5677506775067751 0.53875 0.5745257452574526 0.534375 0.5894308943089431 0.534375
1 0.4254742547425474 0.338125 0.44308943089430897 0.341875 0.44173441734417346 0.353125 0.4349593495934959 0.35625 0.4146341463414634 0.35625 0.4092140921409214 0.35375 0.4065040650406504 0.345 0.4146341463414634 0.34 0.4241192411924119 0.33875
1 0.5704607046070461 0.556875 0.575880758807588 0.56 0.575880758807588 0.568125 0.5704607046070461 0.573125 0.556910569105691 0.57625 0.5433604336043361 0.575625 0.537940379403794 0.568125 0.5501355013550135 0.55875 0.556910569105691 0.556875 0.5691056910569106 0.556875
1 0.5338753387533876 0.47375 0.540650406504065 0.475625 0.5433604336043361 0.4825 0.537940379403794 0.485625 0.5257452574525745 0.488125 0.513550135501355 0.488125 0.505420054200542 0.48625 0.502710027100271 0.48 0.5176151761517616 0.47375 0.532520325203252 0.47375
1 0.502710027100271 0.508125 0.5121951219512195 0.510625 0.5149051490514905 0.5175 0.502710027100271 0.525625 0.4932249322493225 0.526875 0.47696476964769646 0.525625 0.4742547425474255 0.518125 0.48509485094850946 0.510625 0.5013550135501355 0.508125
1 0.4051490514905149 0.3175 0.41192411924119243 0.320625 0.41192411924119243 0.325625 0.4078590785907859 0.329375 0.3970189701897019 0.3325 0.37398373983739835 0.33125 0.3712737127371274 0.32375 0.3861788617886179 0.3175 0.4037940379403794 0.3175
1 0.6463414634146342 0.373125 0.6544715447154471 0.378125 0.6544715447154471 0.386875 0.6476964769647696 0.389375 0.6327913279132791 0.389375 0.6205962059620597 0.386875 0.6124661246612466 0.380625 0.6124661246612466 0.376875 0.6192411924119241 0.373125 0.6246612466124661 0.371875 0.6449864498644986 0.373125
1 0.5948509485094851 0.350625 0.6111111111111112 0.355625 0.6165311653116531 0.361875 0.6124661246612466 0.368125 0.6029810298102981 0.37125 0.5880758807588076 0.37 0.5772357723577236 0.363125 0.5785907859078591 0.354375 0.5826558265582655 0.351875 0.5934959349593496 0.350625
1 0.6517615176151762 0.471875 0.6598915989159891 0.47375 0.6653116531165312 0.478125 0.6639566395663956 0.485 0.6517615176151762 0.48875 0.6368563685636857 0.486875 0.6287262872628726 0.4825 0.6300813008130082 0.475 0.6382113821138211 0.471875 0.6504065040650406 0.471875
1 0.5894308943089431 0.64625 0.5975609756097561 0.650625 0.5975609756097561 0.655625 0.5813008130081301 0.661875 0.5582655826558266 0.659375 0.5501355013550135 0.653125 0.551490514905149 0.65 0.5636856368563685 0.64625 0.575880758807588 0.645 0.5880758807588076 0.64625
1 0.7181571815718157 0.415625 0.7249322493224932 0.42125 0.7235772357723578 0.428125 0.7154471544715447 0.4325 0.7059620596205962 0.433125 0.6937669376693767 0.431875 0.6869918699186992 0.42875 0.6869918699186992 0.42125 0.7005420054200542 0.415 0.7168021680216802 0.415625
1 0.39295392953929537 0.4496875 0.037940379403794036 0.016875
1 0.24661246612466126 0.590625 0.25745257452574527 0.593125 0.26558265582655827 0.598125 0.26287262872628725 0.60625 0.2506775067750677 0.60875 0.23577235772357724 0.606875 0.22628726287262874 0.59875 0.22764227642276422 0.594375 0.23306233062330622 0.59125 0.24525745257452575 0.590625