1 0.7086720867208672 0.36625 0.7032520325203252 0.36375 0.6897018970189702 0.36375 0.6788617886178862 0.36625 0.6734417344173442 0.37375 0.6734417344173442 0.381875 0.6802168021680217 0.385 0.6951219512195121 0.385 0.7086720867208672 0.38 0.7086720867208672 0.36625
1 0.24932249322493225 0.536875 0.22764227642276422 0.536875 0.2140921409214092 0.54375 0.2140921409214092 0.548125 0.22357723577235772 0.553125 0.24390243902439024 0.553125 0.25474254742547425 0.549375 0.25745257452574527 0.54125 0.24932249322493225 0.536875
1 0.45257452574525747 0.385 0.43089430894308944 0.385 0.4254742547425474 0.386875 0.42276422764227645 0.391875 0.43089430894308944 0.4025 0.4444444444444444 0.404375 0.45799457994579945 0.399375 0.46070460704607047 0.391875 0.45257452574525747 0.385
1 0.7466124661246613 0.453125 0.7384823848238482 0.45 0.7276422764227642 0.45 0.7195121951219512 0.4525 0.7086720867208672 0.465625 0.7195121951219512 0.470625 0.7411924119241192 0.4675 0.7493224932249323 0.45875 0.7466124661246613 0.453125
1 0.7493224932249323 0.524375 0.7384823848238482 0.529375 0.7384823848238482 0.53625 0.7520325203252033 0.54125 0.7818428184281843 0.54125 0.7818428184281843 0.53125 0.7628726287262872 0.524375 0.7493224932249323 0.524375
1 0.33604336043360433 0.448125 0.3224932249322493 0.4425 0.31029810298102983 0.4425 0.2981029810298103 0.449375 0.2953929539295393 0.4575 0.3035230352303523 0.4625 0.3130081300813008 0.464375 0.3252032520325203 0.464375 0.3333333333333333 0.460625 0.33604336043360433 0.448125
1 0.8577235772357723 0.553125 0.8468834688346883 0.548125 0.8252032520325203 0.54625 0.8116531165311653 0.548125 0.8062330623306233 0.551875 0.8089430894308943 0.558125 0.8224932249322493 0.5625 0.8414634146341463 0.563125 0.8550135501355014 0.56 0.8577235772357723 0.553125
1 0.502710027100271 0.508125 0.502710027100271 0.50125 0.4959349593495935 0.496875 0.48509485094850946 0.495 0.4715447154471545 0.495625 0.4634146341463415 0.5 0.46612466124661245 0.508125 0.47696476964769646 0.5125 0.4986449864498645 0.51125 0.502710027100271 0.508125
1 0.2032520325203252 0.561875 0.18699186991869918 0.563125 0.18157181571815717 0.575 0.1897018970189702 0.579375 0.21002710027100271 0.57875 0.21680216802168023 0.575 0.2140921409214092 0.56375 0.2032520325203252 0.561875
1 0.44986449864498645 0.49125 0.4444444444444444 0.486875 0.4254742547425474 0.485625 0.41192411924119243 0.49 0.4092140921409214 0.49625 0.4132791327913279 0.503125 0.43089430894308944 0.505 0.44173441734417346 0.5025 0.44715447154471544 0.49875 0.44986449864498645 0.49125
1 0.6924119241192412 0.64 0.6842818428184282 0.6325 0.6761517615176151 0.630625 0.6626016260162602 0.63125 0.6571815718157181 0.635 0.6598915989159891 0.643125 0.6747967479674797 0.649375 0.6869918699186992 0.648125 0.6897018970189702 0.645625 0.6924119241192412 0.64
1 0.42276422764227645 0.391875 0.4037940379403794 0.390625 0.3956639566395664 0.3925 0.3956639566395664 0.401875 0.4010840108401084 0.40625 0.42005420054200543 0.408125 0.4281842818428184 0.405 0.43089430894308944 0.40125 0.42276422764227645 0.391875
1 0.2222222222222222 0.470625 0.1978319783197832 0.47125 0.1951219512195122 0.47875 0.2032520325203252 0.48625 0.2086720867208672 0.488125 0.22493224932249323 0.488125 0.23306233062330622 0.485625 0.23306233062330622 0.475625 0.2222222222222222 0.470625
1 0.6165311653116531 0.503125 0.6084010840108401 0.500625 0.5948509485094851 0.500625 0.5840108401084011 0.51 0.5894308943089431 0.51875 0.6111111111111112 0.520625 0.6192411924119241 0.516875 0.6219512195121951 0.51125 0.6165311653116531 0.503125
1 0.6598915989159891 0.568125 0.6517615176151762 0.5625 0.6327913279132791 0.560625 0.6192411924119241 0.563125 0.6192411924119241 0.57125 0.6327913279132791 0.5775 0.6544715447154471 0.5775 0.6598915989159891 0.575 0.6598915989159891 0.568125
1 0.6598915989159891 0.361875 0.6449864498644986 0.36125 0.6327913279132791 0.36625 0.6327913279132791 0.375 0.6436314363143631 0.37875 0.6598915989159891 0.37875 0.6707317073170732 0.375625 0.6734417344173442 0.366875 0.6598915989159891 0.361875
1 0.7764227642276422 0.44125 0.7628726287262872 0.434375 0.7520325203252033 0.433125 0.7384823848238482 0.44 0.7411924119241192 0.45125 0.7520325203252033 0.455625 0.7723577235772358 0.45375 0.7764227642276422 0.45 0.7764227642276422 0.44125
1 0.6382113821138211 0.433125 0.6327913279132791 0.429375 0.6192411924119241 0.4275 0.5934959349593496 0.429375 0.5894308943089431 0.4375 0.5948509485094851 0.4425 0.6029810298102981 0.444375 0.6273712737127372 0.444375 0.6368563685636857 0.441875 0.6382113821138211 0.433125
1 0.7195121951219512 0.48125 0.7032520325203252 0.478125 0.6897018970189702 0.479375 0.6897018970189702 0.49 0.6951219512195121 0.493125 0.7059620596205962 0.495 0.7249322493224932 0.49375 0.7276422764227642 0.485 0.7195121951219512 0.48125
1 0.7845528455284553 0.595 0.7737127371273713 0.590625 0.7506775067750677 0.59125 0.7466124661246613 0.595 0.7466124661246613 0.60375 0.7628726287262872 0.60875 0.7791327913279132 0.6075 0.7872628726287263 0.60375 0.7845528455284553 0.595
1 0.8170731707317073 0.423125 0.8035230352303523 0.42125 0.7845528455284553 0.428125 0.7818428184281843 0.439375 0.7872628726287263 0.4425 0.8116531165311653 0.4425 0.8197831978319783 0.438125 0.8224932249322493 0.42625 0.8170731707317073 0.423125
1 0.3116531165311653 0.40125 0.2899728997289973 0.4 0.2845528455284553 0.401875 0.28184281842818426 0.408125 0.2872628726287263 0.41375 0.2940379403794038 0.41625 0.31978319783197834 0.415 0.3224932249322493 0.40625 0.3116531165311653 0.40125
1 0.6192411924119241 0.53125 0.6138211382113821 0.529375 0.5813008130081301 0.529375 0.575880758807588 0.531875 0.575880758807588 0.536875 0.5840108401084011 0.54125 0.6138211382113821 0.54125 0.6192411924119241 0.53875 0.6192411924119241 0.53125
1 0.7168021680216802 0.428125 0.7113821138211383 0.424375 0.7005420054200542 0.4225 0.6788617886178862 0.424375 0.6734417344173442 0.433125 0.6761517615176151 0.439375 0.6815718157181572 0.441875 0.7032520325203252 0.444375 0.7140921409214093 0.44 0.7168021680216802 0.428125
1 0.3008130081300813 0.593125 0.3008130081300813 0.589375 0.2872628726287263 0.581875 0.2682926829268293 0.581875 0.25474254742547425 0.585625 0.25203252032520324 0.594375 0.26287262872628725 0.59875 0.2872628726287263 0.59875 0.2926829268292683 0.596875 0.3008130081300813 0.593125
1 0.508130081300813 0.36375 0.4986449864498645 0.35875 0.4823848238482385 0.35875 0.46883468834688347 0.365625 0.4715447154471545 0.375 0.4796747967479675 0.376875 0.5 0.375 0.508130081300813 0.370625 0.508130081300813 0.36375
1 0.33875338753387535 0.406875 0.3523035230352303 0.413125 0.3712737127371274 0.411875 0.3712737127371274 0.398125 0.35501355013550134 0.391875 0.34146341463414637 0.393125 0.33875338753387535 0.406875
1 0.8143631436314364 0.405 0.8062330623306233 0.401875 0.7872628726287263 0.4025 0.7764227642276422 0.408125 0.7791327913279132 0.42 0.7872628726287263 0.424375 0.8089430894308943 0.42 0.8143631436314364 0.41375 0.8143631436314364 0.405
1 0.7140921409214093 0.423125 0.7195121951219512 0.43625 0.7411924119241192 0.43625 0.7493224932249323 0.433125 0.7439024390243902 0.416875 0.7235772357723578 0.41625 0.7140921409214093 0.423125
1 0.7195121951219512 0.593125 0.7168021680216802 0.583125 0.7005420054200542 0.5775 0.6842818428184282 0.5775 0.6788617886178862 0.579375 0.6761517615176151 0.58875 0.6842818428184282 0.593125 0.6978319783197832 0.59625 0.7113821138211383 0.59625 0.7195121951219512 0.593125
1 0.7737127371273713 0.5725 0.7466124661246613 0.57375 0.7357723577235772 0.581875 0.7357723577235772 0.586875 0.7466124661246613 0.590625 0.7737127371273713 0.58875 0.7818428184281843 0.584375 0.7845528455284553 0.578125 0.7737127371273713 0.5725
1 0.5948509485094851 0.500625 0.592140921409214 0.493125 0.5813008130081301 0.490625 0.5704607046070461 0.49125 0.559620596205962 0.49875 0.5623306233062331 0.5075 0.573170731707317 0.51 0.5840108401084011 0.51 0.5894308943089431 0.5075 0.5948509485094851 0.500625
1 0.510840108401084 0.66125 0.4905149051490515 0.66 0.47696476964769646 0.664375 0.4796747967479675 0.66875 0.4905149051490515 0.6725 0.510840108401084 0.675 0.521680216802168 0.674375 0.524390243902439 0.66875 0.510840108401084 0.66125
1 0.3523035230352303 0.375 0.33604336043360433 0.37375 0.3224932249322493 0.3775 0.3224932249322493 0.38375 0.33062330623306235 0.389375 0.34146341463414637 0.390625 0.3604336043360434 0.38875 0.36314363143631434 0.380625 0.3523035230352303 0.375
1 0.5948509485094851 0.544375 0.5894308943089431 0.553125 0.5948509485094851 0.56 0.6111111111111112 0.561875 0.6273712737127372 0.558125 0.6300813008130082 0.54625 0.6219512195121951 0.541875 0.5948509485094851 0.544375
1 0.34688346883468835 0.42875 0.33062330623306235 0.42875 0.3252032520325203 0.430625 0.3224932249322493 0.439375 0.3319783197831978 0.445625 0.34417344173441733 0.4475 0.3523035230352303 0.443125 0.35501355013550134 0.439375 0.34688346883468835 0.42875
1 0.7764227642276422 0.470625 0.7791327913279132 0.464375 0.7723577235772358 0.45875 0.7615176151761518 0.456875 0.7466124661246613 0.459375 0.7411924119241192 0.465625 0.7411924119241192 0.470625 0.7466124661246613 0.47375 0.7520325203252033 0.475625 0.7655826558265583 0.475625 0.7764227642276422 0.470625
1 0.6626016260162602 0.544375 0.6463414634146342 0.54375 0.6368563685636857 0.546875 0.6327913279132791 0.555 0.6382113821138211 0.560625 0.6544715447154471 0.5625 0.6707317073170732 0.5575 0.6734417344173442 0.550625 0.6626016260162602 0.544375
1 0.7195121951219512 0.454375 0.7168021680216802 0.4475 0.7086720867208672 0.444375 0.6897018970189702 0.445 0.6815718157181572 0.45125 0.6842818428184282 0.461875 0.6897018970189702 0.464375 0.7086720867208672 0.464375 0.7140921409214093 0.460625 0.7195121951219512 0.454375
1 0.3523035230352303 0.539375 0.3523035230352303 0.5475 0.36449864498644985 0.550625 0.37398373983739835 0.550625 0.38482384823848237 0.54625 0.38482384823848237 0.53375 0.3604336043360434 0.53375 0.3523035230352303 0.539375
1 0.31978319783197834 0.490625 0.2981029810298103 0.48875 0.28184281842818426 0.49375 0.28184281842818426 0.5 0.2926829268292683 0.505 0.3116531165311653 0.505625 0.3224932249322493 0.5025 0.32791327913279134 0.495625 0.31978319783197834 0.490625
1 0.6626016260162602 0.318125 0.6571815718157181 0.31625 0.6382113821138211 0.3175 0.6273712737127372 0.323125 0.6246612466124661 0.3275 0.6273712737127372 0.3375 0.6327913279132791 0.339375 0.6463414634146342 0.339375 0.6626016260162602 0.33375 0.6626016260162602 0.318125
1 0.2791327913279133 0.398125 0.27100271002710025 0.395 0.25745257452574527 0.395 0.24932249322493225 0.398125 0.24661246612466126 0.408125 0.25474254742547425 0.413125 0.2764227642276423 0.413125 0.28184281842818426 0.41125 0.2791327913279133 0.398125
1 0.45799457994579945 0.635 0.4444444444444444 0.635 0.43902439024390244 0.6375 0.44173441734417346 0.650625 0.45121951219512196 0.654375 0.4634146341463415 0.654375 0.46883468834688347 0.651875 0.46883468834688347 0.63875 0.45799457994579945 0.635
1 0.5298102981029811 0.371875 0.510840108401084 0.370625 0.5 0.375 0.5 0.381875 0.508130081300813 0.38875 0.5271002710027101 0.39 0.537940379403794 0.386875 0.540650406504065 0.38 0.5298102981029811 0.371875
1 0.6056910569105691 0.6025 0.6016260162601627 0.6 0.5894308943089431 0.5975 0.573170731707317 0.599375 0.5677506775067751 0.60375 0.5677506775067751 0.61 0.573170731707317 0.614375 0.5867208672086721 0.616875 0.6029810298102981 0.614375 0.6056910569105691 0.6025
1 0.7493224932249323 0.505 0.7330623306233063 0.50375 0.7168021680216802 0.50875 0.7168021680216802 0.5125 0.7303523035230353 0.51875 0.7520325203252033 0.519375 0.7601626016260162 0.5175 0.7628726287262872 0.51125 0.7493224932249323 0.505
1 0.7601626016260162 0.48375 0.7439024390243902 0.480625 0.7276422764227642 0.485625 0.7249322493224932 0.49875 0.7330623306233063 0.5025 0.7520325203252033 0.50375 0.7628726287262872 0.49875 0.7655826558265583 0.49125 0.7601626016260162 0.48375
1 0.39295392953929537 0.45 0.3902439024390244 0.461875 0.3956639566395664 0.464375 0.4173441734417344 0.464375 0.4254742547425474 0.46 0.4254742547425474 0.4475 0.41192411924119243 0.445 0.39295392953929537 0.45
1 0.2791327913279133 0.465625 0.2601626016260163 0.465 0.24661246612466126 0.470625 0.24661246612466126 0.4775 0.25474254742547425 0.480625 0.2764227642276423 0.480625 0.2859078590785908 0.478125 0.2899728997289973 0.469375 0.2791327913279133 0.465625
1 0.7764227642276422 0.418125 0.7601626016260162 0.413125 0.7493224932249323 0.415625 0.7466124661246613 0.423125 0.7520325203252033 0.4325 0.7710027100271003 0.43375 0.7791327913279132 0.43125 0.7818428184281843 0.42375 0.7764227642276422 0.418125
1 0.43902439024390244 0.41875 0.4254742547425474 0.41875 0.41192411924119243 0.423125 0.41192411924119243 0.4375 0.4281842818428184 0.439375 0.43902439024390244 0.4375 0.44715447154471544 0.433125 0.44986449864498645 0.42625 0.43902439024390244 0.41875
1 0.4878048780487805 0.40625 0.4742547425474255 0.40625 0.46070460704607047 0.41125 0.45799457994579945 0.420625 0.46612466124661245 0.42625 0.48509485094850946 0.42625 0.4959349593495935 0.42125 0.4986449864498645 0.41125 0.4878048780487805 0.40625
1 0.6463414634146342 0.59875 0.6409214092140921 0.591875 0.6300813008130082 0.58875 0.6151761517615176 0.58875 0.6056910569105691 0.59375 0.6056910569105691 0.60125 0.6219512195121951 0.60875 0.6382113821138211 0.60875 0.6436314363143631 0.60625 0.6463414634146342 0.59875
1 0.19241192411924118 0.48125 0.18157181571815717 0.4775 0.15853658536585366 0.478125 0.15447154471544716 0.48125 0.15447154471544716 0.48875 0.16666666666666666 0.49375 0.18699186991869918 0.495625 0.1951219512195122 0.49375 0.19241192411924118 0.48125
1 0.3008130081300813 0.42125 0.2872628726287263 0.428125 0.2872628726287263 0.43625 0.3035230352303523 0.441875 0.31978319783197834 0.439375 0.3224932249322493 0.4275 0.3089430894308943 0.42125 0.3008130081300813 0.42125
1 0.3983739837398374 0.434375 0.3943089430894309 0.43 0.3821138211382114 0.42625 0.35772357723577236 0.42625 0.34959349593495936 0.429375 0.3523035230352303 0.4375 0.3604336043360434 0.44125 0.3821138211382114 0.4425 0.3915989159891599 0.440625 0.3983739837398374 0.434375
1 0.5813008130081301 0.510625 0.5650406504065041 0.5075 0.5460704607046071 0.50875 0.540650406504065 0.519375 0.5487804878048781 0.52375 0.5704607046070461 0.524375 0.5799457994579946 0.5225 0.5840108401084011 0.519375 0.5813008130081301 0.510625
1 0.556910569105691 0.558125 0.5487804878048781 0.555625 0.518970189701897 0.553125 0.505420054200542 0.5575 0.505420054200542 0.5625 0.521680216802168 0.5675 0.5487804878048781 0.5675 0.556910569105691 0.565 0.556910569105691 0.558125
1 0.6165311653116531 0.618125 0.5894308943089431 0.618125 0.5867208672086721 0.62625 0.592140921409214 0.63 0.6056910569105691 0.63375 0.6219512195121951 0.63375 0.6273712737127372 0.63125 0.6273712737127372 0.623125 0.6165311653116531 0.618125
1 0.505420054200542 0.3875 0.4986449864498645 0.381875 0.47696476964769646 0.376875 0.4634146341463415 0.38 0.46070460704607047 0.39 0.46747967479674796 0.396875 0.47696476964769646 0.399375 0.4932249322493225 0.399375 0.502710027100271 0.39625 0.505420054200542 0.3875
1 0.46070460704607047 0.465625 0.44037940379403795 0.464375 0.4281842818428184 0.469375 0.4281842818428184 0.47625 0.44037940379403795 0.48375 0.45799457994579945 0.485 0.46612466124661245 0.48125 0.46883468834688347 0.470625 0.46070460704607047 0.465625
1 0.4634146341463415 0.5625 0.44037940379403795 0.5625 0.4281842818428184 0.57 0.4281842818428184 0.57625 0.43902439024390244 0.58125 0.45257452574525747 0.581875 0.46883468834688347 0.57625 0.4715447154471545 0.56625 0.4634146341463415 0.5625
1 0.532520325203252 0.630625 0.5271002710027101 0.624375 0.513550135501355 0.620625 0.5 0.620625 0.4878048780487805 0.625625 0.4905149051490515 0.63375 0.502710027100271 0.638125 0.521680216802168 0.638125 0.5298102981029811 0.635 0.532520325203252 0.630625
1 0.7384823848238482 0.36125 0.7249322493224932 0.36 0.7140921409214093 0.36375 0.7140921409214093 0.3775 0.7195121951219512 0.38 0.7357723577235772 0.38 0.7466124661246613 0.375 0.7493224932249323 0.37 0.7384823848238482 0.36125
1 0.3523035230352303 0.528125 0.3523035230352303 0.52125 0.34688346883468835 0.516875 0.3252032520325203 0.513125 0.3143631436314363 0.514375 0.3089430894308943 0.51875 0.3116531165311653 0.526875 0.32113821138211385 0.53125 0.34688346883468835 0.530625 0.3523035230352303 0.528125
1 0.4444444444444444 0.36875 0.43089430894308944 0.366875 0.4173441734417344 0.370625 0.4173441734417344 0.379375 0.42276422764227645 0.381875 0.4363143631436314 0.385 0.45257452574525747 0.3825 0.45528455284552843 0.375 0.4444444444444444 0.36875
1 0.33875338753387535 0.581875 0.3252032520325203 0.57625 0.3075880758807588 0.575 0.2953929539295393 0.5775 0.2926829268292683 0.583125 0.3048780487804878 0.591875 0.3333333333333333 0.591875 0.33875338753387535 0.589375 0.33875338753387535 0.581875
1 0.6815718157181572 0.355625 0.6761517615176151 0.34875 0.6571815718157181 0.340625 0.6449864498644986 0.341875 0.6409214092140921 0.34375 0.6409214092140921 0.35375 0.6490514905149052 0.36 0.6666666666666666 0.36375 0.6788617886178862 0.36 0.6815718157181572 0.355625
1 0.3333333333333333 0.39 0.31842818428184283 0.39 0.3116531165311653 0.394375 0.3116531165311653 0.401875 0.31978319783197834 0.40625 0.32791327913279134 0.40625 0.33604336043360433 0.403125 0.33875338753387535 0.393125 0.3333333333333333 0.39
1 0.646269647696477 0.496285625 0.6732818428184282 0.4974725 0.6848577235772357 0.486793125 0.6797127371273712 0.479673125 0.666849593495935 0.474926875 0.642410569105691 0.478486875 0.6385514905149051 0.48560625 0.646269647696477 0.496285625