1 0.6345514950166113 0.46 0.6303986710963455 0.455 0.6196013289036545 0.451875 0.6146179401993356 0.4475 0.6013289036544851 0.4475 0.5930232558139535 0.45 0.5830564784053156 0.458125 0.5789036544850499 0.463125 0.579734219269103 0.470625 0.5897009966777409 0.47875 0.6021594684385382 0.48125 0.6137873754152824 0.480625 0.6320598006644518 0.470625 0.6345514950166113 0.46
1 0.43272425249169433 0.54625 0.43272425249169433 0.54 0.42857142857142855 0.53625 0.4219269102990033 0.53625 0.3845514950166113 0.548125 0.3787375415282392 0.55625 0.3787375415282392 0.560625 0.38289036544850497 0.5625 0.41362126245847175 0.561875 0.4227574750830565 0.558125 0.42857142857142855 0.553125 0.43272425249169433 0.54625
1 0.43521594684385384 0.66625 0.43521594684385384 0.65875 0.4219269102990033 0.646875 0.41445182724252494 0.646875 0.40282392026578073 0.6575 0.3978405315614618 0.67 0.3995016611295681 0.68 0.40780730897009965 0.684375 0.41445182724252494 0.685 0.42524916943521596 0.681875 0.43106312292358806 0.675625 0.43521594684385384 0.66625
1 0.41943521594684385 0.485 0.41029900332225916 0.470625 0.3961794019933555 0.464375 0.3845514950166113 0.46375 0.3795681063122924 0.464375 0.3687707641196013 0.47375 0.3696013289036545 0.489375 0.3862126245847176 0.5025 0.40448504983388706 0.50375 0.40863787375415284 0.503125 0.4169435215946844 0.495 0.41943521594684385 0.485
1 0.590531561461794 0.376875 0.5888704318936877 0.361875 0.5830564784053156 0.354375 0.5730897009966778 0.34875 0.5556478405315615 0.34875 0.5490033222591362 0.354375 0.5456810631229236 0.3625 0.5465116279069767 0.3675 0.553156146179402 0.381875 0.5672757475083057 0.391875 0.5772425249169435 0.391875 0.5880398671096345 0.384375 0.590531561461794 0.376875
1 0.686046511627907 0.523125 0.6943521594684385 0.5125 0.6993355481727574 0.503125 0.6993355481727574 0.49375 0.6893687707641196 0.48375 0.6710963455149501 0.48375 0.6627906976744186 0.488125 0.6528239202657807 0.5 0.6478405315614618 0.508125 0.6486710963455149 0.513125 0.6528239202657807 0.52375 0.6578073089700996 0.529375 0.6719269102990033 0.530625 0.6777408637873754 0.52875 0.686046511627907 0.523125
1 0.6719269102990033 0.67125 0.6710963455149501 0.65875 0.6578073089700996 0.644375 0.6495016611295681 0.644375 0.6378737541528239 0.654375 0.6320598006644518 0.668125 0.6337209302325582 0.679375 0.6411960132890365 0.685 0.654485049833887 0.6875 0.6611295681063123 0.685625 0.6694352159468439 0.6775 0.6719269102990033 0.67125
1 0.7641196013289037 0.548125 0.7632890365448505 0.54 0.7599667774086378 0.534375 0.7491694352159468 0.526875 0.7400332225913622 0.524375 0.728405315614618 0.524375 0.7217607973421927 0.526875 0.7159468438538206 0.5325 0.7134551495016611 0.539375 0.7151162790697675 0.548125 0.7250830564784053 0.556875 0.7408637873754153 0.561875 0.7466777408637874 0.561875 0.760797342192691 0.555 0.7641196013289037 0.548125
1 0.6295681063122923 0.8125 0.617109634551495 0.80375 0.5980066445182725 0.80125 0.5880398671096345 0.80375 0.5822259136212624 0.808125 0.5822259136212624 0.82125 0.5888704318936877 0.83 0.5938538205980066 0.8325 0.6129568106312292 0.835 0.6287375415282392 0.825625 0.6295681063122923 0.8125
1 0.840531561461794 0.774375 0.8330564784053156 0.764375 0.8272425249169435 0.761875 0.8131229235880398 0.761875 0.8064784053156147 0.76625 0.8023255813953488 0.77125 0.7998338870431894 0.781875 0.8023255813953488 0.79 0.8114617940199336 0.8 0.8239202657807309 0.8 0.8355481727574751 0.794375 0.840531561461794 0.785 0.840531561461794 0.774375
1 0.7940199335548173 0.811875 0.7956810631229236 0.805 0.7915282392026578 0.793125 0.782392026578073 0.789375 0.7616279069767442 0.788125 0.75 0.795625 0.7466777408637874 0.800625 0.7466777408637874 0.8125 0.7516611295681063 0.8175 0.7624584717607974 0.821875 0.7724252491694352 0.821875 0.7865448504983389 0.816875 0.7940199335548173 0.811875
1 0.6262458471760798 0.614375 0.6303986710963455 0.60125 0.6212624584717608 0.58875 0.6046511627906976 0.584375 0.5988372093023255 0.58875 0.5838870431893688 0.594375 0.5813953488372093 0.599375 0.5822259136212624 0.60625 0.5921926910299004 0.6175 0.5971760797342193 0.618125 0.5996677740863787 0.620625 0.6146179401993356 0.620625 0.6262458471760798 0.614375
1 0.553156146179402 0.495625 0.553156146179402 0.490625 0.5440199335548173 0.480625 0.5382059800664452 0.47875 0.5199335548172758 0.47875 0.5132890365448505 0.481875 0.5083056478405316 0.4875 0.5091362126245847 0.49875 0.510797342192691 0.505 0.5141196013289037 0.5075 0.532392026578073 0.51 0.5490033222591362 0.5025 0.553156146179402 0.495625
1 0.7940199335548173 0.36625 0.7906976744186046 0.35875 0.782392026578073 0.349375 0.771594684385382 0.34375 0.7583056478405316 0.344375 0.75 0.349375 0.7458471760797342 0.358125 0.7466777408637874 0.368125 0.7682724252491694 0.38 0.7757475083056479 0.39 0.78156146179402 0.38875 0.792358803986711 0.38 0.7940199335548173 0.36625
1 0.4634551495016611 0.818125 0.45016611295681064 0.80625 0.4426910299003322 0.80375 0.42940199335548174 0.80375 0.4169435215946844 0.811875 0.41362126245847175 0.819375 0.41445182724252494 0.825625 0.4210963455149502 0.8325 0.42940199335548174 0.83625 0.45016611295681064 0.83625 0.46179401993355484 0.828125 0.4634551495016611 0.818125
1 0.7724252491694352 0.729375 0.7740863787375415 0.721875 0.7724252491694352 0.706875 0.7641196013289037 0.698125 0.7549833887043189 0.695625 0.7450166112956811 0.695625 0.7358803986710963 0.7 0.729235880398671 0.706875 0.7267441860465116 0.71375 0.7267441860465116 0.72875 0.7317275747508306 0.74 0.739202657807309 0.745625 0.7508305647840532 0.7475 0.7624584717607974 0.74375 0.7724252491694352 0.729375
1 0.6735880398671097 0.31125 0.6719269102990033 0.2975 0.6677740863787376 0.29375 0.6486710963455149 0.293125 0.6353820598006644 0.30125 0.6270764119601329 0.31375 0.6295681063122923 0.32625 0.6387043189368771 0.3325 0.6519933554817275 0.3325 0.6611295681063123 0.3275 0.6710963455149501 0.3175 0.6735880398671097 0.31125
1 0.8853820598006644 0.584375 0.8787375415282392 0.575 0.867109634551495 0.5675 0.8513289036544851 0.563125 0.8380398671096345 0.563125 0.8264119601328903 0.5675 0.8214285714285714 0.574375 0.8222591362126246 0.581875 0.8380398671096345 0.593125 0.8604651162790697 0.60125 0.8803986710963455 0.59875 0.8853820598006644 0.58875 0.8853820598006644 0.584375
1 0.5058139534883721 0.558125 0.4983388704318937 0.548125 0.4941860465116279 0.54625 0.4833887043189369 0.54625 0.4742524916943522 0.553125 0.4676079734219269 0.5625 0.4684385382059801 0.579375 0.47259136212624586 0.58375 0.4833887043189369 0.585625 0.49916943521594687 0.576875 0.5058139534883721 0.5675 0.5058139534883721 0.558125
1 0.5855481727574751 0.305625 0.5880398671096345 0.30125 0.5880398671096345 0.281875 0.5755813953488372 0.271875 0.5631229235880398 0.27 0.5548172757475083 0.2725 0.5456810631229236 0.28375 0.5456810631229236 0.295625 0.5490033222591362 0.303125 0.5606312292358804 0.310625 0.5672757475083057 0.3125 0.5764119601328903 0.31125 0.5855481727574751 0.305625
1 0.7367109634551495 0.6675 0.7308970099667774 0.6575 0.71843853820598 0.651875 0.7084717607973422 0.651875 0.6960132890365448 0.658125 0.6910299003322259 0.66375 0.6910299003322259 0.67625 0.6935215946843853 0.680625 0.7084717607973422 0.690625 0.7250830564784053 0.69 0.7308970099667774 0.6875 0.7367109634551495 0.678125 0.7367109634551495 0.6675
1 0.3446843853820598 0.6175 0.3446843853820598 0.610625 0.34053156146179403 0.599375 0.3338870431893688 0.591875 0.3230897009966777 0.590625 0.3089700996677741 0.594375 0.303156146179402 0.6025 0.30564784053156147 0.61625 0.3106312292358804 0.624375 0.31893687707641194 0.63 0.329734219269103 0.63 0.3380398671096346 0.6275 0.3446843853820598 0.6175
1 0.47840531561461797 0.549375 0.47840531561461797 0.539375 0.4692691029900332 0.529375 0.45016611295681064 0.529375 0.4377076411960133 0.536875 0.43438538205980065 0.5425 0.43438538205980065 0.55125 0.43853820598006643 0.5575 0.4435215946843854 0.5625 0.45598006644518274 0.563125 0.4642857142857143 0.561875 0.47093023255813954 0.5575 0.47840531561461797 0.549375
1 0.4269102990033223 0.52125 0.42441860465116277 0.515625 0.4111295681063123 0.5075 0.39700996677740863 0.5075 0.38205980066445183 0.5125 0.3770764119601329 0.521875 0.37790697674418605 0.526875 0.3903654485049834 0.53875 0.39700996677740863 0.54125 0.4053156146179402 0.54125 0.42524916943521596 0.53375 0.4269102990033223 0.52125
1 0.5730897009966778 0.521875 0.5730897009966778 0.513125 0.5672757475083057 0.508125 0.553156146179402 0.505 0.5456810631229236 0.505 0.5290697674418605 0.51125 0.5174418604651163 0.524375 0.5182724252491694 0.53375 0.5274086378737541 0.53875 0.5332225913621262 0.539375 0.5490033222591362 0.53875 0.5564784053156147 0.53625 0.5730897009966778 0.521875
1 0.38205980066445183 0.610625 0.3845514950166113 0.59875 0.3770764119601329 0.585 0.36710963455149503 0.578125 0.35714285714285715 0.5775 0.3480066445182724 0.58125 0.34053156146179403 0.588125 0.34053156146179403 0.60125 0.3438538205980066 0.608125 0.35299003322259137 0.616875 0.3654485049833887 0.6175 0.37624584717607973 0.615 0.38205980066445183 0.610625
1 0.6162790697674418 0.5475 0.6154485049833887 0.536875 0.5980066445182725 0.521875 0.5730897009966778 0.521875 0.5647840531561462 0.530625 0.5672757475083057 0.54125 0.5730897009966778 0.548125 0.5930232558139535 0.555625 0.6054817275747508 0.555625 0.6129568106312292 0.551875 0.6162790697674418 0.5475
1 0.3903654485049834 0.676875 0.3812292358803987 0.66125 0.3554817275747508 0.656875 0.3488372093023256 0.666875 0.3504983388704319 0.683125 0.3538205980066445 0.6875 0.3654485049833887 0.6925 0.38205980066445183 0.6925 0.3903654485049834 0.685 0.3903654485049834 0.676875
1 0.3521594684385382 0.446875 0.34717607973421927 0.4425 0.3380398671096346 0.439375 0.3289036544850498 0.439375 0.32142857142857145 0.4425 0.3131229235880399 0.448125 0.30980066445182725 0.45375 0.3089700996677741 0.468125 0.3222591362126246 0.47875 0.3372093023255814 0.478125 0.35132890365448505 0.4675 0.3538205980066445 0.459375 0.3521594684385382 0.446875
1 0.4314784053156146 0.7246875 0.0008305647840531562 0.000625
1 0.5174418604651163 0.743125 0.5174418604651163 0.735 0.5124584717607974 0.72625 0.5024916943521595 0.72375 0.4908637873754153 0.724375 0.48421926910299 0.7275 0.473421926910299 0.745625 0.473421926910299 0.760625 0.47591362126245845 0.764375 0.4867109634551495 0.7675 0.4983388704318937 0.765625 0.5091362126245847 0.759375 0.5174418604651163 0.743125
1 0.6046511627906976 0.575625 0.6004983388704319 0.568125 0.5888704318936877 0.560625 0.5689368770764119 0.560625 0.5622923588039868 0.564375 0.5614617940199336 0.5725 0.5705980066445183 0.585625 0.584717607973422 0.591875 0.6021594684385382 0.58625 0.6038205980066446 0.583125 0.6046511627906976 0.575625
1 0.30564784053156147 0.625 0.30564784053156147 0.616875 0.3014950166112957 0.61 0.2898671096345515 0.6025 0.2782392026578073 0.6025 0.2691029900332226 0.606875 0.2649501661129568 0.61125 0.26245847176079734 0.620625 0.26411960132890366 0.631875 0.2749169435215947 0.64 0.2857142857142857 0.641875 0.2931893687707641 0.64 0.30398671096345514 0.63 0.30564784053156147 0.625
1 0.893687707641196 0.550625 0.8995016611295681 0.54125 0.9003322259136213 0.53375 0.8970099667774086 0.526875 0.8862126245847176 0.521875 0.8687707641196013 0.521875 0.8579734219269103 0.526875 0.8471760797342193 0.540625 0.8471760797342193 0.551875 0.8521594684385382 0.558125 0.8588039867109635 0.56 0.8729235880398671 0.560625 0.8820598006644518 0.558125 0.893687707641196 0.550625
1 0.5141196013289037 0.36625 0.5124584717607974 0.35625 0.5083056478405316 0.349375 0.5008305647840532 0.345625 0.48421926910299 0.345625 0.47259136212624586 0.35625 0.4700996677740864 0.366875 0.47259136212624586 0.370625 0.48754152823920266 0.384375 0.49750830564784054 0.385 0.5033222591362126 0.381875 0.5116279069767442 0.375 0.5141196013289037 0.36625
1 0.7259136212624585 0.745625 0.729235880398671 0.738125 0.728405315614618 0.729375 0.7200996677740864 0.718125 0.7034883720930233 0.711875 0.6943521594684385 0.714375 0.6885382059800664 0.719375 0.6868770764119602 0.724375 0.6868770764119602 0.739375 0.6910299003322259 0.748125 0.6976744186046512 0.7525 0.7051495016611296 0.755 0.717607973421927 0.753125 0.7259136212624585 0.745625
1 0.7990033222591362 0.425625 0.7890365448504983 0.42625 0.7848837209302325 0.428125 0.7848837209302325 0.4375 0.792358803986711 0.44125 0.8039867109634552 0.44125 0.8081395348837209 0.4375 0.8073089700996677 0.430625 0.7990033222591362 0.425625
1 0.7973421926910299 0.78375 0.7998338870431894 0.7775 0.7998338870431894 0.77375 0.792358803986711 0.765625 0.7732558139534884 0.760625 0.7524916943521595 0.761875 0.7466777408637874 0.769375 0.7475083056478405 0.774375 0.7516611295681063 0.780625 0.7682724252491694 0.78875 0.78156146179402 0.789375 0.792358803986711 0.7875 0.7973421926910299 0.78375
1 0.6362126245847176 0.429375 0.6370431893687708 0.42125 0.6337209302325582 0.41375 0.627906976744186 0.408125 0.6137873754152824 0.408125 0.6038205980066446 0.413125 0.5946843853820598 0.42625 0.5980066445182725 0.439375 0.6029900332225914 0.444375 0.617109634551495 0.445 0.6262458471760798 0.441875 0.6303986710963455 0.438125 0.6362126245847176 0.429375
1 0.8322259136212624 0.4675 0.8239202657807309 0.4625 0.8064784053156147 0.4625 0.7931893687707641 0.47 0.7848837209302325 0.48125 0.7857142857142857 0.486875 0.7973421926910299 0.498125 0.8098006644518272 0.5 0.8172757475083057 0.498125 0.8322259136212624 0.485625 0.8322259136212624 0.4675
1 0.4260797342192691 0.71375 0.4210963455149502 0.7075 0.4119601328903654 0.704375 0.4003322259136213 0.706875 0.39368770764119604 0.714375 0.39368770764119604 0.725625 0.3995016611295681 0.735 0.4119601328903654 0.735625 0.4169435215946844 0.73375 0.4260797342192691 0.725 0.4260797342192691 0.71375
1 0.5074750830564784 0.48875 0.5 0.485625 0.4850498338870432 0.485 0.4717607973421927 0.48875 0.46179401993355484 0.5025 0.46179401993355484 0.51 0.4750830564784053 0.518125 0.4867109634551495 0.518125 0.49750830564784054 0.515 0.5091362126245847 0.5025 0.5074750830564784 0.48875
1 0.4568106312292359 0.5025 0.4543189368770764 0.49625 0.44518272425249167 0.49125 0.4269102990033223 0.49125 0.41362126245847175 0.49875 0.41362126245847175 0.508125 0.4269102990033223 0.516875 0.43853820598006643 0.51875 0.44933554817275745 0.516875 0.45514950166112955 0.5125 0.4568106312292359 0.5025
1 0.4692691029900332 0.36625 0.46179401993355484 0.36375 0.4418604651162791 0.36375 0.43106312292358806 0.37125 0.4277408637873754 0.3775 0.4277408637873754 0.385 0.43106312292358806 0.39125 0.4435215946843854 0.396875 0.4676079734219269 0.3975 0.47840531561461797 0.38875 0.48006644518272423 0.38 0.4692691029900332 0.36625
1 0.6054817275747508 0.711875 0.6079734219269103 0.706875 0.6046511627906976 0.693125 0.5988372093023255 0.68875 0.5930232558139535 0.6875 0.5764119601328903 0.69 0.5631229235880398 0.70375 0.563953488372093 0.711875 0.5681063122923588 0.71875 0.574750830564784 0.72375 0.584717607973422 0.724375 0.5946843853820598 0.72125 0.6054817275747508 0.711875
1 0.38205980066445183 0.5525 0.3803986710963455 0.54 0.36710963455149503 0.53125 0.3488372093023256 0.5325 0.34053156146179403 0.536875 0.3347176079734219 0.545 0.3338870431893688 0.559375 0.34053156146179403 0.5675 0.3480066445182724 0.57 0.3654485049833887 0.5675 0.3770764119601329 0.560625 0.38205980066445183 0.5525
1 0.8953488372093024 0.6975 0.8953488372093024 0.6925 0.8920265780730897 0.685625 0.8820598006644518 0.678125 0.8762458471760798 0.675625 0.8629568106312292 0.675 0.8546511627906976 0.675625 0.8471760797342193 0.683125 0.8446843853820598 0.69 0.8480066445182725 0.695 0.8554817275747508 0.7025 0.8629568106312292 0.705625 0.8820598006644518 0.706875 0.8920265780730897 0.701875 0.8953488372093024 0.6975
1 0.48006644518272423 0.444375 0.4634551495016611 0.43625 0.4476744186046512 0.438125 0.43106312292358806 0.45 0.43106312292358806 0.458125 0.436046511627907 0.463125 0.44518272425249167 0.4675 0.46677740863787376 0.4675 0.48006644518272423 0.456875 0.48006644518272423 0.444375
1 0.6976744186046512 0.273125 0.6877076411960132 0.265 0.6644518272425249 0.265625 0.6478405315614618 0.276875 0.6470099667774086 0.28875 0.6495016611295681 0.29125 0.670265780730897 0.29375 0.686046511627907 0.29125 0.6951827242524917 0.283125 0.6976744186046512 0.273125
1 0.5705980066445183 0.685625 0.5573089700996677 0.674375 0.5398671096345515 0.673125 0.53156146179402 0.675625 0.5199335548172758 0.685625 0.520764119601329 0.7 0.5307308970099668 0.704375 0.5573089700996677 0.704375 0.5689368770764119 0.6975 0.5714285714285714 0.6925 0.5705980066445183 0.685625
1 0.7857142857142857 0.61 0.7857142857142857 0.59875 0.7790697674418605 0.588125 0.7674418604651163 0.58375 0.7549833887043189 0.584375 0.7450166112956811 0.5925 0.7408637873754153 0.601875 0.7416943521594684 0.61 0.7533222591362126 0.6225 0.7616279069767442 0.625 0.7740863787375415 0.624375 0.782392026578073 0.616875 0.7857142857142857 0.61
1 0.7433554817275747 0.59625 0.7441860465116279 0.591875 0.7333887043189369 0.575625 0.7250830564784053 0.5725 0.7151162790697675 0.5725 0.7109634551495017 0.574375 0.7001661129568106 0.5925 0.7001661129568106 0.59875 0.7051495016611296 0.60375 0.7200996677740864 0.61 0.728405315614618 0.61 0.7350498338870431 0.606875 0.7433554817275747 0.59625
1 0.3787375415282392 0.50875 0.36627906976744184 0.496875 0.3438538205980066 0.496875 0.3330564784053156 0.505625 0.3330564784053156 0.520625 0.3446843853820598 0.53125 0.36627906976744184 0.53125 0.3770764119601329 0.52375 0.3795681063122924 0.516875 0.3787375415282392 0.50875
1 0.7375415282392026 0.838125 0.728405315614618 0.828125 0.6951827242524917 0.826875 0.6802325581395349 0.83375 0.6802325581395349 0.843125 0.6918604651162791 0.854375 0.7167774086378738 0.856875 0.7267441860465116 0.854375 0.7350498338870431 0.849375 0.7375415282392026 0.838125
1 0.7491694352159468 0.650625 0.7558139534883721 0.64 0.7541528239202658 0.628125 0.7491694352159468 0.623125 0.7400332225913622 0.620625 0.723421926910299 0.623125 0.7101328903654485 0.635625 0.7093023255813954 0.648125 0.7117940199335548 0.65125 0.7192691029900332 0.651875 0.728405315614618 0.65625 0.7425249169435216 0.655 0.7491694352159468 0.650625
1 0.7159468438538206 0.6275 0.7159468438538206 0.620625 0.7093023255813954 0.610625 0.7001661129568106 0.605 0.675249169435216 0.60375 0.6669435215946844 0.60625 0.6586378737541528 0.613125 0.6553156146179402 0.61875 0.6553156146179402 0.6275 0.6627906976744186 0.635 0.6744186046511628 0.6375 0.6960132890365448 0.6375 0.7109634551495017 0.6325 0.7159468438538206 0.6275
1 0.5631229235880398 0.6025 0.5539867109634552 0.59875 0.5448504983388704 0.59875 0.5348837209302325 0.601875 0.5182724252491694 0.613125 0.5149501661129569 0.61875 0.5166112956810631 0.626875 0.5224252491694352 0.63 0.5332225913621262 0.630625 0.5556478405315615 0.625 0.5664451827242525 0.611875 0.5631229235880398 0.6025
1 0.5440199335548173 0.29125 0.5282392026578073 0.281875 0.5083056478405316 0.28 0.5016611295681063 0.281875 0.49667774086378735 0.28625 0.4941860465116279 0.29125 0.4950166112956811 0.300625 0.5041528239202658 0.305625 0.5116279069767442 0.30625 0.526578073089701 0.3125 0.5431893687707641 0.304375 0.5440199335548173 0.29125
1 0.8205980066445183 0.401875 0.8197674418604651 0.394375 0.8164451827242525 0.3875 0.8081395348837209 0.381875 0.7940199335548173 0.381875 0.782392026578073 0.39 0.7782392026578073 0.4 0.7790697674418605 0.414375 0.7840531561461794 0.420625 0.7990033222591362 0.423125 0.8081395348837209 0.42 0.8172757475083057 0.41125 0.8205980066445183 0.401875
1 0.6885382059800664 0.811875 0.6843853820598007 0.8 0.6744186046511628 0.791875 0.6611295681063123 0.790625 0.6511627906976745 0.7975 0.6478405315614618 0.805625 0.6495016611295681 0.8225 0.6644518272425249 0.83375 0.6760797342192691 0.83375 0.6818936877076412 0.83 0.6868770764119602 0.823125 0.6885382059800664 0.811875
1 0.47674418604651164 0.735 0.4659468438538206 0.724375 0.45016611295681064 0.72 0.44019933554817275 0.72 0.4269102990033223 0.725 0.420265780730897 0.735625 0.4210963455149502 0.745625 0.4318936877076412 0.7525 0.45348837209302323 0.753125 0.4676079734219269 0.749375 0.4742524916943522 0.745 0.47674418604651164 0.735
1 0.5398671096345515 0.790625 0.5431893687707641 0.785 0.5431893687707641 0.76625 0.5290697674418605 0.754375 0.5157807308970099 0.75375 0.5016611295681063 0.765625 0.5008305647840532 0.7775 0.5041528239202658 0.785 0.5116279069767442 0.791875 0.5191029900332226 0.794375 0.5332225913621262 0.794375 0.5398671096345515 0.790625
1 0.5490033222591362 0.37375 0.5456810631229236 0.365625 0.532392026578073 0.355625 0.5232558139534884 0.35625 0.5157807308970099 0.3625 0.5116279069767442 0.375625 0.5132890365448505 0.384375 0.5166112956810631 0.39 0.5249169435215947 0.395 0.5382059800664452 0.394375 0.5481727574750831 0.385 0.5490033222591362 0.37375
1 0.39700996677740863 0.64 0.39368770764119604 0.63375 0.3812292358803987 0.62625 0.3712624584717608 0.624375 0.3588039867109635 0.625 0.35132890365448505 0.62875 0.34717607973421927 0.63375 0.34717607973421927 0.646875 0.35714285714285715 0.65625 0.3787375415282392 0.659375 0.39368770764119604 0.653125 0.39700996677740863 0.648125 0.39700996677740863 0.64
1 0.33222591362126247 0.57125 0.3272425249169435 0.560625 0.32059800664451826 0.553125 0.303156146179402 0.544375 0.2956810631229236 0.544375 0.28820598006644516 0.55125 0.28488372093023256 0.560625 0.2857142857142857 0.56875 0.29401993355481726 0.58375 0.3089700996677741 0.59125 0.3230897009966777 0.589375 0.3313953488372093 0.580625 0.33222591362126247 0.57125
1 0.3862126245847176 0.349375 0.3862126245847176 0.34 0.3803986710963455 0.334375 0.3654485049833887 0.3325 0.3546511627906977 0.33625 0.3438538205980066 0.34875 0.34136212624584716 0.355625 0.3430232558139535 0.36375 0.3538205980066445 0.37125 0.36710963455149503 0.370625 0.37209302325581395 0.368125 0.3812292358803987 0.360625 0.3862126245847176 0.349375
1 0.3438538205980066 0.651875 0.3438538205980066 0.6375 0.34136212624584716 0.633125 0.3313953488372093 0.63 0.3131229235880399 0.63375 0.3064784053156146 0.638125 0.29900332225913623 0.6475 0.29983388704318936 0.65625 0.3081395348837209 0.66375 0.3131229235880399 0.665 0.3230897009966777 0.665 0.3338870431893688 0.661875 0.3438538205980066 0.651875
1 0.8521594684385382 0.673125 0.8529900332225914 0.661875 0.8521594684385382 0.65875 0.8372093023255814 0.649375 0.8106312292358804 0.648125 0.8081395348837209 0.649375 0.8064784053156147 0.65625 0.7973421926910299 0.661875 0.7965116279069767 0.668125 0.8131229235880398 0.68 0.8230897009966778 0.681875 0.8355481727574751 0.680625 0.8471760797342193 0.676875 0.8521594684385382 0.673125
1 0.7084717607973422 0.575625 0.7026578073089701 0.560625 0.6893687707641196 0.556875 0.6777408637873754 0.558125 0.665282392026578 0.571875 0.6669435215946844 0.5825 0.6785714285714286 0.59375 0.6893687707641196 0.595 0.696843853820598 0.593125 0.7051495016611296 0.58625 0.7084717607973422 0.575625
1 0.6611295681063123 0.5775 0.654485049833887 0.56875 0.6461794019933554 0.563125 0.6362126245847176 0.5625 0.622093023255814 0.57125 0.6196013289036545 0.58625 0.627906976744186 0.594375 0.6320598006644518 0.60375 0.6470099667774086 0.60375 0.6611295681063123 0.59375 0.6611295681063123 0.5775
1 0.5789036544850499 0.8075 0.5664451827242525 0.8 0.5589700996677741 0.79875 0.5332225913621262 0.8 0.5240863787375415 0.80875 0.5232558139534884 0.8175 0.5332225913621262 0.82875 0.5465116279069767 0.83375 0.5705980066445183 0.8325 0.5822259136212624 0.821875 0.5789036544850499 0.8075
1 0.40780730897009965 0.385 0.40863787375415284 0.375625 0.40448504983388706 0.365625 0.39867109634551495 0.360625 0.3945182724252492 0.35875 0.38205980066445183 0.35875 0.36794019933554817 0.373125 0.36710963455149503 0.39 0.3729235880398671 0.39625 0.38205980066445183 0.399375 0.39285714285714285 0.399375 0.3995016611295681 0.39625 0.40780730897009965 0.385
1 0.6320598006644518 0.654375 0.6320598006644518 0.644375 0.6270764119601329 0.63625 0.6121262458471761 0.63 0.6021594684385382 0.630625 0.5938538205980066 0.635 0.5880398671096345 0.641875 0.5880398671096345 0.65875 0.6021594684385382 0.66875 0.617109634551495 0.66875 0.6254152823920266 0.664375 0.6312292358803987 0.65875 0.6320598006644518 0.654375
1 0.7475083056478405 0.425625 0.75 0.41125 0.7475083056478405 0.40625 0.7342192691029901 0.396875 0.7225913621262459 0.394375 0.7051495016611296 0.395 0.6993355481727574 0.396875 0.6918604651162791 0.403125 0.6910299003322259 0.41625 0.696843853820598 0.4225 0.7068106312292359 0.428125 0.7159468438538206 0.430625 0.7367109634551495 0.430625 0.7475083056478405 0.425625
1 0.5041528239202658 0.8075 0.5058139534883721 0.7975 0.4983388704318937 0.781875 0.48421926910299 0.7775 0.4700996677740864 0.780625 0.46179401993355484 0.790625 0.46179401993355484 0.80125 0.4642857142857143 0.805625 0.4692691029900332 0.811875 0.47674418604651164 0.815 0.4925249169435216 0.815625 0.5008305647840532 0.811875 0.5041528239202658 0.8075
1 0.5988372093023255 0.36 0.6079734219269103 0.355625 0.617109634551495 0.34375 0.617109634551495 0.335 0.6121262458471761 0.324375 0.6013289036544851 0.314375 0.5921926910299004 0.31125 0.5830564784053156 0.31125 0.5764119601328903 0.31375 0.5681063122923588 0.325625 0.5681063122923588 0.334375 0.5697674418604651 0.343125 0.5739202657807309 0.348125 0.5880398671096345 0.35875 0.5938538205980066 0.36 0.5988372093023255 0.36
1 0.3945182724252492 0.73125 0.39285714285714285 0.72125 0.38953488372093026 0.7175 0.37624584717607973 0.711875 0.3588039867109635 0.711875 0.3446843853820598 0.71875 0.3438538205980066 0.728125 0.3480066445182724 0.73375 0.3546511627906977 0.74 0.36129568106312293 0.7425 0.3812292358803987 0.741875 0.3920265780730897 0.735625 0.3945182724252492 0.73125
1 0.6644518272425249 0.360625 0.6461794019933554 0.3425 0.6312292358803987 0.3425 0.6212624584717608 0.349375 0.6187707641196013 0.355 0.6196013289036545 0.36375 0.6370431893687708 0.37875 0.6470099667774086 0.381875 0.659468438538206 0.37875 0.665282392026578 0.36875 0.6644518272425249 0.360625
1 0.6528239202657807 0.52375 0.6470099667774086 0.51 0.6353820598006644 0.5025 0.6245847176079734 0.5 0.6121262458471761 0.50125 0.6071428571428571 0.505625 0.6038205980066446 0.513125 0.6054817275747508 0.526875 0.617109634551495 0.539375 0.627906976744186 0.544375 0.643687707641196 0.54375 0.6528239202657807 0.530625 0.6528239202657807 0.52375
1 0.6445182724252492 0.288125 0.6453488372093024 0.28 0.6403654485049833 0.2725 0.6303986710963455 0.269375 0.6212624584717608 0.269375 0.6088039867109635 0.273125 0.5921926910299004 0.2875 0.5897009966777409 0.305 0.6029900332225914 0.3125 0.6121262458471761 0.3125 0.6262458471760798 0.30875 0.6403654485049833 0.29625 0.6445182724252492 0.288125
1 0.6694352159468439 0.72875 0.6694352159468439 0.71125 0.6569767441860465 0.7 0.643687707641196 0.698125 0.6337209302325582 0.7 0.6237541528239202 0.711875 0.6237541528239202 0.724375 0.6287375415282392 0.73375 0.6353820598006644 0.739375 0.6553156146179402 0.74 0.6619601328903655 0.736875 0.6694352159468439 0.72875
1 0.7350498338870431 0.455 0.7308970099667774 0.4475 0.7142857142857143 0.43125 0.7034883720930233 0.428125 0.6926910299003323 0.42875 0.6810631229235881 0.43625 0.6785714285714286 0.441875 0.6802325581395349 0.451875 0.6918604651162791 0.4625 0.7059800664451827 0.46875 0.7267441860465116 0.470625 0.7342192691029901 0.466875 0.7350498338870431 0.455
1 0.6104651162790697 0.759375 0.6021594684385382 0.75625 0.579734219269103 0.758125 0.5705980066445183 0.763125 0.5672757475083057 0.768125 0.5689368770764119 0.779375 0.5813953488372093 0.786875 0.6004983388704319 0.786875 0.6154485049833887 0.778125 0.617109634551495 0.765625 0.6104651162790697 0.759375
1 0.4700996677740864 0.640625 0.46677740863787376 0.63375 0.45514950166112955 0.6275 0.4318936877076412 0.6275 0.4210963455149502 0.635 0.420265780730897 0.645625 0.4318936877076412 0.65625 0.44601328903654486 0.65875 0.4584717607973422 0.65625 0.4676079734219269 0.65125 0.4700996677740864 0.640625
1 0.5290697674418605 0.334375 0.5290697674418605 0.319375 0.5224252491694352 0.3125 0.5091362126245847 0.30625 0.4833887043189369 0.304375 0.4750830564784053 0.30625 0.4676079734219269 0.314375 0.4684385382059801 0.3225 0.4750830564784053 0.331875 0.5041528239202658 0.3425 0.5141196013289037 0.3425 0.5232558139534884 0.339375 0.5290697674418605 0.334375
1 0.9169435215946844 0.610625 0.909468438538206 0.60125 0.9053156146179402 0.599375 0.8837209302325582 0.599375 0.8687707641196013 0.606875 0.8646179401993356 0.61375 0.8654485049833887 0.62375 0.8679401993355482 0.628125 0.877906976744186 0.6325 0.8995016611295681 0.6325 0.9144518272425249 0.624375 0.9169435215946844 0.610625
1 0.5573089700996677 0.711875 0.5481727574750831 0.706875 0.5348837209302325 0.704375 0.526578073089701 0.704375 0.520764119601329 0.706875 0.5141196013289037 0.714375 0.5141196013289037 0.72375 0.520764119601329 0.73125 0.5348837209302325 0.736875 0.5539867109634552 0.735625 0.5589700996677741 0.73125 0.5614617940199336 0.725 0.5573089700996677 0.711875
1 0.8073089700996677 0.640625 0.7990033222591362 0.635 0.7898671096345515 0.6325 0.78156146179402 0.6325 0.7682724252491694 0.63625 0.7574750830564784 0.6475 0.7599667774086378 0.65875 0.770764119601329 0.66625 0.7832225913621262 0.66625 0.7948504983388704 0.66375 0.8073089700996677 0.655625 0.8073089700996677 0.640625
1 0.7682724252491694 0.38 0.7558139534883721 0.371875 0.728405315614618 0.368125 0.7200996677740864 0.36875 0.7192691029900332 0.370625 0.7200996677740864 0.39 0.7508305647840532 0.408125 0.7632890365448505 0.404375 0.7724252491694352 0.395 0.7732558139534884 0.390625 0.7682724252491694 0.38
0 0.4435215946843854 0.24375 0.45016611295681064 0.22375 0.45016611295681064 0.20125 0.42857142857142855 0.1825 0.4053156146179402 0.17 0.3704318936877076 0.175 0.35714285714285715 0.175 0.3289036544850498 0.2 0.33222591362126247 0.2425 0.3388704318936877 0.25125 0.36212624584717606 0.26125 0.39368770764119604 0.265 0.4219269102990033 0.25875 0.4435215946843854 0.24375
1 0.48006644518272423 0.6575 0.46677740863787376 0.66 0.44518272425249167 0.66375 0.44518272425249167 0.675 0.43853820598006643 0.67125 0.45182724252491696 0.6825 0.4717607973421927 0.67875 0.4850498338870432 0.67 0.48006644518272423 0.6575
1 0.39867109634551495 0.595 0.42358803986710963 0.585 0.4152823920265781 0.5675 0.4053156146179402 0.56125 0.3853820598006645 0.55875 0.3754152823920266 0.57125 0.38205980066445183 0.58375 0.39867109634551495 0.595
1 0.5813953488372093 0.645 0.584717607973422 0.6375 0.553156146179402 0.6375 0.5299003322259136 0.64375 0.5332225913621262 0.65625 0.553156146179402 0.67 0.574750830564784 0.67 0.5813953488372093 0.65625 0.5813953488372093 0.645