0 0.3089700996677741 0.605 0.3131229235880399 0.6125 0.32475083056478404 0.618125 0.3430232558139535 0.618125 0.3496677740863787 0.615625 0.3538205980066445 0.604375 0.35299003322259137 0.589375 0.3330564784053156 0.579375 0.3239202657807309 0.58 0.3164451827242525 0.583125 0.3089700996677741 0.59375 0.3089700996677741 0.605
0 0.37209302325581395 0.870625 0.3745847176079734 0.87875 0.38787375415282394 0.888125 0.40946843853820597 0.888125 0.420265780730897 0.879375 0.42358803986710963 0.873125 0.4260797342192691 0.86 0.4210963455149502 0.856875 0.4227574750830565 0.855 0.4186046511627907 0.856875 0.40946843853820597 0.848125 0.38870431893687707 0.848125 0.37375415282392027 0.86 0.37209302325581395 0.870625
0 0.4069767441860465 0.9325 0.40946843853820597 0.936875 0.42358803986710963 0.945625 0.4418604651162791 0.945625 0.446843853820598 0.94375 0.45348837209302323 0.94 0.46096345514950166 0.93 0.46179401993355484 0.915625 0.45348837209302323 0.904375 0.4277408637873754 0.904375 0.4169435215946844 0.910625 0.40780730897009965 0.92375 0.4069767441860465 0.9325
0 0.45930232558139533 0.1075 0.42940199335548174 0.109375 0.4019933554817276 0.11875 0.38289036544850497 0.1325 0.3729235880398671 0.146875 0.3696013289036545 0.15625 0.3704318936877076 0.1825 0.38372093023255816 0.204375 0.4019933554817276 0.21875 0.4277408637873754 0.22875 0.44601328903654486 0.23125 0.4700996677740864 0.23 0.5008305647840532 0.21875 0.5132890365448505 0.210625 0.5257475083056479 0.1975 0.5340531561461794 0.17875 0.5340531561461794 0.15625 0.5274086378737541 0.13875 0.5149501661129569 0.12625 0.5 0.1175 0.48172757475083056 0.110625 0.45930232558139533 0.1075
1 0.6769102990033222 0.845 0.6686046511627907 0.856875 0.6661129568106312 0.865 0.6677740863787376 0.879375 0.6827242524916943 0.88625 0.6910299003322259 0.88625 0.7009966777408638 0.883125 0.7151162790697675 0.873125 0.71843853820598 0.868125 0.71843853820598 0.855 0.7059800664451827 0.84375 0.7009966777408638 0.841875 0.6893687707641196 0.84 0.6827242524916943 0.841875 0.6769102990033222 0.845
1 0.39867109634551495 0.293125 0.40780730897009965 0.295625 0.41777408637873753 0.295625 0.4269102990033223 0.293125 0.4377076411960133 0.285 0.4377076411960133 0.275625 0.42358803986710963 0.26625 0.4019933554817276 0.265 0.38953488372093026 0.2725 0.38704318936877075 0.283125 0.39867109634551495 0.293125
1 0.4318936877076412 0.615 0.42857142857142855 0.62625 0.43106312292358806 0.63875 0.4393687707641196 0.64375 0.45099667774086377 0.64375 0.4659468438538206 0.63625 0.4750830564784053 0.62375 0.4750830564784053 0.60875 0.4742524916943522 0.605625 0.4642857142857143 0.6 0.4526578073089701 0.6 0.44435215946843853 0.60375 0.4318936877076412 0.615
1 0.8696013289036545 0.504375 0.8745847176079734 0.51875 0.8812292358803987 0.52625 0.8878737541528239 0.529375 0.8995016611295681 0.529375 0.9111295681063123 0.525 0.915282392026578 0.51625 0.9136212624584718 0.50625 0.9078073089700996 0.4975 0.8945182724252492 0.49 0.8837209302325582 0.49 0.8729235880398671 0.4975 0.8696013289036545 0.504375
1 0.5448504983388704 0.419375 0.5357142857142857 0.4275 0.5340531561461794 0.4375 0.5365448504983389 0.445625 0.5465116279069767 0.45625 0.5606312292358804 0.46375 0.5730897009966778 0.465 0.5880398671096345 0.458125 0.5888704318936877 0.440625 0.5863787375415282 0.435 0.5772425249169435 0.429375 0.5714285714285714 0.4225 0.5589700996677741 0.418125 0.5448504983388704 0.419375
1 0.42857142857142855 0.481875 0.42940199335548174 0.496875 0.4368770764119601 0.50125 0.4568106312292359 0.50125 0.4642857142857143 0.49875 0.4750830564784053 0.486875 0.47591362126245845 0.473125 0.4717607973421927 0.46875 0.46096345514950166 0.46375 0.44435215946843853 0.46625 0.4318936877076412 0.47625 0.42857142857142855 0.481875
1 0.3122923588039867 0.4225 0.31478405315614616 0.4275 0.32641196013289037 0.435 0.33554817275747506 0.4375 0.34717607973421927 0.4375 0.36129568106312293 0.431875 0.36710963455149503 0.425 0.36627906976744184 0.414375 0.36129568106312293 0.408125 0.3496677740863787 0.40125 0.329734219269103 0.400625 0.31478405315614616 0.409375 0.3122923588039867 0.4225
1 0.5049833887043189 0.473125 0.5016611295681063 0.480625 0.5016611295681063 0.49 0.5066445182724253 0.499375 0.5141196013289037 0.504375 0.5290697674418605 0.504375 0.5406976744186046 0.49875 0.553156146179402 0.480625 0.5539867109634552 0.46875 0.5506644518272426 0.46375 0.5415282392026578 0.458125 0.5299003322259136 0.45875 0.5157807308970099 0.46375 0.5049833887043189 0.473125
1 0.6196013289036545 0.57375 0.6187707641196013 0.581875 0.6212624584717608 0.586875 0.6353820598006644 0.595 0.6553156146179402 0.596875 0.6644518272425249 0.595 0.6769102990033222 0.588125 0.6802325581395349 0.58125 0.6794019933554817 0.571875 0.670265780730897 0.5625 0.6636212624584718 0.560625 0.6428571428571429 0.560625 0.6229235880398671 0.569375 0.6196013289036545 0.57375
1 0.5739202657807309 0.765 0.574750830564784 0.779375 0.5789036544850499 0.785 0.590531561461794 0.7925 0.5996677740863787 0.795 0.6079734219269103 0.794375 0.6179401993355482 0.79 0.6237541528239202 0.7825 0.6237541528239202 0.7725 0.6212624584717608 0.768125 0.6146179401993356 0.760625 0.6029900332225914 0.75375 0.590531561461794 0.754375 0.5789036544850499 0.75875 0.5739202657807309 0.765
1 0.8521594684385382 0.5575 0.8629568106312292 0.5625 0.872093023255814 0.5625 0.8795681063122923 0.56 0.8878737541528239 0.55125 0.8887043189368771 0.538125 0.8812292358803987 0.529375 0.8737541528239202 0.5275 0.8579734219269103 0.53125 0.8471760797342193 0.545625 0.8521594684385382 0.5575
1 0.7649501661129569 0.5725 0.7632890365448505 0.5775 0.7649501661129569 0.588125 0.7699335548172758 0.591875 0.7906976744186046 0.598125 0.8089700996677741 0.598125 0.8156146179401993 0.595 0.8197674418604651 0.58875 0.8181063122923588 0.58 0.8081395348837209 0.569375 0.8006644518272426 0.566875 0.7882059800664452 0.56625 0.7724252491694352 0.5675 0.7649501661129569 0.5725
1 0.5739202657807309 0.69875 0.5897009966777409 0.706875 0.5971760797342193 0.706875 0.6029900332225914 0.70375 0.6129568106312292 0.69625 0.6179401993355482 0.688125 0.6162790697674418 0.6725 0.6029900332225914 0.665625 0.5897009966777409 0.6675 0.574750830564784 0.680625 0.5722591362126246 0.6875 0.5739202657807309 0.69875
1 0.729235880398671 0.41625 0.7300664451827242 0.42375 0.7375415282392026 0.43375 0.7533222591362126 0.440625 0.7799003322259136 0.43625 0.782392026578073 0.433125 0.78156146179402 0.4225 0.7757475083056479 0.41375 0.7649501661129569 0.408125 0.7558139534883721 0.40625 0.7383720930232558 0.406875 0.729235880398671 0.41625
1 0.35631229235880396 0.6625 0.35631229235880396 0.675625 0.3588039867109635 0.68 0.3729235880398671 0.6875 0.38704318936877075 0.6875 0.3978405315614618 0.6825 0.40946843853820597 0.66875 0.40780730897009965 0.65 0.4053156146179402 0.646875 0.3853820598006645 0.64125 0.37375415282392027 0.644375 0.3596345514950166 0.65625 0.35631229235880396 0.6625
1 0.8156146179401993 0.629375 0.8131229235880398 0.63625 0.813953488372093 0.650625 0.8264119601328903 0.660625 0.8496677740863787 0.660625 0.8621262458471761 0.650625 0.8646179401993356 0.64375 0.8637873754152824 0.631875 0.8612956810631229 0.626875 0.8529900332225914 0.62 0.8397009966777409 0.61625 0.8289036544850499 0.618125 0.8156146179401993 0.629375
1 0.3488372093023256 0.71875 0.3488372093023256 0.72875 0.3538205980066445 0.74 0.3687707641196013 0.75125 0.3787375415282392 0.754375 0.3911960132890365 0.754375 0.4003322259136213 0.748125 0.4011627906976744 0.725625 0.3953488372093023 0.714375 0.38953488372093026 0.70875 0.36295681063122925 0.706875 0.35631229235880396 0.70875 0.3488372093023256 0.71875
1 0.2956810631229236 0.63625 0.29485049833887045 0.64375 0.30066445182724255 0.654375 0.3131229235880399 0.6625 0.32641196013289037 0.665625 0.33970099667774084 0.665625 0.35299003322259137 0.6625 0.36212624584717606 0.65375 0.36212624584717606 0.640625 0.34717607973421927 0.6225 0.33554817275747506 0.618125 0.3181063122923588 0.618125 0.30066445182724255 0.63 0.2956810631229236 0.63625
1 0.6395348837209303 0.675 0.6353820598006644 0.6825 0.6345514950166113 0.69125 0.6378737541528239 0.700625 0.6519933554817275 0.711875 0.6744186046511628 0.711875 0.6827242524916943 0.706875 0.6877076411960132 0.7 0.6885382059800664 0.689375 0.686046511627907 0.68375 0.6769102990033222 0.670625 0.6710963455149501 0.6675 0.6669435215946844 0.665625 0.6503322259136213 0.665625 0.6395348837209303 0.675
1 0.3945182724252492 0.705 0.3953488372093023 0.713125 0.4011627906976744 0.721875 0.41029900332225916 0.725 0.4277408637873754 0.725 0.436046511627907 0.723125 0.44435215946843853 0.718125 0.45016611295681064 0.71 0.4485049833887043 0.699375 0.44019933554817275 0.691875 0.4186046511627907 0.6875 0.4127906976744186 0.68875 0.3978405315614618 0.696875 0.3945182724252492 0.705
1 0.6054817275747508 0.458125 0.6179401993355482 0.46875 0.632890365448505 0.465625 0.643687707641196 0.45625 0.6511627906976745 0.4375 0.6495016611295681 0.428125 0.6428571428571429 0.421875 0.6237541528239202 0.4225 0.6079734219269103 0.435 0.6046511627906976 0.441875 0.6054817275747508 0.458125
1 0.8189368770764119 0.591875 0.8205980066445183 0.6025 0.8280730897009967 0.613125 0.845514950166113 0.618125 0.8521594684385382 0.618125 0.8621262458471761 0.6125 0.8662790697674418 0.60625 0.8662790697674418 0.595625 0.8621262458471761 0.584375 0.8521594684385382 0.576875 0.834717607973422 0.576875 0.8272425249169435 0.579375 0.8189368770764119 0.591875
1 0.7450166112956811 0.4625 0.7516611295681063 0.469375 0.7790697674418605 0.46875 0.7948504983388704 0.46 0.7948504983388704 0.445 0.7848837209302325 0.4375 0.7691029900332226 0.4375 0.7566445182724253 0.440625 0.7458471760797342 0.451875 0.7450166112956811 0.4625
1 0.6445182724252492 0.63 0.6395348837209303 0.639375 0.6420265780730897 0.649375 0.6495016611295681 0.6525 0.6769102990033222 0.650625 0.7009966777408638 0.634375 0.7009966777408638 0.6225 0.6935215946843853 0.618125 0.6769102990033222 0.61625 0.665282392026578 0.618125 0.6511627906976745 0.62375 0.6445182724252492 0.63
1 0.37209302325581395 0.8725 0.3745847176079734 0.87875 0.3903654485049834 0.88875 0.4069767441860465 0.88875 0.420265780730897 0.879375 0.42441860465116277 0.869375 0.42358803986710963 0.86125 0.4111295681063123 0.850625 0.3911960132890365 0.84875 0.3845514950166113 0.850625 0.37375415282392027 0.86 0.37209302325581395 0.8725
1 0.33637873754152825 0.491875 0.34053156146179403 0.50125 0.3521594684385382 0.50625 0.3654485049833887 0.50875 0.38289036544850497 0.50875 0.3953488372093023 0.50375 0.4019933554817276 0.496875 0.40282392026578073 0.485 0.39700996677740863 0.479375 0.3853820598006645 0.47625 0.3546511627906977 0.47625 0.34053156146179403 0.4825 0.33637873754152825 0.491875
1 0.38289036544850497 0.62 0.3812292358803987 0.626875 0.3862126245847176 0.639375 0.40365448504983387 0.644375 0.4119601328903654 0.64125 0.4227574750830565 0.633125 0.43023255813953487 0.616875 0.42940199335548174 0.60375 0.4227574750830565 0.59375 0.40946843853820597 0.593125 0.4003322259136213 0.595625 0.38953488372093026 0.6075 0.38289036544850497 0.62
1 0.5631229235880398 0.47125 0.5581395348837209 0.47875 0.5573089700996677 0.49125 0.5606312292358804 0.4975 0.5689368770764119 0.50125 0.5830564784053156 0.501875 0.5988372093023255 0.49625 0.6146179401993356 0.483125 0.617109634551495 0.4775 0.6162790697674418 0.469375 0.6096345514950167 0.46375 0.595514950166113 0.46 0.5805647840531561 0.46125 0.574750830564784 0.46375 0.5631229235880398 0.47125
1 0.6453488372093024 0.39875 0.6453488372093024 0.418125 0.6495016611295681 0.425 0.6586378737541528 0.43125 0.6686046511627907 0.435 0.6868770764119602 0.43625 0.6985049833887044 0.4325 0.7051495016611296 0.4275 0.707641196013289 0.421875 0.7059800664451827 0.40375 0.6852159468438538 0.39 0.6710963455149501 0.3875 0.6611295681063123 0.388125 0.6511627906976745 0.39125 0.6453488372093024 0.39875
1 0.5722591362126246 0.420625 0.5780730897009967 0.42875 0.584717607973422 0.431875 0.590531561461794 0.43375 0.6029900332225914 0.43375 0.6088039867109635 0.4325 0.6229235880398671 0.4225 0.6229235880398671 0.41375 0.6129568106312292 0.40375 0.5930232558139535 0.40125 0.5780730897009967 0.408125 0.5730897009966778 0.414375 0.5722591362126246 0.420625
1 0.6004983388704319 0.730625 0.6029900332225914 0.75 0.6196013289036545 0.763125 0.6312292358803987 0.76125 0.6420265780730897 0.74875 0.6411960132890365 0.73 0.6312292358803987 0.715625 0.6204318936877077 0.71 0.6121262458471761 0.711875 0.6038205980066446 0.72 0.6004983388704319 0.730625
1 0.7898671096345515 0.50625 0.7898671096345515 0.515 0.8006644518272426 0.52375 0.8089700996677741 0.525625 0.8239202657807309 0.524375 0.8397009966777409 0.518125 0.8446843853820598 0.51125 0.8438538205980066 0.5025 0.8388704318936877 0.496875 0.829734219269103 0.4925 0.8081395348837209 0.491875 0.7956810631229236 0.4975 0.7898671096345515 0.50625
1 0.7965116279069767 0.543125 0.7948504983388704 0.546875 0.7973421926910299 0.560625 0.8131229235880398 0.571875 0.8388704318936877 0.571875 0.8480066445182725 0.563125 0.8488372093023255 0.5525 0.8471760797342193 0.548125 0.8397009966777409 0.5425 0.8197674418604651 0.535625 0.8039867109634552 0.538125 0.7965116279069767 0.543125
1 0.7848837209302325 0.435 0.7857142857142857 0.438125 0.7948504983388704 0.445625 0.7956810631229236 0.464375 0.8081395348837209 0.4675 0.8189368770764119 0.465625 0.8264119601328903 0.46 0.8330564784053156 0.451875 0.8330564784053156 0.44125 0.8222591362126246 0.42875 0.8131229235880398 0.425 0.803156146179402 0.425 0.7948504983388704 0.4275 0.7848837209302325 0.435
1 0.47674418604651164 0.600625 0.4775747508305648 0.618125 0.4900332225913621 0.6225 0.5099667774086378 0.619375 0.5240863787375415 0.606875 0.526578073089701 0.60125 0.5249169435215947 0.591875 0.5182724252491694 0.586875 0.510797342192691 0.585 0.5 0.585 0.489202657807309 0.58875 0.47674418604651164 0.600625
1 0.3089700996677741 0.59375 0.3089700996677741 0.605 0.313953488372093 0.613125 0.3239202657807309 0.6175 0.34219269102990035 0.6175 0.3496677740863787 0.61375 0.35299003322259137 0.608125 0.35299003322259137 0.5925 0.34219269102990035 0.58375 0.329734219269103 0.58 0.32475083056478404 0.58 0.31478405315614616 0.584375 0.3089700996677741 0.59375
1 0.5647840531561462 0.59125 0.574750830564784 0.6 0.5888704318936877 0.600625 0.6029900332225914 0.598125 0.6179401993355482 0.58875 0.6179401993355482 0.5675 0.606312292358804 0.5625 0.5888704318936877 0.564375 0.5730897009966778 0.57375 0.5647840531561462 0.58375 0.5647840531561462 0.59125
1 0.5332225913621262 0.72875 0.5365448504983389 0.734375 0.5456810631229236 0.74 0.5506644518272426 0.740625 0.5705980066445183 0.74 0.5822259136212624 0.735 0.5888704318936877 0.729375 0.5913621262458472 0.721875 0.5888704318936877 0.70875 0.5739202657807309 0.699375 0.5631229235880398 0.699375 0.5456810631229236 0.704375 0.5332225913621262 0.716875 0.5332225913621262 0.72875
1 0.4152823920265781 0.9125 0.40863787375415284 0.9225 0.40863787375415284 0.935625 0.41362126245847175 0.940625 0.4260797342192691 0.945625 0.44019933554817275 0.945625 0.45514950166112955 0.93875 0.4601328903654485 0.931875 0.46096345514950166 0.91625 0.45348837209302323 0.9075 0.4435215946843854 0.90625 0.4418604651162791 0.904375 0.4260797342192691 0.90625 0.4152823920265781 0.9125
1 0.48255813953488375 0.416875 0.4775747508305648 0.425 0.4775747508305648 0.43 0.4833887043189369 0.4375 0.4908637873754153 0.441875 0.5141196013289037 0.441875 0.5299003322259136 0.4325 0.5332225913621262 0.42375 0.532392026578073 0.41625 0.521594684385382 0.40625 0.5049833887043189 0.405 0.4958471760797342 0.406875 0.48754152823920266 0.41125 0.48255813953488375 0.416875
1 0.3538205980066445 0.569375 0.35714285714285715 0.576875 0.3637873754152824 0.58125 0.3920265780730897 0.57875 0.39867109634551495 0.57 0.3978405315614618 0.554375 0.38205980066445183 0.543125 0.3696013289036545 0.5425 0.36129568106312293 0.548125 0.3546511627906977 0.556875 0.3538205980066445 0.569375
1 0.37375415282392027 0.455 0.38289036544850497 0.46375 0.3953488372093023 0.46625 0.4053156146179402 0.465625 0.4219269102990033 0.456875 0.4269102990033223 0.449375 0.4260797342192691 0.444375 0.4111295681063123 0.4325 0.3920265780730897 0.4325 0.3770764119601329 0.441875 0.37375415282392027 0.4475 0.37375415282392027 0.455
1 0.7308970099667774 0.529375 0.7317275747508306 0.54 0.7450166112956811 0.55 0.7641196013289037 0.550625 0.7740863787375415 0.5475 0.7832225913621262 0.5425 0.7898671096345515 0.535625 0.7915282392026578 0.524375 0.7890365448504983 0.51875 0.7799003322259136 0.51 0.7666112956810631 0.508125 0.7524916943521595 0.509375 0.7358803986710963 0.52 0.7308970099667774 0.529375
1 0.71843853820598 0.731875 0.7109634551495017 0.740625 0.7117940199335548 0.75125 0.7159468438538206 0.75875 0.7259136212624585 0.76875 0.7425249169435216 0.775625 0.7657807308970099 0.77625 0.7732558139534884 0.7725 0.7799003322259136 0.7625 0.7799003322259136 0.748125 0.7749169435215947 0.74 0.760797342192691 0.73 0.7475083056478405 0.726875 0.7250830564784053 0.728125 0.71843853820598 0.731875
1 0.35299003322259137 0.62625 0.3579734219269103 0.63125 0.36794019933554817 0.63125 0.3795681063122924 0.624375 0.38787375415282394 0.609375 0.38787375415282394 0.595625 0.37790697674418605 0.581875 0.3646179401993355 0.581875 0.3579734219269103 0.586875 0.3504983388704319 0.61625 0.35299003322259137 0.62625
1 0.5921926910299004 0.285625 0.595514950166113 0.293125 0.6054817275747508 0.301875 0.6196013289036545 0.3075 0.6362126245847176 0.3075 0.6478405315614618 0.304375 0.6561461794019934 0.2975 0.6569767441860465 0.285625 0.6395348837209303 0.27375 0.6137873754152824 0.2725 0.6029900332225914 0.275625 0.5938538205980066 0.281875 0.5921926910299004 0.285625