1 0.4219269102990033 0.811875 0.4277408637873754 0.816875 0.44019933554817275 0.816875 0.45016611295681064 0.8075 0.45016611295681064 0.795625 0.44518272425249167 0.78625 0.4377076411960133 0.78125 0.42524916943521596 0.78125 0.41777408637873753 0.785 0.4152823920265781 0.78875 0.41445182724252494 0.8 0.4219269102990033 0.811875
1 0.3289036544850498 0.534375 0.3338870431893688 0.5425 0.3488372093023256 0.55 0.36295681063122925 0.55 0.36627906976744184 0.543125 0.36295681063122925 0.533125 0.3546511627906977 0.526875 0.3446843853820598 0.524375 0.33222591362126247 0.52625 0.3289036544850498 0.5275 0.3289036544850498 0.534375
1 0.590531561461794 0.629375 0.6013289036544851 0.625 0.6104651162790697 0.6175 0.6129568106312292 0.605 0.6046511627906976 0.598125 0.5988372093023255 0.598125 0.5897009966777409 0.603125 0.5855481727574751 0.61 0.579734219269103 0.613125 0.579734219269103 0.628125 0.590531561461794 0.629375
1 0.6669435215946844 0.615 0.675249169435216 0.62 0.6910299003322259 0.619375 0.6960132890365448 0.615 0.6976744186046512 0.61 0.6926910299003323 0.59875 0.686046511627907 0.59375 0.6785714285714286 0.591875 0.6727574750830565 0.591875 0.6636212624584718 0.596875 0.6619601328903655 0.60625 0.6669435215946844 0.615
1 0.29485049833887045 0.51625 0.303156146179402 0.519375 0.32142857142857145 0.519375 0.33222591362126247 0.51125 0.3313953488372093 0.503125 0.31976744186046513 0.495 0.29817275747508304 0.495 0.28903654485049834 0.5025 0.28903654485049834 0.51125 0.29485049833887045 0.51625
1 0.5024916943521595 0.529375 0.5149501661129569 0.529375 0.5257475083056479 0.520625 0.5257475083056479 0.50625 0.5182724252491694 0.50125 0.5099667774086378 0.50125 0.5016611295681063 0.504375 0.5 0.526875 0.5024916943521595 0.529375
1 0.53156146179402 0.49125 0.5481727574750831 0.49125 0.5581395348837209 0.484375 0.5606312292358804 0.470625 0.5548172757475083 0.461875 0.5473421926910299 0.45875 0.5357142857142857 0.46125 0.5240863787375415 0.473125 0.5240863787375415 0.48375 0.53156146179402 0.49125
1 0.5 0.473125 0.5033222591362126 0.475625 0.5124584717607974 0.476875 0.5224252491694352 0.475625 0.5332225913621262 0.46125 0.5290697674418605 0.45 0.5232558139534884 0.4475 0.5074750830564784 0.45 0.49750830564784054 0.45875 0.49667774086378735 0.46625 0.5 0.473125
1 0.7483388704318937 0.384375 0.7583056478405316 0.386875 0.770764119601329 0.380625 0.7757475083056479 0.375 0.7774086378737541 0.364375 0.7724252491694352 0.35625 0.7558139534883721 0.354375 0.7450166112956811 0.358125 0.739202657807309 0.363125 0.739202657807309 0.37625 0.7483388704318937 0.384375
1 0.6378737541528239 0.441875 0.6445182724252492 0.446875 0.6611295681063123 0.446875 0.6694352159468439 0.4375 0.670265780730897 0.42875 0.6669435215946844 0.4225 0.6602990033222591 0.416875 0.6528239202657807 0.41625 0.6453488372093024 0.41875 0.6370431893687708 0.425625 0.6353820598006644 0.4375 0.6378737541528239 0.441875
1 0.6403654485049833 0.744375 0.6478405315614618 0.75 0.6586378737541528 0.75 0.6744186046511628 0.74 0.6777408637873754 0.731875 0.6777408637873754 0.723125 0.6710963455149501 0.71625 0.6602990033222591 0.71375 0.6461794019933554 0.72125 0.6387043189368771 0.731875 0.6378737541528239 0.740625 0.6403654485049833 0.744375
1 0.6943521594684385 0.59625 0.7018272425249169 0.6 0.7117940199335548 0.6 0.729235880398671 0.595 0.7375415282392026 0.588125 0.739202657807309 0.58125 0.7350498338870431 0.5725 0.728405315614618 0.570625 0.7084717607973422 0.571875 0.6910299003322259 0.58 0.6910299003322259 0.591875 0.6943521594684385 0.59625
1 0.457641196013289 0.57875 0.47591362126245845 0.57875 0.4867109634551495 0.566875 0.48421926910299 0.560625 0.4742524916943522 0.556875 0.4568106312292359 0.5575 0.4476744186046512 0.56375 0.446843853820598 0.57125 0.457641196013289 0.57875
1 0.457641196013289 0.83625 0.4659468438538206 0.83875 0.48421926910299 0.836875 0.4941860465116279 0.82875 0.4958471760797342 0.82375 0.49335548172757476 0.816875 0.4883720930232558 0.815625 0.48006644518272423 0.808125 0.4601328903654485 0.8125 0.4526578073089701 0.819375 0.4526578073089701 0.831875 0.457641196013289 0.83625
1 0.3106312292358804 0.593125 0.32558139534883723 0.596875 0.3372093023255814 0.596875 0.3446843853820598 0.591875 0.3446843853820598 0.585 0.34136212624584716 0.579375 0.3380398671096346 0.574375 0.3313953488372093 0.570625 0.3122923588039867 0.569375 0.30564784053156147 0.574375 0.303156146179402 0.585625 0.3106312292358804 0.593125
1 0.4111295681063123 0.413125 0.41943521594684385 0.411875 0.4260797342192691 0.405625 0.4277408637873754 0.395625 0.4269102990033223 0.389375 0.4227574750830565 0.384375 0.4169435215946844 0.381875 0.4069767441860465 0.381875 0.3978405315614618 0.386875 0.3953488372093023 0.39125 0.3978405315614618 0.405625 0.4111295681063123 0.413125
1 0.553156146179402 0.57375 0.5606312292358804 0.57625 0.5705980066445183 0.57625 0.5813953488372093 0.570625 0.5830564784053156 0.56 0.5772425249169435 0.551875 0.5622923588039868 0.5475 0.5448504983388704 0.553125 0.5448504983388704 0.56625 0.553156146179402 0.57375
1 0.4850498338870432 0.42 0.4958471760797342 0.42625 0.5033222591362126 0.4275 0.5141196013289037 0.42375 0.5166112956810631 0.411875 0.510797342192691 0.40375 0.4950166112956811 0.400625 0.489202657807309 0.40125 0.48255813953488375 0.40625 0.48172757475083056 0.41125 0.4850498338870432 0.42
1 0.5722591362126246 0.613125 0.5772425249169435 0.614375 0.5855481727574751 0.609375 0.5930232558139535 0.6 0.5938538205980066 0.595 0.5863787375415282 0.586875 0.5780730897009967 0.586875 0.5722591362126246 0.589375 0.5672757475083057 0.598125 0.5664451827242525 0.608125 0.5722591362126246 0.613125
1 0.32101328903654486 0.42875 0.0008305647840531562 0.0025
1 0.37209302325581395 0.418125 0.3845514950166113 0.420625 0.3945182724252492 0.41625 0.39700996677740863 0.413125 0.39700996677740863 0.403125 0.3903654485049834 0.393125 0.38289036544850497 0.389375 0.37375415282392027 0.389375 0.3687707641196013 0.39125 0.36295681063122925 0.3975 0.36212624584717606 0.40625 0.37209302325581395 0.418125
1 0.6569767441860465 0.685625 0.6644518272425249 0.68 0.670265780730897 0.67 0.6694352159468439 0.6625 0.6586378737541528 0.65375 0.6470099667774086 0.65375 0.6387043189368771 0.6575 0.6353820598006644 0.6675 0.6370431893687708 0.68875 0.6569767441860465 0.685625
1 0.27325581395348836 0.59 0.2799003322259136 0.593125 0.2956810631229236 0.591875 0.3023255813953488 0.586875 0.30564784053156147 0.575 0.31146179401993357 0.569375 0.31146179401993357 0.56375 0.3081395348837209 0.560625 0.29401993355481726 0.560625 0.28322259136212624 0.56375 0.26993355481727577 0.576875 0.2691029900332226 0.584375 0.27325581395348836 0.59
1 0.43521594684385384 0.52625 0.45182724252491696 0.52625 0.46511627906976744 0.51875 0.4684385382059801 0.511875 0.4684385382059801 0.504375 0.46096345514950166 0.5 0.44435215946843853 0.5 0.43438538205980065 0.506875 0.42940199335548174 0.51375 0.42940199335548174 0.520625 0.43521594684385384 0.52625
1 0.4277408637873754 0.504375 0.4377076411960133 0.504375 0.45348837209302323 0.496875 0.45016611295681064 0.485 0.43853820598006643 0.478125 0.42441860465116277 0.478125 0.41362126245847175 0.485 0.41445182724252494 0.495 0.4277408637873754 0.504375
1 0.3903654485049834 0.418125 0.38205980066445183 0.416875 0.3770764119601329 0.418125 0.3903654485049834 0.418125
1 0.37209302325581395 0.415625 0.3729235880398671 0.41375 0.3704318936877076 0.413125 0.3687707641196013 0.41375 0.37209302325581395 0.415625
1 0.3280730897009967 0.4375 0.3496677740863787 0.436875 0.3588039867109635 0.429375 0.3579734219269103 0.41875 0.3496677740863787 0.413125 0.3338870431893688 0.414375 0.32641196013289037 0.416875 0.3222591362126246 0.42125 0.31976744186046513 0.430625 0.3280730897009967 0.4375
1 0.3658637873754153 0.3975 0.0008305647840531562 0.0025
1 0.6353820598006644 0.4 0.6503322259136213 0.403125 0.6627906976744186 0.400625 0.6710963455149501 0.39375 0.6727574750830565 0.386875 0.6686046511627907 0.37875 0.6619601328903655 0.375625 0.6503322259136213 0.375625 0.6370431893687708 0.380625 0.6303986710963455 0.3875 0.6303986710963455 0.394375 0.6353820598006644 0.4
1 0.5348837209302325 0.61 0.542358803986711 0.61125 0.5573089700996677 0.61 0.5664451827242525 0.6 0.5697674418604651 0.591875 0.5664451827242525 0.584375 0.5514950166112956 0.57875 0.5448504983388704 0.579375 0.532392026578073 0.59 0.5307308970099668 0.604375 0.5348837209302325 0.61
1 0.4601328903654485 0.61 0.473421926910299 0.6175 0.48421926910299 0.6175 0.48754152823920266 0.613125 0.4883720930232558 0.601875 0.47591362126245845 0.589375 0.4601328903654485 0.589375 0.45348837209302323 0.595625 0.45348837209302323 0.601875 0.4601328903654485 0.61
1 0.5016611295681063 0.7875 0.5091362126245847 0.79 0.521594684385382 0.790625 0.53156146179402 0.7875 0.5373754152823921 0.7825 0.5373754152823921 0.77625 0.5340531561461794 0.77125 0.5224252491694352 0.761875 0.5016611295681063 0.764375 0.49667774086378735 0.76875 0.49667774086378735 0.78 0.5016611295681063 0.7875
1 0.553156146179402 0.726875 0.5622923588039868 0.735 0.5689368770764119 0.7375 0.5805647840531561 0.738125 0.5921926910299004 0.733125 0.5938538205980066 0.723125 0.5855481727574751 0.71375 0.5739202657807309 0.71 0.5631229235880398 0.709375 0.5514950166112956 0.714375 0.5498338870431894 0.72 0.553156146179402 0.726875
1 0.3579734219269103 0.681875 0.36710963455149503 0.685625 0.3729235880398671 0.685625 0.3862126245847176 0.680625 0.3862126245847176 0.6675 0.37790697674418605 0.65625 0.37209302325581395 0.654375 0.3579734219269103 0.654375 0.3480066445182724 0.661875 0.3488372093023256 0.671875 0.3579734219269103 0.681875
1 0.40863787375415284 0.446875 0.42524916943521596 0.441875 0.436046511627907 0.425 0.4318936877076412 0.416875 0.42524916943521596 0.413125 0.4111295681063123 0.415625 0.3995016611295681 0.425 0.39700996677740863 0.439375 0.40863787375415284 0.446875
1 0.4742524916943522 0.49 0.4850498338870432 0.494375 0.49667774086378735 0.491875 0.5024916943521595 0.484375 0.4983388704318937 0.46875 0.49335548172757476 0.465625 0.48255813953488375 0.46375 0.4717607973421927 0.469375 0.4700996677740864 0.483125 0.4742524916943522 0.49
1 0.4019933554817276 0.763125 0.41943521594684385 0.763125 0.43106312292358806 0.75375 0.4318936877076412 0.74 0.42358803986710963 0.728125 0.4111295681063123 0.73 0.4019933554817276 0.735 0.39700996677740863 0.741875 0.3961794019933555 0.755625 0.4019933554817276 0.763125
1 0.5456810631229236 0.519375 0.5614617940199336 0.52125 0.5664451827242525 0.51875 0.5672757475083057 0.51375 0.5631229235880398 0.50125 0.5539867109634552 0.4925 0.5390365448504983 0.4925 0.5332225913621262 0.498125 0.5340531561461794 0.50875 0.5456810631229236 0.519375
1 0.3546511627906977 0.598125 0.36212624584717606 0.601875 0.3687707641196013 0.601875 0.3754152823920266 0.596875 0.3770764119601329 0.591875 0.37624584717607973 0.585 0.37209302325581395 0.579375 0.36212624584717606 0.574375 0.3579734219269103 0.574375 0.3521594684385382 0.576875 0.3496677740863787 0.580625 0.3496677740863787 0.58875 0.3546511627906977 0.598125
1 0.489202657807309 0.601875 0.5016611295681063 0.603125 0.5083056478405316 0.6 0.5132890365448505 0.59375 0.5141196013289037 0.584375 0.510797342192691 0.576875 0.5049833887043189 0.5725 0.49667774086378735 0.569375 0.48588039867109634 0.569375 0.47674418604651164 0.576875 0.47591362126245845 0.58875 0.489202657807309 0.601875
1 0.3380398671096346 0.513125 0.3430232558139535 0.52125 0.3496677740863787 0.524375 0.36046511627906974 0.524375 0.3687707641196013 0.520625 0.3754152823920266 0.51125 0.3754152823920266 0.504375 0.3687707641196013 0.495 0.3654485049833887 0.4925 0.35299003322259137 0.49125 0.34717607973421927 0.4925 0.34053156146179403 0.4975 0.3380398671096346 0.50125 0.3380398671096346 0.513125
1 0.6179401993355482 0.791875 0.6320598006644518 0.8 0.6470099667774086 0.8 0.6578073089700996 0.7925 0.6578073089700996 0.780625 0.6470099667774086 0.771875 0.6237541528239202 0.77125 0.6154485049833887 0.776875 0.6146179401993356 0.785625 0.6179401993355482 0.791875
1 0.2973421926910299 0.5475 0.30481727574750833 0.55 0.3131229235880399 0.55 0.32142857142857145 0.546875 0.32558139534883723 0.5375 0.3230897009966777 0.524375 0.3164451827242525 0.52125 0.30481727574750833 0.52125 0.2956810631229236 0.525625 0.2931893687707641 0.529375 0.292358803986711 0.540625 0.2973421926910299 0.5475
1 0.5838870431893688 0.42 0.5888704318936877 0.425 0.5980066445182725 0.4275 0.6129568106312292 0.42625 0.6196013289036545 0.4225 0.6237541528239202 0.415625 0.6229235880398671 0.406875 0.6129568106312292 0.400625 0.6021594684385382 0.4 0.5930232558139535 0.40375 0.584717607973422 0.410625 0.5822259136212624 0.414375 0.5838870431893688 0.42
1 0.3995016611295681 0.676875 0.4111295681063123 0.676875 0.4219269102990033 0.668125 0.42441860465116277 0.65375 0.4219269102990033 0.6475 0.4152823920265781 0.6425 0.39867109634551495 0.6425 0.38704318936877075 0.653125 0.38787375415282394 0.6675 0.3995016611295681 0.676875
1 0.5664451827242525 0.5075 0.5722591362126246 0.519375 0.5880398671096345 0.5225 0.5980066445182725 0.519375 0.6013289036544851 0.51125 0.5963455149501661 0.50125 0.584717607973422 0.495 0.5739202657807309 0.495 0.5705980066445183 0.496875 0.5664451827242525 0.5 0.5664451827242525 0.5075
1 0.6088039867109635 0.585 0.6129568106312292 0.586875 0.6245847176079734 0.586875 0.632890365448505 0.583125 0.6387043189368771 0.576875 0.6403654485049833 0.5675 0.6320598006644518 0.560625 0.6196013289036545 0.560625 0.6071428571428571 0.566875 0.6029900332225914 0.571875 0.6021594684385382 0.576875 0.6088039867109635 0.585
1 0.6619601328903655 0.713125 0.6735880398671097 0.716875 0.686046511627907 0.71625 0.6935215946843853 0.711875 0.7009966777408638 0.70375 0.6993355481727574 0.69375 0.6910299003322259 0.68875 0.6760797342192691 0.68875 0.6677740863787376 0.691875 0.6602990033222591 0.699375 0.659468438538206 0.706875 0.6619601328903655 0.713125
1 0.45514950166112955 0.556875 0.4692691029900332 0.556875 0.4792358803986711 0.55375 0.4808970099667774 0.543125 0.46677740863787376 0.533125 0.45099667774086377 0.5325 0.4426910299003322 0.53875 0.44435215946843853 0.55 0.45514950166112955 0.556875
1 0.4750830564784053 0.675 0.48588039867109634 0.680625 0.49916943521594687 0.681875 0.5083056478405316 0.68 0.5141196013289037 0.675625 0.5141196013289037 0.66125 0.5041528239202658 0.654375 0.48421926910299 0.654375 0.47259136212624586 0.6625 0.4717607973421927 0.66875 0.4750830564784053 0.675
1 0.4700996677740864 0.7975 0.48172757475083056 0.796875 0.49667774086378735 0.785625 0.4958471760797342 0.771875 0.4850498338870432 0.764375 0.4700996677740864 0.7675 0.45930232558139533 0.77875 0.45930232558139533 0.79 0.4700996677740864 0.7975
1 0.3978405315614618 0.530625 0.40780730897009965 0.535625 0.4169435215946844 0.535 0.42524916943521596 0.526875 0.4260797342192691 0.51875 0.4227574750830565 0.51125 0.4061461794019934 0.501875 0.39700996677740863 0.501875 0.3920265780730897 0.505625 0.3903654485049834 0.519375 0.3978405315614618 0.530625
1 0.71843853820598 0.51625 0.7317275747508306 0.51625 0.7450166112956811 0.509375 0.75 0.504375 0.75 0.494375 0.7433554817275747 0.486875 0.7225913621262459 0.4875 0.707641196013289 0.4975 0.7068106312292359 0.508125 0.71843853820598 0.51625
1 0.670265780730897 0.460625 0.6777408637873754 0.4625 0.6910299003322259 0.46 0.6993355481727574 0.4525 0.7009966777408638 0.445 0.6951827242524917 0.4375 0.6901993355481728 0.435 0.6810631229235881 0.435 0.6686046511627907 0.43875 0.6619601328903655 0.446875 0.6627906976744186 0.455625 0.670265780730897 0.460625
1 0.532392026578073 0.82125 0.5398671096345515 0.82375 0.5490033222591362 0.82375 0.5556478405315615 0.819375 0.5581395348837209 0.814375 0.5573089700996677 0.805625 0.5523255813953488 0.7975 0.542358803986711 0.79 0.53156146179402 0.790625 0.5249169435215947 0.795625 0.5274086378737541 0.816875 0.532392026578073 0.82125
1 0.6710963455149501 0.561875 0.6794019933554817 0.571875 0.6951827242524917 0.575625 0.7034883720930233 0.57375 0.7109634551495017 0.56875 0.7117940199335548 0.55875 0.7026578073089701 0.550625 0.686046511627907 0.55 0.6744186046511628 0.55375 0.6710963455149501 0.5575 0.6710963455149501 0.561875
1 0.5149501661129569 0.585625 0.5182724252491694 0.58875 0.53156146179402 0.59125 0.5440199335548173 0.58125 0.5440199335548173 0.5675 0.5406976744186046 0.56375 0.5290697674418605 0.561875 0.520764119601329 0.5625 0.5141196013289037 0.568125 0.5116279069767442 0.57625 0.5149501661129569 0.585625
1 0.46179401993355484 0.439375 0.4717607973421927 0.444375 0.49667774086378735 0.44375 0.49916943521594687 0.440625 0.49916943521594687 0.431875 0.489202657807309 0.4225 0.4750830564784053 0.418125 0.4659468438538206 0.418125 0.457641196013289 0.42125 0.45514950166112955 0.431875 0.46179401993355484 0.439375
1 0.7342192691029901 0.485 0.7508305647840532 0.4875 0.7583056478405316 0.484375 0.7616279069767442 0.473125 0.7583056478405316 0.46625 0.7475083056478405 0.45875 0.7333887043189369 0.45875 0.7250830564784053 0.464375 0.7250830564784053 0.473125 0.7342192691029901 0.485
1 0.5672757475083057 0.6875 0.5730897009966778 0.690625 0.5838870431893688 0.690625 0.6004983388704319 0.686875 0.6088039867109635 0.6825 0.6129568106312292 0.671875 0.6021594684385382 0.664375 0.5838870431893688 0.665625 0.5764119601328903 0.6675 0.5647840531561462 0.678125 0.563953488372093 0.6825 0.5672757475083057 0.6875
1 0.5041528239202658 0.56 0.520764119601329 0.5625 0.5348837209302325 0.56 0.5415282392026578 0.5525 0.5390365448504983 0.5425 0.5299003322259136 0.5375 0.510797342192691 0.538125 0.4983388704318937 0.5475 0.4983388704318937 0.555 0.5041528239202658 0.56
1 0.473421926910299 0.5325 0.4867109634551495 0.534375 0.49916943521594687 0.52625 0.49916943521594687 0.505 0.49169435215946844 0.5 0.48006644518272423 0.5 0.47259136212624586 0.50375 0.4676079734219269 0.515625 0.4676079734219269 0.525625 0.473421926910299 0.5325
1 0.43023255813953487 0.40625 0.4377076411960133 0.410625 0.45099667774086377 0.410625 0.45930232558139533 0.40625 0.46677740863787376 0.3975 0.46511627906976744 0.39 0.4526578073089701 0.384375 0.44019933554817275 0.385625 0.42940199335548174 0.39125 0.4277408637873754 0.401875 0.43023255813953487 0.40625
1 0.49667774086378735 0.81875 0.5141196013289037 0.820625 0.5232558139534884 0.81625 0.5249169435215947 0.8075 0.5224252491694352 0.79875 0.5124584717607974 0.793125 0.4941860465116279 0.79125 0.4867109634551495 0.793125 0.48172757475083056 0.79875 0.48255813953488375 0.81 0.49667774086378735 0.81875
1 0.3712624584717608 0.355625 0.38289036544850497 0.36 0.3911960132890365 0.359375 0.39700996677740863 0.355625 0.39867109634551495 0.35125 0.39867109634551495 0.34375 0.39368770764119604 0.33375 0.38205980066445183 0.326875 0.3704318936877076 0.326875 0.3654485049833887 0.33125 0.3637873754152824 0.34375 0.3712624584717608 0.355625
1 0.5340531561461794 0.62875 0.5465116279069767 0.63625 0.5689368770764119 0.63625 0.5755813953488372 0.633125 0.5755813953488372 0.620625 0.5722591362126246 0.615625 0.563953488372093 0.61125 0.5589700996677741 0.61 0.5523255813953488 0.6125 0.5348837209302325 0.613125 0.532392026578073 0.61625 0.53156146179402 0.625 0.5340531561461794 0.62875
1 0.5739202657807309 0.775625 0.584717607973422 0.779375 0.5963455149501661 0.775625 0.6013289036544851 0.76875 0.6021594684385382 0.76125 0.5996677740863787 0.754375 0.5921926910299004 0.74625 0.5880398671096345 0.743125 0.5730897009966778 0.743125 0.5664451827242525 0.74875 0.5647840531561462 0.759375 0.5739202657807309 0.775625
1 0.6096345514950167 0.66875 0.6187707641196013 0.6725 0.6312292358803987 0.671875 0.6345514950166113 0.67 0.6378737541528239 0.6575 0.627906976744186 0.64625 0.6129568106312292 0.64375 0.6029900332225914 0.6475 0.6021594684385382 0.660625 0.6096345514950167 0.66875
1 0.37624584717607973 0.70625 0.3995016611295681 0.70375 0.40780730897009965 0.696875 0.4061461794019934 0.68875 0.3920265780730897 0.6825 0.37790697674418605 0.68375 0.36710963455149503 0.690625 0.36710963455149503 0.700625 0.37624584717607973 0.70625
1 0.6320598006644518 0.546875 0.6370431893687708 0.550625 0.6470099667774086 0.5525 0.6602990033222591 0.546875 0.6611295681063123 0.5325 0.6536544850498339 0.525625 0.6470099667774086 0.5225 0.6420265780730897 0.5225 0.632890365448505 0.524375 0.6295681063122923 0.5275 0.6287375415282392 0.54 0.6320598006644518 0.546875
1 0.5647840531561462 0.5475 0.5772425249169435 0.5525 0.5938538205980066 0.5525 0.6029900332225914 0.5475 0.6046511627906976 0.53625 0.5996677740863787 0.52875 0.5921926910299004 0.524375 0.5739202657807309 0.5225 0.5581395348837209 0.528125 0.5573089700996677 0.535625 0.5647840531561462 0.5475
1 0.6918604651162791 0.48875 0.7034883720930233 0.4925 0.7126245847176079 0.4925 0.7200996677740864 0.48875 0.7225913621262459 0.485 0.7225913621262459 0.47625 0.7200996677740864 0.470625 0.7134551495016611 0.465625 0.7043189368770764 0.46125 0.6918604651162791 0.460625 0.6794019933554817 0.46625 0.6802325581395349 0.4775 0.6918604651162791 0.48875
0 0.7184867109634552 0.312558125 0.7108122923588039 0.285128125 0.6762790697674419 0.27069125 0.6273563122923588 0.27357875 0.6062533222591362 0.3024525 0.6120083056478405 0.3356575 0.6369493355481727 0.35226 0.666686046511628 0.35370375000000004 0.7031378737541528 0.33998875 0.7184867109634552 0.312558125
1 0.5295116279069768 0.44682125 0.5439011627906977 0.4374375 0.5410232558139535 0.428053125 0.5170415282392027 0.424444375 0.4997749169435216 0.42877499999999996 0.5036121262458472 0.43599375 0.5064900332225913 0.446099375 0.5295116279069768 0.44682125