1 0.8238482384823849 0.4975 0.8482384823848238 0.499375 0.8617886178861789 0.494375 0.8617886178861789 0.483125 0.8482384823848238 0.476875 0.8319783197831978 0.47625 0.8157181571815718 0.480625 0.8130081300813008 0.489375 0.8238482384823849 0.4975
1 0.5528455284552846 0.58125 0.5636856368563685 0.58125 0.5745257452574526 0.576875 0.573170731707317 0.56625 0.5582655826558266 0.564375 0.5447154471544715 0.566875 0.5392953929539296 0.570625 0.5392953929539296 0.576875 0.5528455284552846 0.58125
1 0.24525745257452575 0.508125 0.27100271002710025 0.509375 0.2804878048780488 0.504375 0.2804878048780488 0.494375 0.27235772357723576 0.49 0.25609756097560976 0.49 0.24390243902439024 0.493125 0.23983739837398374 0.503125 0.24525745257452575 0.508125
1 0.2967479674796748 0.3925 0.3021680216802168 0.3975 0.31029810298102983 0.40125 0.3346883468834688 0.40125 0.34010840108401086 0.398125 0.33739837398373984 0.385625 0.31842818428184283 0.379375 0.3021680216802168 0.380625 0.2967479674796748 0.384375 0.2967479674796748 0.3925
1 0.6314363143631436 0.3125 0.6504065040650406 0.311875 0.6612466124661247 0.305 0.6585365853658537 0.28875 0.6476964769647696 0.284375 0.6368563685636857 0.284375 0.6205962059620597 0.289375 0.6205962059620597 0.3075 0.6314363143631436 0.3125
1 0.4051490514905149 0.655625 0.4268292682926829 0.659375 0.44308943089430897 0.6575 0.44579945799457993 0.64875 0.42953929539295393 0.64 0.3997289972899729 0.64 0.3970189701897019 0.64875 0.4051490514905149 0.655625
1 0.5474254742547425 0.503125 0.5609756097560976 0.509375 0.5853658536585366 0.51125 0.5934959349593496 0.50875 0.5934959349593496 0.50125 0.5799457994579946 0.495 0.5528455284552846 0.495 0.5474254742547425 0.4975 0.5474254742547425 0.503125
1 0.8292682926829268 0.52625 0.8590785907859079 0.52625 0.8672086720867209 0.5225 0.8672086720867209 0.514375 0.8590785907859079 0.51 0.8346883468834688 0.508125 0.8184281842818428 0.511875 0.8184281842818428 0.52125 0.8292682926829268 0.52625
1 0.2127371273712737 0.435 0.24932249322493225 0.434375 0.26422764227642276 0.429375 0.26151761517615174 0.4225 0.24661246612466126 0.418125 0.22357723577235772 0.416875 0.2046070460704607 0.420625 0.2018970189701897 0.4275 0.2127371273712737 0.435
1 0.559620596205962 0.485625 0.5772357723577236 0.4875 0.5962059620596206 0.480625 0.5989159891598916 0.469375 0.5934959349593496 0.46625 0.5772357723577236 0.46625 0.5582655826558266 0.473125 0.5555555555555556 0.480625 0.559620596205962 0.485625
1 0.5067750677506775 0.29375 0.5338753387533876 0.295625 0.5420054200542005 0.293125 0.5447154471544715 0.283125 0.5338753387533876 0.27625 0.5121951219512195 0.275625 0.5013550135501355 0.27875 0.5013550135501355 0.28875 0.5067750677506775 0.29375
1 0.7533875338753387 0.309375 0.7669376693766937 0.311875 0.7831978319783198 0.309375 0.7831978319783198 0.293125 0.7764227642276422 0.288125 0.7682926829268293 0.285625 0.7533875338753387 0.285625 0.7398373983739838 0.29125 0.7371273712737128 0.296875 0.7533875338753387 0.309375
1 0.31842818428184283 0.3425 0.3428184281842818 0.344375 0.35365853658536583 0.34 0.35365853658536583 0.330625 0.34010840108401086 0.321875 0.3238482384823848 0.32 0.3075880758807588 0.325 0.3048780487804878 0.3325 0.31842818428184283 0.3425
1 0.5284552845528455 0.4675 0.5338753387533876 0.470625 0.5555555555555556 0.473125 0.5745257452574526 0.468125 0.5745257452574526 0.460625 0.5704607046070461 0.458125 0.5555555555555556 0.455625 0.5338753387533876 0.45625 0.5284552845528455 0.45875 0.5284552845528455 0.4675
1 0.4159891598915989 0.6 0.4268292682926829 0.6 0.44579945799457993 0.59375 0.44850948509485095 0.58375 0.44308943089430897 0.580625 0.4268292682926829 0.579375 0.4078590785907859 0.584375 0.4051490514905149 0.595 0.4159891598915989 0.6
1 0.2859078590785908 0.290625 0.3075880758807588 0.290625 0.32113821138211385 0.28125 0.32113821138211385 0.275625 0.3075880758807588 0.26875 0.2859078590785908 0.27125 0.2777777777777778 0.27625 0.2750677506775068 0.283125 0.2859078590785908 0.290625
1 0.7262872628726287 0.384375 0.7452574525745257 0.384375 0.7615176151761518 0.379375 0.7615176151761518 0.37 0.7533875338753387 0.3675 0.7344173441734417 0.36625 0.7208672086720868 0.3675 0.7154471544715447 0.37 0.7127371273712737 0.379375 0.7262872628726287 0.384375
1 0.3021680216802168 0.5325 0.3319783197831978 0.535 0.3428184281842818 0.53125 0.34552845528455284 0.52375 0.3319783197831978 0.515 0.2953929539295393 0.515 0.29132791327913277 0.525625 0.3021680216802168 0.5325
1 0.4715447154471545 0.78375 0.483739837398374 0.7875 0.5013550135501355 0.7875 0.5067750677506775 0.784375 0.5013550135501355 0.7725 0.48644986449864497 0.76625 0.47560975609756095 0.76625 0.46747967479674796 0.769375 0.46476964769647694 0.779375 0.4715447154471545 0.78375
1 0.6205962059620597 0.446875 0.6341463414634146 0.451875 0.6449864498644986 0.451875 0.6612466124661247 0.444375 0.6612466124661247 0.4325 0.6476964769647696 0.425 0.6314363143631436 0.425 0.6233062330623306 0.4275 0.6178861788617886 0.4325 0.6205962059620597 0.446875
1 0.11788617886178862 0.5625 0.12601626016260162 0.56375 0.14227642276422764 0.5625 0.15853658536585366 0.5525 0.15853658536585366 0.5475 0.15040650406504066 0.5425 0.14227642276422764 0.54125 0.12601626016260162 0.5425 0.11517615176151762 0.5475 0.10975609756097561 0.5575 0.11788617886178862 0.5625
1 0.3346883468834688 0.446875 0.34823848238482386 0.451875 0.3617886178861789 0.451875 0.3699186991869919 0.449375 0.3699186991869919 0.4375 0.35636856368563685 0.4325 0.33739837398373984 0.4325 0.3319783197831978 0.435 0.3346883468834688 0.446875
1 0.17208672086720866 0.561875 0.1937669376693767 0.5625 0.1991869918699187 0.560625 0.2018970189701897 0.5475 0.19241192411924118 0.5425 0.17750677506775067 0.54125 0.16666666666666666 0.5425 0.16124661246612465 0.545625 0.16124661246612465 0.556875 0.17208672086720866 0.561875
1 0.21002710027100271 0.473125 0.22628726287262874 0.478125 0.24525745257452575 0.47625 0.24796747967479674 0.468125 0.23712737127371275 0.45875 0.22086720867208673 0.4575 0.2086720867208672 0.459375 0.2046070460704607 0.468125 0.21002710027100271 0.473125
1 0.491869918699187 0.57625 0.5094850948509485 0.57875 0.5257452574525745 0.57625 0.5338753387533876 0.57125 0.5338753387533876 0.566875 0.5203252032520326 0.560625 0.497289972899729 0.560625 0.489159891598916 0.56375 0.48644986449864497 0.57375 0.491869918699187 0.57625
1 0.8319783197831978 0.57875 0.8482384823848238 0.5775 0.8590785907859079 0.56875 0.8563685636856369 0.560625 0.8428184281842819 0.555625 0.8319783197831978 0.555625 0.8184281842818428 0.560625 0.8184281842818428 0.57375 0.8319783197831978 0.57875
1 0.6043360433604336 0.484375 0.6124661246612466 0.4875 0.6368563685636857 0.4875 0.6449864498644986 0.480625 0.6449864498644986 0.476875 0.6368563685636857 0.470625 0.6219512195121951 0.468125 0.6016260162601627 0.469375 0.5989159891598916 0.480625 0.6043360433604336 0.484375
1 0.5094850948509485 0.318125 0.5284552845528455 0.316875 0.5338753387533876 0.3125 0.5338753387533876 0.3 0.5298102981029811 0.29625 0.5149051490514905 0.294375 0.5040650406504065 0.295625 0.497289972899729 0.299375 0.497289972899729 0.314375 0.5094850948509485 0.318125
1 0.7100271002710027 0.314375 0.7235772357723578 0.319375 0.7398373983739838 0.319375 0.7466124661246613 0.3175 0.7506775067750677 0.314375 0.7506775067750677 0.306875 0.7439024390243902 0.300625 0.7289972899728997 0.295625 0.7127371273712737 0.2975 0.7073170731707317 0.3 0.7100271002710027 0.314375
1 0.8021680216802168 0.613125 0.8265582655826558 0.613125 0.8319783197831978 0.61 0.8319783197831978 0.60375 0.8252032520325203 0.598125 0.8157181571815718 0.595 0.7967479674796748 0.595 0.7913279132791328 0.5975 0.7886178861788617 0.605 0.8021680216802168 0.613125
1 0.48644986449864497 0.36125 0.505420054200542 0.36 0.5176151761517616 0.35375 0.5176151761517616 0.34375 0.5067750677506775 0.33875 0.491869918699187 0.33875 0.47560975609756095 0.344375 0.47560975609756095 0.356875 0.48644986449864497 0.36125
1 0.13143631436314362 0.6025 0.15311653116531165 0.6075 0.15989159891598917 0.6075 0.17208672086720866 0.603125 0.17208672086720866 0.59 0.15718157181571815 0.58375 0.13685636856368563 0.58375 0.12872628726287264 0.586875 0.12601626016260162 0.595625 0.13143631436314362 0.6025
1 0.4186991869918699 0.46125 0.4268292682926829 0.46625 0.453929539295393 0.46625 0.470189701897019 0.46 0.470189701897019 0.45375 0.45663956639566394 0.448125 0.43766937669376693 0.448125 0.4241192411924119 0.4525 0.4186991869918699 0.45625 0.4186991869918699 0.46125
1 0.7100271002710027 0.650625 0.7303523035230353 0.649375 0.7398373983739838 0.644375 0.7398373983739838 0.634375 0.7357723577235772 0.633125 0.7235772357723578 0.63125 0.7100271002710027 0.631875 0.6964769647696477 0.63625 0.6964769647696477 0.645625 0.7100271002710027 0.650625
1 0.35636856368563685 0.326875 0.36720867208672087 0.335625 0.3807588075880759 0.338125 0.3970189701897019 0.335625 0.4024390243902439 0.33125 0.3997289972899729 0.323125 0.38482384823848237 0.316875 0.36720867208672087 0.315625 0.3617886178861789 0.318125 0.35636856368563685 0.321875 0.35636856368563685 0.326875
1 0.453929539295393 0.576875 0.4742547425474255 0.57625 0.48644986449864497 0.571875 0.48644986449864497 0.5625 0.47289972899729 0.558125 0.453929539295393 0.558125 0.44037940379403795 0.5625 0.43766937669376693 0.570625 0.453929539295393 0.576875
1 0.16395663956639567 0.435 0.17479674796747968 0.441875 0.1991869918699187 0.443125 0.2127371273712737 0.439375 0.2127371273712737 0.435 0.1937669376693767 0.4225 0.17479674796747968 0.4225 0.16802168021680217 0.425 0.16395663956639567 0.4275 0.16395663956639567 0.435
1 0.924119241192412 0.615 0.9471544715447154 0.613125 0.959349593495935 0.605625 0.9566395663956639 0.59875 0.948509485094851 0.595 0.9214092140921409 0.595 0.907859078590786 0.6 0.9051490514905149 0.608125 0.924119241192412 0.615
1 0.4024390243902439 0.623125 0.4268292682926829 0.623125 0.43766937669376693 0.614375 0.4349593495934959 0.608125 0.42276422764227645 0.603125 0.4078590785907859 0.603125 0.3970189701897019 0.608125 0.3943089430894309 0.619375 0.4024390243902439 0.623125
1 0.6747967479674797 0.319375 0.6883468834688347 0.319375 0.6991869918699187 0.316875 0.7073170731707317 0.31125 0.7046070460704607 0.3 0.6991869918699187 0.2975 0.6829268292682927 0.2975 0.6693766937669376 0.3025 0.6693766937669376 0.316875 0.6747967479674797 0.319375
1 0.540650406504065 0.536875 0.5555555555555556 0.543125 0.5785907859078591 0.543125 0.5880758807588076 0.538125 0.5880758807588076 0.5325 0.5772357723577236 0.52625 0.5501355013550135 0.525625 0.5392953929539296 0.52875 0.5365853658536586 0.5325 0.540650406504065 0.536875
1 0.3780487804878049 0.543125 0.3997289972899729 0.543125 0.4105691056910569 0.540625 0.4105691056910569 0.535 0.3997289972899729 0.529375 0.37533875338753386 0.5275 0.36314363143631434 0.53 0.36449864498644985 0.54 0.3780487804878049 0.543125
1 0.2046070460704607 0.605 0.2046070460704607 0.61125 0.2181571815718157 0.61625 0.23712737127371275 0.615 0.2506775067750677 0.605625 0.24796747967479674 0.59375 0.24254742547425473 0.591875 0.2181571815718157 0.59375 0.21544715447154472 0.59875 0.2046070460704607 0.605
1 0.3265582655826558 0.64875 0.34010840108401086 0.65125 0.35907859078590787 0.65125 0.3617886178861789 0.6425 0.3509485094850949 0.63625 0.3428184281842818 0.634375 0.3238482384823848 0.634375 0.31842818428184283 0.63625 0.3157181571815718 0.6425 0.3265582655826558 0.64875
1 0.32113821138211385 0.375 0.34552845528455284 0.374375 0.35907859078590787 0.3675 0.35907859078590787 0.36 0.34688346883468835 0.35625 0.3319783197831978 0.35625 0.3130081300813008 0.36125 0.31029810298102983 0.37 0.32113821138211385 0.375
1 0.462059620596206 0.318125 0.481029810298103 0.316875 0.491869918699187 0.31125 0.491869918699187 0.30125 0.481029810298103 0.295625 0.470189701897019 0.295625 0.453929539295393 0.3025 0.453929539295393 0.313125 0.462059620596206 0.318125
1 0.27235772357723576 0.305 0.28319783197831977 0.31 0.3048780487804878 0.31125 0.3157181571815718 0.3075 0.31842818428184283 0.3025 0.3075880758807588 0.293125 0.2777777777777778 0.293125 0.27235772357723576 0.296875 0.27235772357723576 0.305
1 0.5013550135501355 0.253125 0.5257452574525745 0.251875 0.5338753387533876 0.248125 0.5338753387533876 0.241875 0.5230352303523035 0.236875 0.5040650406504065 0.236875 0.489159891598916 0.2425 0.48644986449864497 0.25 0.5013550135501355 0.253125
1 0.26151761517615174 0.56375 0.2750677506775068 0.56375 0.2886178861788618 0.556875 0.2859078590785908 0.5375 0.28319783197831977 0.535625 0.26151761517615174 0.535625 0.2506775067750677 0.5425 0.2506775067750677 0.55875 0.26151761517615174 0.56375
1 0.7913279132791328 0.675 0.8130081300813008 0.675625 0.8211382113821138 0.670625 0.8211382113821138 0.660625 0.8157181571815718 0.6575 0.8075880758807588 0.654375 0.7913279132791328 0.654375 0.7804878048780488 0.6575 0.7804878048780488 0.67 0.7913279132791328 0.675
1 0.6802168021680217 0.485 0.6883468834688347 0.49 0.7100271002710027 0.491875 0.7289972899728997 0.4875 0.7289972899728997 0.479375 0.7181571815718157 0.474375 0.6856368563685636 0.47625 0.6802168021680217 0.47875 0.6802168021680217 0.485
1 0.6639566395663956 0.46125 0.6856368563685636 0.46125 0.7046070460704607 0.4525 0.7018970189701897 0.446875 0.6775067750677507 0.441875 0.6558265582655827 0.446875 0.6504065040650406 0.45625 0.6639566395663956 0.46125
1 0.5636856368563685 0.280625 0.5880758807588076 0.28125 0.6016260162601627 0.27625 0.6016260162601627 0.26625 0.5907859078590786 0.260625 0.5691056910569106 0.259375 0.5555555555555556 0.264375 0.5528455284552846 0.27125 0.5636856368563685 0.280625
1 0.24525745257452575 0.465 0.2506775067750677 0.465 0.2669376693766938 0.455 0.2696476964769648 0.444375 0.26422764227642276 0.441875 0.25609756097560976 0.441875 0.23712737127371275 0.448125 0.23441734417344173 0.45875 0.24525745257452575 0.465
1 0.2967479674796748 0.55375 0.3157181571815718 0.5525 0.3238482384823848 0.54875 0.32113821138211385 0.535625 0.3116531165311653 0.5325 0.2994579945799458 0.5325 0.2886178861788618 0.535625 0.2886178861788618 0.551875 0.2967479674796748 0.55375
1 0.36720867208672087 0.685625 0.3970189701897019 0.681875 0.4078590785907859 0.675 0.4051490514905149 0.668125 0.3943089430894309 0.664375 0.36449864498644985 0.665625 0.35365853658536583 0.670625 0.3509485094850949 0.680625 0.36720867208672087 0.685625
1 0.44579945799457993 0.290625 0.453929539295393 0.293125 0.47560975609756095 0.290625 0.481029810298103 0.286875 0.481029810298103 0.28 0.470189701897019 0.27375 0.44579945799457993 0.27125 0.43766937669376693 0.275625 0.4349593495934959 0.280625 0.44579945799457993 0.290625
1 0.45121951219512196 0.6175 0.46612466124661245 0.615625 0.470189701897019 0.613125 0.46747967479674796 0.598125 0.45934959349593496 0.595 0.44850948509485095 0.595 0.43766937669376693 0.59875 0.43766937669376693 0.613125 0.45121951219512196 0.6175
1 0.5230352303523035 0.355625 0.5501355013550135 0.355625 0.5555555555555556 0.351875 0.5528455284552846 0.340625 0.5365853658536586 0.33375 0.5203252032520326 0.3375 0.5176151761517616 0.346875 0.5230352303523035 0.355625
1 0.2994579945799458 0.425 0.3048780487804878 0.426875 0.3224932249322493 0.425 0.3319783197831978 0.414375 0.3265582655826558 0.40375 0.31029810298102983 0.4025 0.2967479674796748 0.408125 0.2940379403794038 0.41875 0.2994579945799458 0.425
1 0.32926829268292684 0.473125 0.3523035230352303 0.474375 0.36720867208672087 0.470625 0.36720867208672087 0.465625 0.35636856368563685 0.45875 0.3238482384823848 0.45875 0.32113821138211385 0.465 0.32926829268292684 0.473125
1 0.7506775067750677 0.36625 0.7682926829268293 0.3675 0.7831978319783198 0.361875 0.7859078590785907 0.34625 0.7750677506775068 0.34125 0.7533875338753387 0.344375 0.7452574525745257 0.350625 0.7425474254742548 0.358125 0.7506775067750677 0.36625
1 0.489159891598916 0.68375 0.5121951219512195 0.685 0.5230352303523035 0.680625 0.5257452574525745 0.670625 0.5203252032520326 0.66625 0.497289972899729 0.665625 0.48644986449864497 0.67 0.481029810298103 0.678125 0.489159891598916 0.68375
1 0.43224932249322495 0.213125 0.44579945799457993 0.211875 0.45663956639566394 0.204375 0.45663956639566394 0.19625 0.44037940379403795 0.18875 0.4268292682926829 0.190625 0.4186991869918699 0.195 0.4186991869918699 0.208125 0.43224932249322495 0.213125
1 0.6693766937669376 0.40625 0.6883468834688347 0.405625 0.6964769647696477 0.40125 0.6964769647696477 0.395 0.6883468834688347 0.386875 0.6707317073170732 0.379375 0.6585365853658537 0.379375 0.6476964769647696 0.3825 0.6476964769647696 0.3975 0.6693766937669376 0.40625
1 0.551490514905149 0.523125 0.5691056910569106 0.525625 0.5799457994579946 0.525 0.5934959349593496 0.519375 0.5934959349593496 0.515 0.5853658536585366 0.51125 0.5636856368563685 0.51 0.5501355013550135 0.515 0.5474254742547425 0.519375 0.551490514905149 0.523125
1 0.4024390243902439 0.32875 0.4254742547425474 0.330625 0.43766937669376693 0.32875 0.44308943089430897 0.325625 0.44579945799457993 0.320625 0.43224932249322495 0.3125 0.4078590785907859 0.31 0.3943089430894309 0.314375 0.3915989159891599 0.316875 0.4024390243902439 0.32875
1 0.8509485094850948 0.548125 0.8821138211382114 0.545 0.8902439024390244 0.541875 0.8943089430894309 0.53625 0.8888888888888888 0.53125 0.8753387533875339 0.52875 0.8509485094850948 0.529375 0.8346883468834688 0.535625 0.8346883468834688 0.544375 0.8509485094850948 0.548125
1 0.7696476964769647 0.62625 0.7940379403794038 0.62625 0.8021680216802168 0.62125 0.8021680216802168 0.6125 0.7953929539295393 0.608125 0.7859078590785907 0.605 0.7560975609756098 0.605625 0.7560975609756098 0.62 0.7696476964769647 0.62625
1 0.5799457994579946 0.56375 0.6043360433604336 0.56375 0.6151761517615176 0.558125 0.6151761517615176 0.550625 0.6016260162601627 0.545625 0.5853658536585366 0.545625 0.5691056910569106 0.55 0.5663956639566395 0.5575 0.5799457994579946 0.56375
1 0.6368563685636857 0.66625 0.6504065040650406 0.6725 0.6747967479674797 0.671875 0.6802168021680217 0.6675 0.6747967479674797 0.6575 0.6531165311653117 0.651875 0.6422764227642277 0.6525 0.6341463414634146 0.65625 0.6368563685636857 0.66625
1 0.16124661246612465 0.57875 0.17750677506775067 0.581875 0.2032520325203252 0.581875 0.21544715447154472 0.574375 0.2127371273712737 0.5675 0.2018970189701897 0.564375 0.1802168021680217 0.564375 0.15853658536585366 0.56875 0.15582655826558264 0.575625 0.16124661246612465 0.57875
1 0.32113821138211385 0.319375 0.32926829268292684 0.321875 0.34552845528455284 0.321875 0.35365853658536583 0.318125 0.35365853658536583 0.3075 0.34823848238482386 0.3025 0.3319783197831978 0.3 0.31842818428184283 0.30375 0.3157181571815718 0.314375 0.32113821138211385 0.319375
1 0.3238482384823848 0.2975 0.34552845528455284 0.2975 0.35907859078590787 0.290625 0.35907859078590787 0.283125 0.3509485094850949 0.27875 0.3265582655826558 0.27875 0.3157181571815718 0.285625 0.3130081300813008 0.289375 0.3238482384823848 0.2975
1 0.35365853658536583 0.309375 0.3617886178861789 0.3125 0.3821138211382114 0.311875 0.3915989159891599 0.305 0.38346883468834686 0.295625 0.3617886178861789 0.291875 0.3509485094850949 0.295625 0.34823848238482386 0.3025 0.35365853658536583 0.309375
1 0.47289972899729 0.59375 0.5121951219512195 0.595 0.5203252032520326 0.589375 0.5149051490514905 0.579375 0.5067750677506775 0.5775 0.481029810298103 0.57625 0.462059620596206 0.579375 0.462059620596206 0.58875 0.47289972899729 0.59375
1 0.5176151761517616 0.5575 0.5365853658536586 0.556875 0.5501355013550135 0.551875 0.5528455284552846 0.5475 0.5501355013550135 0.5425 0.540650406504065 0.5375 0.5149051490514905 0.538125 0.5013550135501355 0.543125 0.5013550135501355 0.551875 0.5176151761517616 0.5575
1 0.2046070460704607 0.301875 0.23306233062330622 0.3025 0.24525745257452575 0.3 0.25338753387533874 0.288125 0.23983739837398374 0.284375 0.22628726287262874 0.284375 0.2127371273712737 0.285625 0.1991869918699187 0.290625 0.19647696476964768 0.295625 0.2046070460704607 0.301875
1 0.5853658536585366 0.3975 0.5962059620596206 0.400625 0.6165311653116531 0.398125 0.6260162601626016 0.39125 0.6260162601626016 0.384375 0.6205962059620597 0.379375 0.6016260162601627 0.3775 0.5880758807588076 0.380625 0.5826558265582655 0.384375 0.5853658536585366 0.3975
1 0.5989159891598916 0.545625 0.6151761517615176 0.54875 0.6260162601626016 0.54875 0.6395663956639567 0.545625 0.6395663956639567 0.53625 0.6287262872628726 0.53125 0.6070460704607046 0.530625 0.5962059620596206 0.533125 0.5934959349593496 0.54125 0.5989159891598916 0.545625
1 0.3021680216802168 0.6825 0.3252032520325203 0.6825 0.33739837398373984 0.676875 0.34010840108401086 0.665625 0.3319783197831978 0.660625 0.31029810298102983 0.660625 0.2953929539295393 0.66625 0.29132791327913277 0.6775 0.3021680216802168 0.6825
1 0.5420054200542005 0.395625 0.5636856368563685 0.3975 0.5799457994579946 0.39375 0.5799457994579946 0.383125 0.5691056910569106 0.378125 0.5501355013550135 0.3775 0.5338753387533876 0.381875 0.5338753387533876 0.3925 0.5420054200542005 0.395625
1 0.7560975609756098 0.46 0.7669376693766937 0.465 0.7913279132791328 0.465 0.8048780487804879 0.46 0.8048780487804879 0.451875 0.7967479674796748 0.448125 0.7831978319783198 0.445625 0.7615176151761518 0.448125 0.7560975609756098 0.45 0.7560975609756098 0.46
1 0.35365853658536583 0.3975 0.3780487804878049 0.398125 0.3861788617886179 0.39375 0.3861788617886179 0.383125 0.37533875338753386 0.375625 0.3617886178861789 0.3725 0.3509485094850949 0.3725 0.3428184281842818 0.3775 0.34010840108401086 0.386875 0.35365853658536583 0.3975
1 0.37262872628726285 0.293125 0.3807588075880759 0.295625 0.3970189701897019 0.295625 0.4051490514905149 0.293125 0.4105691056910569 0.28875 0.4078590785907859 0.27875 0.3983739837398374 0.275625 0.38346883468834686 0.27625 0.37533875338753386 0.27875 0.3699186991869919 0.283125 0.37262872628726285 0.293125
1 0.33604336043360433 0.7025 0.3428184281842818 0.701875 0.35636856368563685 0.695625 0.35907859078590787 0.68875 0.3509485094850949 0.686875 0.3319783197831978 0.686875 0.3238482384823848 0.6875 0.3130081300813008 0.691875 0.3116531165311653 0.700625 0.33604336043360433 0.7025
1 0.8834688346883469 0.596875 0.9051490514905149 0.6 0.9186991869918699 0.595625 0.9186991869918699 0.584375 0.9105691056910569 0.579375 0.8997289972899729 0.576875 0.8861788617886179 0.576875 0.8766937669376694 0.58 0.8726287262872628 0.58875 0.8834688346883469 0.596875
1 0.7046070460704607 0.619375 0.7181571815718157 0.6225 0.7289972899728997 0.6225 0.7398373983739838 0.618125 0.7425474254742548 0.609375 0.7398373983739838 0.605 0.7289972899728997 0.600625 0.7154471544715447 0.600625 0.7018970189701897 0.605625 0.6991869918699187 0.613125 0.7046070460704607 0.619375
1 0.36449864498644985 0.6575 0.37533875338753386 0.6625 0.3970189701897019 0.6625 0.4024390243902439 0.658125 0.4024390243902439 0.6525 0.3861788617886179 0.644375 0.37262872628726285 0.64375 0.3617886178861789 0.64625 0.36449864498644985 0.6575
1 0.17690650406504063 0.60254125 0.18308536585365853 0.606816875 0.1993089430894309 0.607173125 0.2132140921409214 0.598621875 0.21784959349593497 0.593276875 0.21784959349593497 0.59042625 0.1993089430894309 0.58365625 0.18540379403794038 0.586150625 0.17999593495934957 0.58971375 0.17613279132791326 0.5968399999999999 0.17690650406504063 0.60254125