1 0.21544715447154472 0.56625 0.22899728997289973 0.56875 0.24390243902439024 0.566875 0.2506775067750677 0.56375 0.2506775067750677 0.556875 0.24254742547425473 0.5525 0.22628726287262874 0.55 0.2073170731707317 0.550625 0.2046070460704607 0.560625 0.21544715447154472 0.56625
1 0.5880758807588076 0.650625 0.5989159891598916 0.650625 0.6178861788617886 0.64375 0.6205962059620597 0.635 0.6097560975609756 0.629375 0.5907859078590786 0.629375 0.5799457994579946 0.634375 0.5772357723577236 0.64375 0.5880758807588076 0.650625
1 0.6219512195121951 0.556875 0.6449864498644986 0.55625 0.6531165311653117 0.5475 0.6504065040650406 0.5425 0.6422764227642277 0.539375 0.6287262872628726 0.54 0.6205962059620597 0.5425 0.6178861788617886 0.55375 0.6219512195121951 0.556875
1 0.5013550135501355 0.59375 0.5121951219512195 0.598125 0.5311653116531165 0.596875 0.5392953929539296 0.591875 0.535230352303523 0.5825 0.5257452574525745 0.57875 0.5013550135501355 0.58 0.497289972899729 0.58375 0.5013550135501355 0.59375
1 0.8008130081300813 0.525 0.8211382113821138 0.525625 0.8292682926829268 0.52125 0.8265582655826558 0.509375 0.8075880758807588 0.508125 0.7967479674796748 0.511875 0.7940379403794038 0.520625 0.8008130081300813 0.525
1 0.3008130081300813 0.453125 0.3130081300813008 0.4575 0.3265582655826558 0.45625 0.32926829268292684 0.4475 0.3238482384823848 0.441875 0.31842818428184283 0.439375 0.3048780487804878 0.439375 0.2994579945799458 0.441875 0.2967479674796748 0.446875 0.3008130081300813 0.453125
1 0.6910569105691057 0.6525 0.7059620596205962 0.65125 0.7154471544715447 0.644375 0.7154471544715447 0.63625 0.7100271002710027 0.631875 0.6883468834688347 0.629375 0.6775067750677507 0.633125 0.6747967479674797 0.646875 0.6910569105691057 0.6525
1 0.5555555555555556 0.60375 0.5609756097560976 0.606875 0.5799457994579946 0.606875 0.5934959349593496 0.6025 0.5962059620596206 0.591875 0.5894308943089431 0.588125 0.5772357723577236 0.586875 0.5623306233062331 0.59 0.5555555555555556 0.595 0.5555555555555556 0.60375
1 0.2777777777777778 0.65125 0.2859078590785908 0.65375 0.3048780487804878 0.65125 0.31029810298102983 0.6475 0.31029810298102983 0.63625 0.3048780487804878 0.633125 0.2886178861788618 0.631875 0.2750677506775068 0.63875 0.27235772357723576 0.644375 0.2777777777777778 0.65125
1 0.5880758807588076 0.708125 0.6029810298102981 0.70875 0.6151761517615176 0.704375 0.6151761517615176 0.69625 0.6043360433604336 0.69125 0.5907859078590786 0.689375 0.575880758807588 0.694375 0.5745257452574526 0.69625 0.5880758807588076 0.708125
1 0.38346883468834686 0.591875 0.4010840108401084 0.591875 0.4105691056910569 0.584375 0.4078590785907859 0.57375 0.4024390243902439 0.571875 0.38346883468834686 0.571875 0.3780487804878049 0.57375 0.3780487804878049 0.589375 0.38346883468834686 0.591875
1 0.3319783197831978 0.52125 0.33739837398373984 0.52625 0.34823848238482386 0.529375 0.36314363143631434 0.529375 0.37262872628726285 0.525625 0.37533875338753386 0.52125 0.36720867208672087 0.51375 0.35772357723577236 0.51125 0.33739837398373984 0.511875 0.3319783197831978 0.514375 0.3319783197831978 0.52125
1 0.3346883468834688 0.74 0.35365853658536583 0.74 0.36720867208672087 0.734375 0.36720867208672087 0.7275 0.3617886178861789 0.723125 0.3319783197831978 0.723125 0.3238482384823848 0.726875 0.32113821138211385 0.734375 0.3346883468834688 0.74
1 0.497289972899729 0.738125 0.5067750677506775 0.7425 0.5230352303523035 0.7425 0.535230352303523 0.7375 0.5392953929539296 0.73 0.532520325203252 0.725 0.5121951219512195 0.723125 0.5013550135501355 0.726875 0.497289972899729 0.73 0.497289972899729 0.738125
1 0.2127371273712737 0.65625 0.22628726287262874 0.664375 0.23983739837398374 0.665 0.25338753387533874 0.6575 0.2506775067750677 0.6475 0.23983739837398374 0.64125 0.21951219512195122 0.643125 0.2127371273712737 0.6475 0.2127371273712737 0.65625
1 0.5121951219512195 0.690625 0.5203252032520326 0.6925 0.532520325203252 0.691875 0.5447154471544715 0.685625 0.5474254742547425 0.675625 0.5392953929539296 0.670625 0.5203252032520326 0.670625 0.5067750677506775 0.675625 0.5040650406504065 0.685 0.5121951219512195 0.690625
1 0.7018970189701897 0.696875 0.7289972899728997 0.69625 0.7317073170731707 0.685625 0.7262872628726287 0.6825 0.7208672086720868 0.680625 0.6964769647696477 0.680625 0.6910569105691057 0.6825 0.6883468834688347 0.68875 0.7018970189701897 0.696875
1 0.6829268292682927 0.709375 0.6964769647696477 0.708125 0.7018970189701897 0.705 0.7018970189701897 0.6975 0.6951219512195121 0.69375 0.6829268292682927 0.691875 0.6747967479674797 0.696875 0.6720867208672087 0.706875 0.6829268292682927 0.709375
1 0.5365853658536586 0.52625 0.559620596205962 0.52625 0.5718157181571816 0.520625 0.5745257452574526 0.511875 0.5704607046070461 0.50875 0.5474254742547425 0.506875 0.5311653116531165 0.511875 0.5284552845528455 0.521875 0.5365853658536586 0.52625
1 0.2073170731707317 0.49875 0.23441734417344173 0.49875 0.24254742547425473 0.49 0.23712737127371275 0.48375 0.22764227642276422 0.48125 0.2127371273712737 0.48125 0.2018970189701897 0.485 0.1991869918699187 0.491875 0.2073170731707317 0.49875
1 0.16666666666666666 0.67375 0.17479674796747968 0.6775 0.1910569105691057 0.676875 0.2046070460704607 0.67 0.2073170731707317 0.659375 0.1991869918699187 0.654375 0.18292682926829268 0.654375 0.17208672086720866 0.6575 0.16666666666666666 0.6625 0.16666666666666666 0.67375
1 0.3888888888888889 0.56375 0.4092140921409214 0.5625 0.4186991869918699 0.5575 0.4186991869918699 0.55375 0.4051490514905149 0.548125 0.3780487804878049 0.550625 0.37533875338753386 0.56 0.3888888888888889 0.56375
1 0.31842818428184283 0.540625 0.32926829268292684 0.546875 0.3509485094850949 0.545625 0.35907859078590787 0.54125 0.3617886178861789 0.535625 0.3509485094850949 0.529375 0.33739837398373984 0.52875 0.3238482384823848 0.5325 0.31842818428184283 0.535625 0.31842818428184283 0.540625
1 0.14227642276422764 0.545625 0.17073170731707318 0.545 0.1802168021680217 0.539375 0.17479674796747968 0.5325 0.16666666666666666 0.529375 0.13685636856368563 0.529375 0.12872628726287264 0.5325 0.12601626016260162 0.54 0.14227642276422764 0.545625
1 0.7886178861788617 0.62125 0.7940379403794038 0.623125 0.8130081300813008 0.623125 0.8211382113821138 0.62 0.8211382113821138 0.610625 0.8102981029810298 0.605 0.7886178861788617 0.605 0.7831978319783198 0.606875 0.7804878048780488 0.615625 0.7886178861788617 0.62125
1 0.2804878048780488 0.675625 0.2859078590785908 0.6775 0.3035230352303523 0.6775 0.31029810298102983 0.675625 0.31842818428184283 0.669375 0.31842818428184283 0.660625 0.3130081300813008 0.6575 0.3048780487804878 0.654375 0.2886178861788618 0.654375 0.2777777777777778 0.658125 0.2750677506775068 0.671875 0.2804878048780488 0.675625
1 0.7181571815718157 0.504375 0.7466124661246613 0.504375 0.7588075880758808 0.499375 0.7560975609756098 0.49 0.7452574525745257 0.4875 0.7235772357723578 0.4875 0.7100271002710027 0.4925 0.7073170731707317 0.49875 0.7181571815718157 0.504375
1 0.7208672086720868 0.623125 0.7344173441734417 0.628125 0.7533875338753387 0.628125 0.7642276422764228 0.625 0.7696476964769647 0.62 0.7669376693766937 0.615 0.7560975609756098 0.61125 0.7398373983739838 0.61125 0.7262872628726287 0.615 0.7208672086720868 0.618125 0.7208672086720868 0.623125
1 0.3157181571815718 0.618125 0.3319783197831978 0.619375 0.34010840108401086 0.6175 0.34823848238482386 0.613125 0.34823848238482386 0.603125 0.3428184281842818 0.59875 0.32926829268292684 0.595 0.3130081300813008 0.601875 0.31029810298102983 0.61 0.3157181571815718 0.618125
1 0.508130081300813 0.71875 0.5284552845528455 0.723125 0.5392953929539296 0.720625 0.5447154471544715 0.716875 0.5447154471544715 0.706875 0.5392953929539296 0.701875 0.5284552845528455 0.69875 0.5149051490514905 0.69875 0.5013550135501355 0.70375 0.5 0.7125 0.508130081300813 0.71875
1 0.6395663956639567 0.700625 0.6531165311653117 0.706875 0.6666666666666666 0.70625 0.6747967479674797 0.699375 0.6720867208672087 0.689375 0.6598915989159891 0.685 0.6422764227642277 0.685 0.6368563685636857 0.6875 0.6341463414634146 0.69375 0.6395663956639567 0.700625
1 0.1856368563685637 0.69875 0.2086720867208672 0.695625 0.21544715447154472 0.690625 0.21544715447154472 0.6825 0.2018970189701897 0.673125 0.1910569105691057 0.675625 0.17750677506775067 0.6825 0.17750677506775067 0.695625 0.1856368563685637 0.69875
1 0.24525745257452575 0.6825 0.27100271002710025 0.6825 0.2750677506775068 0.68 0.27235772357723576 0.665 0.26151761517615174 0.66125 0.24796747967479674 0.663125 0.24254742547425473 0.665625 0.24525745257452575 0.6825
1 0.2696476964769648 0.504375 0.28319783197831977 0.51125 0.3021680216802168 0.513125 0.3157181571815718 0.508125 0.3157181571815718 0.50125 0.3021680216802168 0.495 0.2750677506775068 0.495 0.2696476964769648 0.4975 0.2696476964769648 0.504375
1 0.3915989159891599 0.4875 0.3997289972899729 0.49 0.42276422764227645 0.48875 0.4268292682926829 0.48625 0.4254742547425474 0.475625 0.4078590785907859 0.470625 0.3970189701897019 0.47125 0.3888888888888889 0.474375 0.3861788617886179 0.481875 0.3915989159891599 0.4875
1 0.28319783197831977 0.734375 0.29132791327913277 0.7375 0.3008130081300813 0.738125 0.31842818428184283 0.734375 0.3238482384823848 0.7275 0.3238482384823848 0.72 0.31842818428184283 0.716875 0.2967479674796748 0.716875 0.28319783197831977 0.723125 0.28319783197831977 0.734375
1 0.4024390243902439 0.6 0.4078590785907859 0.6025 0.4268292682926829 0.601875 0.43766937669376693 0.595 0.43766937669376693 0.586875 0.4186991869918699 0.581875 0.4105691056910569 0.58375 0.4024390243902439 0.59125 0.4024390243902439 0.6
1 0.2127371273712737 0.51875 0.23170731707317074 0.51875 0.24525745257452575 0.515625 0.25338753387533874 0.50625 0.24525745257452575 0.5 0.22628726287262874 0.5 0.2073170731707317 0.505 0.2018970189701897 0.511875 0.2127371273712737 0.51875
1 0.35636856368563685 0.6625 0.36720867208672087 0.67 0.3970189701897019 0.670625 0.4037940379403794 0.66875 0.4078590785907859 0.6575 0.3970189701897019 0.6525 0.38346883468834686 0.65125 0.3604336043360434 0.655625 0.35636856368563685 0.6575 0.35636856368563685 0.6625
1 0.6666666666666666 0.575625 0.6842818428184282 0.5775 0.6937669376693767 0.576875 0.6991869918699187 0.57375 0.6991869918699187 0.564375 0.6883468834688347 0.55875 0.6693766937669376 0.5575 0.6558265582655827 0.561875 0.6558265582655827 0.57125 0.6666666666666666 0.575625
1 0.470189701897019 0.463125 0.481029810298103 0.46625 0.5 0.465625 0.5121951219512195 0.45875 0.5067750677506775 0.451875 0.494579945799458 0.448125 0.47831978319783197 0.4475 0.46883468834688347 0.450625 0.46476964769647694 0.45875 0.470189701897019 0.463125
1 0.2669376693766938 0.613125 0.2804878048780488 0.6175 0.3021680216802168 0.615 0.3021680216802168 0.605 0.2967479674796748 0.601875 0.2859078590785908 0.6 0.2696476964769648 0.6 0.26422764227642276 0.601875 0.26151761517615174 0.61 0.2669376693766938 0.613125
1 0.37533875338753386 0.55 0.3970189701897019 0.5475 0.4024390243902439 0.545 0.4024390243902439 0.534375 0.3970189701897019 0.530625 0.37533875338753386 0.529375 0.36449864498644985 0.535625 0.3617886178861789 0.543125 0.37533875338753386 0.55
1 0.6829268292682927 0.598125 0.6937669376693767 0.6025 0.7208672086720868 0.601875 0.7317073170731707 0.595625 0.7317073170731707 0.591875 0.7235772357723578 0.586875 0.7046070460704607 0.584375 0.6883468834688347 0.588125 0.6829268292682927 0.59125 0.6829268292682927 0.598125
1 0.6612466124661247 0.665625 0.6639566395663956 0.6675 0.6802168021680217 0.6675 0.6883468834688347 0.664375 0.6856368563685636 0.651875 0.6747967479674797 0.6475 0.6585365853658537 0.650625 0.6558265582655827 0.6575 0.6612466124661247 0.665625
1 0.2181571815718157 0.64 0.22628726287262874 0.64125 0.24254742547425473 0.638125 0.2506775067750677 0.63 0.24796747967479674 0.623125 0.22628726287262874 0.620625 0.2127371273712737 0.62625 0.21002710027100271 0.63375 0.2181571815718157 0.64
1 0.3265582655826558 0.75875 0.3428184281842818 0.763125 0.3509485094850949 0.761875 0.35907859078590787 0.754375 0.35636856368563685 0.745625 0.34146341463414637 0.74 0.31978319783197834 0.74125 0.3157181571815718 0.75 0.3265582655826558 0.75875
1 0.7479674796747967 0.70375 0.7628726287262872 0.701875 0.7669376693766937 0.699375 0.7642276422764228 0.685625 0.7547425474254743 0.6825 0.7452574525745257 0.6825 0.7344173441734417 0.685625 0.7344173441734417 0.69875 0.7479674796747967 0.70375
1 0.3509485094850949 0.49625 0.36449864498644985 0.50125 0.3821138211382114 0.5 0.3888888888888889 0.495 0.3888888888888889 0.4875 0.38346883468834686 0.483125 0.37262872628726285 0.479375 0.35365853658536583 0.479375 0.34959349593495936 0.48125 0.34552845528455284 0.489375 0.3509485094850949 0.49625
1 0.47831978319783197 0.73 0.497289972899729 0.73 0.5040650406504065 0.725 0.5040650406504065 0.72 0.4932249322493225 0.71 0.47831978319783197 0.70875 0.46476964769647694 0.713125 0.46476964769647694 0.725 0.47831978319783197 0.73
1 0.23441734417344173 0.588125 0.26287262872628725 0.58875 0.27235772357723576 0.584375 0.27235772357723576 0.579375 0.2588075880758808 0.57375 0.23983739837398374 0.5725 0.23035230352303523 0.574375 0.22628726287262874 0.583125 0.23441734417344173 0.588125
1 0.22628726287262874 0.609375 0.23712737127371275 0.614375 0.25474254742547425 0.613125 0.26422764227642276 0.605 0.26422764227642276 0.59375 0.25609756097560976 0.59 0.23712737127371275 0.59 0.23170731707317074 0.593125 0.22628726287262874 0.596875 0.22628726287262874 0.609375
1 0.5609756097560976 0.731875 0.5880758807588076 0.731875 0.5907859078590786 0.72 0.5853658536585366 0.7175 0.5772357723577236 0.715 0.5609756097560976 0.715 0.55420054200542 0.716875 0.5501355013550135 0.72375 0.5609756097560976 0.731875
1 0.24796747967479674 0.738125 0.26151761517615174 0.7425 0.2696476964769648 0.7425 0.2804878048780488 0.738125 0.2804878048780488 0.72375 0.27235772357723576 0.720625 0.2506775067750677 0.72375 0.24525745257452575 0.7275 0.24796747967479674 0.738125
1 0.5636856368563685 0.676875 0.5853658536585366 0.6775 0.5962059620596206 0.6725 0.5989159891598916 0.66125 0.5907859078590786 0.6575 0.5691056910569106 0.6575 0.5609756097560976 0.6625 0.5582655826558266 0.673125 0.5636856368563685 0.676875
1 0.8211382113821138 0.609375 0.8346883468834688 0.615625 0.8577235772357723 0.615 0.8644986449864499 0.608125 0.8617886178861789 0.603125 0.8509485094850948 0.598125 0.8319783197831978 0.5975 0.8211382113821138 0.598125 0.8211382113821138 0.609375
1 0.6937669376693767 0.6725 0.6991869918699187 0.675 0.7154471544715447 0.675 0.7235772357723578 0.671875 0.7289972899728997 0.665625 0.7262872628726287 0.6575 0.7140921409214093 0.65375 0.6964769647696477 0.654375 0.6910569105691057 0.6575 0.6883468834688347 0.665625 0.6937669376693767 0.6725
1 0.24525745257452575 0.644375 0.25338753387533874 0.646875 0.2682926829268293 0.64625 0.28319783197831977 0.634375 0.28319783197831977 0.62875 0.2669376693766938 0.625 0.25609756097560976 0.62625 0.24796747967479674 0.63125 0.24254742547425473 0.63625 0.24525745257452575 0.644375
1 0.4159891598915989 0.581875 0.43224932249322495 0.585 0.453929539295393 0.583125 0.45663956639566394 0.571875 0.44715447154471544 0.566875 0.43224932249322495 0.566875 0.4186991869918699 0.569375 0.4132791327913279 0.571875 0.4159891598915989 0.581875
1 0.6260162601626016 0.670625 0.6504065040650406 0.671875 0.6612466124661247 0.6675 0.6585365853658537 0.66 0.6476964769647696 0.654375 0.6233062330623306 0.654375 0.6124661246612466 0.658125 0.6097560975609756 0.6625 0.6260162601626016 0.670625
1 0.45121951219512196 0.535 0.48509485094850946 0.535625 0.494579945799458 0.53125 0.494579945799458 0.5275 0.481029810298103 0.521875 0.44850948509485095 0.52125 0.44173441734417346 0.524375 0.43766937669376693 0.529375 0.45121951219512196 0.535
1 0.36720867208672087 0.46625 0.3780487804878049 0.470625 0.3943089430894309 0.47125 0.4037940379403794 0.46875 0.4078590785907859 0.46 0.3888888888888889 0.45375 0.37262872628726285 0.45375 0.36449864498644985 0.4575 0.36720867208672087 0.46625
1 0.5447154471544715 0.629375 0.5663956639566395 0.629375 0.5772357723577236 0.624375 0.5745257452574526 0.614375 0.5609756097560976 0.608125 0.5447154471544715 0.608125 0.5365853658536586 0.6125 0.5338753387533876 0.6225 0.5447154471544715 0.629375
1 0.6544715447154471 0.7225 0.6612466124661247 0.725 0.6829268292682927 0.725 0.6910569105691057 0.720625 0.6856368563685636 0.711875 0.6720867208672087 0.706875 0.6531165311653117 0.70875 0.6504065040650406 0.72 0.6544715447154471 0.7225
1 0.5311653116531165 0.449375 0.559620596205962 0.45 0.5636856368563685 0.446875 0.5609756097560976 0.435 0.5460704607046071 0.431875 0.5311653116531165 0.4325 0.5257452574525745 0.4375 0.5311653116531165 0.449375
1 0.21951219512195122 0.685 0.22899728997289973 0.686875 0.23712737127371275 0.685625 0.24254742547425473 0.6825 0.23983739837398374 0.665625 0.22357723577235772 0.663125 0.21002710027100271 0.67 0.2073170731707317 0.675625 0.21951219512195122 0.685
1 0.5772357723577236 0.71375 0.5826558265582655 0.709375 0.5772357723577236 0.6975 0.5609756097560976 0.695625 0.5501355013550135 0.69875 0.5501355013550135 0.71375 0.5772357723577236 0.71375
1 0.6693766937669376 0.508125 0.6802168021680217 0.51125 0.7073170731707317 0.51125 0.7127371273712737 0.509375 0.7127371273712737 0.503125 0.7018970189701897 0.495 0.6775067750677507 0.494375 0.6693766937669376 0.49625 0.6639566395663956 0.5 0.6693766937669376 0.508125
1 0.7615176151761518 0.5525 0.7859078590785907 0.5525 0.7967479674796748 0.545625 0.7967479674796748 0.539375 0.7913279132791328 0.535625 0.7696476964769647 0.535625 0.7547425474254743 0.54125 0.7533875338753387 0.54875 0.7615176151761518 0.5525
1 0.48644986449864497 0.425 0.5121951219512195 0.425 0.5203252032520326 0.420625 0.510840108401084 0.41375 0.4878048780487805 0.410625 0.47289972899729 0.411875 0.47289972899729 0.419375 0.48644986449864497 0.425
1 0.33875338753387535 0.786875 0.3509485094850949 0.7875 0.36449864498644985 0.784375 0.37533875338753386 0.775625 0.37262872628726285 0.76625 0.36314363143631434 0.763125 0.35365853658536583 0.763125 0.33739837398373984 0.7675 0.3346883468834688 0.783125 0.33875338753387535 0.786875