0 0.72125 0.41445182724252494 0.721875 0.4410299003322259 0.724375 0.45514950166112955 0.73 0.47093023255813954 0.748125 0.4941860465116279 0.756875 0.5 0.77 0.5033222591362126 0.784375 0.5041528239202658 0.80125 0.5 0.819375 0.48588039867109634 0.83375 0.46511627906976744 0.838125 0.45348837209302323 0.8425 0.43106312292358806 0.843125 0.41777408637873753 0.840625 0.3995016611295681 0.83125 0.3745847176079734 0.811875 0.3546511627906977 0.793125 0.3480066445182724 0.771875 0.3488372093023256 0.750625 0.3588039867109635 0.736875 0.3729235880398671 0.73 0.3845514950166113 0.72125 0.41445182724252494
0 0.02 0.8239202657807309 0.02125 0.8189368770764119 0.02 0.8156146179401993 0.016875 0.8156146179401993 0.015 0.8230897009966778 0.02 0.8239202657807309
1 0.716875 0.6445182724252492 0.72625 0.6387043189368771 0.73375 0.6270764119601329 0.735 0.617109634551495 0.73125 0.6029900332225914 0.71875 0.5988372093023255 0.71125 0.6029900332225914 0.706875 0.6088039867109635 0.706875 0.6129568106312292 0.7 0.6245847176079734 0.7 0.6345514950166113 0.706875 0.6428571428571429 0.716875 0.6445182724252492
1 0.483125 0.632890365448505 0.495 0.6320598006644518 0.5 0.6287375415282392 0.5075 0.6179401993355482 0.51 0.6096345514950167 0.51 0.5921926910299004 0.505 0.5863787375415282 0.49875 0.5838870431893688 0.490625 0.584717607973422 0.48375 0.6021594684385382 0.47625 0.6096345514950167 0.474375 0.6154485049833887 0.47625 0.6270764119601329 0.483125 0.632890365448505
1 0.49875 0.6935215946843853 0.50625 0.6943521594684385 0.513125 0.6918604651162791 0.516875 0.6868770764119602 0.519375 0.6827242524916943 0.519375 0.6661129568106312 0.5125 0.6503322259136213 0.5 0.643687707641196 0.49375 0.643687707641196 0.486875 0.6478405315614618 0.48375 0.6569767441860465 0.48375 0.6719269102990033 0.49125 0.6885382059800664 0.49875 0.6935215946843853
1 0.503125 0.7749169435215947 0.498125 0.7657807308970099 0.480625 0.7649501661129569 0.47375 0.7749169435215947 0.474375 0.7865448504983389 0.479375 0.7948504983388704 0.493125 0.7973421926910299 0.49875 0.7948504983388704 0.5025 0.7898671096345515 0.503125 0.7749169435215947
1 0.680625 0.6453488372093024 0.69 0.6353820598006644 0.6925 0.6295681063122923 0.6925 0.6179401993355482 0.683125 0.6038205980066446 0.66875 0.6013289036544851 0.661875 0.6029900332225914 0.656875 0.6096345514950167 0.656875 0.6303986710963455 0.66625 0.6420265780730897 0.673125 0.6453488372093024 0.680625 0.6453488372093024
1 0.53375 0.8064784053156147 0.53625 0.7981727574750831 0.53625 0.7857142857142857 0.530625 0.776578073089701 0.525625 0.7740863787375415 0.515625 0.7749169435215947 0.50375 0.7848837209302325 0.5 0.8089700996677741 0.505 0.8156146179401993 0.519375 0.8156146179401993 0.53375 0.8064784053156147
1 0.5625 0.4750830564784053 0.57125 0.4692691029900332 0.5775 0.45930232558139533 0.579375 0.45514950166112955 0.579375 0.44435215946843853 0.575 0.43438538205980065 0.5675 0.4277408637873754 0.550625 0.42940199335548174 0.536875 0.44601328903654486 0.53625 0.4568106312292359 0.53875 0.46677740863787376 0.546875 0.4750830564784053 0.5625 0.4750830564784053
1 0.641875 0.6378737541528239 0.64875 0.6262458471760798 0.649375 0.6129568106312292 0.645625 0.6029900332225914 0.635 0.595514950166113 0.62625 0.595514950166113 0.615625 0.6046511627906976 0.6125 0.6204318936877077 0.60875 0.6287375415282392 0.6175 0.6428571428571429 0.62875 0.6453488372093024 0.641875 0.6378737541528239
1 0.465625 0.6154485049833887 0.4725 0.6129568106312292 0.485625 0.5980066445182725 0.48875 0.5880398671096345 0.48875 0.5755813953488372 0.48375 0.5647840531561462 0.47875 0.5614617940199336 0.464375 0.5631229235880398 0.454375 0.5739202657807309 0.45 0.5855481727574751 0.45 0.6029900332225914 0.456875 0.6146179401993356 0.465625 0.6154485049833887
1 0.35375 0.46677740863787376 0.35875 0.45598006644518274 0.35875 0.4418604651162791 0.353125 0.4335548172757475 0.34125 0.4318936877076412 0.328125 0.44435215946843853 0.326875 0.46511627906976744 0.3275 0.4692691029900332 0.3325 0.4742524916943522 0.34375 0.4750830564784053 0.35375 0.46677740863787376
1 0.684375 0.47093023255813954 0.685625 0.4526578073089701 0.68 0.4418604651162791 0.664375 0.4377076411960133 0.656875 0.4410299003322259 0.651875 0.4476744186046512 0.651875 0.4700996677740864 0.66 0.4792358803986711 0.665625 0.48172757475083056 0.675625 0.4808970099667774 0.684375 0.47093023255813954
1 0.60125 0.6569767441860465 0.6025 0.6461794019933554 0.59875 0.6362126245847176 0.581875 0.632890365448505 0.573125 0.6395348837209303 0.5675 0.6478405315614618 0.565 0.6619601328903655 0.57125 0.670265780730897 0.58375 0.6735880398671097 0.590625 0.670265780730897 0.60125 0.6569767441860465
1 0.255 0.43272425249169433 0.255 0.4127906976744186 0.248125 0.4011627906976744 0.240625 0.3978405315614618 0.23375 0.4003322259136213 0.229375 0.4053156146179402 0.22875 0.4260797342192691 0.235625 0.43853820598006643 0.239375 0.4418604651162791 0.246875 0.4418604651162791 0.255 0.43272425249169433
1 0.553125 0.3845514950166113 0.54 0.3845514950166113 0.529375 0.39700996677740863 0.529375 0.41777408637873753 0.53625 0.42524916943521596 0.550625 0.42524916943521596 0.5625 0.41445182724252494 0.561875 0.3920265780730897 0.553125 0.3845514950166113
1 0.3575 0.7009966777408638 0.365 0.6877076411960132 0.365625 0.6744186046511628 0.36375 0.6686046511627907 0.35625 0.6636212624584718 0.335625 0.6669435215946844 0.328125 0.6810631229235881 0.329375 0.6935215946843853 0.334375 0.7009966777408638 0.340625 0.7043189368770764 0.35125 0.7043189368770764 0.3575 0.7009966777408638
1 0.43125 0.420265780730897 0.439375 0.42524916943521596 0.456875 0.4260797342192691 0.4725 0.4152823920265781 0.475625 0.40946843853820597 0.475625 0.4003322259136213 0.47375 0.3961794019933555 0.4675 0.38787375415282394 0.456875 0.38372093023255816 0.4475 0.3845514950166113 0.438125 0.38953488372093026 0.43125 0.39867109634551495 0.42875 0.4061461794019934 0.43125 0.420265780730897
1 0.599375 0.4750830564784053 0.610625 0.4750830564784053 0.623125 0.4700996677740864 0.630625 0.4584717607973422 0.6325 0.4543189368770764 0.63125 0.4426910299003322 0.624375 0.43272425249169433 0.6175 0.43023255813953487 0.599375 0.42940199335548174 0.594375 0.4318936877076412 0.584375 0.4435215946843854 0.584375 0.4601328903654485 0.590625 0.4692691029900332 0.599375 0.4750830564784053
1 0.550625 0.7142857142857143 0.558125 0.7051495016611296 0.560625 0.6943521594684385 0.560625 0.6735880398671097 0.559375 0.6677740863787376 0.553125 0.659468438538206 0.543125 0.6569767441860465 0.536875 0.6611295681063123 0.5325 0.6677740863787376 0.53125 0.6943521594684385 0.535 0.707641196013289 0.54 0.7151162790697675 0.550625 0.7142857142857143
1 0.538125 0.5921926910299004 0.550625 0.5921926910299004 0.5625 0.5838870431893688 0.565 0.5780730897009967 0.565 0.5681063122923588 0.561875 0.5606312292358804 0.556875 0.5573089700996677 0.550625 0.5548172757475083 0.541875 0.5556478405315615 0.534375 0.5598006644518272 0.529375 0.5681063122923588 0.52875 0.5822259136212624 0.538125 0.5921926910299004
1 0.510625 0.5240863787375415 0.519375 0.5240863787375415 0.526875 0.5166112956810631 0.528125 0.49916943521594687 0.5225 0.4850498338870432 0.515 0.47674418604651164 0.5075 0.473421926910299 0.49625 0.47674418604651164 0.49375 0.48255813953488375 0.49375 0.49667774086378735 0.496875 0.5083056478405316 0.5025 0.5174418604651163 0.510625 0.5240863787375415
1 0.38375 0.3961794019933555 0.39 0.38787375415282394 0.39 0.3654485049833887 0.38375 0.35299003322259137 0.376875 0.3488372093023256 0.370625 0.3488372093023256 0.36 0.35631229235880396 0.35625 0.3646179401993355 0.355625 0.3787375415282392 0.36625 0.39700996677740863 0.376875 0.3995016611295681 0.38375 0.3961794019933555
1 0.3325 0.5988372093023255 0.34875 0.6146179401993356 0.36625 0.6146179401993356 0.370625 0.6121262458471761 0.376875 0.6029900332225914 0.379375 0.5963455149501661 0.37875 0.5838870431893688 0.375625 0.5755813953488372 0.365625 0.5647840531561462 0.36 0.5622923588039868 0.345 0.5631229235880398 0.339375 0.5656146179401993 0.3325 0.574750830564784 0.330625 0.5822259136212624 0.3325 0.5988372093023255
1 0.66625 0.6719269102990033 0.66875 0.665282392026578 0.66625 0.6519933554817275 0.651875 0.6395348837209303 0.641875 0.6387043189368771 0.623125 0.6495016611295681 0.625 0.6611295681063123 0.63125 0.670265780730897 0.639375 0.6769102990033222 0.661875 0.6769102990033222 0.66625 0.6719269102990033
1 0.581875 0.6287375415282392 0.58625 0.632890365448505 0.60125 0.632890365448505 0.610625 0.6237541528239202 0.614375 0.6146179401993356 0.615 0.6046511627906976 0.613125 0.595514950166113 0.60875 0.5888704318936877 0.60375 0.5872093023255814 0.595 0.5863787375415282 0.58875 0.5888704318936877 0.584375 0.5921926910299004 0.578125 0.6029900332225914 0.578125 0.6196013289036545 0.581875 0.6287375415282392
1 0.48125 0.7225913621262459 0.48875 0.7217607973421927 0.49375 0.717607973421927 0.495625 0.7068106312292359 0.49375 0.6918604651162791 0.485 0.6785714285714286 0.479375 0.6777408637873754 0.47375 0.6810631229235881 0.46875 0.696843853820598 0.46875 0.7068106312292359 0.47125 0.7142857142857143 0.475 0.7200996677740864 0.48125 0.7225913621262459
1 0.605 0.7142857142857143 0.6175 0.7026578073089701 0.616875 0.6818936877076412 0.60875 0.6727574750830565 0.60125 0.6686046511627907 0.591875 0.6686046511627907 0.580625 0.6760797342192691 0.5775 0.6818936877076412 0.575625 0.6960132890365448 0.578125 0.7043189368770764 0.593125 0.7142857142857143 0.605 0.7142857142857143
1 0.526875 0.45099667774086377 0.52875 0.44435215946843853 0.528125 0.42358803986710963 0.524375 0.41445182724252494 0.52125 0.4119601328903654 0.50875 0.41362126245847175 0.49875 0.4318936877076412 0.5 0.45099667774086377 0.501875 0.45514950166112955 0.509375 0.4601328903654485 0.520625 0.4584717607973422 0.526875 0.45099667774086377
1 0.473125 0.5440199335548173 0.47375 0.5299003322259136 0.469375 0.521594684385382 0.45 0.5191029900332226 0.439375 0.5307308970099668 0.43625 0.542358803986711 0.43625 0.5556478405315615 0.443125 0.5689368770764119 0.454375 0.5722591362126246 0.4675 0.5589700996677741 0.473125 0.5440199335548173
1 0.470625 0.5199335548172758 0.475625 0.5166112956810631 0.480625 0.5099667774086378 0.480625 0.5 0.478125 0.49169435215946844 0.473125 0.4850498338870432 0.4625 0.4775747508305648 0.4525 0.4775747508305648 0.443125 0.4867109634551495 0.443125 0.5041528239202658 0.453125 0.5182724252491694 0.470625 0.5199335548172758
1 0.519375 0.7483388704318937 0.52375 0.7466777408637874 0.52875 0.7383720930232558 0.529375 0.7242524916943521 0.521875 0.7101328903654485 0.51 0.7018272425249169 0.505625 0.7018272425249169 0.500625 0.7059800664451827 0.496875 0.7142857142857143 0.495625 0.7250830564784053 0.5 0.7358803986710963 0.5075 0.7450166112956811 0.519375 0.7483388704318937
1 0.234375 0.6353820598006644 0.240625 0.6395348837209303 0.24875 0.6387043189368771 0.256875 0.6312292358803987 0.259375 0.6229235880398671 0.259375 0.6088039867109635 0.255 0.595514950166113 0.25 0.5888704318936877 0.243125 0.584717607973422 0.23625 0.5855481727574751 0.230625 0.5921926910299004 0.22875 0.5980066445182725 0.22875 0.6270764119601329 0.234375 0.6353820598006644
1 0.586875 0.5232558139534884 0.59375 0.5199335548172758 0.60375 0.5099667774086378 0.60625 0.4950166112956811 0.60375 0.4850498338870432 0.59625 0.47674418604651164 0.583125 0.4775747508305648 0.571875 0.48588039867109634 0.56875 0.49169435215946844 0.5675 0.5099667774086378 0.57 0.5149501661129569 0.579375 0.5232558139534884 0.586875 0.5232558139534884
1 0.395 0.4568106312292359 0.405 0.45598006644518274 0.41375 0.43853820598006643 0.415 0.42940199335548174 0.41125 0.420265780730897 0.408125 0.4152823920265781 0.401875 0.4127906976744186 0.390625 0.4152823920265781 0.3875 0.4186046511627907 0.3825 0.4318936877076412 0.3825 0.4418604651162791 0.385625 0.45016611295681064 0.395 0.4568106312292359
1 0.43625 0.8853820598006644 0.439375 0.8803986710963455 0.44125 0.867109634551495 0.433125 0.8538205980066446 0.42375 0.8496677740863787 0.415625 0.8496677740863787 0.408125 0.8571428571428571 0.408125 0.872093023255814 0.416875 0.8845514950166113 0.423125 0.8878737541528239 0.43125 0.8878737541528239 0.43625 0.8853820598006644
1 0.495625 0.4676079734219269 0.498125 0.46096345514950166 0.498125 0.4476744186046512 0.485 0.4269102990033223 0.470625 0.420265780730897 0.455 0.4277408637873754 0.454375 0.4418604651162791 0.4575 0.45182724252491696 0.47125 0.4684385382059801 0.480625 0.4717607973421927 0.491875 0.47093023255813954 0.495625 0.4676079734219269
1 0.63375 0.8056478405315615 0.6425 0.8114617940199336 0.654375 0.8114617940199336 0.661875 0.8089700996677741 0.66625 0.8039867109634552 0.66625 0.7790697674418605 0.66375 0.770764119601329 0.655625 0.7591362126245847 0.65125 0.7549833887043189 0.63875 0.7524916943521595 0.63375 0.7549833887043189 0.62625 0.7649501661129569 0.624375 0.7774086378737541 0.625 0.7906976744186046 0.63375 0.8056478405315615
1 0.4675 0.7043189368770764 0.46875 0.6868770764119602 0.4625 0.6719269102990033 0.4575 0.6669435215946844 0.44 0.6661129568106312 0.4375 0.6719269102990033 0.4375 0.6901993355481728 0.443125 0.7043189368770764 0.4525 0.7101328903654485 0.460625 0.7101328903654485 0.4675 0.7043189368770764
1 0.4075 0.4019933554817276 0.413125 0.4019933554817276 0.428125 0.3953488372093023 0.439375 0.37790697674418605 0.44 0.36212624584717606 0.438125 0.3554817275747508 0.429375 0.3504983388704319 0.41625 0.35299003322259137 0.408125 0.3588039867109635 0.4 0.3704318936877076 0.3975 0.3795681063122924 0.3975 0.38953488372093026 0.4 0.39700996677740863 0.4075 0.4019933554817276
1 0.505 0.7425249169435216 0.493125 0.723421926910299 0.474375 0.7242524916943521 0.470625 0.7367109634551495 0.470625 0.7458471760797342 0.480625 0.7624584717607974 0.484375 0.7649501661129569 0.49875 0.7641196013289037 0.505625 0.75 0.505 0.7425249169435216
1 0.34 0.6644518272425249 0.3575 0.6627906976744186 0.365625 0.6511627906976745 0.365 0.6353820598006644 0.360625 0.6287375415282392 0.3525 0.6229235880398671 0.3425 0.622093023255814 0.335625 0.6245847176079734 0.3275 0.6312292358803987 0.323125 0.6411960132890365 0.325 0.6553156146179402 0.3325 0.6619601328903655 0.34 0.6644518272425249
1 0.4575 0.665282392026578 0.46375 0.6619601328903655 0.470625 0.6561461794019934 0.475625 0.6478405315614618 0.475625 0.6303986710963455 0.4725 0.6237541528239202 0.464375 0.6187707641196013 0.455625 0.6196013289036545 0.448125 0.6237541528239202 0.44 0.6353820598006644 0.438125 0.6428571428571429 0.439375 0.659468438538206 0.446875 0.6661129568106312 0.4575 0.665282392026578
1 0.44125 0.813953488372093 0.441875 0.7948504983388704 0.433125 0.7832225913621262 0.42125 0.7857142857142857 0.41375 0.7956810631229236 0.411875 0.8048172757475083 0.413125 0.8181063122923588 0.42125 0.829734219269103 0.42625 0.8322259136212624 0.433125 0.8280730897009967 0.44125 0.813953488372093
1 0.59125 0.4318936877076412 0.60125 0.4210963455149502 0.60375 0.41362126245847175 0.60375 0.3862126245847176 0.593125 0.3696013289036545 0.581875 0.36794019933554817 0.575625 0.3704318936877076 0.56375 0.3853820598006645 0.56375 0.4127906976744186 0.5675 0.42441860465116277 0.5725 0.43023255813953487 0.5775 0.4335548172757475 0.59125 0.4318936877076412
1 0.37875 0.5274086378737541 0.385 0.5232558139534884 0.395 0.5083056478405316 0.396875 0.48588039867109634 0.39 0.473421926910299 0.384375 0.4717607973421927 0.3775 0.47259136212624586 0.370625 0.4775747508305648 0.35875 0.5008305647840532 0.35875 0.5157807308970099 0.361875 0.5232558139534884 0.3675 0.5282392026578073 0.37875 0.5274086378737541
1 0.414375 0.473421926910299 0.43125 0.4750830564784053 0.44 0.47093023255813954 0.446875 0.457641196013289 0.44625 0.4435215946843854 0.44125 0.436046511627907 0.43625 0.43272425249169433 0.423125 0.43272425249169433 0.41625 0.4368770764119601 0.41125 0.4435215946843854 0.406875 0.45348837209302323 0.40625 0.46179401993355484 0.408125 0.4684385382059801 0.414375 0.473421926910299
1 0.5125 0.8471760797342193 0.518125 0.8438538205980066 0.52375 0.8363787375415282 0.52375 0.8214285714285714 0.518125 0.8156146179401993 0.50875 0.8172757475083057 0.4975 0.8098006644518272 0.491875 0.8131229235880398 0.48875 0.8189368770764119 0.48875 0.8330564784053156 0.49125 0.8388704318936877 0.496875 0.8430232558139535 0.5125 0.8471760797342193