1 0.44308943089430897 0.596875 0.44308943089430897 0.613125 0.45121951219512196 0.615625 0.470189701897019 0.615 0.481029810298103 0.608125 0.47831978319783197 0.598125 0.46476964769647694 0.59375 0.453929539295393 0.59375 0.44308943089430897 0.596875
1 0.2018970189701897 0.40125 0.1937669376693767 0.40375 0.1937669376693767 0.415625 0.2018970189701897 0.420625 0.22086720867208673 0.421875 0.22899728997289973 0.418125 0.22899728997289973 0.405625 0.2181571815718157 0.40125 0.2018970189701897 0.40125
1 0.5365853658536586 0.483125 0.5203252032520326 0.483125 0.5121951219512195 0.486875 0.5149051490514905 0.496875 0.5311653116531165 0.503125 0.5447154471544715 0.50375 0.551490514905149 0.501875 0.5555555555555556 0.5 0.551490514905149 0.488125 0.5365853658536586 0.483125
1 0.14769647696476965 0.388125 0.14498644986449866 0.39625 0.15853658536585366 0.405 0.1842818428184282 0.40625 0.1910569105691057 0.40375 0.1937669376693767 0.3975 0.1842818428184282 0.389375 0.16124661246612465 0.385625 0.14769647696476965 0.388125
1 0.4241192411924119 0.42375 0.42140921409214094 0.43 0.43224932249322495 0.435 0.45663956639566394 0.436875 0.46747967479674796 0.434375 0.46747967479674796 0.426875 0.45934959349593496 0.4225 0.42953929539295393 0.420625 0.4241192411924119 0.42375
1 0.4024390243902439 0.39125 0.3970189701897019 0.39375 0.3943089430894309 0.40375 0.3997289972899729 0.408125 0.4186991869918699 0.413125 0.4268292682926829 0.413125 0.43766937669376693 0.405625 0.4349593495934959 0.39625 0.4186991869918699 0.39125 0.4024390243902439 0.39125
1 0.42140921409214094 0.365 0.4186991869918699 0.375625 0.4241192411924119 0.379375 0.44579945799457993 0.384375 0.45663956639566394 0.3825 0.462059620596206 0.375625 0.45663956639566394 0.36875 0.43766937669376693 0.3625 0.42140921409214094 0.365
1 0.6951219512195121 0.488125 0.6910569105691057 0.491875 0.7046070460704607 0.504375 0.7208672086720868 0.50625 0.7344173441734417 0.50375 0.7317073170731707 0.49125 0.7235772357723578 0.4875 0.7046070460704607 0.485 0.6951219512195121 0.488125
1 0.8644986449864499 0.27 0.8617886178861789 0.280625 0.8699186991869918 0.28375 0.8834688346883469 0.28625 0.9037940379403794 0.285 0.9105691056910569 0.27875 0.9037940379403794 0.27125 0.8929539295392954 0.268125 0.8644986449864499 0.27
1 0.6151761517615176 0.264375 0.6124661246612466 0.270625 0.6178861788617886 0.275625 0.6395663956639567 0.2775 0.6504065040650406 0.273125 0.6531165311653117 0.2625 0.6422764227642277 0.258125 0.6314363143631436 0.2575 0.6151761517615176 0.264375
1 0.29132791327913277 0.278125 0.2750677506775068 0.27375 0.26151761517615174 0.27375 0.25609756097560976 0.27625 0.25609756097560976 0.285625 0.26151761517615174 0.29125 0.2777777777777778 0.294375 0.29132791327913277 0.293125 0.2967479674796748 0.28875 0.2967479674796748 0.281875 0.29132791327913277 0.278125
1 0.462059620596206 0.4625 0.44579945799457993 0.46 0.4268292682926829 0.46125 0.42140921409214094 0.46375 0.42140921409214094 0.470625 0.4268292682926829 0.47375 0.4349593495934959 0.475625 0.453929539295393 0.475625 0.46747967479674796 0.470625 0.46747967479674796 0.465625 0.462059620596206 0.4625
1 0.8265582655826558 0.62625 0.8048780487804879 0.623125 0.7831978319783198 0.62625 0.7804878048780488 0.635 0.7859078590785907 0.63875 0.7967479674796748 0.64125 0.8184281842818428 0.64375 0.8319783197831978 0.64125 0.8373983739837398 0.638125 0.8373983739837398 0.63125 0.8265582655826558 0.62625
1 0.5392953929539296 0.6675 0.5257452574525745 0.67375 0.5230352303523035 0.681875 0.5284552845528455 0.689375 0.5392953929539296 0.69375 0.5528455284552846 0.691875 0.5609756097560976 0.686875 0.5609756097560976 0.676875 0.5528455284552846 0.668125 0.5392953929539296 0.6675
1 0.8211382113821138 0.420625 0.8102981029810298 0.419375 0.8021680216802168 0.419375 0.7926829268292683 0.423125 0.7913279132791328 0.43625 0.7967479674796748 0.44 0.8075880758807588 0.444375 0.8319783197831978 0.444375 0.8373983739837398 0.440625 0.8373983739837398 0.43125 0.8319783197831978 0.425 0.8211382113821138 0.420625
1 0.35636856368563685 0.644375 0.35365853658536583 0.654375 0.3617886178861789 0.6575 0.3794037940379404 0.658125 0.3943089430894309 0.655625 0.3970189701897019 0.6425 0.3915989159891599 0.64 0.36720867208672087 0.64 0.35636856368563685 0.644375
1 0.3265582655826558 0.706875 0.31842818428184283 0.71125 0.3157181571815718 0.71875 0.3265582655826558 0.7275 0.34010840108401086 0.73 0.3509485094850949 0.728125 0.3617886178861789 0.723125 0.36449864498644985 0.714375 0.35365853658536583 0.706875 0.3265582655826558 0.706875
1 0.5745257452574526 0.420625 0.5745257452574526 0.438125 0.5880758807588076 0.440625 0.6029810298102981 0.44 0.6097560975609756 0.429375 0.6070460704607046 0.420625 0.5962059620596206 0.41625 0.5853658536585366 0.41625 0.5745257452574526 0.420625
1 0.02032520325203252 0.529375 0.012195121951219513 0.5325 0.012195121951219513 0.546875 0.023035230352303523 0.550625 0.044715447154471545 0.55 0.052845528455284556 0.545 0.052845528455284556 0.5375 0.04742547425474255 0.5325 0.036585365853658534 0.529375 0.02032520325203252 0.529375
1 0.1043360433604336 0.601875 0.11788617886178862 0.61 0.14634146341463414 0.609375 0.15040650406504066 0.606875 0.14769647696476965 0.595 0.13685636856368563 0.591875 0.1070460704607046 0.593125 0.1043360433604336 0.601875
1 0.2506775067750677 0.41375 0.23983739837398374 0.413125 0.23170731707317074 0.415625 0.22628726287262874 0.420625 0.22899728997289973 0.43 0.23983739837398374 0.435 0.2506775067750677 0.435 0.26422764227642276 0.429375 0.26422764227642276 0.42229187500000004 0.2696476964769648 0.418125 0.2506775067750677 0.41375
1 0.22086720867208673 0.519375 0.21002710027100271 0.5225 0.21002710027100271 0.5325 0.2181571815718157 0.5375 0.22899728997289973 0.54 0.2506775067750677 0.539375 0.25609756097560976 0.535625 0.25609756097560976 0.526875 0.24661246612466126 0.52125 0.22086720867208673 0.519375
1 0.47289972899729 0.47125 0.4796747967479675 0.4775 0.5067750677506775 0.478125 0.5121951219512195 0.474375 0.5094850948509485 0.463125 0.497289972899729 0.45875 0.47560975609756095 0.4625 0.47289972899729 0.47125
1 0.3780487804878049 0.46625 0.3780487804878049 0.47625 0.3915989159891599 0.480625 0.4105691056910569 0.480625 0.42140921409214094 0.475625 0.4186991869918699 0.46625 0.4105691056910569 0.46375 0.3915989159891599 0.4625 0.3780487804878049 0.46625
1 0.7533875338753387 0.520625 0.7642276422764228 0.525625 0.7886178861788617 0.525625 0.7913279132791328 0.51625 0.7859078590785907 0.51 0.7764227642276422 0.50625 0.7520325203252033 0.5075 0.7533875338753387 0.520625
1 0.33739837398373984 0.324375 0.3265582655826558 0.32875 0.32113821138211385 0.33375 0.3252032520325203 0.343125 0.3319783197831978 0.345625 0.3509485094850949 0.345625 0.3617886178861789 0.33875 0.3617886178861789 0.3275 0.35365853658536583 0.324375 0.33739837398373984 0.324375
1 0.5 0.4225 0.491869918699187 0.42625 0.494579945799458 0.43625 0.5067750677506775 0.441875 0.5284552845528455 0.441875 0.5338753387533876 0.439375 0.5311653116531165 0.43 0.5203252032520326 0.425 0.5 0.4225
1 0.3780487804878049 0.37 0.37533875338753386 0.379375 0.3807588075880759 0.381875 0.4024390243902439 0.381875 0.4186991869918699 0.375 0.4186991869918699 0.3675 0.4132791327913279 0.365 0.3888888888888889 0.365 0.3780487804878049 0.37
1 0.8509485094850948 0.283125 0.8509485094850948 0.299375 0.8617886178861789 0.305 0.8834688346883469 0.30625 0.8943089430894309 0.3 0.8915989159891599 0.291875 0.8834688346883469 0.286875 0.8644986449864499 0.28125 0.8509485094850948 0.283125
1 0.42953929539295393 0.450625 0.44308943089430897 0.45625 0.45663956639566394 0.45625 0.46476964769647694 0.450625 0.46476964769647694 0.441875 0.45799457994579945 0.4375 0.42953929539295393 0.4375 0.42953929539295393 0.450625
1 0.2127371273712737 0.284375 0.21002710027100271 0.293125 0.22086720867208673 0.3 0.24525745257452575 0.29875 0.2588075880758808 0.293125 0.25609756097560976 0.285625 0.24525745257452575 0.281875 0.22628726287262874 0.28125 0.2127371273712737 0.284375
1 0.3861788617886179 0.413125 0.37533875338753386 0.418125 0.3780487804878049 0.425 0.3915989159891599 0.43 0.4186991869918699 0.429375 0.4268292682926829 0.4225 0.4268292682926829 0.416875 0.4159891598915989 0.413125 0.3861788617886179 0.413125
1 0.05555555555555555 0.60375 0.03116531165311653 0.61125 0.025745257452574527 0.6175 0.025745257452574527 0.623125 0.03116531165311653 0.62625 0.04742547425474255 0.628125 0.06775067750677506 0.624375 0.07452574525745258 0.618125 0.07317073170731707 0.605 0.05555555555555555 0.60375
1 0.35907859078590787 0.469375 0.34823848238482386 0.46625 0.3265582655826558 0.46625 0.31842818428184283 0.46875 0.31842818428184283 0.47625 0.3238482384823848 0.480625 0.33739837398373984 0.484375 0.35636856368563685 0.484375 0.36449864498644985 0.47875 0.36449864498644985 0.473125 0.35907859078590787 0.469375
1 0.4186991869918699 0.484375 0.4159891598915989 0.494375 0.42140921409214094 0.4975 0.43224932249322495 0.50125 0.45257452574525747 0.501875 0.45663956639566394 0.496875 0.44579945799457993 0.485625 0.44037940379403795 0.483125 0.4186991869918699 0.484375
1 0.23441734417344173 0.401875 0.23170731707317074 0.40875 0.23983739837398374 0.413125 0.2669376693766938 0.415625 0.2804878048780488 0.410625 0.2804878048780488 0.40625 0.26422764227642276 0.39875 0.24525745257452575 0.39875 0.23441734417344173 0.401875
1 0.33739837398373984 0.516875 0.3319783197831978 0.519375 0.3319783197831978 0.526875 0.34010840108401086 0.53125 0.36449864498644985 0.53125 0.3780487804878049 0.52625 0.3807588075880759 0.521875 0.37262872628726285 0.516875 0.33739837398373984 0.516875
1 0.12059620596205962 0.349375 0.11517615176151762 0.35375 0.11788617886178862 0.3625 0.13143631436314362 0.3675 0.14769647696476965 0.366875 0.15853658536585366 0.36 0.15853658536585366 0.350625 0.14092140921409213 0.34625 0.12059620596205962 0.349375
1 0.8170731707317073 0.50125 0.8048780487804879 0.50125 0.7913279132791328 0.505 0.7886178861788617 0.514375 0.7940379403794038 0.519375 0.8021680216802168 0.521875 0.8197831978319783 0.52125 0.8319783197831978 0.51375 0.8319783197831978 0.508125 0.8265582655826558 0.504375 0.8170731707317073 0.50125
1 0.17479674796747968 0.35375 0.16666666666666666 0.358125 0.16666666666666666 0.37 0.1802168021680217 0.374375 0.1978319783197832 0.374375 0.2046070460704607 0.37 0.2046070460704607 0.359375 0.2005420054200542 0.356875 0.1937669376693767 0.354375 0.17479674796747968 0.35375
1 0.2588075880758808 0.5425 0.25609756097560976 0.55 0.2669376693766938 0.555625 0.2859078590785908 0.555 0.2994579945799458 0.550625 0.3021680216802168 0.540625 0.2953929539295393 0.5375 0.2750677506775068 0.53625 0.2588075880758808 0.5425
1 0.3021680216802168 0.5525 0.3021680216802168 0.56375 0.3157181571815718 0.570625 0.3319783197831978 0.571875 0.3428184281842818 0.569375 0.34552845528455284 0.556875 0.3319783197831978 0.54875 0.31029810298102983 0.5475 0.3021680216802168 0.5525
1 0.5149051490514905 0.613125 0.491869918699187 0.613125 0.48644986449864497 0.615 0.47289972899729 0.620625 0.47289972899729 0.628125 0.47831978319783197 0.63125 0.5013550135501355 0.633125 0.5284552845528455 0.629375 0.5338753387533876 0.6225 0.5257452574525745 0.615625 0.5149051490514905 0.613125
1 0.21544715447154472 0.629375 0.2127371273712737 0.639375 0.22357723577235772 0.64375 0.25609756097560976 0.64125 0.2696476964769648 0.635 0.2696476964769648 0.62875 0.25609756097560976 0.623125 0.23441734417344173 0.623125 0.21544715447154472 0.629375
1 0.34552845528455284 0.4275 0.33739837398373984 0.431875 0.33739837398373984 0.4425 0.34552845528455284 0.446875 0.36449864498644985 0.446875 0.37262872628726285 0.444375 0.37533875338753386 0.431875 0.36720867208672087 0.4275 0.34552845528455284 0.4275
1 0.2845528455284553 0.429375 0.28319783197831977 0.4375 0.2994579945799458 0.445 0.3170731707317073 0.445625 0.3346883468834688 0.441875 0.3346883468834688 0.431875 0.32113821138211385 0.4275 0.2940379403794038 0.426875 0.2845528455284553 0.429375
1 0.43224932249322495 0.420625 0.462059620596206 0.4225 0.470189701897019 0.418125 0.47289972899729 0.409375 0.46070460704607047 0.403125 0.44579945799457993 0.4025 0.43224932249322495 0.408125 0.43224932249322495 0.420625
1 0.22628726287262874 0.350625 0.2127371273712737 0.355625 0.21002710027100271 0.365 0.21544715447154472 0.369375 0.23441734417344173 0.371875 0.2506775067750677 0.37 0.25609756097560976 0.358125 0.24796747967479674 0.35125 0.23712737127371275 0.349375 0.22628726287262874 0.350625
1 0.9024390243902439 0.320625 0.8915989159891599 0.324375 0.8888888888888888 0.33125 0.8997289972899729 0.33875 0.9132791327913279 0.34125 0.9308943089430894 0.339375 0.9349593495934959 0.33625 0.9349593495934959 0.32875 0.926829268292683 0.323125 0.9024390243902439 0.320625
1 0.6070460704607046 0.720625 0.592140921409214 0.725 0.5880758807588076 0.7275 0.5907859078590786 0.74 0.6056910569105691 0.740625 0.6233062330623306 0.7375 0.6287262872628726 0.733125 0.6287262872628726 0.725 0.6205962059620597 0.720625 0.6070460704607046 0.720625
1 0.36449864498644985 0.4475 0.3509485094850949 0.455 0.34823848238482386 0.46375 0.3617886178861789 0.4675 0.3712737127371274 0.46625 0.3861788617886179 0.46 0.3888888888888889 0.451875 0.3861788617886179 0.448125 0.37533875338753386 0.445625 0.36449864498644985 0.4475
1 0.7398373983739838 0.468125 0.7452574525745257 0.470625 0.7845528455284553 0.471875 0.7994579945799458 0.468125 0.7994579945799458 0.460625 0.7913279132791328 0.45625 0.7425474254742548 0.45625 0.7398373983739838 0.468125
1 0.5894308943089431 0.275625 0.5663956639566395 0.27625 0.5663956639566395 0.285625 0.5799457994579946 0.293125 0.6002710027100271 0.294375 0.6070460704607046 0.291875 0.6097560975609756 0.28125 0.6016260162601627 0.275625 0.5934959349593496 0.27375 0.5894308943089431 0.275625
1 0.1910569105691057 0.45 0.18834688346883469 0.45625 0.1991869918699187 0.465625 0.2127371273712737 0.468125 0.23170731707317074 0.4675 0.23712737127371275 0.4575 0.22628726287262874 0.448125 0.2046070460704607 0.445625 0.1910569105691057 0.45
1 0.470189701897019 0.3825 0.470189701897019 0.398125 0.481029810298103 0.4025 0.4959349593495935 0.40125 0.5040650406504065 0.395 0.5040650406504065 0.389375 0.497289972899729 0.381875 0.47831978319783197 0.379375 0.470189701897019 0.3825
1 0.26287262872628725 0.454375 0.26151761517615174 0.463125 0.2696476964769648 0.46625 0.2940379403794038 0.46875 0.31029810298102983 0.46625 0.3130081300813008 0.458125 0.2994579945799458 0.4525 0.2669376693766938 0.451875 0.26287262872628725 0.454375
1 0.24796747967479674 0.581875 0.23170731707317074 0.58875 0.22899728997289973 0.600625 0.23441734417344173 0.603125 0.2506775067750677 0.603125 0.26422764227642276 0.599375 0.2750677506775068 0.593125 0.2777777777777778 0.58375 0.27235772357723576 0.581875 0.24796747967479674 0.581875
1 0.483739837398374 0.439375 0.46747967479674796 0.444375 0.462059620596206 0.448125 0.462059620596206 0.455 0.46747967479674796 0.460625 0.4905149051490515 0.460625 0.5040650406504065 0.4575 0.5067750677506775 0.448125 0.497289972899729 0.440625 0.483739837398374 0.439375
1 0.3699186991869919 0.39125 0.35636856368563685 0.39125 0.34823848238482386 0.39375 0.3428184281842818 0.3975 0.3428184281842818 0.403125 0.35365853658536583 0.408125 0.3780487804878049 0.408125 0.3888888888888889 0.40375 0.3888888888888889 0.39625 0.38346883468834686 0.39375 0.3699186991869919 0.39125
1 0.17479674796747968 0.28875 0.17479674796747968 0.305 0.18292682926829268 0.3075 0.1991869918699187 0.3075 0.21002710027100271 0.299375 0.2073170731707317 0.288125 0.2018970189701897 0.285625 0.1856368563685637 0.284375 0.17479674796747968 0.28875
1 0.3319783197831978 0.361875 0.3319783197831978 0.37375 0.34823848238482386 0.379375 0.3617886178861789 0.379375 0.37262872628726285 0.3725 0.37262872628726285 0.365 0.36585365853658536 0.36 0.34552845528455284 0.356875 0.3319783197831978 0.361875
1 0.32926829268292684 0.53625 0.3265582655826558 0.545625 0.33739837398373984 0.551875 0.35907859078590787 0.5525 0.36449864498644985 0.550625 0.36720867208672087 0.538125 0.35501355013550134 0.5325 0.33739837398373984 0.5325 0.32926829268292684 0.53625
1 0.37262872628726285 0.534375 0.3699186991869919 0.546875 0.3888888888888889 0.5525 0.4065040650406504 0.550625 0.4105691056910569 0.5475 0.4078590785907859 0.53625 0.3915989159891599 0.53125 0.3807588075880759 0.53125 0.37262872628726285 0.534375
1 0.2669376693766938 0.41625 0.26422764227642276 0.43 0.2696476964769648 0.4325 0.28319783197831977 0.4325 0.2994579945799458 0.4225 0.2994579945799458 0.415625 0.2872628726287263 0.41125 0.2804878048780488 0.41125 0.2669376693766938 0.41625
1 0.16937669376693767 0.501875 0.16124661246612465 0.50625 0.16124661246612465 0.51375 0.17750677506775067 0.51875 0.2127371273712737 0.51625 0.22357723577235772 0.50875 0.22086720867208673 0.504375 0.2073170731707317 0.5 0.1802168021680217 0.5 0.16937669376693767 0.501875
1 0.13414634146341464 0.685625 0.11788617886178862 0.689375 0.11246612466124661 0.69375 0.11788617886178862 0.70375 0.12601626016260162 0.70625 0.13685636856368563 0.70625 0.15853658536585366 0.701875 0.15853658536585366 0.68875 0.14498644986449866 0.685625 0.13414634146341464 0.685625
1 0.14227642276422764 0.27375 0.13143631436314362 0.27875 0.13008130081300814 0.2875 0.13956639566395665 0.290625 0.15582655826558264 0.290625 0.17208672086720866 0.285625 0.17750677506775067 0.275625 0.17479674796747968 0.27375 0.15582655826558264 0.2725 0.14227642276422764 0.27375
1 0.8455284552845529 0.384375 0.8319783197831978 0.388125 0.8184281842818428 0.395625 0.8157181571815718 0.403125 0.8197831978319783 0.405625 0.8265582655826558 0.408125 0.8482384823848238 0.408125 0.8726287262872628 0.3975 0.8753387533875339 0.39 0.8658536585365854 0.384375 0.8455284552845529 0.384375
1 0.16937669376693767 0.6825 0.16666666666666666 0.700625 0.17479674796747968 0.7025 0.2018970189701897 0.70125 0.21002710027100271 0.694375 0.21002710027100271 0.685 0.2018970189701897 0.6775 0.1802168021680217 0.6775 0.16937669376693767 0.6825
1 0.6910569105691057 0.5525 0.6856368563685636 0.555625 0.6829268292682927 0.561875 0.6937669376693767 0.570625 0.7046070460704607 0.5725 0.7235772357723578 0.571875 0.7289972899728997 0.566875 0.7289972899728997 0.560625 0.7208672086720868 0.5525 0.6910569105691057 0.5525
1 0.5094850948509485 0.634375 0.483739837398374 0.634375 0.47560975609756095 0.639375 0.47831978319783197 0.649375 0.494579945799458 0.654375 0.516260162601626 0.6525 0.5230352303523035 0.64875 0.5230352303523035 0.641875 0.5176151761517616 0.636875 0.5094850948509485 0.634375
1 0.3970189701897019 0.434375 0.3861788617886179 0.43625 0.38346883468834686 0.444375 0.39295392953929537 0.451875 0.4078590785907859 0.45625 0.42005420054200543 0.455625 0.4268292682926829 0.4525 0.4268292682926829 0.444375 0.42005420054200543 0.438125 0.3970189701897019 0.434375
1 0.8644986449864499 0.33125 0.8536585365853658 0.335625 0.8536585365853658 0.350625 0.8644986449864499 0.355625 0.8834688346883469 0.355625 0.8902439024390244 0.35375 0.8943089430894309 0.349375 0.8915989159891599 0.33875 0.8699186991869918 0.33125 0.8644986449864499 0.33125
1 0.38346883468834686 0.5 0.36720867208672087 0.50125 0.36449864498644985 0.509375 0.3780487804878049 0.5225 0.3915989159891599 0.525625 0.4037940379403794 0.524375 0.4132791327913279 0.51875 0.4132791327913279 0.511875 0.4024390243902439 0.504375 0.38346883468834686 0.5
1 0.22357723577235772 0.3025 0.2181571815718157 0.3075 0.2181571815718157 0.313125 0.23170731707317074 0.319375 0.24254742547425473 0.319375 0.25609756097560976 0.31 0.25338753387533874 0.3025 0.24525745257452575 0.29875 0.22357723577235772 0.3025
1 0.453929539295393 0.62125 0.4349593495934959 0.6125 0.4159891598915989 0.6125 0.4078590785907859 0.615625 0.4078590785907859 0.624375 0.4132791327913279 0.629375 0.4349593495934959 0.638125 0.45121951219512196 0.63625 0.45934959349593496 0.629375 0.45934959349593496 0.625 0.453929539295393 0.62125
1 0.11382113821138211 0.294375 0.10975609756097561 0.296875 0.11246612466124661 0.306875 0.13414634146341464 0.31125 0.14363143631436315 0.31 0.14769647696476965 0.306875 0.14498644986449866 0.3 0.12601626016260162 0.29375 0.11382113821138211 0.294375
1 0.16937669376693767 0.353125 0.2018970189701897 0.355625 0.2073170731707317 0.353125 0.2073170731707317 0.34375 0.19647696476964768 0.33875 0.1802168021680217 0.33625 0.16937669376693767 0.338125 0.16937669376693767 0.353125
1 0.6856368563685636 0.52625 0.6720867208672087 0.53125 0.6720867208672087 0.54125 0.6829268292682927 0.546875 0.7046070460704607 0.5475 0.7100271002710027 0.545625 0.7127371273712737 0.5325 0.7073170731707317 0.529375 0.6964769647696477 0.52625 0.6856368563685636 0.52625
1 0.513550135501355 0.37625 0.5067750677506775 0.38 0.5067750677506775 0.389375 0.5230352303523035 0.39625 0.540650406504065 0.39625 0.5501355013550135 0.39125 0.5501355013550135 0.3825 0.5338753387533876 0.375625 0.513550135501355 0.37625
1 0.5907859078590786 0.481875 0.5853658536585366 0.485 0.5853658536585366 0.49625 0.5934959349593496 0.50125 0.6124661246612466 0.50125 0.6233062330623306 0.495 0.6205962059620597 0.484375 0.6124661246612466 0.480625 0.5907859078590786 0.481875
1 0.497289972899729 0.69625 0.497289972899729 0.708125 0.5067750677506775 0.713125 0.5257452574525745 0.715 0.5365853658536586 0.70375 0.5311653116531165 0.694375 0.5257452574525745 0.6925 0.5121951219512195 0.6925 0.497289972899729 0.69625
1 0.6124661246612466 0.408125 0.6043360433604336 0.41125 0.6016260162601627 0.418125 0.6151761517615176 0.42625 0.6436314363143631 0.4275 0.6531165311653117 0.42375 0.6558265582655827 0.416875 0.6504065040650406 0.411875 0.6422764227642277 0.409375 0.6124661246612466 0.408125
1 0.2018970189701897 0.46625 0.1937669376693767 0.46875 0.1937669376693767 0.47375 0.2046070460704607 0.480625 0.22628726287262874 0.481875 0.23712737127371275 0.478125 0.23712737127371275 0.473125 0.23035230352303523 0.46875 0.2018970189701897 0.46625
1 0.1991869918699187 0.714375 0.19647696476964768 0.72 0.21002710027100271 0.726875 0.22764227642276422 0.728125 0.23983739837398374 0.725 0.23983739837398374 0.716875 0.22899728997289973 0.711875 0.2046070460704607 0.711875 0.1991869918699187 0.714375
1 0.8021680216802168 0.470625 0.7940379403794038 0.47375 0.7913279132791328 0.483125 0.7994579945799458 0.4875 0.8075880758807588 0.489375 0.8265582655826558 0.489375 0.8373983739837398 0.485 0.8346883468834688 0.478125 0.8265582655826558 0.473125 0.8021680216802168 0.470625
1 0.3048780487804878 0.3725 0.2967479674796748 0.376875 0.2967479674796748 0.385 0.3130081300813008 0.39125 0.3319783197831978 0.3925 0.34010840108401086 0.39 0.3428184281842818 0.381875 0.3319783197831978 0.375 0.32113821138211385 0.3725 0.3048780487804878 0.3725
1 0.7371273712737128 0.49 0.7371273712737128 0.50125 0.7452574525745257 0.50625 0.7696476964769647 0.50625 0.7750677506775068 0.50375 0.7777777777777778 0.49 0.7723577235772358 0.48625 0.7533875338753387 0.484375 0.7371273712737128 0.49
1 0.34552845528455284 0.244375 0.32926829268292684 0.239375 0.31842818428184283 0.239375 0.3075880758807588 0.243125 0.3048780487804878 0.251875 0.31029810298102983 0.258125 0.3238482384823848 0.264375 0.33739837398373984 0.26625 0.34417344173441733 0.265 0.3509485094850949 0.259375 0.3509485094850949 0.248125 0.34552845528455284 0.244375