1 0.7655826558265583 0.254375 0.7601626016260162 0.24875 0.7520325203252033 0.24625 0.7357723577235772 0.246875 0.7222222222222222 0.2525 0.7195121951219512 0.26 0.7317073170731707 0.2675 0.7547425474254743 0.266875 0.7628726287262872 0.2625 0.7655826558265583 0.254375
1 0.21680216802168023 0.536875 0.1897018970189702 0.53625 0.17615176151761516 0.539375 0.17615176151761516 0.54625 0.1856368563685637 0.550625 0.2086720867208672 0.551875 0.22493224932249323 0.548125 0.22764227642276422 0.54125 0.21680216802168023 0.536875
1 0.516260162601626 0.48875 0.508130081300813 0.485625 0.47831978319783197 0.48625 0.4742547425474255 0.490625 0.47696476964769646 0.49875 0.491869918699187 0.50375 0.513550135501355 0.50375 0.518970189701897 0.5025 0.516260162601626 0.48875
1 0.6734417344173442 0.48375 0.6734417344173442 0.475625 0.6626016260162602 0.4675 0.6463414634146342 0.464375 0.6314363143631436 0.466875 0.6273712737127372 0.47125 0.6327913279132791 0.48125 0.6476964769647696 0.48625 0.6680216802168022 0.48625 0.6734417344173442 0.48375
1 0.8252032520325203 0.65625 0.8211382113821138 0.6475 0.8062330623306233 0.641875 0.7872628726287263 0.641875 0.7818428184281843 0.646875 0.7818428184281843 0.654375 0.7872628726287263 0.65875 0.8021680216802168 0.661875 0.8197831978319783 0.66125 0.8252032520325203 0.65625
1 0.518970189701897 0.37375 0.510840108401084 0.365625 0.4959349593495935 0.361875 0.4796747967479675 0.36375 0.4742547425474255 0.368125 0.4742547425474255 0.373125 0.483739837398374 0.379375 0.508130081300813 0.380625 0.516260162601626 0.3775 0.518970189701897 0.37375
1 0.9010840108401084 0.5775 0.8794037940379403 0.57625 0.8712737127371274 0.5775 0.8631436314363143 0.581875 0.8631436314363143 0.589375 0.8794037940379403 0.59375 0.9214092140921409 0.593125 0.9200542005420054 0.58625 0.9010840108401084 0.5775
1 0.4932249322493225 0.6375 0.4823848238482385 0.630625 0.45799457994579945 0.6275 0.4444444444444444 0.630625 0.44173441734417346 0.638125 0.44986449864498645 0.645625 0.4715447154471545 0.650625 0.4823848238482385 0.650625 0.4905149051490515 0.648125 0.4932249322493225 0.6375
1 0.24119241192411925 0.42625 0.23035230352303523 0.41875 0.2140921409214092 0.415625 0.2005420054200542 0.41625 0.1951219512195122 0.42375 0.1978319783197832 0.4325 0.2140921409214092 0.4375 0.23306233062330622 0.4375 0.23848238482384823 0.435625 0.24119241192411925 0.42625
1 0.47696476964769646 0.66125 0.47696476964769646 0.653125 0.46883468834688347 0.649375 0.4444444444444444 0.64625 0.43360433604336046 0.64875 0.43360433604336046 0.654375 0.44037940379403795 0.659375 0.45257452574525747 0.66375 0.4715447154471545 0.66375 0.47696476964769646 0.66125
1 0.9119241192411924 0.553125 0.8875338753387534 0.553125 0.8739837398373984 0.560625 0.8766937669376694 0.56875 0.8848238482384824 0.5725 0.9065040650406504 0.5725 0.9173441734417345 0.5675 0.9200542005420054 0.558125 0.9119241192411924 0.553125
1 0.34146341463414637 0.48375 0.3224932249322493 0.48375 0.3143631436314363 0.486875 0.3143631436314363 0.490625 0.32791327913279134 0.5025 0.34959349593495936 0.5025 0.35772357723577236 0.49875 0.3604336043360434 0.491875 0.34146341463414637 0.48375
1 0.1842818428184282 0.584375 0.17886178861788618 0.581875 0.16802168021680217 0.58125 0.15176151761517614 0.583125 0.13821138211382114 0.59625 0.14092140921409213 0.60125 0.15176151761517614 0.60625 0.16802168021680217 0.605625 0.18157181571815717 0.5975 0.1842818428184282 0.584375
1 0.34417344173441733 0.65125 0.3224932249322493 0.651875 0.3116531165311653 0.659375 0.3116531165311653 0.66375 0.31978319783197834 0.67125 0.34146341463414637 0.6725 0.34688346883468835 0.66875 0.34959349593495936 0.654375 0.34417344173441733 0.65125
1 0.2872628726287263 0.43625 0.2682926829268293 0.429375 0.25203252032520324 0.429375 0.24661246612466126 0.4325 0.24661246612466126 0.441875 0.26287262872628725 0.4525 0.2899728997289973 0.45125 0.2926829268292683 0.44 0.2872628726287263 0.43625
1 0.4796747967479675 0.57 0.46612466124661245 0.565625 0.4444444444444444 0.565 0.43360433604336046 0.5675 0.4281842818428184 0.57125 0.4281842818428184 0.57625 0.44715447154471544 0.58375 0.46883468834688347 0.58375 0.47831978319783197 0.57875 0.4796747967479675 0.57
1 0.5840108401084011 0.406875 0.5650406504065041 0.40625 0.55420054200542 0.411875 0.55420054200542 0.42 0.5650406504065041 0.42625 0.5785907859078591 0.428125 0.5948509485094851 0.423125 0.5975609756097561 0.415625 0.5840108401084011 0.406875
1 0.7168021680216802 0.73125 0.7005420054200542 0.72375 0.6761517615176151 0.72375 0.6707317073170732 0.7275 0.6734417344173442 0.739375 0.6869918699186992 0.745625 0.7059620596205962 0.746875 0.7168021680216802 0.741875 0.7168021680216802 0.73125
1 0.6978319783197832 0.303125 0.7005420054200542 0.291875 0.6897018970189702 0.288125 0.6747967479674797 0.288125 0.6693766937669376 0.29 0.6571815718157181 0.29625 0.6544715447154471 0.30125 0.6571815718157181 0.30625 0.6693766937669376 0.309375 0.6869918699186992 0.308125 0.6978319783197832 0.303125
1 0.4959349593495935 0.155 0.4634146341463415 0.155 0.45257452574525747 0.160625 0.45257452574525747 0.168125 0.46476964769647694 0.173125 0.48509485094850946 0.1725 0.5 0.16625 0.502710027100271 0.15875 0.4959349593495935 0.155
1 0.8929539295392954 0.5325 0.8712737127371274 0.5325 0.8631436314363143 0.53875 0.8631436314363143 0.5475 0.8766937669376694 0.5525 0.8902439024390244 0.5525 0.9010840108401084 0.55 0.9010840108401084 0.53625 0.8929539295392954 0.5325
1 0.4986449864498645 0.465 0.4959349593495935 0.47375 0.5 0.478125 0.521680216802168 0.47875 0.532520325203252 0.474375 0.532520325203252 0.460625 0.5094850948509485 0.46 0.4986449864498645 0.465
1 0.1978319783197832 0.39 0.17344173441734417 0.38875 0.15989159891598917 0.393125 0.16260162601626016 0.4 0.17886178861788618 0.40625 0.20596205962059622 0.40625 0.21002710027100271 0.404375 0.21138211382113822 0.396875 0.1978319783197832 0.39
1 0.2791327913279133 0.48875 0.2791327913279133 0.4825 0.27235772357723576 0.47625 0.25474254742547425 0.473125 0.24390243902439024 0.474375 0.24119241192411925 0.485 0.24661246612466126 0.48875 0.26287262872628725 0.493125 0.27235772357723576 0.493125 0.2791327913279133 0.48875
1 0.2953929539295393 0.610625 0.2682926829268293 0.60875 0.25745257452574527 0.613125 0.26287262872628725 0.620625 0.27371273712737126 0.624375 0.2981029810298103 0.625 0.3048780487804878 0.623125 0.3062330623306233 0.615625 0.2953929539295393 0.610625
1 0.34688346883468835 0.415625 0.3238482384823848 0.41625 0.3143631436314363 0.42125 0.3170731707317073 0.4325 0.32791327913279134 0.435625 0.34146341463414637 0.435625 0.35636856368563685 0.430625 0.35772357723577236 0.42125 0.34688346883468835 0.415625
1 0.8008130081300813 0.675625 0.8008130081300813 0.66375 0.7926829268292683 0.66 0.7737127371273713 0.66 0.7574525745257452 0.67 0.7547425474254743 0.676875 0.7588075880758808 0.681875 0.7818428184281843 0.684375 0.7953929539295393 0.679375 0.8008130081300813 0.675625
1 0.6219512195121951 0.524375 0.6219512195121951 0.516875 0.6111111111111112 0.5125 0.5867208672086721 0.5125 0.5785907859078591 0.515625 0.575880758807588 0.526875 0.5813008130081301 0.53125 0.6056910569105691 0.531875 0.6165311653116531 0.529375 0.6219512195121951 0.524375
1 0.7981029810298103 0.295625 0.7926829268292683 0.298125 0.7953929539295393 0.31125 0.8089430894308943 0.31625 0.8306233062330624 0.313125 0.8306233062330624 0.300625 0.8197831978319783 0.29625 0.7981029810298103 0.295625
1 0.6463414634146342 0.624375 0.6463414634146342 0.611875 0.6409214092140921 0.60875 0.6300813008130082 0.6075 0.6165311653116531 0.60875 0.6056910569105691 0.615625 0.6056910569105691 0.624375 0.6219512195121951 0.63 0.6382113821138211 0.628125 0.6463414634146342 0.624375
1 0.5975609756097561 0.485625 0.5867208672086721 0.47875 0.5663956639566395 0.4775 0.5528455284552846 0.479375 0.5487804878048781 0.49 0.55420054200542 0.493125 0.5623306233062331 0.495625 0.5894308943089431 0.495625 0.5934959349593496 0.493125 0.5975609756097561 0.485625
1 0.8875338753387534 0.60375 0.8644986449864499 0.606875 0.8577235772357723 0.615625 0.8631436314363143 0.62 0.8766937669376694 0.621875 0.8983739837398373 0.620625 0.9037940379403794 0.6175 0.9051490514905149 0.609375 0.8875338753387534 0.60375
1 0.1951219512195122 0.428125 0.1951219512195122 0.415625 0.1842818428184282 0.408125 0.16531165311653118 0.408125 0.15718157181571815 0.413125 0.15718157181571815 0.42 0.16531165311653118 0.4275 0.17344173441734417 0.430625 0.1897018970189702 0.430625 0.1951219512195122 0.428125
1 0.44986449864498645 0.618125 0.44986449864498645 0.611875 0.43902439024390244 0.60625 0.42005420054200543 0.605 0.4065040650406504 0.60875 0.4037940379403794 0.614375 0.41192411924119243 0.62125 0.42276422764227645 0.624375 0.4444444444444444 0.623125 0.44986449864498645 0.618125
1 0.46612466124661245 0.3875 0.4444444444444444 0.386875 0.4363143631436314 0.3925 0.43902439024390244 0.405 0.44850948509485095 0.40875 0.46612466124661245 0.40875 0.4742547425474255 0.40625 0.47696476964769646 0.3975 0.46612466124661245 0.3875
1 0.6382113821138211 0.513125 0.6490514905149052 0.51 0.6517615176151762 0.495625 0.6463414634146342 0.49125 0.6382113821138211 0.488125 0.6219512195121951 0.488125 0.6151761517615176 0.49 0.6084010840108401 0.49625 0.6084010840108401 0.505 0.6138211382113821 0.50875 0.6300813008130082 0.513125 0.6382113821138211 0.513125
1 0.2953929539295393 0.355625 0.2764227642276423 0.35625 0.26558265582655827 0.363125 0.2682926829268293 0.370625 0.2791327913279133 0.375 0.2953929539295393 0.376875 0.3089430894308943 0.375 0.3089430894308943 0.360625 0.2953929539295393 0.355625
1 0.7628726287262872 0.28 0.7479674796747967 0.28125 0.7303523035230353 0.28875 0.7330623306233063 0.295625 0.7466124661246613 0.30125 0.7710027100271003 0.30125 0.7791327913279132 0.298125 0.7818428184281843 0.286875 0.7628726287262872 0.28
1 0.5623306233062331 0.6325 0.5447154471544715 0.6325 0.5298102981029811 0.641875 0.5298102981029811 0.646875 0.5460704607046071 0.653125 0.5623306233062331 0.651875 0.5704607046070461 0.648125 0.573170731707317 0.6375 0.5623306233062331 0.6325
1 0.7249322493224932 0.65375 0.7113821138211383 0.654375 0.7059620596205962 0.6575 0.7059620596205962 0.66875 0.7113821138211383 0.674375 0.7303523035230353 0.679375 0.7466124661246613 0.676875 0.7466124661246613 0.661875 0.7249322493224932 0.65375
1 0.5271002710027101 0.625 0.508130081300813 0.62625 0.4986449864498645 0.6325 0.4986449864498645 0.641875 0.5067750677506775 0.644375 0.5271002710027101 0.644375 0.540650406504065 0.6375 0.540650406504065 0.63 0.5271002710027101 0.625
1 0.46612466124661245 0.584375 0.43360433604336046 0.583125 0.42276422764227645 0.585625 0.42005420054200543 0.59375 0.4349593495934959 0.6 0.46883468834688347 0.601875 0.4796747967479675 0.59875 0.4796747967479675 0.590625 0.46612466124661245 0.584375
1 0.8062330623306233 0.48875 0.7981029810298103 0.49125 0.7981029810298103 0.505 0.8279132791327913 0.508125 0.8387533875338753 0.503125 0.8387533875338753 0.495 0.8252032520325203 0.48875 0.8062330623306233 0.48875
1 0.6273712737127372 0.48375 0.6300813008130082 0.47375 0.6246612466124661 0.469375 0.6056910569105691 0.465625 0.5867208672086721 0.465625 0.5785907859078591 0.46875 0.5813008130081301 0.4775 0.5948509485094851 0.48375 0.6016260162601627 0.485625 0.6219512195121951 0.485625 0.6273712737127372 0.48375
1 0.535230352303523 0.6925 0.516260162601626 0.6925 0.5 0.7 0.502710027100271 0.705625 0.5149051490514905 0.709375 0.535230352303523 0.709375 0.5460704607046071 0.704375 0.5487804878048781 0.698125 0.535230352303523 0.6925
1 0.6436314363143631 0.4525 0.6273712737127372 0.4475 0.5989159891598916 0.4475 0.5867208672086721 0.454375 0.5867208672086721 0.46 0.592140921409214 0.46375 0.5989159891598916 0.464375 0.6219512195121951 0.464375 0.6409214092140921 0.4575 0.6436314363143631 0.4525
1 0.2899728997289973 0.2975 0.28319783197831977 0.2925 0.27371273712737126 0.29 0.24932249322493225 0.291875 0.24390243902439024 0.29625 0.24390243902439024 0.30125 0.25474254742547425 0.30875 0.27371273712737126 0.310625 0.2872628726287263 0.30625 0.2899728997289973 0.2975
1 0.5623306233062331 0.5525 0.5487804878048781 0.548125 0.535230352303523 0.548125 0.5298102981029811 0.55 0.521680216802168 0.556875 0.524390243902439 0.5625 0.5460704607046071 0.57 0.55420054200542 0.57 0.5623306233062331 0.56625 0.5623306233062331 0.5525
1 0.25745257452574527 0.490625 0.23577235772357724 0.491875 0.2222222222222222 0.49875 0.22764227642276422 0.505625 0.24254742547425473 0.50875 0.25745257452574527 0.5075 0.2682926829268293 0.50375 0.27100271002710025 0.496875 0.25745257452574527 0.490625
1 0.8875338753387534 0.50875 0.8821138211382114 0.505 0.8712737127371274 0.5025 0.8441734417344173 0.5025 0.8387533875338753 0.505625 0.8360433604336044 0.5125 0.8468834688346883 0.51875 0.8766937669376694 0.519375 0.8848238482384824 0.516875 0.8875338753387534 0.50875
1 0.42276422764227645 0.683125 0.4254742547425474 0.67125 0.42140921409214094 0.6675 0.41192411924119243 0.665 0.3956639566395664 0.665 0.3875338753387534 0.66875 0.3794037940379404 0.679375 0.3821138211382114 0.68875 0.4010840108401084 0.6925 0.41192411924119243 0.69 0.42276422764227645 0.683125
1 0.8550135501355014 0.600625 0.8414634146341463 0.596875 0.8211382113821138 0.59875 0.8170731707317073 0.6025 0.8197831978319783 0.613125 0.8346883468834688 0.618125 0.8577235772357723 0.616875 0.8604336043360433 0.604375 0.8550135501355014 0.600625
1 0.6747967479674797 0.540625 0.6788617886178862 0.536875 0.6788617886178862 0.526875 0.6720867208672087 0.52125 0.6531165311653117 0.518125 0.6409214092140921 0.524375 0.6409214092140921 0.53625 0.6463414634146342 0.54125 0.6544715447154471 0.54375 0.6653116531165312 0.54375 0.6747967479674797 0.540625
1 0.3794037940379404 0.529375 0.3685636856368564 0.524375 0.34146341463414637 0.524375 0.33604336043360433 0.526875 0.3333333333333333 0.53375 0.33875338753387535 0.53875 0.34688346883468835 0.54125 0.3685636856368564 0.54125 0.37669376693766937 0.538125 0.3794037940379404 0.529375
1 0.2940379403794038 0.466875 0.2845528455284553 0.473125 0.2845528455284553 0.480625 0.3035230352303523 0.48125 0.3252032520325203 0.474375 0.3252032520325203 0.465625 0.3075880758807588 0.465 0.2940379403794038 0.466875
1 0.5704607046070461 0.553125 0.5650406504065041 0.555625 0.5650406504065041 0.57 0.5826558265582655 0.575625 0.6029810298102981 0.5725 0.6056910569105691 0.560625 0.5962059620596206 0.55375 0.5704607046070461 0.553125
1 0.8956639566395664 0.650625 0.8848238482384824 0.644375 0.8550135501355014 0.644375 0.8468834688346883 0.64875 0.8441734417344173 0.654375 0.8495934959349594 0.65875 0.8604336043360433 0.66125 0.8821138211382114 0.66125 0.8875338753387534 0.65875 0.8956639566395664 0.650625
1 0.6327913279132791 0.5425 0.6327913279132791 0.53375 0.6246612466124661 0.529375 0.6056910569105691 0.53125 0.5948509485094851 0.53625 0.5948509485094851 0.54625 0.6056910569105691 0.550625 0.6192411924119241 0.550625 0.6273712737127372 0.5475 0.6327913279132791 0.5425
1 0.6192411924119241 0.680625 0.5975609756097561 0.675625 0.5785907859078591 0.678125 0.573170731707317 0.681875 0.575880758807588 0.6875 0.5975609756097561 0.695 0.6111111111111112 0.695 0.6219512195121951 0.69 0.6192411924119241 0.680625
1 0.5704607046070461 0.651875 0.5487804878048781 0.65375 0.540650406504065 0.65875 0.540650406504065 0.66375 0.559620596205962 0.67 0.575880758807588 0.669375 0.5867208672086721 0.665 0.5867208672086721 0.656875 0.5704607046070461 0.651875
1 0.4959349593495935 0.606875 0.4796747967479675 0.606875 0.4634146341463415 0.6125 0.46070460704607047 0.6175 0.4742547425474255 0.625 0.4986449864498645 0.625 0.508130081300813 0.621875 0.510840108401084 0.613125 0.4959349593495935 0.606875
1 0.5704607046070461 0.4575 0.551490514905149 0.455625 0.537940379403794 0.46 0.537940379403794 0.474375 0.5460704607046071 0.4775 0.5650406504065041 0.475625 0.575880758807588 0.470625 0.5785907859078591 0.46375 0.5704607046070461 0.4575
1 0.7953929539295393 0.508125 0.7926829268292683 0.49875 0.7818428184281843 0.495625 0.7628726287262872 0.495625 0.7439024390243902 0.50375 0.7384823848238482 0.5125 0.7493224932249323 0.518125 0.7655826558265583 0.518125 0.7913279132791328 0.51 0.7953929539295393 0.508125
1 0.6490514905149052 0.586875 0.6300813008130082 0.586875 0.6219512195121951 0.589375 0.6219512195121951 0.59625 0.6300813008130082 0.599375 0.6517615176151762 0.60125 0.6598915989159891 0.59875 0.6598915989159891 0.589375 0.6490514905149052 0.586875
1 0.8360433604336044 0.35375 0.8360433604336044 0.345625 0.8306233062330624 0.3425 0.7981029810298103 0.34375 0.7845528455284553 0.350625 0.7845528455284553 0.358125 0.7899728997289973 0.360625 0.8170731707317073 0.36125 0.8265582655826558 0.359375 0.8360433604336044 0.35375
1 0.8116531165311653 0.19125 0.8116531165311653 0.18625 0.7953929539295393 0.18125 0.7750677506775068 0.183125 0.7628726287262872 0.1875 0.7628726287262872 0.1925 0.7737127371273713 0.1975 0.7981029810298103 0.1975 0.8062330623306233 0.195 0.8116531165311653 0.19125
1 0.8821138211382114 0.661875 0.8617886178861789 0.661875 0.8468834688346883 0.66875 0.8468834688346883 0.675625 0.8604336043360433 0.679375 0.8821138211382114 0.679375 0.8929539295392954 0.675625 0.8956639566395664 0.669375 0.8821138211382114 0.661875
1 0.17615176151761516 0.43875 0.17073170731707318 0.443125 0.18157181571815717 0.451875 0.1978319783197832 0.451875 0.2086720867208672 0.448125 0.2086720867208672 0.43625 0.1897018970189702 0.435625 0.17615176151761516 0.43875
1 0.34688346883468835 0.586875 0.34688346883468835 0.578125 0.33875338753387535 0.575 0.32791327913279134 0.575 0.3143631436314363 0.578125 0.3062330623306233 0.585625 0.3062330623306233 0.590625 0.3170731707317073 0.59625 0.3333333333333333 0.595 0.34688346883468835 0.586875
1 0.34688346883468835 0.36125 0.33604336043360433 0.35875 0.3143631436314363 0.360625 0.3143631436314363 0.37125 0.32113821138211385 0.375625 0.34417344173441733 0.37875 0.3523035230352303 0.375 0.35501355013550134 0.37 0.34688346883468835 0.36125
1 0.15718157181571815 0.41875 0.15176151761517614 0.416875 0.13279132791327913 0.41875 0.13008130081300814 0.43125 0.13685636856368563 0.436875 0.15176151761517614 0.439375 0.16260162601626016 0.43625 0.16531165311653118 0.42625 0.15718157181571815 0.41875
1 0.25203252032520324 0.36625 0.25474254742547425 0.36 0.24119241192411925 0.34875 0.23306233062330622 0.345625 0.2140921409214092 0.34625 0.2086720867208672 0.34875 0.2086720867208672 0.358125 0.2140921409214092 0.36375 0.22628726287262874 0.36875 0.24661246612466126 0.36875 0.25203252032520324 0.36625
1 0.2981029810298103 0.353125 0.3008130081300813 0.344375 0.2926829268292683 0.339375 0.2791327913279133 0.335625 0.26558265582655827 0.3375 0.2601626016260163 0.3425 0.2601626016260163 0.34875 0.2669376693766938 0.35375 0.27100271002710025 0.355625 0.2845528455284553 0.355625 0.2981029810298103 0.353125
1 0.4959349593495935 0.50875 0.4823848238482385 0.50875 0.46612466124661245 0.515625 0.4634146341463415 0.524375 0.4715447154471545 0.52875 0.4905149051490515 0.52875 0.502710027100271 0.524375 0.505420054200542 0.515 0.4959349593495935 0.50875
1 0.5271002710027101 0.581875 0.521680216802168 0.5775 0.510840108401084 0.575 0.489159891598916 0.575 0.4742547425474255 0.581875 0.4742547425474255 0.586875 0.4823848238482385 0.59125 0.508130081300813 0.593125 0.524390243902439 0.589375 0.5271002710027101 0.581875
1 0.5677506775067751 0.711875 0.556910569105691 0.706875 0.540650406504065 0.708125 0.5298102981029811 0.718125 0.532520325203252 0.724375 0.551490514905149 0.73125 0.573170731707317 0.73 0.575880758807588 0.71875 0.5677506775067751 0.711875
1 0.5867208672086721 0.40625 0.592140921409214 0.403125 0.592140921409214 0.393125 0.5826558265582655 0.386875 0.5650406504065041 0.3825 0.5474254742547425 0.385 0.5433604336043361 0.386875 0.5433604336043361 0.394375 0.551490514905149 0.40125 0.5623306233062331 0.40625 0.5867208672086721 0.40625
1 0.37669376693766937 0.443125 0.35636856368563685 0.44125 0.34417344173441733 0.444375 0.34417344173441733 0.453125 0.35501355013550134 0.459375 0.37398373983739835 0.460625 0.3861788617886179 0.458125 0.3875338753387534 0.45 0.37669376693766937 0.443125
1 0.3333333333333333 0.376875 0.3170731707317073 0.376875 0.2981029810298103 0.3875 0.3021680216802168 0.39625 0.3170731707317073 0.401875 0.32791327913279134 0.401875 0.34146341463414637 0.396875 0.34146341463414637 0.38 0.3333333333333333 0.376875
1 0.25609756097560976 0.450625 0.0027100271002710027 0.00125
1 0.2872628726287263 0.455 0.26422764227642276 0.455 0.25474254742547425 0.460625 0.25474254742547425 0.47125 0.2682926829268293 0.475625 0.2764227642276423 0.475625 0.2845528455284553 0.4725 0.2899728997289973 0.46875 0.2872628726287263 0.455
1 0.7357723577235772 0.299375 0.7086720867208672 0.30125 0.6978319783197832 0.30625 0.6978319783197832 0.314375 0.7059620596205962 0.3175 0.7384823848238482 0.3175 0.7493224932249323 0.3125 0.7493224932249323 0.303125 0.7357723577235772 0.299375
1 0.2899728997289973 0.50375 0.27100271002710025 0.503125 0.25745257452574527 0.50875 0.25745257452574527 0.516875 0.26287262872628725 0.519375 0.2899728997289973 0.519375 0.3008130081300813 0.515625 0.3035230352303523 0.51 0.2899728997289973 0.50375
1 0.3252032520325203 0.5025 0.3143631436314363 0.49125 0.3089430894308943 0.48875 0.2845528455284553 0.48875 0.2764227642276423 0.49375 0.2764227642276423 0.49875 0.28184281842818426 0.501875 0.3008130081300813 0.50875 0.32113821138211385 0.506875 0.3252032520325203 0.5025
1 0.3712737127371274 0.29125 0.35772357723577236 0.286875 0.33875338753387535 0.286875 0.3333333333333333 0.290625 0.33604336043360433 0.303125 0.3523035230352303 0.3075 0.3699186991869919 0.305625 0.37398373983739835 0.3025 0.3712737127371274 0.29125
1 0.23306233062330622 0.46375 0.21680216802168023 0.459375 0.1978319783197832 0.460625 0.19241192411924118 0.464375 0.1951219512195122 0.47375 0.2086720867208672 0.47875 0.23035230352303523 0.478125 0.23577235772357724 0.474375 0.23306233062330622 0.46375
1 0.7168021680216802 0.25875 0.7140921409214093 0.24875 0.6951219512195121 0.241875 0.6869918699186992 0.24125 0.6761517615176151 0.24375 0.6707317073170732 0.24875 0.6761517615176151 0.26 0.6897018970189702 0.264375 0.7059620596205962 0.26375 0.7168021680216802 0.25875
1 0.7086720867208672 0.67125 0.6924119241192412 0.666875 0.6734417344173442 0.67 0.6653116531165312 0.6775 0.6680216802168022 0.683125 0.6747967479674797 0.685625 0.7005420054200542 0.684375 0.7113821138211383 0.679375 0.7086720867208672 0.67125
1 0.26287262872628725 0.454375 0.24932249322493225 0.445 0.22628726287262874 0.444375 0.21680216802168023 0.448125 0.21680216802168023 0.4575 0.22764227642276422 0.461875 0.25474254742547425 0.461875 0.26287262872628725 0.4575 0.26287262872628725 0.454375
1 0.25203252032520324 0.404375 0.23577235772357724 0.398125 0.21951219512195122 0.4 0.2140921409214092 0.404375 0.2140921409214092 0.413125 0.23577235772357724 0.420625 0.24661246612466126 0.42 0.25474254742547425 0.41625 0.25203252032520324 0.404375