0 0.433125 0.8330564784053156 0.429375 0.834717607973422 0.433125 0.8338870431893688 0.43375 0.8380398671096345 0.4375 0.8380398671096345 0.433125 0.8330564784053156
0 0.443125 0.8322259136212624 0.44375 0.8289036544850499 0.446875 0.8322259136212624 0.446875 0.8272425249169435 0.45125 0.8272425249169435 0.45 0.8205980066445183 0.4525 0.8172757475083057 0.4525 0.8089700996677741 0.450625 0.8081395348837209 0.448125 0.8122923588039868 0.449375 0.8205980066445183 0.444375 0.8230897009966778 0.441875 0.8313953488372093 0.443125 0.8322259136212624
0 0.42125 0.7450166112956811 0.4275 0.7541528239202658 0.43625 0.7541528239202658 0.4475 0.7450166112956811 0.454375 0.7317275747508306 0.454375 0.71843853820598 0.4525 0.7142857142857143 0.448125 0.7101328903654485 0.43625 0.7117940199335548 0.42375 0.7259136212624585 0.42125 0.7317275747508306 0.42125 0.7450166112956811
0 0.418125 0.7956810631229236 0.41875 0.8181063122923588 0.424375 0.8313953488372093 0.4325 0.8380398671096345 0.44 0.8380398671096345 0.446875 0.8330564784053156 0.45125 0.8272425249169435 0.454375 0.8172757475083057 0.453125 0.7956810631229236 0.449375 0.7857142857142857 0.4425 0.7790697674418605 0.431875 0.7774086378737541 0.42625 0.7799003322259136 0.418125 0.7956810631229236
0 0.4228125 0.7354651162790697 0.000625 0.004152823920265781
0 0.54 0.3480066445182724 0.54375 0.3521594684385382 0.5525 0.3554817275747508 0.565 0.36710963455149503 0.57 0.3588039867109635 0.584375 0.35132890365448505 0.58375 0.3347176079734219 0.57 0.3230897009966777 0.560625 0.3230897009966777 0.55125 0.32641196013289037 0.54375 0.3338870431893688 0.54 0.3480066445182724
0 0.393125 0.7109634551495017 0.394375 0.7242524916943521 0.3975 0.7333887043189369 0.405 0.7367109634551495 0.4225 0.7342192691029901 0.423125 0.7267441860465116 0.430625 0.7151162790697675 0.430625 0.7059800664451827 0.4275 0.696843853820598 0.42125 0.6910299003322259 0.414375 0.6893687707641196 0.405 0.6910299003322259 0.398125 0.6976744186046512 0.393125 0.7109634551495017
0 0.365 0.6856312292358804 0.0025 0.0008305647840531562
0 0.3803125 0.6856312292358804 0.000625 0.0008305647840531562
0 0.46 0.8230897009966778 0.443125 0.8397009966777409 0.43625 0.8521594684385382 0.429375 0.8737541528239202 0.42875 0.9053156146179402 0.433125 0.9227574750830565 0.45 0.9493355481727574 0.459375 0.9551495016611296 0.483125 0.9593023255813954 0.5025 0.9534883720930233 0.516875 0.9410299003322259 0.530625 0.9169435215946844 0.53625 0.8911960132890365 0.53625 0.8704318936877077 0.53375 0.8571428571428571 0.52875 0.8438538205980066 0.516875 0.8264119601328903 0.495 0.813953488372093 0.476875 0.813953488372093 0.46 0.8230897009966778
1 0.286875 0.21428571428571427 0.291875 0.21760797342192692 0.305625 0.21760797342192692 0.31125 0.21179401993355482 0.31625 0.2009966777408638 0.31625 0.1852159468438538 0.30625 0.17109634551495018 0.29125 0.17109634551495018 0.28125 0.18106312292358803 0.28 0.20182724252491693 0.286875 0.21428571428571427
1 0.60375 0.2367109634551495 0.61 0.25 0.618125 0.25249169435215946 0.62625 0.24916943521594684 0.6325 0.24335548172757476 0.6375 0.23338870431893688 0.638125 0.20764119601328904 0.6325 0.2026578073089701 0.62125 0.20348837209302326 0.613125 0.21511627906976744 0.605 0.2217607973421927 0.60375 0.2367109634551495
1 0.459375 0.23089700996677742 0.460625 0.24501661129568106 0.463125 0.25 0.47625 0.2616279069767442 0.490625 0.2599667774086379 0.5 0.25 0.5075 0.23754152823920266 0.5075 0.23172757475083056 0.503125 0.22425249169435216 0.493125 0.21511627906976744 0.480625 0.21511627906976744 0.46875 0.21926910299003322 0.463125 0.223421926910299 0.459375 0.23089700996677742
1 0.37 0.5564784053156147 0.38 0.5705980066445183 0.394375 0.5705980066445183 0.399375 0.5672757475083057 0.408125 0.553156146179402 0.40625 0.5340531561461794 0.394375 0.5257475083056479 0.380625 0.5249169435215947 0.37375 0.53156146179402 0.370625 0.5398671096345515 0.37 0.5564784053156147
1 0.2125 0.5622923588039868 0.2125 0.5772425249169435 0.215 0.5872093023255814 0.225625 0.5963455149501661 0.233125 0.5963455149501661 0.2475 0.5863787375415282 0.25375 0.5772425249169435 0.256875 0.5681063122923588 0.255625 0.5481727574750831 0.24875 0.5390365448504983 0.235625 0.532392026578073 0.225625 0.5357142857142857 0.215 0.553156146179402 0.2125 0.5622923588039868
1 0.53125 0.3729235880398671 0.53875 0.3853820598006645 0.540625 0.3961794019933555 0.551875 0.4003322259136213 0.5575 0.39867109634551495 0.5625 0.39285714285714285 0.565 0.38372093023255816 0.565 0.3729235880398671 0.5625 0.36710963455149503 0.55 0.3546511627906977 0.54 0.35299003322259137 0.534375 0.3579734219269103 0.53125 0.36627906976744184 0.53125 0.3729235880398671
1 0.41875 0.7973421926910299 0.418125 0.8131229235880398 0.42625 0.8330564784053156 0.433125 0.8380398671096345 0.441875 0.8380398671096345 0.449375 0.829734219269103 0.454375 0.8172757475083057 0.4525 0.7973421926910299 0.446875 0.7865448504983389 0.439375 0.7790697674418605 0.42875 0.7790697674418605 0.42375 0.7857142857142857 0.41875 0.7973421926910299
1 0.40875 0.303156146179402 0.418125 0.3131229235880399 0.430625 0.3122923588039867 0.4425 0.292358803986711 0.4425 0.276578073089701 0.4375 0.26744186046511625 0.4225 0.2691029900332226 0.411875 0.2799003322259136 0.408125 0.2898671096345515 0.40875 0.303156146179402
1 0.490625 0.27325581395348836 0.49125 0.28488372093023256 0.495625 0.29401993355481726 0.505625 0.29651162790697677 0.511875 0.2931893687707641 0.518125 0.28488372093023256 0.52375 0.26744186046511625 0.52375 0.25 0.519375 0.2441860465116279 0.516875 0.24169435215946844 0.5075 0.24335548172757476 0.49625 0.25332225913621265 0.49125 0.2649501661129568 0.490625 0.27325581395348836
1 0.561875 0.473421926910299 0.561875 0.4850498338870432 0.56375 0.4900332225913621 0.569375 0.4950166112956811 0.58125 0.4941860465116279 0.591875 0.48255813953488375 0.593125 0.4642857142857143 0.589375 0.4584717607973422 0.579375 0.45348837209302323 0.57 0.4568106312292359 0.565 0.4634551495016611 0.561875 0.473421926910299
1 0.505 0.5722591362126246 0.5125 0.584717607973422 0.521875 0.5863787375415282 0.528125 0.5813953488372093 0.53875 0.5548172757475083 0.53875 0.5406976744186046 0.530625 0.5290697674418605 0.52 0.5307308970099668 0.510625 0.5382059800664452 0.505625 0.5481727574750831 0.505 0.5722591362126246
1 0.575 0.4260797342192691 0.57375 0.4426910299003322 0.5775 0.45099667774086377 0.586875 0.45598006644518274 0.59625 0.4584717607973422 0.6075 0.45514950166112955 0.615625 0.44435215946843853 0.615625 0.42857142857142855 0.61 0.420265780730897 0.60125 0.41362126245847175 0.58625 0.41362126245847175 0.5825 0.4152823920265781 0.575 0.4260797342192691
1 0.465 0.4634551495016611 0.4625 0.47259136212624586 0.4625 0.4883720930232558 0.465625 0.4983388704318937 0.474375 0.5033222591362126 0.48875 0.5 0.495625 0.4883720930232558 0.495625 0.4692691029900332 0.490625 0.4568106312292359 0.485 0.45182724252491696 0.47625 0.45182724252491696 0.470625 0.45514950166112955 0.465 0.4634551495016611
1 0.233125 0.6254152823920266 0.22625 0.6403654485049833 0.225625 0.6478405315614618 0.22875 0.6611295681063123 0.23375 0.665282392026578 0.255625 0.6661129568106312 0.268125 0.6611295681063123 0.273125 0.654485049833887 0.276875 0.643687707641196 0.27625 0.6353820598006644 0.269375 0.617109634551495 0.260625 0.6137873754152824 0.2475 0.6146179401993356 0.24125 0.617109634551495 0.233125 0.6254152823920266
1 0.42875 0.3230897009966777 0.429375 0.3380398671096346 0.44 0.3496677740863787 0.446875 0.3488372093023256 0.4575 0.34219269102990035 0.464375 0.33222591362126247 0.46875 0.3181063122923588 0.46875 0.30564784053156147 0.46625 0.3014950166112957 0.456875 0.29401993355481726 0.449375 0.29401993355481726 0.4425 0.29817275747508304 0.43125 0.3131229235880399 0.42875 0.3230897009966777
1 0.4575 0.15946843853820597 0.464375 0.17275747508305647 0.46875 0.17358803986710963 0.484375 0.1686046511627907 0.49 0.15033222591362128 0.48875 0.1270764119601329 0.48125 0.11710963455149502 0.47 0.11710963455149502 0.460625 0.1270764119601329 0.4575 0.1345514950166113 0.4575 0.15946843853820597
1 0.584375 0.1611295681063123 0.579375 0.1777408637873754 0.579375 0.18853820598006646 0.584375 0.20431893687707642 0.59125 0.21677740863787376 0.595625 0.21926910299003322 0.599375 0.21345514950166114 0.61 0.2159468438538206 0.613125 0.21345514950166114 0.6175 0.20514950166112958 0.616875 0.1852159468438538 0.610625 0.16777408637873753 0.596875 0.15282392026578073 0.59375 0.15199335548172757 0.590625 0.15282392026578073 0.584375 0.1611295681063123
1 0.31125 0.617109634551495 0.31125 0.6387043189368771 0.3125 0.643687707641196 0.318125 0.6503322259136213 0.3325 0.6503322259136213 0.339375 0.643687707641196 0.345625 0.6237541528239202 0.345625 0.6079734219269103 0.34375 0.6021594684385382 0.336875 0.5913621262458472 0.330625 0.590531561461794 0.323125 0.5938538205980066 0.315 0.6054817275747508 0.31125 0.617109634551495
1 0.613125 0.1611295681063123 0.62125 0.17109634551495018 0.628125 0.17524916943521596 0.641875 0.1744186046511628 0.651875 0.16029900332225913 0.650625 0.1403654485049834 0.644375 0.13205980066445183 0.638125 0.12956810631229235 0.620625 0.12956810631229235 0.613125 0.13704318936877077 0.613125 0.1611295681063123
1 0.183125 0.6121262458471761 0.184375 0.6320598006644518 0.194375 0.6403654485049833 0.204375 0.6411960132890365 0.218125 0.6320598006644518 0.22375 0.6254152823920266 0.225625 0.6196013289036545 0.225625 0.5988372093023255 0.2125 0.5888704318936877 0.201875 0.5897009966777409 0.195 0.5938538205980066 0.18625 0.6038205980066446 0.183125 0.6121262458471761
1 0.50875 0.632890365448505 0.511875 0.6403654485049833 0.516875 0.6445182724252492 0.529375 0.6470099667774086 0.54125 0.6445182724252492 0.548125 0.6362126245847176 0.548125 0.6204318936877077 0.54625 0.6162790697674418 0.54125 0.6104651162790697 0.53625 0.6088039867109635 0.523125 0.6088039867109635 0.51125 0.6187707641196013 0.50875 0.632890365448505
1 0.30625 0.1287375415282392 0.30625 0.14700996677740863 0.309375 0.15448504983388706 0.3175 0.1644518272425249 0.329375 0.17275747508305647 0.3375 0.17358803986710963 0.34375 0.1686046511627907 0.3475 0.16029900332225913 0.345625 0.14451827242524917 0.339375 0.13122923588039867 0.326875 0.11794019933554817 0.31375 0.11710963455149502 0.30875 0.12209302325581395 0.30625 0.1287375415282392
1 0.395 0.7059800664451827 0.394375 0.7192691029900332 0.396875 0.7308970099667774 0.406875 0.7367109634551495 0.42 0.7350498338870431 0.42375 0.7250830564784053 0.430625 0.7151162790697675 0.430625 0.7026578073089701 0.426875 0.696843853820598 0.423125 0.6918604651162791 0.41625 0.6901993355481728 0.405625 0.6910299003322259 0.4025 0.6935215946843853 0.395 0.7059800664451827
1 0.463125 0.21428571428571427 0.469375 0.21760797342192692 0.474375 0.21677740863787376 0.485625 0.20764119601328904 0.48875 0.20016611295681064 0.48875 0.18106312292358803 0.48375 0.1744186046511628 0.476875 0.17026578073089702 0.46 0.1777408637873754 0.455625 0.19019933554817275 0.455 0.2009966777408638 0.463125 0.21428571428571427
1 0.505625 0.4003322259136213 0.51125 0.40780730897009965 0.515 0.4111295681063123 0.52625 0.4127906976744186 0.53625 0.40780730897009965 0.53875 0.39700996677740863 0.5375 0.38289036544850497 0.52875 0.3704318936877076 0.5125 0.3654485049833887 0.505 0.37209302325581395 0.503125 0.3903654485049834 0.505625 0.4003322259136213
1 0.586875 0.09717607973421927 0.584375 0.10465116279069768 0.584375 0.11627906976744186 0.58625 0.1212624584717608 0.595 0.13205980066445183 0.6025 0.132890365448505 0.610625 0.12956810631229235 0.619375 0.11295681063122924 0.62 0.09551495016611296 0.6175 0.08637873754152824 0.613125 0.07973421926910298 0.60125 0.07973421926910298 0.591875 0.08803986710963455 0.586875 0.09717607973421927
1 0.3425 0.8172757475083057 0.35125 0.8230897009966778 0.368125 0.8222591362126246 0.37625 0.8147840531561462 0.380625 0.8056478405315615 0.381875 0.7940199335548173 0.38 0.7898671096345515 0.370625 0.7790697674418605 0.34875 0.78156146179402 0.3375 0.7990033222591362 0.3375 0.8089700996677741 0.3425 0.8172757475083057
1 0.30375 0.40946843853820597 0.31125 0.4260797342192691 0.329375 0.43438538205980065 0.3475 0.42524916943521596 0.350625 0.41943521594684385 0.350625 0.40282392026578073 0.336875 0.3862126245847176 0.318125 0.38205980066445183 0.311875 0.3853820598006645 0.304375 0.39700996677740863 0.30375 0.40946843853820597
1 0.408125 0.12209302325581395 0.411875 0.13205980066445183 0.423125 0.14451827242524917 0.428125 0.14700996677740863 0.444375 0.14700996677740863 0.450625 0.14285714285714285 0.4525 0.1378737541528239 0.45125 0.11877076411960133 0.444375 0.10714285714285714 0.42875 0.09717607973421927 0.416875 0.09800664451827243 0.408125 0.1079734219269103 0.408125 0.12209302325581395
1 0.56875 0.32059800664451826 0.58125 0.33222591362126247 0.6 0.32475083056478404 0.60625 0.3181063122923588 0.60875 0.31146179401993357 0.60875 0.29900332225913623 0.606875 0.29485049833887045 0.59875 0.28820598006644516 0.581875 0.28903654485049834 0.573125 0.2973421926910299 0.56875 0.3122923588039867 0.56875 0.32059800664451826
1 0.545 0.617109634551495 0.553125 0.6204318936877077 0.559375 0.6196013289036545 0.570625 0.6104651162790697 0.579375 0.590531561461794 0.5775 0.5755813953488372 0.563125 0.5672757475083057 0.553125 0.5739202657807309 0.54375 0.590531561461794 0.5425 0.6121262458471761 0.545 0.617109634551495
1 0.439375 0.2591362126245847 0.439375 0.2691029900332226 0.444375 0.28488372093023256 0.449375 0.29069767441860467 0.464375 0.2956810631229236 0.473125 0.29401993355481726 0.478125 0.2857142857142857 0.47875 0.2666112956810631 0.466875 0.25332225913621265 0.460625 0.25 0.44875 0.25 0.4425 0.25332225913621265 0.439375 0.2591362126245847
1 0.34375 0.6004983388704319 0.350625 0.6046511627906976 0.370625 0.6054817275747508 0.37875 0.5996677740863787 0.381875 0.5897009966777409 0.381875 0.5739202657807309 0.37875 0.5697674418604651 0.368125 0.5581395348837209 0.346875 0.5589700996677741 0.3375 0.5697674418604651 0.3375 0.5897009966777409 0.34375 0.6004983388704319
1 0.453125 0.7541528239202658 0.455 0.7616279069767442 0.464375 0.7757475083056479 0.474375 0.78156146179402 0.48375 0.78156146179402 0.49375 0.7774086378737541 0.498125 0.7699335548172758 0.49875 0.7508305647840532 0.49625 0.7466777408637874 0.485625 0.7350498338870431 0.4675 0.7325581395348837 0.46 0.7358803986710963 0.455625 0.7408637873754153 0.453125 0.7541528239202658
1 0.48875 0.19933554817275748 0.490625 0.2059800664451827 0.49375 0.21428571428571427 0.505 0.22591362126245848 0.50875 0.23421926910299004 0.51375 0.23089700996677742 0.519375 0.22009966777408638 0.518125 0.19102990033222592 0.513125 0.18106312292358803 0.5075 0.1760797342192691 0.4975 0.1744186046511628 0.490625 0.17940199335548174 0.48875 0.19933554817275748
1 0.575 0.41029900332225916 0.584375 0.4127906976744186 0.589375 0.40863787375415284 0.59375 0.39368770764119604 0.59375 0.36710963455149503 0.583125 0.35631229235880396 0.573125 0.35714285714285715 0.56625 0.36627906976744184 0.565625 0.3911960132890365 0.575 0.41029900332225916
1 0.59875 0.5290697674418605 0.606875 0.5415282392026578 0.615 0.5465116279069767 0.624375 0.5473421926910299 0.635 0.5431893687707641 0.64375 0.532392026578073 0.643125 0.5141196013289037 0.630625 0.5058139534883721 0.61625 0.5041528239202658 0.600625 0.5124584717607974 0.5975 0.5224252491694352 0.59875 0.5290697674418605
1 0.334375 0.3081395348837209 0.3375 0.3230897009966777 0.3425 0.3280730897009967 0.349375 0.329734219269103 0.363125 0.3222591362126246 0.37375 0.30481727574750833 0.37375 0.2807308970099668 0.368125 0.2749169435215947 0.35875 0.27408637873754155 0.34625 0.2807308970099668 0.335625 0.29817275747508304 0.334375 0.3081395348837209
1 0.628125 0.6951827242524917 0.635625 0.7051495016611296 0.645 0.7084717607973422 0.65625 0.7068106312292359 0.66125 0.7026578073089701 0.66375 0.6943521594684385 0.66125 0.6769102990033222 0.64875 0.6611295681063123 0.635 0.6602990033222591 0.63125 0.6636212624584718 0.6275 0.6744186046511628 0.628125 0.6951827242524917
1 0.401875 0.5008305647840532 0.405 0.5141196013289037 0.41125 0.5290697674418605 0.42 0.5373754152823921 0.42625 0.5357142857142857 0.433125 0.521594684385382 0.433125 0.4941860465116279 0.42625 0.4750830564784053 0.4225 0.4700996677740864 0.40875 0.4700996677740864 0.4025 0.4808970099667774 0.401875 0.5008305647840532
1 0.495625 0.10299003322259136 0.49875 0.11710963455149502 0.50625 0.12624584717607973 0.516875 0.12624584717607973 0.526875 0.11295681063122924 0.529375 0.10215946843853821 0.528125 0.0739202657807309 0.519375 0.06312292358803986 0.509375 0.06229235880398671 0.505 0.06478405315614617 0.496875 0.07807308970099668 0.495625 0.10299003322259136
1 0.15 0.520764119601329 0.15 0.532392026578073 0.151875 0.5373754152823921 0.16125 0.5440199335548173 0.17625 0.5440199335548173 0.1875 0.5332225913621262 0.194375 0.5224252491694352 0.194375 0.5091362126245847 0.1925 0.5041528239202658 0.185625 0.4983388704318937 0.178125 0.4958471760797342 0.171875 0.49667774086378735 0.161875 0.5033222591362126 0.15 0.520764119601329
1 0.47875 0.36212624584717606 0.48125 0.3712624584717608 0.486875 0.3803986710963455 0.495625 0.3812292358803987 0.50125 0.37790697674418605 0.5075 0.3646179401993355 0.5075 0.34136212624584716 0.505 0.33554817275747506 0.498125 0.3230897009966777 0.490625 0.3230897009966777 0.48375 0.329734219269103 0.479375 0.3380398671096346 0.47875 0.36212624584717606
1 0.34625 0.6611295681063123 0.34875 0.6694352159468439 0.355 0.6760797342192691 0.366875 0.6802325581395349 0.38 0.6794019933554817 0.389375 0.6719269102990033 0.391875 0.665282392026578 0.391875 0.6486710963455149 0.385 0.6378737541528239 0.380625 0.6362126245847176 0.36375 0.6387043189368771 0.350625 0.6495016611295681 0.34625 0.6611295681063123
1 0.56625 0.07308970099667775 0.56625 0.08471760797342193 0.5725 0.09219269102990033 0.585625 0.09634551495016612 0.599375 0.07724252491694353 0.59875 0.059800664451827246 0.59125 0.05398671096345515 0.584375 0.05398671096345515 0.575 0.05813953488372093 0.57 0.06395348837209303 0.56625 0.07308970099667775
1 0.42125 0.7441860465116279 0.426875 0.7533222591362126 0.43625 0.7541528239202658 0.446875 0.7450166112956811 0.454375 0.7317275747508306 0.454375 0.71843853820598 0.451875 0.7142857142857143 0.446875 0.7101328903654485 0.4375 0.7117940199335548 0.42375 0.7267441860465116 0.42125 0.7325581395348837 0.42125 0.7441860465116279
1 0.38 0.5996677740863787 0.380625 0.6129568106312292 0.39125 0.6262458471760798 0.399375 0.6262458471760798 0.408125 0.622093023255814 0.419375 0.6137873754152824 0.421875 0.6088039867109635 0.424375 0.5971760797342193 0.42375 0.584717607973422 0.415625 0.5739202657807309 0.398125 0.5730897009966778 0.39 0.5789036544850499 0.3825 0.5913621262458472 0.38 0.5996677740863787
1 0.345625 0.7524916943521595 0.349375 0.760797342192691 0.355 0.7649501661129569 0.36375 0.7682724252491694 0.376875 0.7674418604651163 0.385 0.7624584717607974 0.391875 0.7524916943521595 0.391875 0.7308970099667774 0.384375 0.7217607973421927 0.38 0.7200996677740864 0.36125 0.7209302325581395 0.34625 0.7358803986710963 0.345625 0.7524916943521595
1 0.304375 0.3089700996677741 0.30125 0.31727574750830567 0.30125 0.34136212624584716 0.304375 0.3521594684385382 0.314375 0.36627906976744184 0.3325 0.36710963455149503 0.3375 0.3488372093023256 0.3375 0.32475083056478404 0.33375 0.3089700996677741 0.3275 0.303156146179402 0.313125 0.3023255813953488 0.30875 0.30481727574750833 0.304375 0.3089700996677741
1 0.3875 0.7990033222591362 0.393125 0.8172757475083057 0.396875 0.8197674418604651 0.404375 0.8181063122923588 0.413125 0.8023255813953488 0.418125 0.7882059800664452 0.42 0.7757475083056479 0.418125 0.7657807308970099 0.410625 0.7533222591362126 0.405 0.7508305647840532 0.4 0.7533222591362126 0.393125 0.7657807308970099 0.3875 0.7990033222591362
1 0.195 0.4227574750830565 0.195 0.4410299003322259 0.199375 0.4526578073089701 0.210625 0.4634551495016611 0.22375 0.4642857142857143 0.2325 0.45514950166112955 0.23375 0.45099667774086377 0.2325 0.4269102990033223 0.220625 0.41362126245847175 0.2125 0.4111295681063123 0.20375 0.4119601328903654 0.198125 0.4161129568106312 0.195 0.4227574750830565
1 0.54125 0.33970099667774084 0.54125 0.3480066445182724 0.565 0.3654485049833887 0.5725 0.35631229235880396 0.583125 0.3521594684385382 0.583125 0.3347176079734219 0.575 0.32641196013289037 0.568125 0.3230897009966777 0.555 0.32558139534883723 0.54375 0.3338870431893688 0.54125 0.33970099667774084
1 0.43125 0.07973421926910298 0.433125 0.08554817275747509 0.443125 0.09634551495016612 0.4575 0.0946843853820598 0.4725 0.08388704318936877 0.475625 0.07641196013289037 0.47375 0.06478405315614617 0.459375 0.053156146179401995 0.446875 0.053156146179401995 0.434375 0.0606312292358804 0.43125 0.0681063122923588 0.43125 0.07973421926910298
1 0.553125 0.6320598006644518 0.553125 0.6503322259136213 0.55875 0.6578073089700996 0.56375 0.659468438538206 0.57625 0.654485049833887 0.589375 0.643687707641196 0.591875 0.6337209302325582 0.59125 0.6229235880398671 0.581875 0.6112956810631229 0.571875 0.6121262458471761 0.5625 0.6179401993355482 0.556875 0.6237541528239202 0.553125 0.6320598006644518
1 0.17375 0.5681063122923588 0.18375 0.5813953488372093 0.20125 0.5813953488372093 0.211875 0.5689368770764119 0.214375 0.553156146179402 0.2125 0.5498338870431894 0.201875 0.5382059800664452 0.1875 0.5340531561461794 0.17625 0.5465116279069767 0.173125 0.5573089700996677 0.17375 0.5681063122923588
1 0.355625 0.6910299003322259 0.353125 0.6951827242524917 0.3525 0.7043189368770764 0.355625 0.7134551495016611 0.35875 0.7159468438538206 0.385625 0.7200996677740864 0.394375 0.7134551495016611 0.394375 0.696843853820598 0.391875 0.6910299003322259 0.384375 0.6852159468438538 0.375 0.6810631229235881 0.366875 0.6810631229235881 0.355625 0.6910299003322259
1 0.558125 0.5589700996677741 0.566875 0.5672757475083057 0.5775 0.5664451827242525 0.58625 0.5523255813953488 0.589375 0.5415282392026578 0.58875 0.5348837209302325 0.575 0.5224252491694352 0.56875 0.5249169435215947 0.560625 0.5332225913621262 0.558125 0.5398671096345515 0.558125 0.5589700996677741