1 0.3130081300813008 0.76625 0.3265582655826558 0.76625 0.34010840108401086 0.76125 0.34010840108401086 0.754375 0.3333333333333333 0.749375 0.3157181571815718 0.7475 0.3048780487804878 0.75 0.3021680216802168 0.76 0.3130081300813008 0.76625
1 0.7750677506775068 0.43125 0.7994579945799458 0.4325 0.8075880758807588 0.4275 0.8075880758807588 0.41625 0.7886178861788617 0.413125 0.7723577235772358 0.418125 0.7696476964769647 0.4275 0.7750677506775068 0.43125
1 0.5528455284552846 0.681875 0.5718157181571816 0.681875 0.5799457994579946 0.675625 0.5772357723577236 0.6675 0.5609756097560976 0.6625 0.5474254742547425 0.663125 0.5420054200542005 0.665625 0.5420054200542005 0.676875 0.5528455284552846 0.681875
1 0.37533875338753386 0.58625 0.3943089430894309 0.584375 0.4024390243902439 0.574375 0.3997289972899729 0.571875 0.3915989159891599 0.56875 0.3780487804878049 0.56875 0.3699186991869919 0.571875 0.36720867208672087 0.58375 0.37533875338753386 0.58625
1 0.4078590785907859 0.770625 0.4186991869918699 0.76875 0.4268292682926829 0.76375 0.42953929539295393 0.754375 0.42140921409214094 0.75 0.4051490514905149 0.75 0.3915989159891599 0.758125 0.3915989159891599 0.766875 0.4078590785907859 0.770625
1 0.6639566395663956 0.56875 0.6829268292682927 0.56875 0.6964769647696477 0.560625 0.6964769647696477 0.555 0.6856368563685636 0.550625 0.6747967479674797 0.550625 0.6585365853658537 0.556875 0.6558265582655827 0.56375 0.6639566395663956 0.56875
1 0.16666666666666666 0.55 0.18292682926829268 0.55 0.19647696476964768 0.545625 0.19647696476964768 0.533125 0.17208672086720866 0.53125 0.16124661246612465 0.53625 0.15853658536585366 0.545 0.16666666666666666 0.55
1 0.5067750677506775 0.355625 0.5271002710027101 0.35625 0.5365853658536586 0.35375 0.5392953929539296 0.34375 0.5311653116531165 0.34125 0.5203252032520326 0.34125 0.5067750677506775 0.344375 0.5013550135501355 0.350625 0.5067750677506775 0.355625
1 0.7127371273712737 0.480625 0.7235772357723578 0.484375 0.7371273712737128 0.484375 0.7452574525745257 0.48125 0.7479674796747967 0.476875 0.7452574525745257 0.469375 0.7371273712737128 0.46625 0.7154471544715447 0.46625 0.7100271002710027 0.470625 0.7127371273712737 0.480625
1 0.29132791327913277 0.42625 0.2994579945799458 0.43 0.31029810298102983 0.43 0.31842818428184283 0.425 0.31842818428184283 0.416875 0.31029810298102983 0.410625 0.2940379403794038 0.410625 0.2886178861788618 0.415625 0.29132791327913277 0.42625
1 0.7046070460704607 0.600625 0.7100271002710027 0.6025 0.7289972899728997 0.601875 0.7398373983739838 0.596875 0.7398373983739838 0.58375 0.7289972899728997 0.579375 0.7154471544715447 0.579375 0.7018970189701897 0.584375 0.6991869918699187 0.595625 0.7046070460704607 0.600625
1 0.8238482384823849 0.5275 0.8401084010840109 0.53125 0.8590785907859079 0.529375 0.8590785907859079 0.52125 0.8509485094850948 0.515 0.8333333333333334 0.513125 0.8184281842818428 0.515 0.8157181571815718 0.520625 0.8238482384823849 0.5275
1 0.4024390243902439 0.591875 0.4078590785907859 0.59375 0.4241192411924119 0.59375 0.4349593495934959 0.58625 0.4349593495934959 0.5775 0.43089430894308944 0.574375 0.4105691056910569 0.5725 0.4024390243902439 0.57375 0.3970189701897019 0.5775 0.3943089430894309 0.58375 0.4024390243902439 0.591875
1 0.3319783197831978 0.475625 0.34823848238482386 0.475625 0.36449864498644985 0.469375 0.36449864498644985 0.46125 0.3509485094850949 0.45625 0.32926829268292684 0.46125 0.3238482384823848 0.47125 0.3319783197831978 0.475625
1 0.31842818428184283 0.73 0.34010840108401086 0.728125 0.3509485094850949 0.723125 0.35636856368563685 0.716875 0.3509485094850949 0.711875 0.32926829268292684 0.711875 0.3130081300813008 0.716875 0.31029810298102983 0.726875 0.31842818428184283 0.73
1 0.6476964769647696 0.4975 0.6585365853658537 0.49625 0.6693766937669376 0.4875 0.6693766937669376 0.480625 0.6653116531165312 0.478125 0.6476964769647696 0.475625 0.6341463414634146 0.47875 0.6314363143631436 0.48125 0.6314363143631436 0.49375 0.6476964769647696 0.4975
1 0.19647696476964768 0.58375 0.21138211382113822 0.581875 0.21002710027100271 0.566875 0.1802168021680217 0.566875 0.1802168021680217 0.58 0.19647696476964768 0.58375
1 0.37262872628726285 0.535 0.3970189701897019 0.5375 0.4105691056910569 0.5325 0.4105691056910569 0.5275 0.3997289972899729 0.521875 0.36720867208672087 0.52125 0.36449864498644985 0.53125 0.37262872628726285 0.535
1 0.22086720867208673 0.6025 0.23848238482384823 0.6025 0.2506775067750677 0.5975 0.25338753387533874 0.59 0.24796747967479674 0.58375 0.22357723577235772 0.581875 0.2127371273712737 0.58625 0.21002710027100271 0.595 0.22086720867208673 0.6025
1 0.41192411924119243 0.3525 0.4186991869918699 0.355625 0.43766937669376693 0.35625 0.44579945799457993 0.350625 0.44308943089430897 0.34125 0.4349593495934959 0.33625 0.4281842818428184 0.335625 0.4159891598915989 0.33625 0.4105691056910569 0.33875 0.4078590785907859 0.34875 0.41192411924119243 0.3525
1 0.2859078590785908 0.570625 0.3130081300813008 0.570625 0.32113821138211385 0.565625 0.31842818428184283 0.5525 0.3075880758807588 0.55 0.29132791327913277 0.55 0.2804878048780488 0.55375 0.2777777777777778 0.565625 0.2859078590785908 0.570625
1 0.7723577235772358 0.605 0.7859078590785907 0.605 0.7940379403794038 0.6 0.7913279132791328 0.584375 0.7859078590785907 0.581875 0.7723577235772358 0.581875 0.7615176151761518 0.586875 0.7615176151761518 0.6 0.7723577235772358 0.605
1 0.7588075880758808 0.39875 0.7669376693766937 0.4025 0.7886178861788617 0.403125 0.8048780487804879 0.3975 0.8075880758807588 0.39 0.7967479674796748 0.385625 0.7804878048780488 0.385 0.7642276422764228 0.388125 0.7588075880758808 0.3925 0.7588075880758808 0.39875
1 0.3021680216802168 0.45625 0.3157181571815718 0.46125 0.3319783197831978 0.460625 0.3428184281842818 0.455 0.3428184281842818 0.449375 0.32791327913279134 0.441875 0.3048780487804878 0.441875 0.2994579945799458 0.446875 0.3021680216802168 0.45625
1 0.24525745257452575 0.69625 0.2682926829268293 0.69625 0.2777777777777778 0.69125 0.2750677506775068 0.6825 0.26151761517615174 0.67875 0.24796747967479674 0.67875 0.23577235772357724 0.68125 0.23170731707317074 0.686875 0.24525745257452575 0.69625
1 0.14227642276422764 0.514375 0.15582655826558264 0.516875 0.16937669376693767 0.51625 0.17479674796747968 0.511875 0.17208672086720866 0.50125 0.16124661246612465 0.4975 0.14769647696476965 0.4975 0.13956639566395665 0.5 0.13685636856368563 0.51125 0.14227642276422764 0.514375
1 0.7981029810298103 0.593125 0.8048780487804879 0.595 0.8238482384823849 0.59375 0.8346883468834688 0.588125 0.8373983739837398 0.5775 0.8279132791327913 0.571875 0.8075880758807588 0.5725 0.7967479674796748 0.58 0.7940379403794038 0.58875 0.7981029810298103 0.593125
1 0.18834688346883469 0.513125 0.1991869918699187 0.513125 0.2073170731707317 0.50875 0.2046070460704607 0.49875 0.1910569105691057 0.495 0.1802168021680217 0.4975 0.1802168021680217 0.51 0.18834688346883469 0.513125
1 0.6666666666666666 0.59 0.6829268292682927 0.58875 0.6883468834688347 0.58375 0.6883468834688347 0.576875 0.6815718157181572 0.5725 0.6612466124661247 0.570625 0.6531165311653117 0.57375 0.6531165311653117 0.58625 0.6666666666666666 0.59
1 0.22764227642276422 0.71625 0.23712737127371275 0.718125 0.25338753387533874 0.716875 0.2588075880758808 0.71375 0.26151761517615174 0.70625 0.25203252032520324 0.699375 0.24525745257452575 0.696875 0.21951219512195122 0.698125 0.2181571815718157 0.71 0.22764227642276422 0.71625
1 0.46070460704607047 0.425625 0.47560975609756095 0.43 0.4959349593495935 0.42875 0.5 0.420625 0.489159891598916 0.414375 0.470189701897019 0.413125 0.46070460704607047 0.415625 0.45663956639566394 0.418125 0.46070460704607047 0.425625
1 0.36449864498644985 0.45375 0.37262872628726285 0.455 0.3915989159891599 0.45375 0.4078590785907859 0.443125 0.4037940379403794 0.438125 0.3915989159891599 0.435 0.3617886178861789 0.441875 0.35907859078590787 0.45 0.36449864498644985 0.45375
1 0.21544715447154472 0.639375 0.23441734417344173 0.639375 0.24525745257452575 0.634375 0.24796747967479674 0.623125 0.24119241192411925 0.62 0.2181571815718157 0.62 0.21002710027100271 0.625 0.2073170731707317 0.63125 0.21544715447154472 0.639375
1 0.44850948509485095 0.575625 0.462059620596206 0.575625 0.47831978319783197 0.5675 0.47560975609756095 0.555625 0.45934959349593496 0.551875 0.44037940379403795 0.558125 0.44037940379403795 0.57125 0.44850948509485095 0.575625
1 0.1802168021680217 0.530625 0.2018970189701897 0.534375 0.2222222222222222 0.530625 0.22357723577235772 0.52125 0.21002710027100271 0.515 0.18834688346883469 0.514375 0.1802168021680217 0.51625 0.17479674796747968 0.52125 0.1802168021680217 0.530625
1 0.4024390243902439 0.626875 0.4078590785907859 0.629375 0.4254742547425474 0.629375 0.43766937669376693 0.62125 0.43224932249322495 0.61125 0.4105691056910569 0.609375 0.3997289972899729 0.6125 0.3970189701897019 0.623125 0.4024390243902439 0.626875
1 0.8766937669376694 0.394375 0.8943089430894309 0.39625 0.9051490514905149 0.393125 0.9105691056910569 0.385625 0.907859078590786 0.379375 0.8956639566395664 0.375 0.8834688346883469 0.375 0.8726287262872628 0.379375 0.8699186991869918 0.389375 0.8766937669376694 0.394375
1 0.3346883468834688 0.633125 0.3428184281842818 0.63625 0.3617886178861789 0.63625 0.3780487804878049 0.629375 0.3780487804878049 0.623125 0.3699186991869919 0.619375 0.3509485094850949 0.619375 0.34146341463414637 0.621875 0.3346883468834688 0.62625 0.3346883468834688 0.633125
1 0.6883468834688347 0.711875 0.7154471544715447 0.711875 0.7262872628726287 0.70625 0.7235772357723578 0.701875 0.7127371273712737 0.696875 0.6937669376693767 0.695625 0.6788617886178862 0.698125 0.6747967479674797 0.706875 0.6883468834688347 0.711875
1 0.4349593495934959 0.5325 0.45663956639566394 0.5325 0.46747967479674796 0.52625 0.46747967479674796 0.52125 0.45663956639566394 0.51625 0.44037940379403795 0.516875 0.42953929539295393 0.52125 0.4268292682926829 0.52875 0.4349593495934959 0.5325
1 0.7154471544715447 0.51875 0.7262872628726287 0.52125 0.7439024390243902 0.52125 0.7506775067750677 0.51875 0.7506775067750677 0.51125 0.7411924119241192 0.50625 0.7344173441734417 0.504375 0.7181571815718157 0.504375 0.7127371273712737 0.506875 0.7100271002710027 0.515 0.7154471544715447 0.51875
1 0.6775067750677507 0.37 0.6991869918699187 0.37 0.7100271002710027 0.365 0.7127371273712737 0.358125 0.6991869918699187 0.351875 0.6883468834688347 0.351875 0.6747967479674797 0.358125 0.6720867208672087 0.36625 0.6775067750677507 0.37
1 0.21544715447154472 0.581875 0.23983739837398374 0.58125 0.23712737127371275 0.566875 0.2127371273712737 0.566875 0.21002710027100271 0.579375 0.21544715447154472 0.581875
1 0.5772357723577236 0.478125 0.5880758807588076 0.484375 0.6070460704607046 0.484375 0.6178861788617886 0.480625 0.6205962059620597 0.47625 0.6151761517615176 0.471875 0.6043360433604336 0.469375 0.5853658536585366 0.469375 0.5772357723577236 0.473125 0.5772357723577236 0.478125
1 0.35365853658536583 0.598125 0.35907859078590787 0.601875 0.37262872628726285 0.605625 0.3915989159891599 0.604375 0.3970189701897019 0.595625 0.3861788617886179 0.586875 0.35772357723577236 0.5875 0.35365853658536583 0.59 0.35365853658536583 0.598125
1 0.491869918699187 0.484375 0.5013550135501355 0.4875 0.5176151761517616 0.48875 0.5284552845528455 0.485 0.5284552845528455 0.47625 0.5230352303523035 0.474375 0.5 0.473125 0.4932249322493225 0.475 0.489159891598916 0.480625 0.491869918699187 0.484375
1 0.4105691056910569 0.61 0.43902439024390244 0.61 0.44850948509485095 0.606875 0.44850948509485095 0.598125 0.44308943089430897 0.59375 0.4241192411924119 0.593125 0.4051490514905149 0.598125 0.4024390243902439 0.605 0.4105691056910569 0.61
1 0.2181571815718157 0.75375 0.22357723577235772 0.75625 0.24525745257452575 0.75625 0.25609756097560976 0.75 0.25474254742547425 0.73625 0.23712737127371275 0.735 0.22357723577235772 0.740625 0.2181571815718157 0.744375 0.2181571815718157 0.75375
1 0.7642276422764228 0.57875 0.7750677506775068 0.581875 0.7845528455284553 0.581875 0.7940379403794038 0.57875 0.7967479674796748 0.570625 0.7886178861788617 0.564375 0.7642276422764228 0.56375 0.7588075880758808 0.566875 0.7560975609756098 0.571875 0.7642276422764228 0.57875
1 0.6720867208672087 0.5 0.7005420054200542 0.5 0.7073170731707317 0.4975 0.7073170731707317 0.491875 0.6937669376693767 0.4875 0.6747967479674797 0.4875 0.6639566395663956 0.49125 0.6612466124661247 0.495 0.6720867208672087 0.5
1 0.6422764227642277 0.539375 0.6598915989159891 0.540625 0.6693766937669376 0.535625 0.6666666666666666 0.52625 0.6558265582655827 0.52125 0.6287262872628726 0.521875 0.6287262872628726 0.534375 0.6422764227642277 0.539375
1 0.5636856368563685 0.826875 0.5813008130081301 0.826875 0.5934959349593496 0.81875 0.5934959349593496 0.810625 0.5867208672086721 0.80625 0.5663956639566395 0.805625 0.5555555555555556 0.811875 0.5555555555555556 0.82375 0.5636856368563685 0.826875
1 0.44037940379403795 0.59375 0.44850948509485095 0.595625 0.46747967479674796 0.595 0.47560975609756095 0.589375 0.47560975609756095 0.585 0.470189701897019 0.58125 0.45934959349593496 0.57875 0.43902439024390244 0.58 0.4349593495934959 0.58875 0.44037940379403795 0.59375
1 0.8102981029810298 0.435 0.8184281842818428 0.4375 0.8387533875338753 0.4375 0.8536585365853658 0.431875 0.8536585365853658 0.42625 0.8373983739837398 0.420625 0.8238482384823849 0.420625 0.8143631436314364 0.423125 0.8102981029810298 0.42625 0.8102981029810298 0.435
1 0.7533875338753387 0.633125 0.7642276422764228 0.633125 0.7777777777777778 0.628125 0.7804878048780488 0.623125 0.7723577235772358 0.615625 0.7560975609756098 0.614375 0.7425474254742548 0.6175 0.7398373983739838 0.62625 0.7533875338753387 0.633125
1 0.6802168021680217 0.691875 0.6978319783197832 0.69125 0.7073170731707317 0.686875 0.7073170731707317 0.6775 0.7018970189701897 0.67375 0.6937669376693767 0.670625 0.6802168021680217 0.670625 0.6693766937669376 0.67375 0.6693766937669376 0.6875 0.6802168021680217 0.691875
1 0.2994579945799458 0.6625 0.32113821138211385 0.6625 0.3319783197831978 0.6575 0.3319783197831978 0.646875 0.3265582655826558 0.644375 0.3130081300813008 0.6425 0.2967479674796748 0.64875 0.2940379403794038 0.66 0.2994579945799458 0.6625
1 0.5501355013550135 0.5 0.5555555555555556 0.503125 0.5772357723577236 0.50375 0.5907859078590786 0.49875 0.5907859078590786 0.49125 0.5826558265582655 0.488125 0.55420054200542 0.488125 0.5501355013550135 0.49125 0.5501355013550135 0.5
1 0.5203252032520326 0.504375 0.5284552845528455 0.506875 0.5447154471544715 0.50625 0.5474254742547425 0.49 0.5365853658536586 0.485 0.521680216802168 0.486875 0.5176151761517616 0.48875 0.5203252032520326 0.504375
1 0.43224932249322495 0.335 0.44850948509485095 0.340625 0.462059620596206 0.339375 0.46747967479674796 0.335 0.46476964769647694 0.323125 0.45663956639566394 0.320625 0.44579945799457993 0.320625 0.43766937669376693 0.324375 0.43224932249322495 0.32875 0.43224932249322495 0.335
1 0.46070460704607047 0.6225 0.48644986449864497 0.6225 0.491869918699187 0.618125 0.489159891598916 0.608125 0.46747967479674796 0.6 0.462059620596206 0.6 0.45663956639566394 0.605 0.453929539295393 0.6175 0.46070460704607047 0.6225
1 0.5853658536585366 0.51125 0.592140921409214 0.515625 0.6043360433604336 0.5175 0.6233062330623306 0.51625 0.6260162601626016 0.51125 0.6205962059620597 0.505 0.6056910569105691 0.50125 0.5934959349593496 0.501875 0.5853658536585366 0.504375 0.5853658536585366 0.51125
1 0.6097560975609756 0.445625 0.6233062330623306 0.449375 0.6368563685636857 0.449375 0.6476964769647696 0.445625 0.6476964769647696 0.4375 0.6395663956639567 0.4325 0.6287262872628726 0.43 0.6151761517615176 0.43 0.6070460704607046 0.4325 0.6043360433604336 0.441875 0.6097560975609756 0.445625
1 0.6937669376693767 0.574375 0.7154471544715447 0.57375 0.7235772357723578 0.57125 0.7262872628726287 0.5675 0.7235772357723578 0.560625 0.7168021680216802 0.5575 0.6964769647696477 0.558125 0.6883468834688347 0.564375 0.6856368563685636 0.571875 0.6937669376693767 0.574375
1 0.5582655826558266 0.418125 0.5772357723577236 0.42375 0.5880758807588076 0.4225 0.5907859078590786 0.410625 0.5785907859078591 0.40625 0.556910569105691 0.406875 0.5528455284552846 0.414375 0.5582655826558266 0.418125
1 0.6883468834688347 0.551875 0.6964769647696477 0.553125 0.6964769647696477 0.555 0.7100271002710027 0.555625 0.7208672086720868 0.5525 0.7235772357723578 0.5425 0.7127371273712737 0.53625 0.6910569105691057 0.535625 0.6829268292682927 0.538125 0.6802168021680217 0.546875 0.6883468834688347 0.551875
1 0.48644986449864497 0.779375 0.497289972899729 0.7825 0.516260162601626 0.779375 0.5230352303523035 0.7725 0.5230352303523035 0.766875 0.5176151761517616 0.761875 0.5094850948509485 0.759375 0.491869918699187 0.759375 0.483739837398374 0.761875 0.481029810298103 0.774375 0.48644986449864497 0.779375
1 0.3807588075880759 0.560625 0.3915989159891599 0.5625 0.4078590785907859 0.560625 0.4159891598915989 0.556875 0.4159891598915989 0.5475 0.4024390243902439 0.54125 0.3861788617886179 0.5425 0.3780487804878049 0.5475 0.3807588075880759 0.560625
1 0.38346883468834686 0.503125 0.4037940379403794 0.504375 0.4132791327913279 0.49875 0.4132791327913279 0.4925 0.4078590785907859 0.4875 0.3915989159891599 0.48625 0.3807588075880759 0.489375 0.3780487804878049 0.499375 0.38346883468834686 0.503125
1 0.7289972899728997 0.5625 0.7371273712737128 0.566875 0.7506775067750677 0.566875 0.7615176151761518 0.55875 0.7615176151761518 0.548125 0.7506775067750677 0.543125 0.7398373983739838 0.543125 0.7303523035230353 0.546875 0.7262872628726287 0.54875 0.7289972899728997 0.5625
1 0.45934959349593496 0.30625 0.47831978319783197 0.306875 0.489159891598916 0.301875 0.489159891598916 0.29125 0.4823848238482385 0.288125 0.46476964769647694 0.288125 0.453929539295393 0.294375 0.45121951219512196 0.3 0.45934959349593496 0.30625