0 0.47625 0.6926910299003323 0.475625 0.6735880398671097 0.4675 0.6553156146179402 0.460625 0.6461794019933554 0.451875 0.6453488372093024 0.446875 0.6486710963455149 0.444375 0.6602990033222591 0.44 0.6686046511627907 0.439375 0.6760797342192691 0.4425 0.6893687707641196 0.448125 0.7043189368770764 0.45625 0.7109634551495017 0.46625 0.7109634551495017 0.473125 0.7043189368770764 0.47625 0.6926910299003323
0 0.4378125 0.7873754152823921 0.000625 0.0033222591362126247
0 0.431875 0.7969269102990033 0.00125 0.0008305647840531562
0 0.406875 0.8006644518272426 0.410625 0.8006644518272426 0.406875 0.7981727574750831 0.406875 0.8006644518272426
0 0.413125 0.8048172757475083 0.418125 0.8056478405315615 0.419375 0.8048172757475083 0.413125 0.8048172757475083
0 0.521875 0.42940199335548174 0.51625 0.4186046511627907 0.510625 0.41445182724252494 0.49125 0.41362126245847175 0.481875 0.4269102990033223 0.481875 0.44019933554817275 0.4925 0.45182724252491696 0.510625 0.45514950166112955 0.51625 0.45182724252491696 0.520625 0.44518272425249167 0.521875 0.42940199335548174
0 0.239375 0.9451827242524917 0.251875 0.946843853820598 0.27625 0.9418604651162791 0.296875 0.925249169435216 0.3075 0.909468438538206 0.3125 0.8978405315614618 0.316875 0.8820598006644518 0.318125 0.867109634551495 0.316875 0.8397009966777409 0.314375 0.8280730897009967 0.305 0.8056478405315615 0.285 0.7848837209302325 0.26625 0.776578073089701 0.246875 0.776578073089701 0.23375 0.7799003322259136 0.22125 0.7865448504983389 0.209375 0.7965116279069767 0.195 0.8189368770764119 0.1875 0.8430232558139535 0.1875 0.8820598006644518 0.191875 0.8978405315614618 0.2 0.9144518272425249 0.206875 0.9244186046511628 0.22125 0.9377076411960132 0.239375 0.9451827242524917
1 0.6025 0.4717607973421927 0.598125 0.4692691029900332 0.58125 0.4692691029900332 0.57375 0.47259136212624586 0.566875 0.48588039867109634 0.566875 0.5116279069767442 0.574375 0.5182724252491694 0.58 0.5199335548172758 0.59375 0.5166112956810631 0.603125 0.49916943521594687 0.6025 0.4717607973421927
1 0.50625 0.6295681063122923 0.509375 0.6204318936877077 0.509375 0.6038205980066446 0.50625 0.5872093023255814 0.5 0.5780730897009967 0.495625 0.5764119601328903 0.4875 0.574750830564784 0.479375 0.5789036544850499 0.47375 0.5863787375415282 0.470625 0.595514950166113 0.470625 0.617109634551495 0.475625 0.6303986710963455 0.485 0.6378737541528239 0.494375 0.6387043189368771 0.500625 0.6362126245847176 0.50625 0.6295681063122923
1 0.264375 0.5863787375415282 0.26625 0.563953488372093 0.259375 0.553156146179402 0.251875 0.5473421926910299 0.225625 0.5456810631229236 0.219375 0.5506644518272426 0.209375 0.5697674418604651 0.209375 0.5838870431893688 0.211875 0.5880398671096345 0.21875 0.5980066445182725 0.2275 0.6029900332225914 0.25125 0.6013289036544851 0.256875 0.5971760797342193 0.264375 0.5863787375415282
1 0.495 0.47093023255813954 0.4925 0.4568106312292359 0.4875 0.4476744186046512 0.480625 0.4410299003322259 0.468125 0.4368770764119601 0.45875 0.4377076411960133 0.45 0.446843853820598 0.45 0.4642857142857143 0.45875 0.48255813953488375 0.474375 0.4900332225913621 0.486875 0.48754152823920266 0.4925 0.48006644518272423 0.495 0.47093023255813954
1 0.304375 0.707641196013289 0.305 0.6951827242524917 0.299375 0.6794019933554817 0.283125 0.6719269102990033 0.271875 0.6785714285714286 0.26625 0.6901993355481728 0.26625 0.7068106312292359 0.26875 0.7142857142857143 0.274375 0.7217607973421927 0.28125 0.7250830564784053 0.290625 0.7242524916943521 0.3 0.717607973421927 0.304375 0.707641196013289
1 0.34125 0.38704318936877075 0.328125 0.3696013289036545 0.32 0.36794019933554817 0.315 0.3704318936877076 0.3075 0.38289036544850497 0.3075 0.3978405315614618 0.31 0.40780730897009965 0.3175 0.420265780730897 0.323125 0.42441860465116277 0.335 0.42441860465116277 0.3425 0.4069767441860465 0.34125 0.38704318936877075
1 0.34375 0.5722591362126246 0.34125 0.5647840531561462 0.3375 0.5598006644518272 0.326875 0.5548172757475083 0.32 0.5556478405315615 0.311875 0.5606312292358804 0.305 0.5714285714285714 0.3025 0.579734219269103 0.3025 0.5921926910299004 0.305 0.6013289036544851 0.314375 0.6088039867109635 0.324375 0.6096345514950167 0.338125 0.5996677740863787 0.34375 0.5855481727574751 0.34375 0.5722591362126246
1 0.34625 0.4833887043189369 0.345625 0.4700996677740864 0.343125 0.46511627906976744 0.335 0.4543189368770764 0.324375 0.44601328903654486 0.314375 0.44435215946843853 0.308125 0.4476744186046512 0.30375 0.457641196013289 0.304375 0.46677740863787376 0.31 0.4833887043189369 0.32 0.4941860465116279 0.33625 0.49667774086378735 0.3425 0.4908637873754153 0.34625 0.4833887043189369
1 0.264375 0.37790697674418605 0.261875 0.3596345514950166 0.259375 0.3546511627906977 0.254375 0.3496677740863787 0.245 0.3480066445182724 0.2325 0.3546511627906977 0.224375 0.3729235880398671 0.225 0.3953488372093023 0.234375 0.4119601328903654 0.24625 0.41362126245847175 0.255625 0.4069767441860465 0.261875 0.3920265780730897 0.264375 0.37790697674418605
1 0.389375 0.3770764119601329 0.381875 0.3654485049833887 0.374375 0.36212624584717606 0.3625 0.36295681063122925 0.351875 0.3687707641196013 0.34375 0.3862126245847176 0.344375 0.40863787375415284 0.354375 0.4152823920265781 0.3625 0.4152823920265781 0.37875 0.4069767441860465 0.389375 0.3911960132890365 0.389375 0.3770764119601329
1 0.3 0.4119601328903654 0.29125 0.3978405315614618 0.278125 0.3853820598006645 0.26875 0.38372093023255816 0.263125 0.38787375415282394 0.258125 0.4053156146179402 0.260625 0.4219269102990033 0.27875 0.4476744186046512 0.295625 0.4476744186046512 0.30375 0.43853820598006643 0.304375 0.42940199335548174 0.3 0.4119601328903654
1 0.6225 0.3480066445182724 0.62 0.34053156146179403 0.614375 0.3347176079734219 0.608125 0.33056478405315615 0.598125 0.33056478405315615 0.58375 0.34219269102990035 0.58 0.35714285714285715 0.581875 0.36710963455149503 0.591875 0.37624584717607973 0.605 0.37624584717607973 0.62 0.36295681063122925 0.623125 0.35299003322259137 0.6225 0.3480066445182724
1 0.50875 0.5365448504983389 0.509375 0.521594684385382 0.504375 0.5149501661129569 0.495 0.5099667774086378 0.475625 0.5066445182724253 0.463125 0.5166112956810631 0.45875 0.5249169435215947 0.45875 0.5332225913621262 0.46125 0.5390365448504983 0.465 0.5448504983388704 0.47625 0.5523255813953488 0.49125 0.5523255813953488 0.503125 0.5448504983388704 0.50875 0.5365448504983389
1 0.444375 0.6586378737541528 0.444375 0.6536544850498339 0.446875 0.6495016611295681 0.446875 0.6428571428571429 0.439375 0.6270764119601329 0.433125 0.6212624584717608 0.429375 0.6212624584717608 0.40875 0.6337209302325582 0.40125 0.6478405315614618 0.40125 0.6627906976744186 0.40375 0.670265780730897 0.406875 0.6760797342192691 0.415625 0.6802325581395349 0.425625 0.6794019933554817 0.436875 0.6719269102990033 0.444375 0.6586378737541528
1 0.58625 0.7151162790697675 0.588125 0.7117940199335548 0.591875 0.7009966777408638 0.593125 0.6893687707641196 0.591875 0.6794019933554817 0.585 0.6661129568106312 0.573125 0.6561461794019934 0.5575 0.6536544850498339 0.548125 0.6586378737541528 0.540625 0.6686046511627907 0.540625 0.6918604651162791 0.545625 0.7034883720930233 0.5575 0.7151162790697675 0.566875 0.7192691029900332 0.578125 0.7192691029900332 0.58625 0.7151162790697675
1 0.52125 0.4277408637873754 0.51125 0.41445182724252494 0.49375 0.41445182724252494 0.4875 0.4186046511627907 0.483125 0.42524916943521596 0.483125 0.4418604651162791 0.49375 0.45182724252491696 0.505 0.45514950166112955 0.51125 0.4543189368770764 0.520625 0.44518272425249167 0.52125 0.4277408637873754
1 0.288125 0.6428571428571429 0.296875 0.6320598006644518 0.301875 0.617109634551495 0.30125 0.5971760797342193 0.2975 0.5880398671096345 0.289375 0.5780730897009967 0.28375 0.5755813953488372 0.27125 0.579734219269103 0.2625 0.5921926910299004 0.26 0.6088039867109635 0.260625 0.6229235880398671 0.2625 0.6320598006644518 0.26875 0.6428571428571429 0.275 0.6461794019933554 0.2825 0.6461794019933554 0.288125 0.6428571428571429
1 0.58875 0.43853820598006643 0.584375 0.42857142857142855 0.578125 0.42358803986710963 0.57375 0.42358803986710963 0.565625 0.42940199335548174 0.5625 0.43521594684385384 0.560625 0.44601328903654486 0.5625 0.462624584717608 0.5675 0.4692691029900332 0.57625 0.47093023255813954 0.583125 0.46677740863787376 0.58875 0.4584717607973422 0.58875 0.43853820598006643
1 0.24625 0.2649501661129568 0.24375 0.25664451827242524 0.235625 0.24584717607973422 0.228125 0.24003322259136212 0.21875 0.23837209302325582 0.209375 0.24169435215946844 0.2025 0.25 0.2 0.2591362126245847 0.20125 0.27408637873754155 0.215625 0.28903654485049834 0.22875 0.2915282392026578 0.235 0.28903654485049834 0.243125 0.2799003322259136 0.24625 0.2649501661129568
1 0.256875 0.5257475083056479 0.256875 0.5008305647840532 0.24875 0.49169435215946844 0.236875 0.49169435215946844 0.223125 0.5058139534883721 0.22 0.5166112956810631 0.220625 0.5274086378737541 0.22875 0.542358803986711 0.235625 0.5448504983388704 0.245 0.5440199335548173 0.25 0.5390365448504983 0.256875 0.5257475083056479
1 0.675 0.36710963455149503 0.675625 0.3504983388704319 0.6725 0.33970099667774084 0.65875 0.32475083056478404 0.65125 0.32475083056478404 0.645625 0.329734219269103 0.641875 0.34136212624584716 0.6425 0.35299003322259137 0.6475 0.36710963455149503 0.6525 0.37375415282392027 0.659375 0.37790697674418605 0.6675 0.37624584717607973 0.675 0.36710963455149503
1 0.3125 0.20681063122923588 0.3075 0.19850498338870431 0.30125 0.1951827242524917 0.290625 0.1951827242524917 0.284375 0.19850498338870431 0.275625 0.21179401993355482 0.27375 0.22757475083056478 0.275625 0.2350498338870432 0.285625 0.24584717607973422 0.293125 0.24501661129568106 0.301875 0.23837209302325582 0.3125 0.22425249169435216 0.3125 0.20681063122923588
1 0.30125 0.5523255813953488 0.304375 0.5440199335548173 0.30375 0.5182724252491694 0.296875 0.510797342192691 0.285625 0.5058139534883721 0.274375 0.5124584717607974 0.264375 0.5274086378737541 0.261875 0.5415282392026578 0.2625 0.5539867109634552 0.264375 0.5589700996677741 0.27625 0.5689368770764119 0.283125 0.5697674418604651 0.290625 0.5656146179401993 0.30125 0.5523255813953488
1 0.355625 0.2782392026578073 0.355625 0.2558139534883721 0.3525 0.25 0.345 0.24584717607973422 0.335625 0.24584717607973422 0.3175 0.2558139534883721 0.3075 0.27159468438538203 0.3075 0.2865448504983389 0.309375 0.292358803986711 0.315 0.29817275747508304 0.324375 0.3023255813953488 0.333125 0.30066445182724255 0.3425 0.29485049833887045 0.355625 0.2782392026578073
1 0.474375 0.5730897009966778 0.47 0.5589700996677741 0.4625 0.5556478405315615 0.4525 0.5598006644518272 0.448125 0.5656146179401993 0.440625 0.5805647840531561 0.44 0.6021594684385382 0.448125 0.6121262458471761 0.455 0.6129568106312292 0.46375 0.606312292358804 0.470625 0.5971760797342193 0.474375 0.5730897009966778
1 0.421875 0.41777408637873753 0.425 0.4061461794019934 0.425 0.3953488372093023 0.421875 0.38787375415282394 0.415 0.38289036544850497 0.403125 0.38205980066445183 0.39125 0.38870431893687707 0.381875 0.40282392026578073 0.379375 0.41029900332225916 0.379375 0.4277408637873754 0.386875 0.4377076411960133 0.39875 0.4393687707641196 0.405 0.4368770764119601 0.415 0.4277408637873754 0.421875 0.41777408637873753
1 0.441875 0.7084717607973422 0.43625 0.696843853820598 0.431875 0.6926910299003323 0.414375 0.6918604651162791 0.409375 0.6976744186046512 0.40625 0.7059800664451827 0.406875 0.7267441860465116 0.410625 0.7358803986710963 0.418125 0.7441860465116279 0.4325 0.7441860465116279 0.441875 0.7325581395348837 0.441875 0.7084717607973422
1 0.40625 0.532392026578073 0.406875 0.5174418604651163 0.40375 0.5041528239202658 0.40125 0.5008305647840532 0.389375 0.4983388704318937 0.379375 0.5049833887043189 0.3725 0.520764119601329 0.3725 0.5365448504983389 0.375 0.5440199335548173 0.381875 0.5523255813953488 0.390625 0.5539867109634552 0.39375 0.553156146179402 0.40125 0.5440199335548173 0.40625 0.532392026578073
1 0.293125 0.4775747508305648 0.293125 0.4676079734219269 0.288125 0.4568106312292359 0.28 0.45182724252491696 0.265 0.4526578073089701 0.2575 0.4568106312292359 0.250625 0.4684385382059801 0.250625 0.48255813953488375 0.255 0.4883720930232558 0.26625 0.4950166112956811 0.27875 0.4941860465116279 0.29125 0.48172757475083056 0.293125 0.4775747508305648
1 0.3075 0.35299003322259137 0.3075 0.33222591362126247 0.305 0.32475083056478404 0.29 0.313953488372093 0.284375 0.31561461794019935 0.275 0.3239202657807309 0.27125 0.3289036544850498 0.26625 0.34717607973421927 0.26875 0.36129568106312293 0.271875 0.36794019933554817 0.28125 0.37375415282392027 0.28875 0.37375415282392027 0.3 0.36710963455149503 0.3075 0.35299003322259137
1 0.560625 0.44435215946843853 0.555625 0.4318936877076412 0.55125 0.4269102990033223 0.540625 0.4186046511627907 0.5325 0.4186046511627907 0.524375 0.4269102990033223 0.521875 0.4335548172757475 0.521875 0.4435215946843854 0.524375 0.45182724252491696 0.538125 0.47093023255813954 0.548125 0.47093023255813954 0.55625 0.4642857142857143 0.560625 0.4543189368770764 0.560625 0.44435215946843853
1 0.43375 0.6137873754152824 0.436875 0.606312292358804 0.438125 0.595514950166113 0.43625 0.5863787375415282 0.429375 0.5772425249169435 0.42375 0.574750830564784 0.410625 0.5739202657807309 0.406875 0.5764119601328903 0.40125 0.5822259136212624 0.39375 0.5971760797342193 0.39375 0.617109634551495 0.4 0.6237541528239202 0.408125 0.627906976744186 0.415625 0.627906976744186 0.424375 0.6237541528239202 0.43375 0.6137873754152824
1 0.475625 0.6769102990033222 0.473125 0.6669435215946844 0.46375 0.6495016611295681 0.458125 0.6461794019933554 0.45 0.6470099667774086 0.445625 0.6519933554817275 0.440625 0.6686046511627907 0.441875 0.6843853820598007 0.4475 0.7026578073089701 0.4575 0.7109634551495017 0.4675 0.7101328903654485 0.475625 0.6960132890365448 0.475625 0.6769102990033222
1 0.243125 0.31893687707641194 0.240625 0.3081395348837209 0.23375 0.30066445182724255 0.225 0.29983388704318936 0.206875 0.3106312292358804 0.19875 0.33554817275747506 0.2 0.35299003322259137 0.209375 0.36295681063122925 0.21875 0.36295681063122925 0.23375 0.3521594684385382 0.2425 0.3338870431893688 0.243125 0.31893687707641194
1 0.514375 0.39867109634551495 0.513125 0.3862126245847176 0.508125 0.3787375415282392 0.50125 0.3704318936877076 0.491875 0.36627906976744184 0.47625 0.3687707641196013 0.473125 0.37790697674418605 0.47375 0.3945182724252492 0.48125 0.4069767441860465 0.4925 0.41362126245847175 0.50875 0.4119601328903654 0.513125 0.4053156146179402 0.514375 0.39867109634551495
1 0.441875 0.4543189368770764 0.441875 0.42940199335548174 0.431875 0.4219269102990033 0.425 0.4219269102990033 0.41375 0.42940199335548174 0.400625 0.44518272425249167 0.400625 0.46096345514950166 0.40375 0.4692691029900332 0.41125 0.47259136212624586 0.42 0.47259136212624586 0.43125 0.4684385382059801 0.441875 0.4543189368770764
1 0.634375 0.4750830564784053 0.63125 0.46179401993355484 0.62625 0.4526578073089701 0.62 0.446843853820598 0.613125 0.44601328903654486 0.608125 0.4485049833887043 0.600625 0.462624584717608 0.600625 0.4684385382059801 0.605 0.48006644518272423 0.605 0.4958471760797342 0.61125 0.5016611295681063 0.62 0.5033222591362126 0.62875 0.5 0.633125 0.4900332225913621 0.634375 0.4750830564784053
1 0.285625 0.28488372093023256 0.27875 0.2799003322259136 0.263125 0.2799003322259136 0.255 0.2865448504983389 0.250625 0.29485049833887045 0.250625 0.30980066445182725 0.2575 0.32142857142857145 0.2725 0.32641196013289037 0.29125 0.3106312292358804 0.290625 0.2931893687707641 0.285625 0.28488372093023256
1 0.4275 0.2599667774086379 0.429375 0.2516611295681063 0.42875 0.23006644518272426 0.415625 0.2059800664451827 0.40375 0.2026578073089701 0.39375 0.20681063122923588 0.389375 0.21179401993355482 0.384375 0.22757475083056478 0.385625 0.2541528239202658 0.39125 0.2666112956810631 0.39875 0.27408637873754155 0.40625 0.27740863787375414 0.415 0.2757475083056478 0.4275 0.2599667774086379
1 0.4675 0.4069767441860465 0.470625 0.39867109634551495 0.470625 0.37624584717607973 0.466875 0.3696013289036545 0.461875 0.36710963455149503 0.45 0.36710963455149503 0.443125 0.3704318936877076 0.4325 0.38372093023255816 0.429375 0.4011627906976744 0.43 0.41029900332225916 0.435 0.420265780730897 0.440625 0.42358803986710963 0.44875 0.42441860465116277 0.4575 0.420265780730897 0.4675 0.4069767441860465
1 0.463125 0.07807308970099668 0.463125 0.0681063122923588 0.460625 0.059800664451827246 0.451875 0.04983388704318937 0.44 0.044850498338870434 0.4275 0.04568106312292359 0.419375 0.050664451827242524 0.413125 0.058970099667774084 0.411875 0.06478405315614617 0.41375 0.07225913621262459 0.4225 0.0872093023255814 0.43625 0.09385382059800665 0.445 0.09385382059800665 0.45625 0.0888704318936877 0.463125 0.07807308970099668
1 0.539375 0.47591362126245845 0.525625 0.45598006644518274 0.511875 0.45598006644518274 0.506875 0.4601328903654485 0.501875 0.47093023255813954 0.503125 0.48172757475083056 0.510625 0.49667774086378735 0.52125 0.5049833887043189 0.535625 0.5041528239202658 0.540625 0.4958471760797342 0.539375 0.47591362126245845
1 0.475625 0.2425249169435216 0.476875 0.21677740863787376 0.470625 0.19767441860465115 0.461875 0.19186046511627908 0.45375 0.19186046511627908 0.446875 0.19684385382059802 0.438125 0.21511627906976744 0.438125 0.2350498338870432 0.440625 0.24501661129568106 0.451875 0.2558139534883721 0.46125 0.25664451827242524 0.470625 0.25 0.475625 0.2425249169435216
1 0.4375 0.7940199335548173 0.441875 0.7799003322259136 0.441875 0.770764119601329 0.439375 0.7624584717607974 0.434375 0.7558139534883721 0.43125 0.7549833887043189 0.409375 0.7674418604651163 0.40375 0.7757475083056479 0.40125 0.7840531561461794 0.40125 0.7906976744186046 0.404375 0.7990033222591362 0.406875 0.803156146179402 0.41375 0.8064784053156147 0.425 0.8056478405315615 0.431875 0.8006644518272426 0.4375 0.7940199335548173
1 0.283125 0.08222591362126246 0.285625 0.06727574750830564 0.280625 0.05813953488372093 0.273125 0.050664451827242524 0.259375 0.04817275747508306 0.25 0.05398671096345515 0.246875 0.06561461794019934 0.2475 0.07142857142857142 0.251875 0.08056478405315615 0.2575 0.08637873754152824 0.2625 0.0888704318936877 0.275625 0.0888704318936877 0.283125 0.08222591362126246
1 0.513125 0.23837209302325582 0.51375 0.22093023255813954 0.508125 0.2059800664451827 0.495 0.2009966777408638 0.483125 0.20930232558139536 0.478125 0.22093023255813954 0.478125 0.24667774086378738 0.480625 0.2516611295681063 0.489375 0.25830564784053156 0.495 0.25830564784053156 0.508125 0.24916943521594684 0.513125 0.23837209302325582