1 0.6598915989159891 0.490625 0.6490514905149052 0.48375 0.6409214092140921 0.48125 0.6300813008130082 0.48125 0.6219512195121951 0.48375 0.6192411924119241 0.493125 0.6300813008130082 0.500625 0.6463414634146342 0.503125 0.6571815718157181 0.49875 0.6598915989159891 0.490625
1 0.7520325203252033 0.34875 0.7520325203252033 0.341875 0.7357723577235772 0.3375 0.7086720867208672 0.34125 0.6978319783197832 0.349375 0.7005420054200542 0.35375 0.7127371273712737 0.358125 0.7357723577235772 0.3575 0.7439024390243902 0.354375 0.7520325203252033 0.34875
1 0.3062330623306233 0.60625 0.28319783197831977 0.60375 0.26558265582655827 0.60875 0.26558265582655827 0.615625 0.27371273712737126 0.620625 0.2953929539295393 0.623125 0.3089430894308943 0.62 0.3116531165311653 0.611875 0.3062330623306233 0.60625
1 0.5433604336043361 0.29375 0.5487804878048781 0.29 0.5460704607046071 0.278125 0.524390243902439 0.268125 0.510840108401084 0.268125 0.4986449864498645 0.273125 0.4986449864498645 0.28 0.505420054200542 0.28875 0.518970189701897 0.29625 0.535230352303523 0.29625 0.5433604336043361 0.29375
1 0.3956639566395664 0.485625 0.38482384823848237 0.480625 0.3604336043360434 0.48125 0.34959349593495936 0.485625 0.34417344173441733 0.49125 0.34417344173441733 0.495625 0.36314363143631434 0.5025 0.3821138211382114 0.5 0.39295392953929537 0.495625 0.3956639566395664 0.485625
1 0.8577235772357723 0.418125 0.8509485094850948 0.413125 0.8306233062330624 0.40875 0.8116531165311653 0.41125 0.8062330623306233 0.41625 0.8062330623306233 0.4225 0.8170731707317073 0.4275 0.8414634146341463 0.428125 0.8550135501355014 0.423125 0.8577235772357723 0.418125
1 0.39295392953929537 0.615625 0.3712737127371274 0.618125 0.35772357723577236 0.6275 0.36585365853658536 0.6325 0.3794037940379404 0.63375 0.3875338753387534 0.63375 0.4037940379403794 0.628125 0.4065040650406504 0.6225 0.39295392953929537 0.615625
1 0.33604336043360433 0.4675 0.3116531165311653 0.4675 0.3035230352303523 0.47125 0.3035230352303523 0.47875 0.3157181571815718 0.48375 0.3333333333333333 0.485 0.34417344173441733 0.48125 0.34688346883468835 0.473125 0.33604336043360433 0.4675
1 0.17886178861788618 0.6125 0.17208672086720866 0.605625 0.15718157181571815 0.60125 0.13821138211382114 0.60125 0.13008130081300814 0.605 0.13008130081300814 0.615 0.14498644986449866 0.623125 0.16802168021680217 0.625 0.17615176151761516 0.621875 0.17886178861788618 0.6125
1 0.2791327913279133 0.661875 0.26558265582655827 0.659375 0.24932249322493225 0.661875 0.24119241192411925 0.6725 0.25203252032520324 0.68 0.27100271002710025 0.68 0.28184281842818426 0.674375 0.2845528455284553 0.66875 0.2791327913279133 0.661875
1 0.2899728997289973 0.3825 0.28184281842818426 0.3825 0.27100271002710025 0.38875 0.27371273712737126 0.405 0.2845528455284553 0.408125 0.2926829268292683 0.408125 0.3062330623306233 0.404375 0.3062330623306233 0.386875 0.2899728997289973 0.3825
1 0.2032520325203252 0.52375 0.2032520325203252 0.515625 0.1951219512195122 0.5125 0.15718157181571815 0.5125 0.14092140921409213 0.519375 0.14092140921409213 0.526875 0.15311653116531165 0.53125 0.17886178861788618 0.53125 0.1978319783197832 0.526875 0.2032520325203252 0.52375
1 0.1842818428184282 0.266875 0.17615176151761516 0.26 0.15447154471544716 0.25875 0.14363143631436315 0.26 0.13550135501355012 0.26375 0.13550135501355012 0.2725 0.14634146341463414 0.276875 0.17073170731707318 0.2775 0.18157181571815717 0.274375 0.1842818428184282 0.266875
1 0.6327913279132791 0.709375 0.6327913279132791 0.700625 0.6138211382113821 0.6925 0.5975609756097561 0.693125 0.5894308943089431 0.69875 0.5894308943089431 0.706875 0.6111111111111112 0.716875 0.6219512195121951 0.716875 0.6273712737127372 0.71375 0.6327913279132791 0.709375
1 0.575880758807588 0.398125 0.559620596205962 0.39625 0.5433604336043361 0.398125 0.540650406504065 0.404375 0.5501355013550135 0.411875 0.5704607046070461 0.41375 0.5840108401084011 0.410625 0.5867208672086721 0.404375 0.575880758807588 0.398125
1 0.5460704607046071 0.50875 0.5433604336043361 0.50375 0.535230352303523 0.500625 0.524390243902439 0.49875 0.4986449864498645 0.50125 0.4959349593495935 0.5075 0.502710027100271 0.5125 0.532520325203252 0.51375 0.5420054200542005 0.511875 0.5460704607046071 0.50875
1 0.592140921409214 0.240625 0.5650406504065041 0.24125 0.5623306233062331 0.251875 0.5663956639566395 0.25375 0.5718157181571816 0.255625 0.5894308943089431 0.255625 0.5975609756097561 0.253125 0.6002710027100271 0.245625 0.592140921409214 0.240625
1 0.8943089430894309 0.5 0.9010840108401084 0.495625 0.9010840108401084 0.48875 0.8902439024390244 0.485 0.8753387533875339 0.485625 0.8590785907859079 0.490625 0.8523035230352304 0.496875 0.8550135501355014 0.5025 0.8685636856368564 0.50375 0.8875338753387534 0.5025 0.8943089430894309 0.5
1 0.8170731707317073 0.37875 0.8252032520325203 0.37375 0.8252032520325203 0.368125 0.8170731707317073 0.36375 0.8062330623306233 0.361875 0.7872628726287263 0.36375 0.7764227642276422 0.36875 0.7737127371273713 0.376875 0.7818428184281843 0.381875 0.8089430894308943 0.381875 0.8170731707317073 0.37875
1 0.6002710027100271 0.353125 0.5745257452574526 0.35375 0.559620596205962 0.36125 0.5623306233062331 0.368125 0.5718157181571816 0.37125 0.592140921409214 0.370625 0.6056910569105691 0.365625 0.6084010840108401 0.35625 0.6002710027100271 0.353125
1 0.6653116531165312 0.375 0.6409214092140921 0.37375 0.6327913279132791 0.379375 0.6355013550135501 0.3925 0.6409214092140921 0.395 0.6626016260162602 0.395 0.6707317073170732 0.39 0.6734417344173442 0.384375 0.6653116531165312 0.375
1 0.3956639566395664 0.45 0.4037940379403794 0.449375 0.4065040650406504 0.44625 0.4065040650406504 0.42875 0.38482384823848237 0.428125 0.37669376693766937 0.4475 0.3956639566395664 0.45
1 0.44715447154471544 0.541875 0.43360433604336046 0.54125 0.42276422764227645 0.54375 0.4173441734417344 0.548125 0.4173441734417344 0.560625 0.43224932249322495 0.56375 0.4444444444444444 0.561875 0.44986449864498645 0.558125 0.44715447154471544 0.541875
1 0.23306233062330622 0.7 0.25745257452574527 0.69375 0.26287262872628725 0.69 0.26287262872628725 0.685625 0.25474254742547425 0.680625 0.24390243902439024 0.679375 0.2222222222222222 0.680625 0.20596205962059622 0.685625 0.2032520325203252 0.69 0.21002710027100271 0.699375 0.21951219512195122 0.700625 0.23306233062330622 0.7
1 0.34959349593495936 0.405 0.34417344173441733 0.396875 0.3333333333333333 0.391875 0.3130081300813008 0.3925 0.3089430894308943 0.396875 0.3089430894308943 0.40625 0.3157181571815718 0.41125 0.3333333333333333 0.415625 0.34688346883468835 0.41125 0.34959349593495936 0.405
1 0.45121951219512196 0.501875 0.43360433604336046 0.5 0.4146341463414634 0.505625 0.41192411924119243 0.516875 0.4159891598915989 0.519375 0.4444444444444444 0.51875 0.45257452574525747 0.51125 0.45528455284552843 0.505 0.45121951219512196 0.501875
1 0.8604336043360433 0.560625 0.8360433604336044 0.560625 0.8252032520325203 0.5675 0.8252032520325203 0.575 0.8387533875338753 0.58125 0.8550135501355014 0.58125 0.8658536585365854 0.575 0.8685636856368564 0.565625 0.8604336043360433 0.560625
1 0.524390243902439 0.398125 0.5094850948509485 0.40125 0.502710027100271 0.406875 0.502710027100271 0.413125 0.5121951219512195 0.42 0.5298102981029811 0.42 0.537940379403794 0.41625 0.537940379403794 0.401875 0.524390243902439 0.398125
1 0.8658536585365854 0.34625 0.8523035230352304 0.340625 0.8306233062330624 0.3425 0.8252032520325203 0.34625 0.8279132791327913 0.360625 0.8360433604336044 0.363125 0.8577235772357723 0.36125 0.8658536585365854 0.3575 0.8658536585365854 0.34625
1 0.518970189701897 0.47875 0.4986449864498645 0.480625 0.4905149051490515 0.48625 0.4932249322493225 0.495625 0.505420054200542 0.5 0.516260162601626 0.5 0.5271002710027101 0.495625 0.5271002710027101 0.48125 0.518970189701897 0.47875
1 0.5785907859078591 0.570625 0.5677506775067751 0.579375 0.573170731707317 0.58875 0.5867208672086721 0.59125 0.6029810298102981 0.585625 0.6056910569105691 0.575 0.592140921409214 0.57 0.5785907859078591 0.570625
1 0.551490514905149 0.366875 0.5284552845528455 0.36625 0.516260162601626 0.38 0.518970189701897 0.385 0.532520325203252 0.38875 0.540650406504065 0.38875 0.556910569105691 0.381875 0.559620596205962 0.37375 0.551490514905149 0.366875
1 0.6192411924119241 0.309375 0.6029810298102981 0.30375 0.5894308943089431 0.30375 0.5785907859078591 0.30875 0.5813008130081301 0.318125 0.5894308943089431 0.32375 0.6111111111111112 0.32625 0.6219512195121951 0.32125 0.6192411924119241 0.309375
1 0.524390243902439 0.363125 0.518970189701897 0.360625 0.4986449864498645 0.35875 0.4823848238482385 0.361875 0.47696476964769646 0.365625 0.47696476964769646 0.37375 0.4878048780487805 0.3775 0.508130081300813 0.3775 0.521680216802168 0.373125 0.524390243902439 0.363125
1 0.1897018970189702 0.5 0.1951219512195122 0.498125 0.1951219512195122 0.491875 0.1897018970189702 0.48625 0.18157181571815717 0.48375 0.15176151761517614 0.48375 0.14363143631436315 0.488125 0.14363143631436315 0.495625 0.15176151761517614 0.5 0.16802168021680217 0.5025 0.1897018970189702 0.5
1 0.36314363143631434 0.37375 0.3333333333333333 0.374375 0.3252032520325203 0.381875 0.32791327913279134 0.389375 0.33604336043360433 0.3925 0.3523035230352303 0.391875 0.3604336043360434 0.389375 0.36585365853658536 0.386875 0.36314363143631434 0.37375
1 0.4986449864498645 0.510625 0.4796747967479675 0.51125 0.46612466124661245 0.515 0.46612466124661245 0.52375 0.4742547425474255 0.526875 0.4932249322493225 0.52875 0.508130081300813 0.525625 0.510840108401084 0.516875 0.4986449864498645 0.510625
1 0.45528455284552843 0.5375 0.44715447154471544 0.541875 0.44986449864498645 0.5525 0.4634146341463415 0.556875 0.47696476964769646 0.555 0.47696476964769646 0.54125 0.46883468834688347 0.5375 0.45528455284552843 0.5375
1 0.6219512195121951 0.285625 0.6056910569105691 0.286875 0.5975609756097561 0.293125 0.6002710027100271 0.303125 0.6138211382113821 0.308125 0.6219512195121951 0.308125 0.6382113821138211 0.303125 0.6382113821138211 0.288125 0.6219512195121951 0.285625
1 0.4037940379403794 0.54375 0.3821138211382114 0.54375 0.37398373983739835 0.550625 0.3794037940379404 0.560625 0.3956639566395664 0.565 0.4037940379403794 0.565 0.4146341463414634 0.560625 0.4146341463414634 0.548125 0.4037940379403794 0.54375
1 0.7899728997289973 0.35125 0.7926829268292683 0.344375 0.7845528455284553 0.3375 0.7791327913279132 0.335625 0.7574525745257452 0.3375 0.7520325203252033 0.3425 0.7466124661246613 0.358125 0.7560975609756098 0.36125 0.7764227642276422 0.360625 0.7845528455284553 0.3575 0.7899728997289973 0.35125
1 0.537940379403794 0.439375 0.540650406504065 0.43375 0.5298102981029811 0.42625 0.516260162601626 0.42375 0.497289972899729 0.42375 0.4905149051490515 0.42625 0.4878048780487805 0.433125 0.4986449864498645 0.439375 0.510840108401084 0.4425 0.5271002710027101 0.4425 0.537940379403794 0.439375
1 0.6585365853658537 0.65125 0.6653116531165312 0.646875 0.6653116531165312 0.640625 0.6571815718157181 0.6375 0.6314363143631436 0.6375 0.6178861788617886 0.6425 0.6138211382113821 0.646875 0.6138211382113821 0.649375 0.6233062330623306 0.654375 0.6355013550135501 0.655625 0.6585365853658537 0.65125
1 0.6883468834688347 0.356875 0.6869918699186992 0.349375 0.6693766937669376 0.349375 0.6653116531165312 0.353125 0.6761517615176151 0.35875 0.6883468834688347 0.356875
1 0.45257452574525747 0.580625 0.45257452574525747 0.5725 0.44579945799457993 0.566875 0.4281842818428184 0.56375 0.4146341463414634 0.56375 0.4037940379403794 0.570625 0.41192411924119243 0.581875 0.42276422764227645 0.584375 0.4444444444444444 0.584375 0.45257452574525747 0.580625
1 0.6544715447154471 0.4475 0.6449864498644986 0.439375 0.6246612466124661 0.43625 0.6165311653116531 0.44125 0.6138211382113821 0.4575 0.6246612466124661 0.4625 0.6476964769647696 0.461875 0.6544715447154471 0.4575 0.6544715447154471 0.4475
1 0.2872628726287263 0.203125 0.26151761517615174 0.20125 0.24661246612466126 0.205 0.24661246612466126 0.214375 0.2669376693766938 0.223125 0.2899728997289973 0.224375 0.3008130081300813 0.220625 0.3008130081300813 0.210625 0.2872628726287263 0.203125
1 0.33604336043360433 0.27 0.33604336043360433 0.25875 0.33062330623306235 0.255625 0.3116531165311653 0.255625 0.2926829268292683 0.2625 0.2926829268292683 0.27125 0.2981029810298103 0.274375 0.31978319783197834 0.27625 0.33062330623306235 0.273125 0.33604336043360433 0.27
1 0.23306233062330622 0.5625 0.2140921409214092 0.555625 0.2005420054200542 0.555625 0.17886178861788618 0.5625 0.17886178861788618 0.568125 0.1842818428184282 0.5725 0.21138211382113822 0.57375 0.2222222222222222 0.5725 0.23035230352303523 0.568125 0.23306233062330622 0.5625
1 0.2682926829268293 0.52375 0.2588075880758808 0.515625 0.24661246612466126 0.5125 0.23306233062330622 0.5125 0.22493224932249323 0.516875 0.22764227642276422 0.526875 0.23577235772357724 0.53125 0.24932249322493225 0.53375 0.26558265582655827 0.531875 0.2682926829268293 0.52375
1 0.8116531165311653 0.386875 0.7845528455284553 0.386875 0.7737127371273713 0.391875 0.7764227642276422 0.40125 0.7845528455284553 0.404375 0.8035230352303523 0.405 0.8170731707317073 0.4 0.8197831978319783 0.390625 0.8116531165311653 0.386875
1 0.34417344173441733 0.599375 0.31978319783197834 0.5975 0.3062330623306233 0.60375 0.3062330623306233 0.6075 0.3170731707317073 0.616875 0.34417344173441733 0.619375 0.35501355013550134 0.615625 0.35501355013550134 0.604375 0.34417344173441733 0.599375
1 0.7682926829268293 0.39 0.7520325203252033 0.3875 0.7357723577235772 0.3925 0.7330623306233063 0.405 0.7384823848238482 0.4075 0.7574525745257452 0.40875 0.7710027100271003 0.405 0.7737127371273713 0.393125 0.7682926829268293 0.39
1 0.3902439024390244 0.496875 0.37398373983739835 0.503125 0.37398373983739835 0.516875 0.3983739837398374 0.51875 0.4146341463414634 0.5125 0.4173441734417344 0.505625 0.4065040650406504 0.49875 0.3902439024390244 0.496875
1 0.2005420054200542 0.27 0.19241192411924118 0.27 0.17073170731707318 0.279375 0.16802168021680217 0.290625 0.17886178861788618 0.29625 0.1951219512195122 0.29625 0.2086720867208672 0.29125 0.21138211382113822 0.275 0.2005420054200542 0.27
1 0.6138211382113821 0.44 0.6084010840108401 0.43625 0.5880758807588076 0.435625 0.5772357723577236 0.438125 0.573170731707317 0.441875 0.573170731707317 0.45 0.5840108401084011 0.456875 0.5975609756097561 0.4575 0.6111111111111112 0.4525 0.6138211382113821 0.44
1 0.551490514905149 0.230625 0.5298102981029811 0.230625 0.516260162601626 0.24 0.516260162601626 0.245625 0.521680216802168 0.250625 0.5460704607046071 0.25375 0.559620596205962 0.25 0.559620596205962 0.235625 0.551490514905149 0.230625
1 0.7818428184281843 0.279375 0.7777777777777778 0.27625 0.7682926829268293 0.273125 0.7547425474254743 0.273125 0.7411924119241192 0.2775 0.7384823848238482 0.29375 0.7439024390243902 0.298125 0.7601626016260162 0.299375 0.7791327913279132 0.290625 0.7818428184281843 0.279375
1 0.24390243902439024 0.619375 0.24390243902439024 0.610625 0.23712737127371275 0.60625 0.22764227642276422 0.60375 0.2032520325203252 0.604375 0.2005420054200542 0.613125 0.20596205962059622 0.6175 0.22086720867208673 0.623125 0.23848238482384823 0.621875 0.24390243902439024 0.619375
1 0.8739837398373984 0.633125 0.8685636856368564 0.628125 0.8550135501355014 0.624375 0.8401084010840109 0.625625 0.8306233062330624 0.63125 0.8360433604336044 0.641875 0.8523035230352304 0.645625 0.8604336043360433 0.645625 0.8712737127371274 0.641875 0.8739837398373984 0.633125
1 0.38482384823848237 0.408125 0.37669376693766937 0.405 0.3523035230352303 0.405 0.34146341463414637 0.415625 0.34959349593495936 0.423125 0.37398373983739835 0.42375 0.3807588075880759 0.420625 0.38482384823848237 0.416875 0.38482384823848237 0.408125
1 0.5271002710027101 0.224375 0.516260162601626 0.220625 0.4932249322493225 0.220625 0.48509485094850946 0.22375 0.4878048780487805 0.2325 0.497289972899729 0.235625 0.5257452574525745 0.234375 0.5298102981029811 0.228125 0.5271002710027101 0.224375
1 0.31978319783197834 0.57625 0.2899728997289973 0.575 0.2791327913279133 0.578125 0.2764227642276423 0.584375 0.2926829268292683 0.593125 0.31978319783197834 0.594375 0.3333333333333333 0.59 0.3333333333333333 0.581875 0.31978319783197834 0.57625
1 0.8035230352303523 0.321875 0.8035230352303523 0.31125 0.7981029810298103 0.308125 0.7682926829268293 0.308125 0.7601626016260162 0.31125 0.7547425474254743 0.3175 0.7588075880758808 0.328125 0.7899728997289973 0.329375 0.7953929539295393 0.326875 0.8035230352303523 0.321875
1 0.3712737127371274 0.424375 0.34959349593495936 0.42375 0.34146341463414637 0.43125 0.34146341463414637 0.443125 0.35365853658536583 0.4475 0.3685636856368564 0.4475 0.37669376693766937 0.443125 0.3794037940379404 0.430625 0.3712737127371274 0.424375
1 0.41192411924119243 0.434375 0.4065040650406504 0.4475 0.4146341463414634 0.45125 0.44173441734417346 0.45125 0.44986449864498645 0.4475 0.45257452574525747 0.439375 0.44173441734417346 0.434375 0.41192411924119243 0.434375
1 0.37398373983739835 0.36625 0.36585365853658536 0.37125 0.3685636856368564 0.386875 0.3875338753387534 0.391875 0.4065040650406504 0.3875 0.4065040650406504 0.370625 0.39295392953929537 0.365625 0.37398373983739835 0.36625
1 0.35772357723577236 0.245625 0.3604336043360434 0.236875 0.3523035230352303 0.23125 0.34146341463414637 0.22875 0.3224932249322493 0.22875 0.3116531165311653 0.233125 0.3089430894308943 0.23875 0.3170731707317073 0.245625 0.3319783197831978 0.24875 0.34959349593495936 0.248125 0.35772357723577236 0.245625
1 0.4037940379403794 0.6025 0.3943089430894309 0.595 0.3821138211382114 0.591875 0.3685636856368564 0.591875 0.36314363143631434 0.59375 0.3604336043360434 0.60375 0.3685636856368564 0.610625 0.3875338753387534 0.615 0.4010840108401084 0.611875 0.4037940379403794 0.6025
1 0.6666666666666666 0.323125 0.6626016260162602 0.329375 0.6707317073170732 0.33875 0.6978319783197832 0.340625 0.7113821138211383 0.336875 0.7140921409214093 0.3325 0.7032520325203252 0.323125 0.6666666666666666 0.323125
1 0.510840108401084 0.465 0.513550135501355 0.456875 0.508130081300813 0.453125 0.489159891598916 0.45125 0.47831978319783197 0.4525 0.46883468834688347 0.4575 0.46883468834688347 0.466875 0.4742547425474255 0.46875 0.4905149051490515 0.470625 0.502710027100271 0.46875 0.510840108401084 0.465
1 0.6571815718157181 0.66875 0.6436314363143631 0.665 0.6219512195121951 0.666875 0.6165311653116531 0.673125 0.6246612466124661 0.68125 0.6395663956639567 0.685 0.6598915989159891 0.684375 0.6653116531165312 0.675625 0.6571815718157181 0.66875
1 0.540650406504065 0.355625 0.540650406504065 0.350625 0.535230352303523 0.34625 0.524390243902439 0.3425 0.502710027100271 0.3425 0.4959349593495935 0.34625 0.4986449864498645 0.355625 0.508130081300813 0.36 0.5298102981029811 0.360625 0.540650406504065 0.355625
1 0.8956639566395664 0.6 0.8794037940379403 0.591875 0.8617886178861789 0.590625 0.8495934959349594 0.594375 0.8495934959349594 0.605 0.8590785907859079 0.610625 0.8726287262872628 0.613125 0.8848238482384824 0.613125 0.8943089430894309 0.610625 0.8956639566395664 0.6
1 0.4146341463414634 0.4525 0.39295392953929537 0.449375 0.37669376693766937 0.454375 0.37669376693766937 0.4625 0.38482384823848237 0.4675 0.4037940379403794 0.469375 0.4186991869918699 0.466875 0.42276422764227645 0.459375 0.4146341463414634 0.4525
1 0.45257452574525747 0.199375 0.43360433604336046 0.193125 0.42276422764227645 0.193125 0.41192411924119243 0.198125 0.4146341463414634 0.21 0.4254742547425474 0.214375 0.44850948509485095 0.21375 0.45257452574525747 0.21 0.45257452574525747 0.199375
1 0.7384823848238482 0.313125 0.7168021680216802 0.314375 0.7059620596205962 0.32 0.7059620596205962 0.326875 0.7168021680216802 0.3325 0.7384823848238482 0.3325 0.7520325203252033 0.32625 0.7520325203252033 0.3175 0.7384823848238482 0.313125
1 0.22764227642276422 0.586875 0.1937669376693767 0.585625 0.17886178861788618 0.591875 0.17886178861788618 0.59625 0.20596205962059622 0.60375 0.2222222222222222 0.60375 0.23577235772357724 0.600625 0.23848238482384823 0.591875 0.22764227642276422 0.586875
1 0.27100271002710025 0.505625 0.26287262872628725 0.51 0.26558265582655827 0.523125 0.27100271002710025 0.526875 0.2926829268292683 0.525625 0.2953929539295393 0.510625 0.2845528455284553 0.505625 0.27100271002710025 0.505625
1 0.42276422764227645 0.246875 0.41192411924119243 0.241875 0.3875338753387534 0.241875 0.3794037940379404 0.245625 0.3821138211382114 0.255 0.3970189701897019 0.2625 0.4173441734417344 0.2625 0.4254742547425474 0.26 0.42276422764227645 0.246875
1 0.3116531165311653 0.646875 0.2872628726287263 0.64625 0.27100271002710025 0.651875 0.27100271002710025 0.65875 0.2845528455284553 0.66375 0.3035230352303523 0.66375 0.3170731707317073 0.659375 0.31978319783197834 0.65125 0.3116531165311653 0.646875
1 0.5582655826558266 0.41625 0.5460704607046071 0.428125 0.5487804878048781 0.43625 0.573170731707317 0.438125 0.5894308943089431 0.43125 0.5894308943089431 0.418125 0.5840108401084011 0.415625 0.5582655826558266 0.41625
1 0.3035230352303523 0.67125 0.2886178861788618 0.6725 0.28184281842818426 0.678125 0.2845528455284553 0.6875 0.3035230352303523 0.6925 0.3143631436314363 0.6925 0.3238482384823848 0.689375 0.3252032520325203 0.679375 0.3035230352303523 0.67125
1 0.6598915989159891 0.2175 0.6436314363143631 0.209375 0.6219512195121951 0.209375 0.6138211382113821 0.21375 0.6138211382113821 0.224375 0.6246612466124661 0.230625 0.6490514905149052 0.2325 0.6598915989159891 0.228125 0.6598915989159891 0.2175
1 0.15989159891598917 0.44125 0.15989159891598917 0.434375 0.14363143631436315 0.429375 0.12466124661246612 0.429375 0.10840108401084012 0.43625 0.10840108401084012 0.439375 0.12330623306233063 0.446875 0.14634146341463414 0.4475 0.15447154471544716 0.445 0.15989159891598917 0.44125
1 0.24932249322493225 0.49625 0.24390243902439024 0.49125 0.23577235772357724 0.48875 0.20596205962059622 0.485 0.19241192411924118 0.486875 0.1978319783197832 0.49875 0.2140921409214092 0.505 0.23577235772357724 0.505625 0.24661246612466126 0.503125 0.24932249322493225 0.49625
1 0.6680216802168022 0.340625 0.6653116531165312 0.331875 0.6544715447154471 0.325 0.6395663956639567 0.324375 0.6300813008130082 0.329375 0.6300813008130082 0.33875 0.6436314363143631 0.345625 0.6571815718157181 0.34625 0.6626016260162602 0.344375 0.6680216802168022 0.340625
1 0.5271002710027101 0.651875 0.524390243902439 0.640625 0.510840108401084 0.635 0.4959349593495935 0.635 0.4878048780487805 0.640625 0.4878048780487805 0.653125 0.4986449864498645 0.65875 0.516260162601626 0.65875 0.5230352303523035 0.655625 0.5271002710027101 0.651875
1 0.4033658536585366 0.527968125 0.41674254742547423 0.53413875 0.4381463414634146 0.535989375 0.45821273712737126 0.5322875 0.4608888888888889 0.528585 0.4448360433604336 0.519946875 0.4194186991869919 0.519946875 0.4033658536585366 0.527968125
1 0.4287831978319783 0.484775625 0.4555379403794038 0.48662687499999996 0.46623983739837394 0.47552 0.45152439024390245 0.466881875 0.43012059620596205 0.47120062500000004 0.4207560975609756 0.478605 0.4287831978319783 0.484775625