1 0.3911960132890365 0.748125 0.4003322259136213 0.7525 0.40365448504983387 0.759375 0.40365448504983387 0.76875 0.39368770764119604 0.776875 0.38787375415282394 0.776875 0.3812292358803987 0.773125 0.3754152823920266 0.7625 0.37624584717607973 0.751875 0.3795681063122924 0.749375 0.3903654485049834 0.748125
1 0.5124584717607974 0.690625 0.521594684385382 0.69625 0.5240863787375415 0.70125 0.5224252491694352 0.70875 0.5124584717607974 0.7125 0.4983388704318937 0.71125 0.4908637873754153 0.705 0.48754152823920266 0.698125 0.48754152823920266 0.6925 0.4950166112956811 0.68875 0.5116279069767442 0.690625
1 0.3430232558139535 0.643125 0.3496677740863787 0.648125 0.3538205980066445 0.658125 0.3496677740863787 0.665 0.34219269102990035 0.6675 0.329734219269103 0.665 0.32142857142857145 0.6575 0.31976744186046513 0.65125 0.32142857142857145 0.646875 0.3272425249169435 0.643125 0.34219269102990035 0.643125
1 0.606312292358804 0.46 0.6146179401993356 0.466875 0.6137873754152824 0.47375 0.6079734219269103 0.48 0.595514950166113 0.483125 0.5830564784053156 0.4775 0.5813953488372093 0.47 0.5897009966777409 0.461875 0.6054817275747508 0.46
1 0.46511627906976744 0.734375 0.47093023255813954 0.7375 0.4750830564784053 0.748125 0.4717607973421927 0.7525 0.46096345514950166 0.75625 0.44518272425249167 0.751875 0.4410299003322259 0.74125 0.4426910299003322 0.7375 0.4485049833887043 0.734375 0.4642857142857143 0.734375
1 0.5191029900332226 0.509375 0.5290697674418605 0.516875 0.5307308970099668 0.52125 0.5290697674418605 0.529375 0.5224252491694352 0.5325 0.5083056478405316 0.53125 0.5041528239202658 0.526875 0.5016611295681063 0.51875 0.5049833887043189 0.510625 0.510797342192691 0.508125 0.5182724252491694 0.509375
1 0.29401993355481726 0.50875 0.30398671096345514 0.513125 0.3073089700996678 0.5175 0.3073089700996678 0.523125 0.29983388704318936 0.529375 0.2931893687707641 0.53 0.27906976744186046 0.528125 0.2724252491694352 0.523125 0.27159468438538203 0.519375 0.27740863787375414 0.51125 0.2931893687707641 0.50875
1 0.48754152823920266 0.48 0.4941860465116279 0.484375 0.49750830564784054 0.494375 0.4908637873754153 0.504375 0.48006644518272423 0.50625 0.4742524916943522 0.50625 0.4700996677740864 0.50375 0.46511627906976744 0.494375 0.4750830564784053 0.481875 0.4867109634551495 0.48
1 0.6694352159468439 0.390625 0.6777408637873754 0.394375 0.6802325581395349 0.40625 0.6760797342192691 0.4125 0.6661129568106312 0.418125 0.6611295681063123 0.418125 0.6528239202657807 0.41375 0.6495016611295681 0.409375 0.6486710963455149 0.40125 0.6536544850498339 0.39375 0.6686046511627907 0.390625
1 0.4111295681063123 0.4175 0.4186046511627907 0.421875 0.41943521594684385 0.428125 0.41362126245847175 0.435625 0.4019933554817276 0.439375 0.39368770764119604 0.43875 0.38953488372093026 0.435625 0.38787375415282394 0.424375 0.3961794019933555 0.418125 0.41029900332225916 0.4175
1 0.5705980066445183 0.641875 0.5805647840531561 0.64375 0.584717607973422 0.64875 0.584717607973422 0.659375 0.5813953488372093 0.664375 0.5739202657807309 0.669375 0.5589700996677741 0.671875 0.5573089700996677 0.656875 0.5598006644518272 0.648125 0.563953488372093 0.643125 0.5697674418604651 0.6425
1 0.47093023255813954 0.544375 0.4792358803986711 0.55 0.4808970099667774 0.556875 0.47591362126245845 0.56375 0.4634551495016611 0.565625 0.45182724252491696 0.564375 0.44518272425249167 0.558125 0.44518272425249167 0.553125 0.45348837209302323 0.545625 0.4659468438538206 0.543125 0.4700996677740864 0.544375
1 0.42857142857142855 0.56125 0.4318936877076412 0.56375 0.4335548172757475 0.5725 0.42524916943521596 0.58 0.40780730897009965 0.578125 0.40365448504983387 0.574375 0.40282392026578073 0.56625 0.41029900332225916 0.56125 0.4277408637873754 0.56125
1 0.34634551495016613 0.3675 0.3521594684385382 0.36875 0.36295681063122925 0.38 0.3637873754152824 0.39125 0.35631229235880396 0.39625 0.3446843853820598 0.395 0.3338870431893688 0.383125 0.3347176079734219 0.3725 0.3380398671096346 0.369375 0.34551495016611294 0.3675
1 0.6121262458471761 0.480625 0.6237541528239202 0.48375 0.6312292358803987 0.49 0.6337209302325582 0.49625 0.6320598006644518 0.5025 0.6270764119601329 0.50625 0.6179401993355482 0.508125 0.6079734219269103 0.505 0.6021594684385382 0.500625 0.5963455149501661 0.491875 0.5971760797342193 0.48625 0.6013289036544851 0.4825 0.6112956810631229 0.48125
1 0.3995016611295681 0.49625 0.4061461794019934 0.50125 0.40780730897009965 0.509375 0.4011627906976744 0.514375 0.3903654485049834 0.5175 0.38289036544850497 0.515625 0.3795681063122924 0.5125 0.37624584717607973 0.508125 0.37624584717607973 0.5 0.38372093023255816 0.494375 0.3945182724252492 0.494375 0.39867109634551495 0.49625
1 0.5689368770764119 0.53375 0.5772425249169435 0.53875 0.5805647840531561 0.545625 0.5780730897009967 0.55375 0.5697674418604651 0.5575 0.5606312292358804 0.556875 0.553156146179402 0.5475 0.553156146179402 0.539375 0.5564784053156147 0.535625 0.5631229235880398 0.533125 0.5681063122923588 0.53375
1 0.4111295681063123 0.511875 0.41943521594684385 0.5175 0.41943521594684385 0.525625 0.41029900332225916 0.53375 0.39867109634551495 0.536875 0.39368770764119604 0.53625 0.38953488372093026 0.5325 0.38953488372093026 0.520625 0.39285714285714285 0.5175 0.41029900332225916 0.511875
1 0.3222591362126246 0.53375 0.32641196013289037 0.535 0.3347176079734219 0.543125 0.33554817275747506 0.551875 0.33056478405315615 0.55625 0.3164451827242525 0.55375 0.3064784053156146 0.544375 0.30564784053156147 0.539375 0.30980066445182725 0.534375 0.32142857142857145 0.53375
1 0.42524916943521596 0.58875 0.43272425249169433 0.594375 0.4368770764119601 0.60125 0.436046511627907 0.608125 0.43023255813953487 0.611875 0.4260797342192691 0.611875 0.4161129568106312 0.606875 0.40780730897009965 0.598125 0.40946843853820597 0.59125 0.41943521594684385 0.588125 0.42441860465116277 0.58875
1 0.37375415282392027 0.515625 0.3812292358803987 0.52125 0.3853820598006645 0.529375 0.3845514950166113 0.536875 0.37624584717607973 0.543125 0.36627906976744184 0.541875 0.3588039867109635 0.535625 0.3554817275747508 0.5275 0.3554817275747508 0.52125 0.36046511627906974 0.515 0.3729235880398671 0.515625
1 0.5191029900332226 0.533125 0.5299003322259136 0.539375 0.5332225913621262 0.545 0.532392026578073 0.553125 0.5224252491694352 0.558125 0.5116279069767442 0.558125 0.5024916943521595 0.554375 0.4941860465116279 0.54375 0.4941860465116279 0.540625 0.49916943521594687 0.535625 0.5099667774086378 0.5325 0.5182724252491694 0.533125
1 0.5456810631229236 0.633125 0.5598006644518272 0.644375 0.5581395348837209 0.655 0.5539867109634552 0.658125 0.5406976744186046 0.6575 0.532392026578073 0.65125 0.5290697674418605 0.644375 0.5332225913621262 0.635 0.5448504983388704 0.633125
1 0.5963455149501661 0.59125 0.6054817275747508 0.595625 0.6104651162790697 0.603125 0.6088039867109635 0.61125 0.5996677740863787 0.615625 0.5888704318936877 0.61375 0.579734219269103 0.603125 0.5813953488372093 0.59625 0.5880398671096345 0.591875 0.595514950166113 0.59125
1 0.2728405315614618 0.576875 0.03239202657807309 0.02875
1 0.47674418604651164 0.565625 0.48255813953488375 0.570625 0.4833887043189369 0.57875 0.47840531561461797 0.585625 0.4717607973421927 0.59 0.46179401993355484 0.588125 0.457641196013289 0.585 0.4543189368770764 0.5775 0.46179401993355484 0.566875 0.47591362126245845 0.565625
1 0.38787375415282394 0.441875 0.39368770764119604 0.449375 0.39285714285714285 0.45625 0.38787375415282394 0.463125 0.37624584717607973 0.46875 0.3646179401993355 0.466875 0.36212624584717606 0.456875 0.3729235880398671 0.443125 0.3787375415282392 0.44125 0.38704318936877075 0.441875
1 0.6362126245847176 0.5725 0.6453488372093024 0.578125 0.6453488372093024 0.5875 0.6370431893687708 0.594375 0.6212624584717608 0.59875 0.6146179401993356 0.59875 0.6088039867109635 0.595625 0.6054817275747508 0.584375 0.6196013289036545 0.574375 0.6353820598006644 0.5725
1 0.5822259136212624 0.445 0.5880398671096345 0.45 0.5888704318936877 0.46125 0.5805647840531561 0.470625 0.5714285714285714 0.470625 0.563953488372093 0.4675 0.5598006644518272 0.46125 0.5598006644518272 0.45625 0.563953488372093 0.448125 0.5681063122923588 0.445625 0.5813953488372093 0.445
1 0.36794019933554817 0.6465625 0.03156146179401993 0.030625
1 0.5290697674418605 0.65 0.5390365448504983 0.656875 0.5382059800664452 0.664375 0.5332225913621262 0.66875 0.5141196013289037 0.67375 0.5083056478405316 0.67375 0.5016611295681063 0.670625 0.5008305647840532 0.65875 0.5058139534883721 0.654375 0.5157807308970099 0.650625 0.5282392026578073 0.65
1 0.35714285714285715 0.664375 0.36627906976744184 0.668125 0.3687707641196013 0.67875 0.3646179401993355 0.6825 0.35631229235880396 0.685 0.3446843853820598 0.685 0.33970099667774084 0.683125 0.3347176079734219 0.675 0.3372093023255814 0.67 0.35631229235880396 0.664375
1 0.436046511627907 0.4825 0.44435215946843853 0.486875 0.45016611295681064 0.495 0.4485049833887043 0.503125 0.4393687707641196 0.50875 0.43438538205980065 0.50875 0.4260797342192691 0.504375 0.4219269102990033 0.495 0.42441860465116277 0.48625 0.42857142857142855 0.483125 0.43521594684385384 0.4825
1 0.4642857142857143 0.47 0.473421926910299 0.47375 0.4750830564784053 0.48125 0.4676079734219269 0.491875 0.4568106312292359 0.495 0.44933554817275745 0.493125 0.44435215946843853 0.485 0.44435215946843853 0.479375 0.4526578073089701 0.470625 0.4634551495016611 0.47
1 0.44019933554817275 0.571875 0.446843853820598 0.57375 0.4568106312292359 0.584375 0.45598006644518274 0.59375 0.4485049833887043 0.6 0.43853820598006643 0.599375 0.42524916943521596 0.58625 0.4269102990033223 0.578125 0.4318936877076412 0.573125 0.4393687707641196 0.571875
1 0.473421926910299 0.449375 0.4808970099667774 0.453125 0.48255813953488375 0.456875 0.48006644518272423 0.4625 0.4700996677740864 0.47 0.45348837209302323 0.46875 0.4476744186046512 0.463125 0.4476744186046512 0.45625 0.46179401993355484 0.448125 0.47259136212624586 0.449375
1 0.5614617940199336 0.739375 0.5672757475083057 0.740625 0.5730897009966778 0.745 0.5764119601328903 0.75125 0.574750830564784 0.759375 0.563953488372093 0.764375 0.5498338870431894 0.7625 0.5406976744186046 0.755 0.5390365448504983 0.75 0.5398671096345515 0.74625 0.5465116279069767 0.74 0.5606312292358804 0.739375
1 0.3330564784053156 0.506875 0.34136212624584716 0.51375 0.3430232558139535 0.523125 0.3380398671096346 0.531875 0.33056478405315615 0.534375 0.32059800664451826 0.533125 0.31478405315614616 0.53 0.3122923588039867 0.51625 0.3181063122923588 0.508125 0.33222591362126247 0.506875
1 0.4900332225913621 0.50625 0.4983388704318937 0.5125 0.5024916943521595 0.5225 0.5016611295681063 0.529375 0.49169435215946844 0.531875 0.48006644518272423 0.525625 0.4742524916943522 0.51625 0.47674418604651164 0.508125 0.489202657807309 0.50625
1 0.5307308970099668 0.59625 0.5390365448504983 0.601875 0.5390365448504983 0.609375 0.5332225913621262 0.616875 0.521594684385382 0.6225 0.5116279069767442 0.62 0.5091362126245847 0.6125 0.5182724252491694 0.601875 0.5249169435215947 0.596875 0.5299003322259136 0.59625
1 0.4410299003322259 0.515 0.44601328903654486 0.52125 0.44601328903654486 0.534375 0.4426910299003322 0.539375 0.43438538205980065 0.543125 0.4269102990033223 0.541875 0.4210963455149502 0.536875 0.420265780730897 0.524375 0.4219269102990033 0.519375 0.42857142857142855 0.515 0.44019933554817275 0.515
1 0.45099667774086377 0.7575 0.46096345514950166 0.761875 0.46511627906976744 0.771875 0.4642857142857143 0.77625 0.45598006644518274 0.78 0.4418604651162791 0.77875 0.4318936877076412 0.773125 0.42857142857142855 0.768125 0.42940199335548174 0.7625 0.436046511627907 0.758125 0.45016611295681064 0.7575
1 0.6021594684385382 0.671875 0.6104651162790697 0.67875 0.6104651162790697 0.685625 0.6054817275747508 0.691875 0.5913621262458472 0.696875 0.5805647840531561 0.6925 0.5772425249169435 0.68625 0.5780730897009967 0.680625 0.5863787375415282 0.674375 0.6013289036544851 0.671875
1 0.5365448504983389 0.429375 0.5498338870431894 0.43625 0.5506644518272426 0.444375 0.5456810631229236 0.450625 0.5348837209302325 0.45375 0.5232558139534884 0.451875 0.5166112956810631 0.446875 0.5149501661129569 0.441875 0.5249169435215947 0.431875 0.5357142857142857 0.429375
1 0.4119601328903654 0.538125 0.42524916943521596 0.5425 0.43106312292358806 0.550625 0.43023255813953487 0.558125 0.42358803986710963 0.560625 0.4069767441860465 0.559375 0.4003322259136213 0.553125 0.4011627906976744 0.543125 0.4111295681063123 0.538125
1 0.44933554817275745 0.6425 0.45598006644518274 0.6475 0.4584717607973422 0.6525 0.457641196013289 0.659375 0.44933554817275745 0.664375 0.43106312292358806 0.663125 0.4269102990033223 0.66125 0.4227574750830565 0.654375 0.42441860465116277 0.64875 0.43106312292358806 0.643125 0.4485049833887043 0.6425
1 0.30398671096345514 0.57125 0.3106312292358804 0.574375 0.31727574750830567 0.58375 0.31727574750830567 0.590625 0.31146179401993357 0.59375 0.29401993355481726 0.591875 0.2840531561461794 0.585 0.2857142857142857 0.5775 0.2898671096345515 0.5725 0.303156146179402 0.57125
1 0.3480066445182724 0.420625 0.35714285714285715 0.424375 0.3637873754152824 0.4375 0.36046511627906974 0.44375 0.3538205980066445 0.446875 0.3388704318936877 0.44375 0.3330564784053156 0.43625 0.3347176079734219 0.425 0.34053156146179403 0.42125 0.34717607973421927 0.420625
1 0.6536544850498339 0.479375 0.6619601328903655 0.484375 0.665282392026578 0.490625 0.6644518272425249 0.499375 0.6561461794019934 0.50375 0.6428571428571429 0.50125 0.6353820598006644 0.491875 0.6353820598006644 0.484375 0.6395348837209303 0.480625 0.6528239202657807 0.479375
1 0.5174418604651163 0.586875 0.521594684385382 0.589375 0.5240863787375415 0.595625 0.5083056478405316 0.61 0.5008305647840532 0.605 0.5 0.59875 0.5066445182724253 0.588125 0.5166112956810631 0.586875
1 0.4808970099667774 0.756875 0.48754152823920266 0.76125 0.49169435215946844 0.7725 0.4908637873754153 0.778125 0.4850498338870432 0.783125 0.47674418604651164 0.783125 0.4692691029900332 0.779375 0.462624584717608 0.765 0.46677740863787376 0.7575 0.48006644518272423 0.756875
1 0.6112956810631229 0.55625 0.622093023255814 0.56125 0.6237541528239202 0.568125 0.617109634551495 0.575625 0.6096345514950167 0.5775 0.5971760797342193 0.575 0.5913621262458472 0.57 0.5897009966777409 0.563125 0.595514950166113 0.5575 0.6104651162790697 0.55625
1 0.49916943521594687 0.55375 0.5099667774086378 0.5575 0.5141196013289037 0.568125 0.5091362126245847 0.575625 0.4983388704318937 0.57875 0.48588039867109634 0.5725 0.48255813953488375 0.56625 0.4833887043189369 0.56 0.4883720930232558 0.55625 0.4983388704318937 0.55375
1 0.4318936877076412 0.445625 0.44019933554817275 0.449375 0.44601328903654486 0.45625 0.446843853820598 0.46375 0.44019933554817275 0.468125 0.42358803986710963 0.466875 0.4169435215946844 0.463125 0.4119601328903654 0.45625 0.4119601328903654 0.45 0.4169435215946844 0.445625 0.43106312292358806 0.445625
1 0.6478405315614618 0.503125 0.6553156146179402 0.5075 0.6553156146179402 0.51875 0.6470099667774086 0.525 0.6345514950166113 0.52875 0.6295681063122923 0.528125 0.6212624584717608 0.5225 0.6196013289036545 0.515625 0.6229235880398671 0.51 0.632890365448505 0.50375 0.6470099667774086 0.503125
1 0.5872093023255814 0.695 0.5930232558139535 0.701875 0.5913621262458472 0.71125 0.5880398671096345 0.71625 0.574750830564784 0.72375 0.5681063122923588 0.723125 0.5631229235880398 0.72 0.5598006644518272 0.713125 0.5606312292358804 0.708125 0.563953488372093 0.701875 0.5714285714285714 0.695625 0.5780730897009967 0.693125 0.5863787375415282 0.695
1 0.3313953488372093 0.574375 0.3388704318936877 0.5775 0.3438538205980066 0.585625 0.34219269102990035 0.595625 0.3347176079734219 0.59875 0.3272425249169435 0.595 0.32142857142857145 0.585625 0.3239202657807309 0.57625 0.33056478405315615 0.574375
1 0.46096345514950166 0.51375 0.46677740863787376 0.5175 0.4700996677740864 0.52625 0.4634551495016611 0.53625 0.45598006644518274 0.53875 0.45016611295681064 0.53875 0.44601328903654486 0.53625 0.446843853820598 0.519375 0.45348837209302323 0.515 0.4601328903654485 0.51375
1 0.37790697674418605 0.414375 0.38289036544850497 0.4175 0.38704318936877075 0.424375 0.3853820598006645 0.435 0.37790697674418605 0.440625 0.3729235880398671 0.440625 0.3646179401993355 0.43625 0.3588039867109635 0.425625 0.3654485049833887 0.4175 0.3712624584717608 0.414375 0.3770764119601329 0.414375
1 0.4808970099667774 0.6075 0.4950166112956811 0.606875 0.5091362126245847 0.61375 0.5099667774086378 0.62375 0.4983388704318937 0.62875 0.48172757475083056 0.62625 0.473421926910299 0.61875 0.473421926910299 0.61 0.47591362126245845 0.6075 0.48006644518272423 0.6075
1 0.32059800664451826 0.440625 0.329734219269103 0.444375 0.3313953488372093 0.453125 0.3272425249169435 0.458125 0.31727574750830567 0.461875 0.3023255813953488 0.46 0.29900332225913623 0.456875 0.29817275747508304 0.450625 0.3064784053156146 0.4425 0.31976744186046513 0.440625
1 0.49750830564784054 0.583125 0.5016611295681063 0.5875 0.5016611295681063 0.595625 0.4950166112956811 0.605 0.4867109634551495 0.608125 0.47591362126245845 0.60625 0.4717607973421927 0.60125 0.47093023255813954 0.5925 0.48421926910299 0.58125 0.49169435215946844 0.580625 0.49667774086378735 0.583125
1 0.5174418604651163 0.7175 0.5224252491694352 0.720625 0.5274086378737541 0.729375 0.5257475083056479 0.74125 0.5182724252491694 0.74625 0.5074750830564784 0.744375 0.49750830564784054 0.726875 0.5016611295681063 0.71875 0.5166112956810631 0.7175
1 0.3803986710963455 0.70375 0.38787375415282394 0.71 0.3903654485049834 0.720625 0.38704318936877075 0.726875 0.3812292358803987 0.73125 0.37375415282392027 0.733125 0.36212624584717606 0.730625 0.3596345514950166 0.719375 0.3654485049833887 0.71 0.3795681063122924 0.70375
1 0.5548172757475083 0.564375 0.5622923588039868 0.57 0.5622923588039868 0.578125 0.5548172757475083 0.585 0.5465116279069767 0.5875 0.5357142857142857 0.584375 0.5307308970099668 0.57625 0.53156146179402 0.570625 0.5398671096345515 0.565 0.5539867109634552 0.564375
1 0.5830564784053156 0.41 0.5888704318936877 0.414375 0.590531561461794 0.42375 0.584717607973422 0.43 0.5739202657807309 0.433125 0.5606312292358804 0.430625 0.5539867109634552 0.42125 0.5664451827242525 0.41125 0.5822259136212624 0.41
1 0.4227574750830565 0.769375 0.42857142857142855 0.77 0.4410299003322259 0.779375 0.4377076411960133 0.79 0.42524916943521596 0.795625 0.4111295681063123 0.793125 0.4069767441860465 0.79 0.40365448504983387 0.7825 0.40365448504983387 0.778125 0.40780730897009965 0.774375 0.4219269102990033 0.769375
1 0.43272425249169433 0.73375 0.44019933554817275 0.73875 0.4418604651162791 0.751875 0.43521594684385384 0.7575 0.42524916943521596 0.761875 0.41445182724252494 0.7575 0.4119601328903654 0.7475 0.4186046511627907 0.738125 0.4318936877076412 0.73375
1 0.44601328903654486 0.429375 0.45514950166112955 0.431875 0.462624584717608 0.440625 0.46096345514950166 0.448125 0.44601328903654486 0.4525 0.43438538205980065 0.445 0.4318936877076412 0.44 0.43438538205980065 0.431875 0.4393687707641196 0.429375 0.44518272425249167 0.429375
1 0.29566611295681067 0.554145 0.30276162790697675 0.5428725 0.298031561461794 0.535159375 0.28935880398671093 0.533379375 0.28147425249169433 0.53456625 0.27674335548172757 0.544651875 0.2838397009966777 0.552365 0.29566611295681067 0.554145
0 0.585813122923588 0.32335 0.5637367109634551 0.32275687499999994 0.5487558139534884 0.33165625 0.5400830564784053 0.3470825 0.5400830564784053 0.35716812500000006 0.5440257475083056 0.37200125 0.5479676079734219 0.37556062500000004 0.5661021594684386 0.38802 0.6039468438538206 0.387426875 0.6197159468438539 0.376154375 0.6339078073089701 0.355981875 0.6299659468438539 0.34411562500000004 0.6260232558139535 0.334029375 0.6055240863787376 0.325723125 0.585813122923588 0.32335