1 0.5656146179401993 0.820625 0.5656146179401993 0.826875 0.5714285714285714 0.83875 0.5780730897009967 0.84125 0.5872093023255814 0.84125 0.5996677740863787 0.8375 0.6129568106312292 0.820625 0.6121262458471761 0.805625 0.6046511627906976 0.800625 0.590531561461794 0.8 0.5780730897009967 0.8025 0.5739202657807309 0.805625 0.5656146179401993 0.820625
1 0.24003322259136212 0.350625 0.23837209302325582 0.3625 0.24086378737541528 0.369375 0.2549833887043189 0.376875 0.2799003322259136 0.37375 0.2956810631229236 0.361875 0.29983388704318936 0.3525 0.29900332225913623 0.3475 0.29069767441860467 0.338125 0.2799003322259136 0.335 0.2666112956810631 0.335 0.25332225913621265 0.33875 0.24003322259136212 0.350625
1 0.48754152823920266 0.690625 0.49169435215946844 0.696875 0.5016611295681063 0.70375 0.5083056478405316 0.70625 0.5240863787375415 0.70625 0.5382059800664452 0.69375 0.5382059800664452 0.67875 0.5191029900332226 0.665625 0.5033222591362126 0.665625 0.4883720930232558 0.673125 0.48588039867109634 0.681875 0.48754152823920266 0.690625
1 0.4601328903654485 0.754375 0.4601328903654485 0.761875 0.46677740863787376 0.770625 0.4742524916943522 0.775625 0.4850498338870432 0.77375 0.5 0.76125 0.5024916943521595 0.741875 0.5 0.735625 0.4925249169435216 0.73 0.4833887043189369 0.728125 0.473421926910299 0.72875 0.46677740863787376 0.733125 0.4601328903654485 0.754375
1 0.4435215946843854 0.61 0.4435215946843854 0.620625 0.4485049833887043 0.629375 0.45930232558139533 0.63625 0.4700996677740864 0.638125 0.4833887043189369 0.634375 0.48754152823920266 0.6175 0.48588039867109634 0.608125 0.4742524916943522 0.600625 0.46511627906976744 0.598125 0.4543189368770764 0.598125 0.4485049833887043 0.600625 0.4435215946843854 0.61
1 0.6644518272425249 0.408125 0.6727574750830565 0.41375 0.6976744186046512 0.415625 0.7068106312292359 0.4075 0.7059800664451827 0.391875 0.7001661129568106 0.385625 0.6868770764119602 0.38 0.6710963455149501 0.379375 0.6578073089700996 0.39375 0.6644518272425249 0.408125
1 0.37790697674418605 0.57125 0.39700996677740863 0.57625 0.4119601328903654 0.571875 0.4227574750830565 0.56 0.4227574750830565 0.545625 0.4210963455149502 0.5425 0.4069767441860465 0.535625 0.3845514950166113 0.54 0.3745847176079734 0.55 0.37790697674418605 0.57125
1 0.3795681063122924 0.40125 0.3787375415282392 0.40625 0.3787375415282392 0.41375 0.38372093023255816 0.424375 0.39368770764119604 0.4275 0.4053156146179402 0.4275 0.41943521594684385 0.42125 0.4269102990033223 0.413125 0.4269102990033223 0.396875 0.42441860465116277 0.39375 0.41029900332225916 0.388125 0.3953488372093023 0.389375 0.3862126245847176 0.393125 0.3795681063122924 0.40125
1 0.4111295681063123 0.346875 0.4019933554817276 0.358125 0.4011627906976744 0.369375 0.40365448504983387 0.379375 0.4127906976744186 0.389375 0.4269102990033223 0.393125 0.4435215946843854 0.386875 0.4543189368770764 0.373125 0.4543189368770764 0.355 0.45099667774086377 0.349375 0.44019933554817275 0.34125 0.4260797342192691 0.34125 0.4152823920265781 0.34375 0.4111295681063123 0.346875
1 0.3347176079734219 0.445 0.33222591362126247 0.455625 0.3330564784053156 0.46625 0.3380398671096346 0.475625 0.35299003322259137 0.483125 0.36627906976744184 0.480625 0.3729235880398671 0.47 0.3729235880398671 0.45625 0.36794019933554817 0.445625 0.36212624584717606 0.440625 0.3504983388704319 0.435 0.34219269102990035 0.435 0.3347176079734219 0.445
1 0.19019933554817275 0.258125 0.19186046511627908 0.275625 0.2084717607973422 0.290625 0.2217607973421927 0.293125 0.23089700996677742 0.290625 0.23588039867109634 0.288125 0.24169435215946844 0.27875 0.24169435215946844 0.265625 0.23920265780730898 0.26 0.2292358803986711 0.25 0.21677740863787376 0.24625 0.2009966777408638 0.24625 0.19352159468438537 0.250625 0.19019933554817275 0.258125
1 0.6719269102990033 0.2675 0.6918604651162791 0.281875 0.7018272425249169 0.283125 0.7142857142857143 0.275625 0.7142857142857143 0.265 0.7059800664451827 0.2525 0.6918604651162791 0.245625 0.6802325581395349 0.245625 0.6710963455149501 0.250625 0.6719269102990033 0.2675
1 0.5598006644518272 0.55875 0.5581395348837209 0.56875 0.5606312292358804 0.576875 0.5705980066445183 0.581875 0.5888704318936877 0.581875 0.5938538205980066 0.57875 0.5980066445182725 0.57875 0.6046511627906976 0.57125 0.6038205980066446 0.56125 0.5988372093023255 0.5525 0.5872093023255814 0.548125 0.5739202657807309 0.54875 0.5647840531561462 0.5525 0.5598006644518272 0.55875
1 0.7209302325581395 0.19125 0.71843853820598 0.1975 0.7209302325581395 0.2125 0.739202657807309 0.225625 0.7491694352159468 0.22625 0.760797342192691 0.218125 0.7632890365448505 0.2125 0.7624584717607974 0.2 0.7599667774086378 0.195 0.75 0.188125 0.7367109634551495 0.185625 0.728405315614618 0.186875 0.7209302325581395 0.19125
1 0.2857142857142857 0.425 0.2857142857142857 0.435 0.29900332225913623 0.444375 0.30481727574750833 0.445625 0.31561461794019935 0.445625 0.33056478405315615 0.4425 0.34717607973421927 0.429375 0.3504983388704319 0.41875 0.3480066445182724 0.409375 0.33222591362126247 0.400625 0.32059800664451826 0.400625 0.3106312292358804 0.40375 0.2915282392026578 0.416875 0.2857142857142857 0.425
1 0.25083056478405313 0.5 0.25083056478405313 0.509375 0.2591362126245847 0.52625 0.2649501661129568 0.5325 0.2757475083056478 0.5375 0.29069767441860467 0.539375 0.29651162790697677 0.535625 0.30398671096345514 0.534375 0.3081395348837209 0.52875 0.3073089700996678 0.518125 0.303156146179402 0.504375 0.29069767441860467 0.4925 0.27740863787375414 0.4875 0.2632890365448505 0.49 0.25083056478405313 0.5
1 0.574750830564784 0.46625 0.5789036544850499 0.486875 0.5913621262458472 0.494375 0.6029900332225914 0.494375 0.6112956810631229 0.49125 0.6179401993355482 0.484375 0.6196013289036545 0.4775 0.6179401993355482 0.463125 0.6146179401993356 0.45875 0.6029900332225914 0.455 0.5897009966777409 0.455625 0.5805647840531561 0.45875 0.574750830564784 0.46625
1 0.6303986710963455 0.386875 0.6337209302325582 0.389375 0.6470099667774086 0.3925 0.6561461794019934 0.3925 0.6686046511627907 0.37875 0.6677740863787376 0.365625 0.6578073089700996 0.353125 0.6486710963455149 0.35125 0.6378737541528239 0.354375 0.6245847176079734 0.369375 0.6303986710963455 0.386875
1 0.5099667774086378 0.83875 0.5124584717607974 0.85 0.5191029900332226 0.855 0.5299003322259136 0.858125 0.5440199335548173 0.858125 0.5539867109634552 0.855 0.5589700996677741 0.8525 0.5672757475083057 0.83875 0.5647840531561462 0.8275 0.5573089700996677 0.8225 0.5382059800664452 0.819375 0.5282392026578073 0.82625 0.5157807308970099 0.8275 0.5099667774086378 0.83875
1 0.34551495016611294 0.38 0.3488372093023256 0.395 0.3554817275747508 0.405 0.36710963455149503 0.40625 0.3795681063122924 0.40125 0.38787375415282394 0.386875 0.38704318936877075 0.370625 0.38205980066445183 0.361875 0.37624584717607973 0.358125 0.36212624584717606 0.358125 0.3521594684385382 0.365 0.34551495016611294 0.38
1 0.7857142857142857 0.375625 0.7840531561461794 0.379375 0.7848837209302325 0.389375 0.7906976744186046 0.3975 0.7998338870431894 0.405 0.8181063122923588 0.410625 0.8330564784053156 0.41125 0.8388704318936877 0.408125 0.8388704318936877 0.39 0.834717607973422 0.383125 0.8222591362126246 0.3725 0.8147840531561462 0.37 0.7940199335548173 0.37 0.7857142857142857 0.375625
1 0.6079734219269103 0.408125 0.6096345514950167 0.413125 0.6137873754152824 0.41625 0.6229235880398671 0.420625 0.632890365448505 0.4225 0.6569767441860465 0.415625 0.6619601328903655 0.410625 0.6611295681063123 0.401875 0.6511627906976745 0.39375 0.627906976744186 0.389375 0.6212624584717608 0.39125 0.6096345514950167 0.39875 0.6079734219269103 0.408125
1 0.6611295681063123 0.615625 0.6735880398671097 0.623125 0.696843853820598 0.623125 0.7059800664451827 0.619375 0.7093023255813954 0.6125 0.7084717607973422 0.605 0.7059800664451827 0.598125 0.6976744186046512 0.59375 0.6777408637873754 0.595 0.6627906976744186 0.6 0.6611295681063123 0.615625
1 0.6411960132890365 0.218125 0.6387043189368771 0.2325 0.6503322259136213 0.24875 0.665282392026578 0.24875 0.6744186046511628 0.244375 0.686046511627907 0.233125 0.686046511627907 0.21625 0.6794019933554817 0.2075 0.6719269102990033 0.203125 0.6602990033222591 0.2025 0.6486710963455149 0.206875 0.6411960132890365 0.218125
1 0.4883720930232558 0.61625 0.4867109634551495 0.63375 0.4950166112956811 0.64375 0.5149501661129569 0.644375 0.5174418604651163 0.64125 0.5282392026578073 0.636875 0.5448504983388704 0.615 0.5448504983388704 0.605625 0.5406976744186046 0.600625 0.5348837209302325 0.598125 0.5124584717607974 0.598125 0.5049833887043189 0.600625 0.4950166112956811 0.608125 0.4883720930232558 0.61625
1 0.659468438538206 0.4375 0.6619601328903655 0.444375 0.6769102990033222 0.45375 0.6918604651162791 0.45375 0.7018272425249169 0.449375 0.7093023255813954 0.44125 0.7117940199335548 0.435625 0.7109634551495017 0.426875 0.7043189368770764 0.419375 0.6976744186046512 0.416875 0.6760797342192691 0.41625 0.6619601328903655 0.425 0.659468438538206 0.4375
1 0.4808970099667774 0.53125 0.4850498338870432 0.54 0.5 0.5475 0.5166112956810631 0.546875 0.5249169435215947 0.54 0.526578073089701 0.535625 0.5257475083056479 0.521875 0.5232558139534884 0.5175 0.510797342192691 0.51 0.48588039867109634 0.51 0.48006644518272423 0.5175 0.4808970099667774 0.53125
1 0.26578073089701 0.595 0.26578073089701 0.6075 0.2691029900332226 0.6125 0.28488372093023256 0.618125 0.29817275747508304 0.618125 0.3089700996677741 0.615 0.3222591362126246 0.6025 0.32558139534883723 0.58875 0.32475083056478404 0.580625 0.31478405315614616 0.5725 0.3073089700996678 0.57125 0.29651162790697677 0.571875 0.2815614617940199 0.576875 0.26578073089701 0.595
1 0.6395348837209303 0.295625 0.6478405315614618 0.3 0.6719269102990033 0.29875 0.6852159468438538 0.28875 0.6852159468438538 0.27625 0.6735880398671097 0.26875 0.6586378737541528 0.26875 0.6495016611295681 0.27125 0.6395348837209303 0.290625 0.6395348837209303 0.295625
1 0.6777408637873754 0.49125 0.6785714285714286 0.5 0.6951827242524917 0.511875 0.7142857142857143 0.509375 0.7250830564784053 0.49875 0.7242524916943521 0.48375 0.71843853820598 0.47625 0.7109634551495017 0.473125 0.6926910299003323 0.473125 0.6835548172757475 0.480625 0.6777408637873754 0.49125
1 0.2707641196013289 0.278125 0.2707641196013289 0.285625 0.2807308970099668 0.296875 0.3064784053156146 0.3075 0.31893687707641194 0.3075 0.3280730897009967 0.299375 0.3239202657807309 0.284375 0.30980066445182725 0.27375 0.29401993355481726 0.26875 0.28322259136212624 0.26875 0.27159468438538203 0.275625 0.2707641196013289 0.278125
1 0.5764119601328903 0.529375 0.5772425249169435 0.538125 0.5855481727574751 0.5475 0.6046511627906976 0.5475 0.6179401993355482 0.54 0.6229235880398671 0.529375 0.6212624584717608 0.518125 0.6146179401993356 0.51125 0.5971760797342193 0.51 0.5913621262458472 0.51125 0.5805647840531561 0.51875 0.5764119601328903 0.529375
1 0.5448504983388704 0.393125 0.5598006644518272 0.40625 0.574750830564784 0.409375 0.5822259136212624 0.408125 0.5872093023255814 0.4025 0.5872093023255814 0.389375 0.584717607973422 0.385 0.5697674418604651 0.375 0.5581395348837209 0.375 0.5456810631229236 0.385625 0.5448504983388704 0.393125
1 0.7408637873754153 0.639375 0.7416943521594684 0.65125 0.7466777408637874 0.655625 0.75 0.6575 0.7624584717607974 0.658125 0.7749169435215947 0.654375 0.7840531561461794 0.64125 0.7832225913621262 0.62625 0.7740863787375415 0.618125 0.7583056478405316 0.618125 0.7508305647840532 0.623125 0.7491694352159468 0.630625 0.7408637873754153 0.639375
1 0.5149501661129569 0.56375 0.521594684385382 0.574375 0.53156146179402 0.57875 0.5382059800664452 0.57875 0.5448504983388704 0.57625 0.5556478405315615 0.566875 0.5589700996677741 0.56 0.5573089700996677 0.54125 0.5440199335548173 0.5325 0.5340531561461794 0.5325 0.521594684385382 0.5425 0.5149501661129569 0.5525 0.5149501661129569 0.56375
1 0.7774086378737541 0.3075 0.7732558139534884 0.324375 0.7799003322259136 0.33375 0.7865448504983389 0.338125 0.7948504983388704 0.34125 0.8098006644518272 0.34125 0.8189368770764119 0.33625 0.8214285714285714 0.33125 0.8197674418604651 0.318125 0.8081395348837209 0.305 0.803156146179402 0.3025 0.7906976744186046 0.30125 0.782392026578073 0.3025 0.7774086378737541 0.3075
1 0.5888704318936877 0.620625 0.5872093023255814 0.62625 0.5872093023255814 0.639375 0.5913621262458472 0.650625 0.6071428571428571 0.66 0.6212624584717608 0.659375 0.6303986710963455 0.65 0.6295681063122923 0.629375 0.6237541528239202 0.62125 0.6129568106312292 0.614375 0.6029900332225914 0.613125 0.5938538205980066 0.61625 0.5888704318936877 0.620625
1 0.22757475083056478 0.218125 0.22425249169435216 0.2275 0.22757475083056478 0.236875 0.23920265780730898 0.244375 0.2666112956810631 0.24625 0.2799003322259136 0.245 0.29401993355481726 0.23625 0.29485049833887045 0.22875 0.2915282392026578 0.223125 0.28903654485049834 0.219375 0.2782392026578073 0.213125 0.2516611295681063 0.210625 0.23588039867109634 0.213125 0.22757475083056478 0.218125
1 0.4659468438538206 0.566875 0.47093023255813954 0.58125 0.48006644518272423 0.59 0.49169435215946844 0.595 0.5058139534883721 0.595 0.5141196013289037 0.59125 0.5174418604651163 0.584375 0.5182724252491694 0.57375 0.5132890365448505 0.5625 0.5058139534883721 0.550625 0.49750830564784054 0.545625 0.48255813953488375 0.5425 0.47591362126245845 0.545625 0.4659468438538206 0.566875
1 0.6478405315614618 0.585 0.6636212624584718 0.5975 0.6852159468438538 0.59375 0.7009966777408638 0.58625 0.7009966777408638 0.573125 0.6926910299003323 0.566875 0.6710963455149501 0.564375 0.6602990033222591 0.5675 0.6511627906976745 0.574375 0.6478405315614618 0.585
1 0.6187707641196013 0.618125 0.6320598006644518 0.620625 0.6503322259136213 0.62 0.6569767441860465 0.6175 0.6602990033222591 0.61375 0.6602990033222591 0.59625 0.6478405315614618 0.586875 0.6270764119601329 0.584375 0.6096345514950167 0.591875 0.6071428571428571 0.6025 0.6187707641196013 0.618125
1 0.595514950166113 0.283125 0.5980066445182725 0.295625 0.6029900332225914 0.301875 0.6196013289036545 0.3025 0.627906976744186 0.3 0.6345514950166113 0.295 0.6420265780730897 0.286875 0.6461794019933554 0.278125 0.6461794019933554 0.26875 0.6378737541528239 0.261875 0.6245847176079734 0.2575 0.6179401993355482 0.258125 0.6046511627906976 0.266875 0.595514950166113 0.283125
1 0.520764119601329 0.314375 0.5299003322259136 0.321875 0.5415282392026578 0.321875 0.5498338870431894 0.315 0.563953488372093 0.311875 0.5647840531561462 0.295625 0.5548172757475083 0.284375 0.5332225913621262 0.284375 0.520764119601329 0.29375 0.5182724252491694 0.3075 0.520764119601329 0.314375
1 0.5299003322259136 0.46875 0.5299003322259136 0.4875 0.5415282392026578 0.4975 0.5606312292358804 0.499375 0.5739202657807309 0.4925 0.5764119601328903 0.485625 0.5755813953488372 0.478125 0.5739202657807309 0.469375 0.5681063122923588 0.465 0.5589700996677741 0.46125 0.5431893687707641 0.46125 0.5299003322259136 0.46875
1 0.696843853820598 0.291875 0.696843853820598 0.306875 0.7043189368770764 0.31 0.7209302325581395 0.31 0.729235880398671 0.3075 0.7441860465116279 0.294375 0.7441860465116279 0.28125 0.7333887043189369 0.275 0.7192691029900332 0.275625 0.7101328903654485 0.27875 0.7034883720930233 0.283125 0.696843853820598 0.291875
1 0.6885382059800664 0.243125 0.696843853820598 0.24875 0.7101328903654485 0.249375 0.7192691029900332 0.241875 0.71843853820598 0.230625 0.7159468438538206 0.22625 0.7059800664451827 0.219375 0.6910299003322259 0.21875 0.6868770764119602 0.22625 0.6885382059800664 0.243125
1 0.7333887043189369 0.35375 0.7300664451827242 0.36625 0.7242524916943521 0.3725 0.7267441860465116 0.381875 0.7367109634551495 0.3875 0.7466777408637874 0.388125 0.7632890365448505 0.381875 0.7699335548172758 0.37 0.7691029900332226 0.358125 0.7649501661129569 0.351875 0.7583056478405316 0.34875 0.7466777408637874 0.348125 0.7383720930232558 0.350625 0.7333887043189369 0.35375
1 0.7093023255813954 0.54 0.707641196013289 0.539375 0.7043189368770764 0.54 0.7093023255813954 0.54
1 0.6478405315614618 0.51125 0.6453488372093024 0.51625 0.6445182724252492 0.530625 0.6478405315614618 0.538125 0.6536544850498339 0.5425 0.6636212624584718 0.545 0.6760797342192691 0.544375 0.6852159468438538 0.54 0.6893687707641196 0.534375 0.6901993355481728 0.51625 0.6877076411960132 0.51125 0.6769102990033222 0.504375 0.665282392026578 0.503125 0.6561461794019934 0.50625 0.6478405315614618 0.51125
1 0.292358803986711 0.620625 0.2857142857142857 0.63125 0.2857142857142857 0.639375 0.29069767441860467 0.64875 0.2956810631229236 0.654375 0.3089700996677741 0.660625 0.32475083056478404 0.660625 0.3347176079734219 0.65375 0.33554817275747506 0.635625 0.3289036544850498 0.625 0.31893687707641194 0.618125 0.3122923588039867 0.61625 0.30481727574750833 0.61625 0.292358803986711 0.620625
1 0.7068106312292359 0.53625 0.7217607973421927 0.534375 0.7300664451827242 0.529375 0.7317275747508306 0.525625 0.729235880398671 0.514375 0.7151162790697675 0.509375 0.696843853820598 0.514375 0.6918604651162791 0.520625 0.6918604651162791 0.5325 0.7068106312292359 0.53625
1 0.5 0.383125 0.5033222591362126 0.386875 0.5157807308970099 0.39 0.5382059800664452 0.389375 0.5448504983388704 0.3875 0.5548172757475083 0.376875 0.553156146179402 0.365 0.5415282392026578 0.358125 0.5332225913621262 0.35625 0.5058139534883721 0.36 0.5 0.3675 0.5 0.383125
1 0.707641196013289 0.619375 0.7093023255813954 0.633125 0.7192691029900332 0.64375 0.7333887043189369 0.64375 0.739202657807309 0.64125 0.7466777408637874 0.63375 0.75 0.6275 0.75 0.615 0.7475083056478405 0.610625 0.739202657807309 0.605 0.729235880398671 0.603125 0.7192691029900332 0.60375 0.7109634551495017 0.61 0.707641196013289 0.619375
1 0.6893687707641196 0.504375 0.6868770764119602 0.50375 0.6877076411960132 0.50625 0.6893687707641196 0.504375
1 0.6370431893687708 0.46375 0.6353820598006644 0.478125 0.6395348837209303 0.48625 0.6486710963455149 0.49375 0.665282392026578 0.496875 0.6777408637873754 0.491875 0.686046511627907 0.480625 0.6827242524916943 0.473125 0.6769102990033222 0.465 0.6686046511627907 0.45875 0.6586378737541528 0.45625 0.6461794019933554 0.45625 0.6370431893687708 0.46375
1 0.4318936877076412 0.438125 0.43023255813953487 0.451875 0.43272425249169433 0.4575 0.4418604651162791 0.465625 0.4543189368770764 0.470625 0.4742524916943522 0.47125 0.48172757475083056 0.465 0.48255813953488375 0.45375 0.4792358803986711 0.446875 0.4676079734219269 0.438125 0.4584717607973422 0.435 0.44019933554817275 0.43375 0.4318936877076412 0.438125
1 0.41445182724252494 0.796875 0.4161129568106312 0.8025 0.4210963455149502 0.8075 0.4335548172757475 0.81 0.4426910299003322 0.8075 0.45099667774086377 0.800625 0.45598006644518274 0.791875 0.45598006644518274 0.773125 0.45348837209302323 0.770625 0.43853820598006643 0.776875 0.42358803986710963 0.77625 0.4186046511627907 0.780625 0.41445182724252494 0.796875
1 0.3181063122923588 0.499375 0.3089700996677741 0.5 0.30398671096345514 0.504375 0.3064784053156146 0.519375 0.30980066445182725 0.524375 0.3272425249169435 0.530625 0.3496677740863787 0.529375 0.35631229235880396 0.52625 0.36627906976744184 0.518125 0.36710963455149503 0.50875 0.36212624584717606 0.503125 0.35132890365448505 0.4975 0.3388704318936877 0.494375 0.3272425249169435 0.495 0.3181063122923588 0.499375
1 0.5398671096345515 0.323125 0.5365448504983389 0.326875 0.5357142857142857 0.33625 0.5440199335548173 0.345625 0.5506644518272426 0.348125 0.5606312292358804 0.350625 0.579734219269103 0.350625 0.5888704318936877 0.348125 0.5971760797342193 0.338125 0.5971760797342193 0.33125 0.5930232558139535 0.325 0.5863787375415282 0.318125 0.5805647840531561 0.315625 0.5614617940199336 0.3125 0.5506644518272426 0.315625 0.5398671096345515 0.323125
1 0.23172757475083056 0.56875 0.23837209302325582 0.575625 0.24584717607973422 0.57875 0.2757475083056478 0.576875 0.28903654485049834 0.566875 0.292358803986711 0.556875 0.2915282392026578 0.55125 0.27740863787375414 0.54125 0.25083056478405313 0.54125 0.23754152823920266 0.548125 0.23089700996677742 0.558125 0.23172757475083056 0.56875
1 0.7308970099667774 0.31 0.7317275747508306 0.321875 0.739202657807309 0.33125 0.7533222591362126 0.335 0.7641196013289037 0.330625 0.7740863787375415 0.31875 0.7749169435215947 0.303125 0.7674418604651163 0.295 0.7599667774086378 0.29125 0.7508305647840532 0.291875 0.7400332225913622 0.2975 0.7308970099667774 0.31
1 0.38870431893687707 0.31 0.38704318936877075 0.320625 0.38953488372093026 0.3275 0.3978405315614618 0.335625 0.4152823920265781 0.340625 0.42524916943521596 0.340625 0.4410299003322259 0.3325 0.4418604651162791 0.31625 0.436046511627907 0.310625 0.42441860465116277 0.305 0.4069767441860465 0.304375 0.3995016611295681 0.305 0.38870431893687707 0.31
1 0.5157807308970099 0.645625 0.5157807308970099 0.6575 0.5199335548172758 0.665625 0.5332225913621262 0.675625 0.5440199335548173 0.68 0.5589700996677741 0.680625 0.5656146179401993 0.6775 0.5689368770764119 0.6725 0.5681063122923588 0.661875 0.5573089700996677 0.649375 0.5406976744186046 0.641875 0.5240863787375415 0.639375 0.5182724252491694 0.641875 0.5157807308970099 0.645625
1 0.48588039867109634 0.348125 0.5041528239202658 0.359375 0.5299003322259136 0.355625 0.5382059800664452 0.345625 0.5332225913621262 0.33125 0.5149501661129569 0.321875 0.4958471760797342 0.3225 0.4867109634551495 0.3275 0.4850498338870432 0.33125 0.48588039867109634 0.348125
1 0.6868770764119602 0.355625 0.6893687707641196 0.3625 0.696843853820598 0.37125 0.7059800664451827 0.374375 0.717607973421927 0.374375 0.7250830564784053 0.371875 0.7317275747508306 0.36 0.729235880398671 0.345625 0.717607973421927 0.33375 0.6976744186046512 0.33375 0.6901993355481728 0.33875 0.6868770764119602 0.344375 0.6868770764119602 0.355625
1 0.686046511627907 0.5425 0.6918604651162791 0.5575 0.6960132890365448 0.560625 0.7101328903654485 0.566875 0.7250830564784053 0.566875 0.7325581395348837 0.56375 0.7383720930232558 0.5575 0.7383720930232558 0.545625 0.7358803986710963 0.54 0.7275747508305648 0.5325 0.7142857142857143 0.5375 0.6901993355481728 0.535 0.6868770764119602 0.5375 0.686046511627907 0.5425
1 0.4269102990033223 0.5375 0.42524916943521596 0.551875 0.4277408637873754 0.56 0.44019933554817275 0.56875 0.45930232558139533 0.56875 0.46677740863787376 0.565 0.47093023255813954 0.559375 0.473421926910299 0.553125 0.47259136212624586 0.543125 0.4684385382059801 0.535625 0.457641196013289 0.5275 0.4410299003322259 0.5275 0.4318936877076412 0.53125 0.4269102990033223 0.5375
1 0.25664451827242524 0.381875 0.2516611295681063 0.386875 0.2516611295681063 0.395 0.2558139534883721 0.4025 0.26411960132890366 0.408125 0.27906976744186046 0.413125 0.29401993355481726 0.413125 0.303156146179402 0.408125 0.3089700996677741 0.40125 0.3081395348837209 0.393125 0.30481727574750833 0.388125 0.29485049833887045 0.381875 0.276578073089701 0.3775 0.2649501661129568 0.378125 0.25664451827242524 0.381875
1 0.5240863787375415 0.27125 0.5365448504983389 0.283125 0.5598006644518272 0.283125 0.5730897009966778 0.276875 0.5789036544850499 0.26875 0.5780730897009967 0.260625 0.5647840531561462 0.25 0.5373754152823921 0.248125 0.5299003322259136 0.251875 0.5249169435215947 0.2575 0.5240863787375415 0.27125
1 0.22757475083056478 0.43 0.22674418604651161 0.44 0.23089700996677742 0.449375 0.24086378737541528 0.45625 0.26411960132890366 0.45625 0.2782392026578073 0.44625 0.2840531561461794 0.436875 0.2823920265780731 0.423125 0.27408637873754155 0.413125 0.2649501661129568 0.410625 0.2558139534883721 0.410625 0.23837209302325582 0.416875 0.22757475083056478 0.43
1 0.4393687707641196 0.8025 0.436046511627907 0.805625 0.42358803986710963 0.806875 0.4368770764119601 0.8075 0.44435215946843853 0.8025 0.4393687707641196 0.8025
1 0.45099667774086377 0.794375 0.4485049833887043 0.795625 0.45099667774086377 0.7975 0.45099667774086377 0.794375
1 0.4543189368770764 0.783125 0.45348837209302323 0.788125 0.4543189368770764 0.7925 0.4543189368770764 0.783125
1 0.42358803986710963 0.7790625 0.0016611295681063123 0.000625
1 0.4335548172757475 0.780625 0.4393687707641196 0.77875 0.4277408637873754 0.779375 0.4335548172757475 0.780625
1 0.36794019933554817 0.681875 0.3712624584717608 0.69625 0.38787375415282394 0.71125 0.39700996677740863 0.711875 0.40946843853820597 0.7025 0.41445182724252494 0.68875 0.41362126245847175 0.6775 0.40946843853820597 0.663125 0.4003322259136213 0.658125 0.38289036544850497 0.658125 0.3712624584717608 0.6675 0.36794019933554817 0.681875
1 0.4186046511627907 0.738125 0.4119601328903654 0.754375 0.4119601328903654 0.761875 0.4161129568106312 0.771875 0.42857142857142855 0.77625 0.4377076411960133 0.77625 0.4526578073089701 0.76875 0.4584717607973422 0.759375 0.4642857142857143 0.74 0.46179401993355484 0.73 0.45348837209302323 0.720625 0.44601328903654486 0.72 0.43272425249169433 0.72375 0.42524916943521596 0.73 0.4186046511627907 0.738125
1 0.3280730897009967 0.595 0.329734219269103 0.6025 0.3430232558139535 0.613125 0.3596345514950166 0.615 0.3770764119601329 0.6125 0.39285714285714285 0.6025 0.3961794019933555 0.598125 0.3978405315614618 0.584375 0.3953488372093023 0.58 0.37375415282392027 0.5725 0.36212624584717606 0.57625 0.3430232558139535 0.5775 0.33056478405315615 0.589375 0.3280730897009967 0.595
1 0.5971760797342193 0.221875 0.6004983388704319 0.23125 0.606312292358804 0.238125 0.6229235880398671 0.239375 0.627906976744186 0.238125 0.6362126245847176 0.231875 0.6395348837209303 0.221875 0.6378737541528239 0.20875 0.627906976744186 0.19875 0.6129568106312292 0.1975 0.6054817275747508 0.2 0.5980066445182725 0.209375 0.5971760797342193 0.221875
1 0.5016611295681063 0.785625 0.4983388704318937 0.79875 0.4983388704318937 0.810625 0.5041528239202658 0.821875 0.5149501661129569 0.826875 0.5249169435215947 0.82625 0.5415282392026578 0.815625 0.5473421926910299 0.8025 0.5473421926910299 0.785 0.5448504983388704 0.7775 0.5357142857142857 0.77125 0.5224252491694352 0.77125 0.5091362126245847 0.7775 0.5016611295681063 0.785625
1 0.8205980066445183 0.255 0.8172757475083057 0.2625 0.8181063122923588 0.2725 0.8239202657807309 0.280625 0.8330564784053156 0.285625 0.8504983388704319 0.285625 0.8629568106312292 0.2725 0.8637873754152824 0.258125 0.8612956810631229 0.253125 0.8504983388704319 0.24625 0.8388704318936877 0.245 0.8289036544850499 0.248125 0.8205980066445183 0.255
1 0.4485049833887043 0.4875 0.44435215946843853 0.4975 0.44518272425249167 0.513125 0.45016611295681064 0.518125 0.45598006644518274 0.52125 0.4684385382059801 0.52125 0.4792358803986711 0.51625 0.4883720930232558 0.504375 0.489202657807309 0.4875 0.48588039867109634 0.480625 0.48006644518272423 0.475625 0.47093023255813954 0.473125 0.457641196013289 0.478125 0.4485049833887043 0.4875
1 0.43272425249169433 0.82125 0.4368770764119601 0.82875 0.446843853820598 0.83625 0.4634551495016611 0.84 0.48006644518272423 0.84 0.489202657807309 0.838125 0.5 0.831875 0.5 0.815 0.49750830564784054 0.810625 0.4850498338870432 0.8025 0.45598006644518274 0.800625 0.4368770764119601 0.809375 0.43272425249169433 0.82125
1 0.4119601328903654 0.240625 0.4119601328903654 0.259375 0.41445182724252494 0.2625 0.4260797342192691 0.26625 0.44518272425249167 0.26625 0.45348837209302323 0.264375 0.4750830564784053 0.254375 0.48172757475083056 0.245625 0.48172757475083056 0.23625 0.47591362126245845 0.23 0.4676079734219269 0.22625 0.4476744186046512 0.225625 0.4269102990033223 0.23 0.4119601328903654 0.240625
1 0.31893687707641194 0.540625 0.3122923588039867 0.550625 0.313953488372093 0.56 0.31727574750830567 0.56375 0.32475083056478404 0.570625 0.3388704318936877 0.57625 0.35714285714285715 0.575625 0.3704318936877076 0.57125 0.3745847176079734 0.56375 0.37375415282392027 0.5525 0.36129568106312293 0.54125 0.35299003322259137 0.538125 0.3380398671096346 0.53625 0.33056478405315615 0.53625 0.31893687707641194 0.540625
1 0.4775747508305648 0.286875 0.4750830564784053 0.293125 0.4775747508305648 0.30875 0.48588039867109634 0.314375 0.5058139534883721 0.314375 0.5174418604651163 0.30625 0.520764119601329 0.295625 0.5199335548172758 0.2875 0.5132890365448505 0.27875 0.5058139534883721 0.27625 0.49169435215946844 0.27625 0.48588039867109634 0.27875 0.4775747508305648 0.286875
1 0.6686046511627907 0.6925 0.6794019933554817 0.701875 0.6885382059800664 0.70375 0.7034883720930233 0.7025 0.7151162790697675 0.696875 0.7200996677740864 0.69125 0.7192691029900332 0.675625 0.7151162790697675 0.670625 0.7034883720930233 0.665625 0.6818936877076412 0.6675 0.6686046511627907 0.68 0.6686046511627907 0.6925
1 0.2956810631229236 0.36125 0.29651162790697677 0.3725 0.29983388704318936 0.379375 0.31146179401993357 0.386875 0.33056478405315615 0.386875 0.33637873754152825 0.384375 0.34717607973421927 0.375 0.3504983388704319 0.36625 0.3496677740863787 0.356875 0.34717607973421927 0.350625 0.33637873754152825 0.34125 0.31478405315614616 0.34125 0.29983388704318936 0.353125 0.2956810631229236 0.36125
1 0.606312292358804 0.448125 0.6187707641196013 0.45375 0.6428571428571429 0.449375 0.6578073089700996 0.4375 0.6569767441860465 0.425 0.6486710963455149 0.420625 0.6420265780730897 0.420625 0.6179401993355482 0.4275 0.6046511627906976 0.438125 0.606312292358804 0.448125
1 0.5307308970099668 0.2 0.5332225913621262 0.208125 0.5415282392026578 0.2175 0.5465116279069767 0.219375 0.5581395348837209 0.21875 0.5697674418604651 0.2125 0.5755813953488372 0.2025 0.5739202657807309 0.18875 0.5589700996677741 0.178125 0.5456810631229236 0.178125 0.5357142857142857 0.185 0.5307308970099668 0.193125 0.5307308970099668 0.2
1 0.4775747508305648 0.18625 0.4742524916943522 0.19625 0.4775747508305648 0.204375 0.4867109634551495 0.21125 0.5 0.214375 0.5099667774086378 0.214375 0.520764119601329 0.210625 0.5274086378737541 0.205 0.5290697674418605 0.191875 0.521594684385382 0.184375 0.510797342192691 0.178125 0.4958471760797342 0.176875 0.489202657807309 0.178125 0.4775747508305648 0.18625
1 0.6121262458471761 0.7475 0.6196013289036545 0.758125 0.632890365448505 0.763125 0.6478405315614618 0.76375 0.6619601328903655 0.76125 0.6719269102990033 0.758125 0.6760797342192691 0.754375 0.6769102990033222 0.740625 0.6735880398671097 0.735625 0.6611295681063123 0.72875 0.6461794019933554 0.725625 0.6229235880398671 0.725625 0.6121262458471761 0.733125 0.6121262458471761 0.7475
1 0.5689368770764119 0.3725 0.5764119601328903 0.379375 0.5863787375415282 0.384375 0.6029900332225914 0.381875 0.617109634551495 0.376875 0.622093023255814 0.373125 0.6229235880398671 0.361875 0.6162790697674418 0.354375 0.6112956810631229 0.353125 0.5888704318936877 0.35375 0.574750830564784 0.35875 0.5689368770764119 0.3725
1 0.28488372093023256 0.480625 0.2865448504983389 0.4875 0.29983388704318936 0.499375 0.31727574750830567 0.49875 0.32641196013289037 0.49375 0.3347176079734219 0.48 0.3330564784053156 0.46625 0.31727574750830567 0.45625 0.30481727574750833 0.455625 0.29485049833887045 0.45875 0.2857142857142857 0.46875 0.28488372093023256 0.480625
1 0.3687707641196013 0.649375 0.38289036544850497 0.6575 0.4069767441860465 0.65625 0.4227574750830565 0.64625 0.42524916943521596 0.64125 0.42358803986710963 0.631875 0.4069767441860465 0.62125 0.3845514950166113 0.620625 0.3704318936877076 0.631875 0.36794019933554817 0.638125 0.3687707641196013 0.649375
1 0.6370431893687708 0.625 0.632890365448505 0.63125 0.632890365448505 0.64875 0.6470099667774086 0.65625 0.6636212624584718 0.654375 0.670265780730897 0.650625 0.675249169435216 0.64375 0.6760797342192691 0.63 0.6727574750830565 0.62375 0.6627906976744186 0.618125 0.6536544850498339 0.618125 0.643687707641196 0.62125 0.6370431893687708 0.625
0 0.4568106312292359 0.055 0.4053156146179402 0.04375 0.36710963455149503 0.055 0.3438538205980066 0.07375 0.3521594684385382 0.11 0.3754152823920266 0.13125 0.43521594684385384 0.1425 0.45016611295681064 0.14875 0.4883720930232558 0.13625 0.4950166112956811 0.1125 0.49667774086378735 0.0775 0.4568106312292359 0.055