1 0.643125 0.7009966777408638 0.651875 0.7325581395348837 0.65875 0.7375415282392026 0.66875 0.7383720930232558 0.67875 0.7325581395348837 0.683125 0.7151162790697675 0.681875 0.6976744186046512 0.68 0.6910299003322259 0.66625 0.6760797342192691 0.64875 0.6769102990033222 0.644375 0.6877076411960132 0.643125 0.7009966777408638
1 0.246875 0.3239202657807309 0.245625 0.3380398671096346 0.2525 0.36212624584717606 0.264375 0.37209302325581395 0.276875 0.3712624584717608 0.285 0.36295681063122925 0.288125 0.35299003322259137 0.29125 0.3496677740863787 0.293125 0.3380398671096346 0.29125 0.3106312292358804 0.279375 0.2956810631229236 0.2675 0.29485049833887045 0.261875 0.29817275747508304 0.250625 0.3131229235880399 0.246875 0.3239202657807309
1 0.49625 0.6719269102990033 0.49375 0.6818936877076412 0.49375 0.6901993355481728 0.49875 0.7043189368770764 0.505 0.7134551495016611 0.511875 0.7167774086378738 0.524375 0.7134551495016611 0.53125 0.7051495016611296 0.53125 0.6901993355481728 0.526875 0.6760797342192691 0.520625 0.6677740863787376 0.51 0.6636212624584718 0.50125 0.665282392026578 0.49625 0.6719269102990033
1 0.349375 0.12375415282392027 0.3475 0.13372093023255813 0.349375 0.17524916943521596 0.356875 0.18687707641196014 0.36375 0.19186046511627908 0.3775 0.19435215946843853 0.386875 0.19102990033222592 0.395 0.17857142857142858 0.395 0.14950166112956811 0.389375 0.13372093023255813 0.376875 0.11794019933554817 0.365625 0.11461794019933555 0.354375 0.11794019933554817 0.349375 0.12375415282392027
1 0.57375 0.6827242524916943 0.575 0.6918604651162791 0.579375 0.7009966777408638 0.590625 0.7026578073089701 0.59625 0.6993355481727574 0.606875 0.6868770764119602 0.615 0.6744186046511628 0.614375 0.6478405315614618 0.6125 0.643687707641196 0.6025 0.6362126245847176 0.594375 0.6353820598006644 0.5775 0.6528239202657807 0.57375 0.6827242524916943
1 0.8125 0.4418604651162791 0.81 0.4543189368770764 0.81 0.4684385382059801 0.813125 0.48421926910299 0.818125 0.48754152823920266 0.826875 0.48754152823920266 0.8425 0.4792358803986711 0.849375 0.4684385382059801 0.854375 0.45514950166112955 0.854375 0.43521594684385384 0.850625 0.4260797342192691 0.841875 0.41777408637873753 0.83375 0.41777408637873753 0.82 0.4277408637873754 0.8125 0.4418604651162791
1 0.460625 0.02574750830564784 0.46 0.03903654485049834 0.4625 0.05149501661129568 0.47375 0.07225913621262459 0.48125 0.07807308970099668 0.48875 0.07807308970099668 0.49875 0.07059800664451828 0.5025 0.06312292358803986 0.5025 0.04401993355481727 0.490625 0.022425249169435217 0.48375 0.014119601328903655 0.471875 0.011627906976744186 0.466875 0.014119601328903655 0.460625 0.02574750830564784
1 0.205 0.3131229235880399 0.204375 0.3239202657807309 0.210625 0.34219269102990035 0.215 0.3488372093023256 0.221875 0.35299003322259137 0.230625 0.3521594684385382 0.245 0.33637873754152825 0.24625 0.3239202657807309 0.24875 0.31893687707641194 0.24875 0.303156146179402 0.24625 0.2956810631229236 0.23875 0.28322259136212624 0.231875 0.2815614617940199 0.2225 0.28488372093023256 0.210625 0.29651162790697677 0.205 0.3131229235880399
1 0.286875 0.7956810631229236 0.28375 0.8081395348837209 0.28375 0.8230897009966778 0.28625 0.8313953488372093 0.29125 0.8372093023255814 0.298125 0.8397009966777409 0.30875 0.8380398671096345 0.31625 0.8322259136212624 0.32625 0.8205980066445183 0.329375 0.8131229235880398 0.33375 0.7956810631229236 0.3325 0.7890365448504983 0.32625 0.7799003322259136 0.31625 0.7757475083056479 0.305 0.7757475083056479 0.29375 0.782392026578073 0.286875 0.7956810631229236
1 0.24875 0.42358803986710963 0.241875 0.43272425249169433 0.240625 0.4526578073089701 0.246875 0.46677740863787376 0.25125 0.4717607973421927 0.261875 0.47840531561461797 0.278125 0.48006644518272423 0.283125 0.47840531561461797 0.29125 0.4700996677740864 0.293125 0.4634551495016611 0.293125 0.446843853820598 0.29125 0.44019933554817275 0.28375 0.43023255813953487 0.275 0.42358803986710963 0.26375 0.420265780730897 0.255 0.4210963455149502 0.24875 0.42358803986710963
1 0.6575 0.5490033222591362 0.661875 0.5573089700996677 0.673125 0.5681063122923588 0.683125 0.5705980066445183 0.69375 0.5705980066445183 0.706875 0.5606312292358804 0.709375 0.5548172757475083 0.70875 0.542358803986711 0.7 0.5282392026578073 0.685 0.5182724252491694 0.66625 0.520764119601329 0.65625 0.5348837209302325 0.6575 0.5490033222591362
1 0.648125 0.3131229235880399 0.649375 0.3313953488372093 0.65875 0.3496677740863787 0.675625 0.36129568106312293 0.6875 0.36046511627906974 0.695 0.3521594684385382 0.6975 0.3438538205980066 0.6975 0.3347176079734219 0.695 0.32475083056478404 0.686875 0.3089700996677741 0.674375 0.29900332225913623 0.656875 0.29983388704318936 0.65125 0.30564784053156147 0.648125 0.3131229235880399
1 0.313125 0.33222591362126247 0.3125 0.3521594684385382 0.314375 0.36046511627906974 0.325 0.3712624584717608 0.339375 0.3654485049833887 0.35375 0.34053156146179403 0.353125 0.31727574750830567 0.34875 0.3089700996677741 0.3375 0.30398671096345514 0.3225 0.30980066445182725 0.315 0.3230897009966777 0.313125 0.33222591362126247
1 0.854375 0.48006644518272423 0.856875 0.5008305647840532 0.8625 0.5124584717607974 0.870625 0.5224252491694352 0.875 0.5249169435215947 0.88125 0.5240863787375415 0.889375 0.5141196013289037 0.895 0.49750830564784054 0.8925 0.4750830564784053 0.888125 0.4634551495016611 0.880625 0.45514950166112955 0.8675 0.45514950166112955 0.855625 0.47093023255813954 0.854375 0.48006644518272423
1 0.64875 0.44933554817275745 0.649375 0.4601328903654485 0.653125 0.4684385382059801 0.660625 0.473421926910299 0.66875 0.473421926910299 0.683125 0.4676079734219269 0.69 0.45598006644518274 0.69 0.44933554817275745 0.693125 0.44019933554817275 0.6925 0.42358803986710963 0.69 0.41777408637873753 0.684375 0.41362126245847175 0.673125 0.41362126245847175 0.659375 0.4260797342192691 0.64875 0.44933554817275745
1 0.73125 0.5631229235880398 0.73875 0.5722591362126246 0.75125 0.5780730897009967 0.759375 0.5780730897009967 0.774375 0.5730897009966778 0.780625 0.5664451827242525 0.785 0.5556478405315615 0.784375 0.5390365448504983 0.7775 0.5290697674418605 0.763125 0.5290697674418605 0.73875 0.5448504983388704 0.73125 0.5556478405315615 0.73125 0.5631229235880398
1 0.620625 0.617109634551495 0.624375 0.6187707641196013 0.630625 0.6146179401993356 0.6325 0.617109634551495 0.6325 0.6320598006644518 0.639375 0.6370431893687708 0.649375 0.6378737541528239 0.65875 0.6320598006644518 0.66375 0.6262458471760798 0.665 0.6179401993355482 0.674375 0.6013289036544851 0.673125 0.5722591362126246 0.665 0.5647840531561462 0.65375 0.5631229235880398 0.635 0.5730897009966778 0.620625 0.5988372093023255 0.620625 0.617109634551495
1 0.549375 0.6121262458471761 0.554375 0.6204318936877077 0.555625 0.6270764119601329 0.555 0.6470099667774086 0.560625 0.654485049833887 0.575 0.6561461794019934 0.58625 0.6403654485049833 0.58625 0.622093023255814 0.58125 0.6046511627906976 0.57 0.5930232558139535 0.56125 0.5930232558139535 0.550625 0.6021594684385382 0.549375 0.6121262458471761
1 0.313125 0.5647840531561462 0.309375 0.5772425249169435 0.3075 0.5921926910299004 0.30875 0.6112956810631229 0.32 0.6295681063122923 0.32375 0.6320598006644518 0.336875 0.6312292358803987 0.350625 0.617109634551495 0.35375 0.6021594684385382 0.353125 0.584717607973422 0.350625 0.5772425249169435 0.33875 0.5606312292358804 0.328125 0.5556478405315615 0.319375 0.5564784053156147 0.313125 0.5647840531561462
1 0.465 0.47259136212624586 0.464375 0.4850498338870432 0.474375 0.49335548172757476 0.48625 0.4941860465116279 0.5075 0.48421926910299 0.520625 0.4676079734219269 0.523125 0.4584717607973422 0.521875 0.446843853820598 0.51875 0.4410299003322259 0.51 0.4368770764119601 0.50125 0.4368770764119601 0.48875 0.4418604651162791 0.465 0.47259136212624586
1 0.529375 0.10880398671096346 0.529375 0.12375415282392027 0.53125 0.12956810631229235 0.54 0.1378737541528239 0.554375 0.1403654485049834 0.569375 0.12956810631229235 0.575 0.11710963455149502 0.575 0.09634551495016612 0.5725 0.08803986710963455 0.5675 0.08305647840531562 0.55625 0.08139534883720931 0.546875 0.08305647840531562 0.536875 0.09053156146179402 0.529375 0.10880398671096346
1 0.42 0.6029900332225914 0.42 0.6112956810631229 0.42125 0.6187707641196013 0.42625 0.6270764119601329 0.435 0.6320598006644518 0.44 0.6320598006644518 0.459375 0.6262458471760798 0.46375 0.622093023255814 0.465625 0.6179401993355482 0.464375 0.606312292358804 0.4575 0.590531561461794 0.43625 0.5872093023255814 0.429375 0.5880398671096345 0.424375 0.5930232558139535 0.42 0.6029900332225914
1 0.748125 0.23006644518272426 0.745625 0.23588039867109634 0.745625 0.2516611295681063 0.75 0.2632890365448505 0.756875 0.2724252491694352 0.7725 0.27408637873754155 0.78 0.2691029900332226 0.786875 0.25830564784053156 0.7875 0.23920265780730898 0.780625 0.2217607973421927 0.77375 0.21677740863787376 0.76125 0.21677740863787376 0.7525 0.22259136212624583 0.748125 0.23006644518272426
1 0.29375 0.489202657807309 0.29375 0.5033222591362126 0.309375 0.520764119601329 0.324375 0.5174418604651163 0.334375 0.5083056478405316 0.336875 0.4908637873754153 0.335625 0.47674418604651164 0.329375 0.46677740863787376 0.314375 0.4700996677740864 0.308125 0.46677740863787376 0.299375 0.47591362126245845 0.29375 0.489202657807309
1 0.6975 0.6719269102990033 0.695625 0.6785714285714286 0.6975 0.7001661129568106 0.703125 0.7167774086378738 0.714375 0.7242524916943521 0.724375 0.723421926910299 0.730625 0.7192691029900332 0.735625 0.707641196013289 0.735 0.6852159468438538 0.726875 0.6710963455149501 0.71875 0.6619601328903655 0.71125 0.6578073089700996 0.7075 0.6602990033222591 0.6975 0.6719269102990033
1 0.555625 0.2757475083056478 0.555625 0.29401993355481726 0.559375 0.3064784053156146 0.568125 0.31893687707641194 0.57625 0.32142857142857145 0.581875 0.31893687707641194 0.59375 0.30564784053156147 0.59875 0.29401993355481726 0.60125 0.2807308970099668 0.60125 0.26744186046511625 0.599375 0.2616279069767442 0.591875 0.25 0.584375 0.24667774086378738 0.569375 0.25 0.560625 0.260797342192691 0.555625 0.2757475083056478
1 0.83625 0.5672757475083057 0.8325 0.5739202657807309 0.83125 0.5838870431893688 0.8375 0.5988372093023255 0.85 0.6104651162790697 0.855625 0.6129568106312292 0.868125 0.6129568106312292 0.881875 0.606312292358804 0.884375 0.6021594684385382 0.888125 0.590531561461794 0.88625 0.5764119601328903 0.87875 0.5631229235880398 0.871875 0.5581395348837209 0.855625 0.5573089700996677 0.840625 0.5631229235880398 0.83625 0.5672757475083057
1 0.42625 0.058970099667774084 0.425625 0.0739202657807309 0.42875 0.09053156146179402 0.433125 0.09717607973421927 0.445 0.10132890365448505 0.45875 0.09966777408637874 0.4675 0.08471760797342193 0.4675 0.058970099667774084 0.459375 0.046511627906976744 0.454375 0.04401993355481727 0.445625 0.04235880398671096 0.43625 0.044850498338870434 0.42625 0.058970099667774084
1 0.695625 0.5730897009966778 0.6925 0.5813953488372093 0.6925 0.5988372093023255 0.704375 0.617109634551495 0.71375 0.622093023255814 0.724375 0.622093023255814 0.738125 0.6154485049833887 0.738125 0.5880398671096345 0.735 0.5789036544850499 0.72375 0.5647840531561462 0.7125 0.5598006644518272 0.703125 0.5647840531561462 0.695625 0.5730897009966778
1 0.568125 0.4642857142857143 0.5675 0.47259136212624586 0.57125 0.48421926910299 0.58 0.4941860465116279 0.60125 0.4958471760797342 0.620625 0.48255813953488375 0.620625 0.4700996677740864 0.6175 0.46096345514950166 0.61 0.4526578073089701 0.591875 0.44933554817275745 0.57375 0.45598006644518274 0.568125 0.4642857142857143
1 0.275 0.38205980066445183 0.275 0.39867109634551495 0.278125 0.40946843853820597 0.286875 0.41943521594684385 0.300625 0.4219269102990033 0.31125 0.4161129568106312 0.31625 0.40780730897009965 0.31625 0.3862126245847176 0.30625 0.36710963455149503 0.298125 0.36212624584717606 0.29 0.36212624584717606 0.281875 0.36794019933554817 0.275 0.38205980066445183
1 0.73 0.5174418604651163 0.735 0.5257475083056479 0.74375 0.5332225913621262 0.751875 0.5340531561461794 0.759375 0.53156146179402 0.764375 0.5274086378737541 0.7675 0.5157807308970099 0.7675 0.49750830564784054 0.765625 0.4900332225913621 0.75375 0.47674418604651164 0.740625 0.47674418604651164 0.733125 0.4833887043189369 0.72875 0.49169435215946844 0.73 0.5174418604651163
1 0.66625 0.6187707641196013 0.665 0.6295681063122923 0.66875 0.6461794019933554 0.675625 0.6602990033222591 0.688125 0.6694352159468439 0.69375 0.670265780730897 0.704375 0.6644518272425249 0.70875 0.6578073089700996 0.710625 0.6345514950166113 0.708125 0.6229235880398671 0.69625 0.6079734219269103 0.680625 0.6038205980066446 0.67625 0.6046511627906976 0.66875 0.6137873754152824 0.66625 0.6187707641196013
1 0.424375 0.37790697674418605 0.424375 0.4061461794019934 0.43125 0.4161129568106312 0.443125 0.4210963455149502 0.45 0.41943521594684385 0.460625 0.4111295681063123 0.464375 0.4053156146179402 0.46875 0.38205980066445183 0.4675 0.37624584717607973 0.4575 0.3637873754152824 0.45 0.36129568106312293 0.440625 0.36212624584717606 0.433125 0.36710963455149503 0.424375 0.37790697674418605
1 0.589375 0.39700996677740863 0.58625 0.41362126245847175 0.58625 0.42857142857142855 0.586875 0.436046511627907 0.591875 0.44601328903654486 0.59625 0.44933554817275745 0.61 0.45016611295681064 0.620625 0.4393687707641196 0.6275 0.4269102990033223 0.62875 0.420265780730897 0.63 0.3961794019933555 0.6275 0.38870431893687707 0.625 0.38289036544850497 0.620625 0.3795681063122924 0.6075 0.37790697674418605 0.599375 0.38372093023255816 0.589375 0.39700996677740863
1 0.3775 0.05813953488372093 0.375 0.06312292358803986 0.375 0.09302325581395349 0.38375 0.11129568106312292 0.39 0.11710963455149502 0.41125 0.11710963455149502 0.42 0.10132890365448505 0.42 0.09053156146179402 0.415625 0.07308970099667775 0.406875 0.059800664451827246 0.40125 0.05564784053156146 0.388125 0.053156146179401995 0.3775 0.05813953488372093
1 0.63 0.39867109634551495 0.62875 0.4260797342192691 0.63375 0.4410299003322259 0.645625 0.4476744186046512 0.653125 0.4393687707641196 0.6625 0.40946843853820597 0.66375 0.4003322259136213 0.661875 0.39368770764119604 0.655625 0.3845514950166113 0.649375 0.38205980066445183 0.63875 0.3845514950166113 0.6325 0.39285714285714285 0.63 0.39867109634551495
1 0.615625 0.26744186046511625 0.615625 0.29069767441860467 0.620625 0.29485049833887045 0.646875 0.3014950166112957 0.66125 0.2973421926910299 0.668125 0.292358803986711 0.673125 0.2840531561461794 0.673125 0.2616279069767442 0.66625 0.24916943521594684 0.651875 0.24169435215946844 0.63125 0.24750830564784054 0.623125 0.25332225913621265 0.615625 0.26744186046511625
1 0.789375 0.5049833887043189 0.786875 0.5132890365448505 0.786875 0.5290697674418605 0.7975 0.5431893687707641 0.811875 0.5481727574750831 0.82 0.5473421926910299 0.8325 0.5431893687707641 0.83625 0.5390365448504983 0.839375 0.5290697674418605 0.83875 0.5182724252491694 0.829375 0.5024916943521595 0.821875 0.49750830564784054 0.804375 0.4958471760797342 0.793125 0.5 0.789375 0.5049833887043189
1 0.8025 0.6553156146179402 0.80375 0.6785714285714286 0.8125 0.6893687707641196 0.826875 0.6893687707641196 0.839375 0.6710963455149501 0.839375 0.6470099667774086 0.834375 0.6378737541528239 0.825625 0.632890365448505 0.81375 0.6387043189368771 0.80375 0.6503322259136213 0.8025 0.6553156146179402
1 0.40625 0.45598006644518274 0.40875 0.4700996677740864 0.41375 0.4833887043189369 0.423125 0.4950166112956811 0.4375 0.49750830564784054 0.444375 0.4941860465116279 0.45125 0.48172757475083056 0.45125 0.4584717607973422 0.446875 0.4410299003322259 0.433125 0.4277408637873754 0.418125 0.4260797342192691 0.408125 0.4368770764119601 0.40625 0.45598006644518274
1 0.47875 0.532392026578073 0.48125 0.5398671096345515 0.490625 0.5473421926910299 0.50625 0.5490033222591362 0.516875 0.542358803986711 0.526875 0.5282392026578073 0.52625 0.5141196013289037 0.516875 0.5 0.51 0.49667774086378735 0.48875 0.49750830564784054 0.47875 0.5091362126245847 0.47875 0.532392026578073
1 0.219375 0.3696013289036545 0.213125 0.3729235880398671 0.2075 0.3803986710963455 0.206875 0.3862126245847176 0.209375 0.39700996677740863 0.2125 0.3978405315614618 0.220625 0.40780730897009965 0.238125 0.41943521594684385 0.244375 0.4210963455149502 0.26 0.41943521594684385 0.26625 0.4127906976744186 0.27 0.40448504983388706 0.27 0.39368770764119604 0.264375 0.3845514950166113 0.256875 0.3787375415282392 0.245 0.3729235880398671 0.2275 0.3696013289036545 0.219375 0.3696013289036545
1 0.339375 0.6760797342192691 0.3425 0.6835548172757475 0.3425 0.6893687707641196 0.349375 0.7051495016611296 0.358125 0.7134551495016611 0.370625 0.7134551495016611 0.38 0.7043189368770764 0.3825 0.6918604651162791 0.381875 0.6760797342192691 0.37125 0.6528239202657807 0.35875 0.6445182724252492 0.345625 0.6470099667774086 0.339375 0.6602990033222591 0.339375 0.6760797342192691
1 0.43375 0.5332225913621262 0.423125 0.5473421926910299 0.423125 0.5606312292358804 0.42625 0.5681063122923588 0.439375 0.5813953488372093 0.450625 0.5880398671096345 0.464375 0.5880398671096345 0.469375 0.5838870431893688 0.475625 0.5755813953488372 0.4775 0.5689368770764119 0.475625 0.5573089700996677 0.47125 0.5456810631229236 0.46375 0.5357142857142857 0.4525 0.5307308970099668 0.4425 0.5299003322259136 0.43375 0.5332225913621262
1 0.37375 0.643687707641196 0.373125 0.6486710963455149 0.37375 0.6569767441860465 0.381875 0.6760797342192691 0.3975 0.6852159468438538 0.416875 0.6810631229235881 0.42125 0.6777408637873754 0.425625 0.6636212624584718 0.423125 0.6519933554817275 0.413125 0.6387043189368771 0.395 0.6312292358803987 0.385625 0.6320598006644518 0.380625 0.6353820598006644 0.37375 0.643687707641196
1 0.529375 0.707641196013289 0.529375 0.7358803986710963 0.5325 0.7450166112956811 0.539375 0.7541528239202658 0.549375 0.7549833887043189 0.5625 0.7458471760797342 0.57 0.7300664451827242 0.57 0.7051495016611296 0.5675 0.6993355481727574 0.561875 0.6910299003322259 0.553125 0.6852159468438538 0.543125 0.6852159468438538 0.534375 0.6943521594684385 0.529375 0.707641196013289
1 0.515 0.6179401993355482 0.513125 0.6254152823920266 0.51375 0.6387043189368771 0.519375 0.6578073089700996 0.529375 0.6661129568106312 0.5425 0.6611295681063123 0.548125 0.6553156146179402 0.555 0.6403654485049833 0.555 0.622093023255814 0.54625 0.6071428571428571 0.541875 0.6046511627906976 0.53125 0.6038205980066446 0.521875 0.6079734219269103 0.515 0.6179401993355482
1 0.789375 0.2799003322259136 0.785 0.2956810631229236 0.784375 0.3081395348837209 0.78875 0.3181063122923588 0.795 0.3230897009966777 0.80375 0.3222591362126246 0.8125 0.3181063122923588 0.820625 0.30980066445182725 0.8325 0.2931893687707641 0.8325 0.2691029900332226 0.82875 0.26411960132890366 0.8175 0.2591362126245847 0.806875 0.260797342192691 0.7975 0.26827242524916944 0.789375 0.2799003322259136
1 0.444375 0.7508305647840532 0.4425 0.7624584717607974 0.443125 0.776578073089701 0.45 0.7940199335548173 0.460625 0.8056478405315615 0.46875 0.8064784053156147 0.47875 0.7931893687707641 0.48375 0.7691029900332226 0.4825 0.7433554817275747 0.476875 0.7300664451827242 0.4675 0.7242524916943521 0.46 0.7267441860465116 0.451875 0.7358803986710963 0.444375 0.7508305647840532
1 0.413125 0.11710963455149502 0.411875 0.12956810631229235 0.41625 0.14534883720930233 0.425625 0.15946843853820597 0.439375 0.16943521594684385 0.449375 0.16943521594684385 0.4575 0.1644518272425249 0.464375 0.1553156146179402 0.469375 0.13205980066445183 0.46875 0.12541528239202657 0.454375 0.10465116279069768 0.444375 0.09966777408637874 0.431875 0.09800664451827243 0.418125 0.10548172757475083 0.413125 0.11710963455149502
1 0.353125 0.6196013289036545 0.355625 0.6312292358803987 0.360625 0.6362126245847176 0.37125 0.6403654485049833 0.38375 0.6312292358803987 0.386875 0.6079734219269103 0.386875 0.5913621262458472 0.384375 0.584717607973422 0.375 0.5730897009966778 0.36125 0.5730897009966778 0.355625 0.5822259136212624 0.35375 0.590531561461794 0.353125 0.6196013289036545
1 0.40625 0.292358803986711 0.4 0.30481727574750833 0.399375 0.3106312292358804 0.401875 0.3272425249169435 0.41 0.3347176079734219 0.411875 0.34136212624584716 0.419375 0.34717607973421927 0.429375 0.3504983388704319 0.444375 0.3488372093023256 0.454375 0.3380398671096346 0.454375 0.3131229235880399 0.4475 0.29900332225913623 0.443125 0.29485049833887045 0.425625 0.28903654485049834 0.411875 0.28903654485049834 0.40625 0.292358803986711
1 0.37875 0.38787375415282394 0.3825 0.40946843853820597 0.386875 0.4152823920265781 0.396875 0.420265780730897 0.403125 0.41943521594684385 0.415625 0.4111295681063123 0.423125 0.3961794019933555 0.423125 0.3696013289036545 0.415625 0.36212624584717606 0.40375 0.36129568106312293 0.3875 0.3696013289036545 0.380625 0.3803986710963455 0.37875 0.38787375415282394
1 0.3425 0.2632890365448505 0.341875 0.27740863787375414 0.34625 0.28488372093023256 0.355 0.2915282392026578 0.36375 0.29401993355481726 0.379375 0.292358803986711 0.38875 0.2857142857142857 0.395 0.27740863787375414 0.3975 0.26578073089701 0.396875 0.25332225913621265 0.385 0.23837209302325582 0.370625 0.2367109634551495 0.3625 0.23920265780730898 0.345625 0.2549833887043189 0.3425 0.2632890365448505
1 0.685625 0.4850498338870432 0.685625 0.5124584717607974 0.688125 0.5182724252491694 0.705 0.532392026578073 0.71 0.542358803986711 0.71875 0.5390365448504983 0.72625 0.5282392026578073 0.72875 0.5182724252491694 0.72875 0.5008305647840532 0.72625 0.489202657807309 0.714375 0.4717607973421927 0.706875 0.46677740863787376 0.70125 0.46677740863787376 0.690625 0.4742524916943522 0.685625 0.4850498338870432
1 0.6175 0.6362126245847176 0.614375 0.6428571428571429 0.614375 0.6478405315614618 0.616875 0.6611295681063123 0.615625 0.6785714285714286 0.619375 0.6910299003322259 0.625625 0.6960132890365448 0.63125 0.696843853820598 0.6375 0.6910299003322259 0.641875 0.6910299003322259 0.64875 0.6735880398671097 0.64875 0.6470099667774086 0.644375 0.6403654485049833 0.634375 0.6353820598006644 0.630625 0.627906976744186 0.625 0.6287375415282392 0.6175 0.6362126245847176
0 0.1 0.43545348837209297 0.07142875 0.4508779069767442 0.051785625 0.5007117940199335 0.050893125000000004 0.5457998338870432 0.069643125 0.5837682724252491 0.089285625 0.6110581395348837 0.142856875 0.6169908637873754 0.16339312499999997 0.5991935215946843 0.186606875 0.5707167774086379 0.19464312499999997 0.5268156146179401 0.19017875 0.5007117940199335 0.17767875 0.45918355481727574 0.13482125 0.43308056478405316 0.1 0.43545348837209297