1 0.40282392026578073 0.731875 0.4111295681063123 0.73375 0.41362126245847175 0.73625 0.4152823920265781 0.7475 0.40863787375415284 0.75625 0.39867109634551495 0.76125 0.3920265780730897 0.76 0.3862126245847176 0.755 0.3845514950166113 0.744375 0.38704318936877075 0.7375 0.39285714285714285 0.733125 0.4019933554817276 0.731875
1 0.3347176079734219 0.713125 0.34634551495016613 0.71875 0.3446843853820598 0.730625 0.3347176079734219 0.736875 0.31727574750830567 0.735 0.31146179401993357 0.73 0.31146179401993357 0.72375 0.31727574750830567 0.716875 0.32641196013289037 0.713125 0.3338870431893688 0.713125
1 0.4684385382059801 0.6225 0.47591362126245845 0.626875 0.47840531561461797 0.633125 0.4717607973421927 0.643125 0.4601328903654485 0.64875 0.44518272425249167 0.64625 0.4426910299003322 0.64125 0.4435215946843854 0.634375 0.4476744186046512 0.62875 0.4568106312292359 0.623125 0.4676079734219269 0.6225
1 0.26578073089701 0.3975 0.27906976744186046 0.40375 0.28488372093023256 0.41 0.2823920265780731 0.41625 0.26993355481727577 0.42125 0.2541528239202658 0.41875 0.24750830564784054 0.411875 0.24916943521594684 0.403125 0.2649501661129568 0.3975
1 0.5232558139534884 0.485 0.53156146179402 0.490625 0.5332225913621262 0.498125 0.5282392026578073 0.50375 0.5199335548172758 0.50625 0.5074750830564784 0.50625 0.5008305647840532 0.503125 0.49750830564784054 0.499375 0.49750830564784054 0.493125 0.5 0.489375 0.5083056478405316 0.485 0.5224252491694352 0.485
1 0.3313953488372093 0.51625 0.3446843853820598 0.518125 0.35299003322259137 0.523125 0.3554817275747508 0.52875 0.35299003322259137 0.534375 0.34136212624584716 0.53875 0.32475083056478404 0.538125 0.31893687707641194 0.535625 0.3164451827242525 0.5325 0.3164451827242525 0.525625 0.32059800664451826 0.520625 0.33056478405315615 0.516875
1 0.3862126245847176 0.41625 0.3945182724252492 0.421875 0.39368770764119604 0.428125 0.3862126245847176 0.435625 0.37624584717607973 0.439375 0.36129568106312293 0.43875 0.35714285714285715 0.435625 0.35714285714285715 0.426875 0.3687707641196013 0.4175 0.3853820598006645 0.41625
1 0.2807308970099668 0.56 0.287375415282392 0.565 0.2915282392026578 0.574375 0.29069767441860467 0.57875 0.28322259136212624 0.583125 0.2799003322259136 0.583125 0.2749169435215947 0.579375 0.26744186046511625 0.570625 0.2707641196013289 0.561875 0.2799003322259136 0.56
1 0.13704318936877077 0.355 0.14700996677740863 0.35875 0.1511627906976744 0.365 0.14950166112956811 0.37625 0.13870431893687707 0.3825 0.12624584717607973 0.380625 0.11710963455149502 0.37 0.11710963455149502 0.3625 0.12209302325581395 0.356875 0.1362126245847176 0.355
1 0.223421926910299 0.375625 0.2350498338870432 0.37875 0.24501661129568106 0.3875 0.24335548172757476 0.39375 0.23006644518272426 0.4 0.2159468438538206 0.3975 0.20764119601328904 0.39 0.20930232558139536 0.38 0.21677740863787376 0.375625 0.22259136212624583 0.375625
1 0.23172757475083056 0.716875 0.24501661129568106 0.72125 0.24584717607973422 0.728125 0.24086378737541528 0.735 0.22674418604651161 0.7425 0.21179401993355482 0.74125 0.20514950166112958 0.735 0.20514950166112958 0.7275 0.21345514950166114 0.72 0.23089700996677742 0.716875
1 0.19767441860465115 0.42625 0.2059800664451827 0.428125 0.21262458471760798 0.433125 0.21511627906976744 0.438125 0.21262458471760798 0.445625 0.20348837209302326 0.45 0.1877076411960133 0.4475 0.1818936877076412 0.440625 0.18106312292358803 0.435625 0.1852159468438538 0.429375 0.19684385382059802 0.42625
1 0.1669435215946844 0.541875 0.18106312292358803 0.548125 0.18604651162790697 0.553125 0.18604651162790697 0.55875 0.18272425249169436 0.56375 0.17524916943521596 0.568125 0.15780730897009967 0.56625 0.14867109634551495 0.5625 0.14285714285714285 0.55625 0.1420265780730897 0.55 0.14867109634551495 0.543125 0.16611295681063123 0.541875
1 0.43023255813953487 0.610625 0.44019933554817275 0.61625 0.44435215946843853 0.623125 0.44435215946843853 0.63 0.4393687707641196 0.636875 0.43272425249169433 0.640625 0.41943521594684385 0.63875 0.41362126245847175 0.633125 0.4119601328903654 0.626875 0.4127906976744186 0.620625 0.41777408637873753 0.613125 0.42940199335548174 0.610625
1 0.3712624584717608 0.754375 0.3853820598006645 0.7625 0.3862126245847176 0.76625 0.3803986710963455 0.775 0.3704318936877076 0.779375 0.36129568106312293 0.779375 0.3538205980066445 0.776875 0.34634551495016613 0.768125 0.34717607973421927 0.76125 0.35299003322259137 0.756875 0.3596345514950166 0.753125 0.3704318936877076 0.754375
1 0.287375415282392 0.48 0.2956810631229236 0.484375 0.2956810631229236 0.490625 0.2915282392026578 0.5 0.2823920265780731 0.503125 0.2691029900332226 0.5025 0.2649501661129568 0.493125 0.27325581395348836 0.4825 0.27906976744186046 0.48 0.2865448504983389 0.48
1 0.5240863787375415 0.50875 0.5299003322259136 0.51625 0.5299003322259136 0.52375 0.526578073089701 0.529375 0.520764119601329 0.5325 0.5124584717607974 0.5325 0.5049833887043189 0.529375 0.5016611295681063 0.525 0.5008305647840532 0.5175 0.5091362126245847 0.5075 0.5232558139534884 0.50875
1 0.3953488372093023 0.485 0.4019933554817276 0.486875 0.40863787375415284 0.491875 0.4127906976744186 0.49875 0.4111295681063123 0.508125 0.40448504983388706 0.51125 0.3903654485049834 0.508125 0.3812292358803987 0.50125 0.3795681063122924 0.4975 0.38205980066445183 0.48875 0.3945182724252492 0.485
1 0.4676079734219269 0.33875 0.4750830564784053 0.341875 0.4775747508305648 0.351875 0.4742524916943522 0.35875 0.46179401993355484 0.36625 0.44933554817275745 0.365625 0.44435215946843853 0.36 0.44435215946843853 0.35375 0.45348837209302323 0.34125 0.4601328903654485 0.338125 0.46677740863787376 0.33875
1 0.3729235880398671 0.563125 0.38704318936877075 0.56625 0.3911960132890365 0.570625 0.3903654485049834 0.575 0.3845514950166113 0.58125 0.3712624584717608 0.588125 0.3637873754152824 0.588125 0.3588039867109635 0.585 0.35714285714285715 0.575 0.3654485049833887 0.566875 0.37209302325581395 0.56375
1 0.36295681063122925 0.546875 0.3712624584717608 0.55375 0.37209302325581395 0.559375 0.3696013289036545 0.56375 0.3538205980066445 0.575625 0.34551495016611294 0.575 0.34053156146179403 0.57125 0.33637873754152825 0.56 0.34551495016611294 0.549375 0.3538205980066445 0.54625 0.36212624584717606 0.546875
1 0.223421926910299 0.61625 0.22674418604651161 0.618125 0.23006644518272426 0.629375 0.22674418604651161 0.64625 0.2059800664451827 0.64125 0.19933554817275748 0.633125 0.19933554817275748 0.62375 0.2059800664451827 0.61625 0.22259136212624583 0.61625
1 0.36295681063122925 0.399375 0.3696013289036545 0.401875 0.37375415282392027 0.406875 0.37375415282392027 0.41125 0.36627906976744184 0.41875 0.35714285714285715 0.4225 0.34219269102990035 0.4175 0.34136212624584716 0.409375 0.3521594684385382 0.400625 0.36212624584717606 0.399375
1 0.4634551495016611 0.394375 0.4750830564784053 0.400625 0.47591362126245845 0.4075 0.4700996677740864 0.415625 0.45930232558139533 0.419375 0.4485049833887043 0.418125 0.4435215946843854 0.41125 0.4435215946843854 0.40625 0.44933554817275745 0.396875 0.45598006644518274 0.39375 0.462624584717608 0.394375
1 0.5232558139534884 0.54125 0.5365448504983389 0.545625 0.5481727574750831 0.55625 0.5481727574750831 0.56375 0.5390365448504983 0.57 0.5290697674418605 0.569375 0.5191029900332226 0.56375 0.5157807308970099 0.545625 0.5182724252491694 0.541875 0.5224252491694352 0.54125
1 0.3488372093023256 0.49 0.3504983388704319 0.509375 0.34551495016611294 0.511875 0.33970099667774084 0.51125 0.33056478405315615 0.50625 0.3272425249169435 0.49375 0.3289036544850498 0.490625 0.3372093023255814 0.48625 0.3438538205980066 0.486875 0.3480066445182724 0.49
1 0.39700996677740863 0.53625 0.3995016611295681 0.543125 0.3961794019933555 0.55 0.3911960132890365 0.55375 0.38289036544850497 0.555 0.37209302325581395 0.554375 0.3637873754152824 0.54625 0.3654485049833887 0.540625 0.37209302325581395 0.53625 0.3961794019933555 0.53625
1 0.44435215946843853 0.64625 0.45348837209302323 0.649375 0.46096345514950166 0.655 0.4601328903654485 0.661875 0.4526578073089701 0.666875 0.4335548172757475 0.665 0.4269102990033223 0.66 0.4277408637873754 0.6525 0.436046511627907 0.646875 0.4435215946843854 0.64625
1 0.22591362126245848 0.41125 0.23588039867109634 0.415625 0.24003322259136212 0.4225 0.2367109634551495 0.4325 0.22757475083056478 0.43875 0.21677740863787376 0.4375 0.2084717607973422 0.42875 0.20930232558139536 0.419375 0.21262458471760798 0.414375 0.21677740863787376 0.411875 0.22508305647840532 0.41125
1 0.36129568106312293 0.619375 0.3696013289036545 0.62625 0.3696013289036545 0.634375 0.36212624584717606 0.640625 0.35132890365448505 0.643125 0.3372093023255814 0.640625 0.3330564784053156 0.636875 0.33222591362126247 0.629375 0.3446843853820598 0.619375 0.36046511627906974 0.619375
1 0.19933554817275748 0.561875 0.20681063122923588 0.565625 0.20930232558139536 0.574375 0.20431893687707642 0.58125 0.19269102990033224 0.586875 0.17940199335548174 0.5825 0.1760797342192691 0.574375 0.1818936877076412 0.56625 0.19850498338870431 0.561875
1 0.2956810631229236 0.665625 0.303156146179402 0.668125 0.303156146179402 0.675625 0.29485049833887045 0.685625 0.2865448504983389 0.689375 0.2691029900332226 0.68875 0.26411960132890366 0.684375 0.2632890365448505 0.678125 0.26744186046511625 0.6725 0.2757475083056478 0.6675 0.29485049833887045 0.665625
1 0.5016611295681063 0.54875 0.5157807308970099 0.5525 0.5191029900332226 0.559375 0.5174418604651163 0.56625 0.5024916943521595 0.5725 0.48421926910299 0.570625 0.48255813953488375 0.565625 0.4867109634551495 0.5575 0.49667774086378735 0.55 0.5008305647840532 0.549375
1 0.4269102990033223 0.4125 0.4335548172757475 0.41375 0.4393687707641196 0.418125 0.4435215946843854 0.42625 0.4435215946843854 0.435625 0.43521594684385384 0.44125 0.4219269102990033 0.439375 0.4111295681063123 0.426875 0.4111295681063123 0.418125 0.41362126245847175 0.415625 0.4260797342192691 0.4125
1 0.41777408637873753 0.68625 0.42940199335548174 0.6925 0.4335548172757475 0.70125 0.4318936877076412 0.71125 0.42358803986710963 0.71625 0.41029900332225916 0.71375 0.4019933554817276 0.705 0.4011627906976744 0.699375 0.4053156146179402 0.69 0.41029900332225916 0.685625 0.4169435215946844 0.68625
1 0.3131229235880399 0.478125 0.3239202657807309 0.481875 0.32475083056478404 0.489375 0.32142857142857145 0.495625 0.3081395348837209 0.50375 0.29651162790697677 0.501875 0.29401993355481726 0.49625 0.29900332225913623 0.484375 0.3064784053156146 0.47875 0.3122923588039867 0.478125
1 0.3961794019933555 0.51375 0.4019933554817276 0.51875 0.40282392026578073 0.525625 0.39867109634551495 0.5325 0.3911960132890365 0.535625 0.37209302325581395 0.535 0.3687707641196013 0.525625 0.3803986710963455 0.515 0.3953488372093023 0.51375
1 0.1553156146179402 0.445625 0.16029900332225913 0.449375 0.15614617940199335 0.464375 0.1511627906976744 0.468125 0.13704318936877077 0.470625 0.132890365448505 0.469375 0.12790697674418605 0.46375 0.12956810631229235 0.4525 0.1403654485049834 0.445625 0.15448504983388706 0.445625
1 0.3388704318936877 0.418125 0.3488372093023256 0.42125 0.3546511627906977 0.42625 0.3546511627906977 0.435 0.3446843853820598 0.44125 0.3313953488372093 0.44 0.31976744186046513 0.42875 0.32059800664451826 0.42375 0.32475083056478404 0.420625 0.3380398671096346 0.418125
1 0.48172757475083056 0.4825 0.49169435215946844 0.489375 0.49169435215946844 0.49875 0.48754152823920266 0.505625 0.48006644518272423 0.51 0.4700996677740864 0.509375 0.462624584717608 0.505 0.45930232558139533 0.49375 0.46677740863787376 0.48375 0.473421926910299 0.48125 0.4808970099667774 0.4825
1 0.37375415282392027 0.455 0.3803986710963455 0.46 0.3812292358803987 0.4675 0.37624584717607973 0.4775 0.36710963455149503 0.48125 0.36046511627906974 0.480625 0.3546511627906977 0.4775 0.35132890365448505 0.4675 0.3538205980066445 0.461875 0.36046511627906974 0.45625 0.3729235880398671 0.455
1 0.3372093023255814 0.440625 0.3521594684385382 0.44125 0.3596345514950166 0.449375 0.3588039867109635 0.455 0.3488372093023256 0.465625 0.3347176079734219 0.464375 0.3272425249169435 0.455 0.32641196013289037 0.445625 0.3313953488372093 0.44125 0.33637873754152825 0.440625
1 0.2441860465116279 0.534375 0.2541528239202658 0.536875 0.2616279069767442 0.541875 0.2632890365448505 0.55 0.260797342192691 0.55375 0.25332225913621265 0.558125 0.2441860465116279 0.55875 0.23089700996677742 0.5525 0.22840531561461794 0.546875 0.23006644518272426 0.54 0.23588039867109634 0.53625 0.24335548172757476 0.535
1 0.20681063122923588 0.66625 0.21677740863787376 0.670625 0.22508305647840532 0.679375 0.22425249169435216 0.6925 0.21511627906976744 0.699375 0.20681063122923588 0.699375 0.19933554817275748 0.69625 0.19019933554817275 0.68375 0.19102990033222592 0.67375 0.2059800664451827 0.66625
1 0.4925249169435216 0.510625 0.4983388704318937 0.514375 0.4983388704318937 0.519375 0.4941860465116279 0.525625 0.48006644518272423 0.5325 0.47259136212624586 0.5325 0.4692691029900332 0.530625 0.4684385382059801 0.521875 0.47674418604651164 0.513125 0.49169435215946844 0.510625
1 0.15863787375415284 0.469375 0.1719269102990033 0.4775 0.17524916943521596 0.484375 0.17275747508305647 0.490625 0.1611295681063123 0.49625 0.14700996677740863 0.49375 0.1362126245847176 0.485 0.1362126245847176 0.4775 0.13953488372093023 0.47125 0.14950166112956811 0.46875 0.15780730897009967 0.469375
1 0.18853820598006646 0.4475 0.19850498338870431 0.4525 0.19933554817275748 0.461875 0.19102990033222592 0.470625 0.17524916943521596 0.47625 0.16279069767441862 0.47 0.16029900332225913 0.46125 0.16362126245847175 0.455625 0.16943521594684385 0.451875 0.1877076411960133 0.4475
1 0.18604651162790697 0.644375 0.20016611295681064 0.65 0.20681063122923588 0.65625 0.20681063122923588 0.66125 0.20348837209302326 0.665625 0.1951827242524917 0.669375 0.1818936877076412 0.668125 0.17109634551495018 0.66125 0.17109634551495018 0.649375 0.17857142857142858 0.645 0.1852159468438538 0.644375
1 0.29651162790697677 0.580625 0.31727574750830567 0.581875 0.3222591362126246 0.586875 0.3222591362126246 0.591875 0.3164451827242525 0.59875 0.30398671096345514 0.60375 0.29401993355481726 0.60375 0.2815614617940199 0.59875 0.2815614617940199 0.593125 0.28820598006644516 0.584375 0.29651162790697677 0.58125
1 0.3496677740863787 0.739375 0.35714285714285715 0.74375 0.3588039867109635 0.75125 0.3554817275747508 0.755625 0.34136212624584716 0.7625 0.32475083056478404 0.76125 0.32059800664451826 0.7575 0.32059800664451826 0.75 0.3272425249169435 0.7425 0.3388704318936877 0.73875 0.3488372093023256 0.739375
1 0.18853820598006646 0.524375 0.19601328903654486 0.525625 0.2026578073089701 0.529375 0.20348837209302326 0.536875 0.19767441860465115 0.543125 0.1877076411960133 0.546875 0.1719269102990033 0.54375 0.16611295681063123 0.536875 0.1669435215946844 0.5325 0.1719269102990033 0.528125 0.1877076411960133 0.524375
1 0.29651162790697677 0.525625 0.3089700996677741 0.53 0.3122923588039867 0.533125 0.3089700996677741 0.545 0.29900332225913623 0.550625 0.2865448504983389 0.55 0.27906976744186046 0.545 0.276578073089701 0.539375 0.28322259136212624 0.528125 0.2956810631229236 0.525625
1 0.3289036544850498 0.53875 0.33554817275747506 0.54125 0.3388704318936877 0.546875 0.3380398671096346 0.556875 0.33554817275747506 0.56125 0.329734219269103 0.56375 0.3181063122923588 0.5625 0.3106312292358804 0.553125 0.3131229235880399 0.54125 0.3181063122923588 0.538125 0.3280730897009967 0.53875
1 0.2807308970099668 0.69625 0.2865448504983389 0.699375 0.287375415282392 0.709375 0.27906976744186046 0.720625 0.2724252491694352 0.724375 0.2632890365448505 0.724375 0.2574750830564784 0.720625 0.2558139534883721 0.7075 0.25830564784053156 0.7025 0.2666112956810631 0.695625 0.2799003322259136 0.69625
1 0.4634551495016611 0.555 0.473421926910299 0.553125 0.48006644518272423 0.560625 0.47674418604651164 0.57125 0.4692691029900332 0.57625 0.4634551495016611 0.57625 0.4568106312292359 0.57125 0.4568106312292359 0.56375 0.4634551495016611 0.555625
1 0.35631229235880396 0.4875 0.36212624584717606 0.485625 0.3729235880398671 0.4875 0.37790697674418605 0.49125 0.3812292358803987 0.501875 0.3803986710963455 0.508125 0.37209302325581395 0.515625 0.35714285714285715 0.515 0.3521594684385382 0.51125 0.3504983388704319 0.505625 0.3504983388704319 0.494375 0.35631229235880396 0.488125
1 0.27159468438538203 0.625625 0.28322259136212624 0.629375 0.2898671096345515 0.63625 0.2915282392026578 0.64375 0.28322259136212624 0.649375 0.26411960132890366 0.646875 0.25083056478405313 0.639375 0.24916943521594684 0.63375 0.2558139534883721 0.626875 0.2707641196013289 0.625625
1 0.4318936877076412 0.385 0.4393687707641196 0.386875 0.446843853820598 0.394375 0.446843853820598 0.4 0.4418604651162791 0.408125 0.43521594684385384 0.411875 0.43023255813953487 0.411875 0.42358803986710963 0.409375 0.41943521594684385 0.405 0.420265780730897 0.39125 0.42524916943521596 0.386875 0.43106312292358806 0.385625
1 0.3637873754152824 0.71625 0.3729235880398671 0.72 0.3795681063122924 0.728125 0.3770764119601329 0.738125 0.3729235880398671 0.741875 0.3646179401993355 0.744375 0.3554817275747508 0.741875 0.34634551495016613 0.7325 0.3496677740863787 0.72 0.3546511627906977 0.716875 0.36295681063122925 0.71625
1 0.4958471760797342 0.414375 0.5024916943521595 0.416875 0.5116279069767442 0.425 0.510797342192691 0.43125 0.5024916943521595 0.435625 0.4883720930232558 0.435 0.4833887043189369 0.433125 0.47674418604651164 0.42625 0.47674418604651164 0.419375 0.48006644518272423 0.41625 0.48421926910299 0.414375 0.4950166112956811 0.414375
1 0.30606312292358806 0.5678125 0.03239202657807309 0.029375
1 0.31561461794019935 0.45 0.3239202657807309 0.45125 0.3347176079734219 0.466875 0.33222591362126247 0.471875 0.32142857142857145 0.478125 0.3064784053156146 0.475 0.29983388704318936 0.466875 0.3023255813953488 0.455625 0.3073089700996678 0.45125 0.31478405315614616 0.45
1 0.313953488372093 0.736875 0.3222591362126246 0.74375 0.31893687707641194 0.7575 0.313953488372093 0.761875 0.30564784053156147 0.764375 0.29900332225913623 0.764375 0.2931893687707641 0.761875 0.29069767441860467 0.758125 0.2915282392026578 0.75 0.30066445182724255 0.739375 0.3131229235880399 0.736875
1 0.23754152823920266 0.61 0.25083056478405313 0.606875 0.2558139534883721 0.608125 0.2616279069767442 0.614375 0.2616279069767442 0.61875 0.2558139534883721 0.62625 0.24750830564784054 0.631875 0.2367109634551495 0.633125 0.23006644518272426 0.629375 0.22840531561461794 0.61875 0.23754152823920266 0.610625
1 0.23006644518272426 0.5025 0.2367109634551495 0.505 0.24169435215946844 0.51125 0.24086378737541528 0.51875 0.23006644518272426 0.5275 0.21926910299003322 0.526875 0.2101328903654485 0.520625 0.21262458471760798 0.50875 0.21926910299003322 0.50375 0.2292358803986711 0.5025
1 0.2865448504983389 0.50375 0.2973421926910299 0.508125 0.3014950166112957 0.515625 0.2931893687707641 0.525625 0.27906976744186046 0.53 0.2649501661129568 0.528125 0.2616279069767442 0.52625 0.25830564784053156 0.51875 0.2616279069767442 0.51125 0.2666112956810631 0.5075 0.27325581395348836 0.504375 0.2857142857142857 0.50375
1 0.2616279069767442 0.568125 0.26744186046511625 0.57 0.2807308970099668 0.58375 0.27906976744186046 0.594375 0.27408637873754155 0.59625 0.2649501661129568 0.595 0.2549833887043189 0.5875 0.25083056478405313 0.576875 0.25332225913621265 0.571875 0.260797342192691 0.56875
1 0.44518272425249167 0.490625 0.44933554817275745 0.498125 0.4485049833887043 0.505 0.4426910299003322 0.513125 0.43272425249169433 0.51875 0.42524916943521596 0.518125 0.420265780730897 0.515 0.41777408637873753 0.503125 0.42524916943521596 0.494375 0.43853820598006643 0.489375 0.44435215946843853 0.490625
1 0.41943521594684385 0.468125 0.42857142857142855 0.473125 0.43023255813953487 0.479375 0.42441860465116277 0.4875 0.4169435215946844 0.49125 0.4069767441860465 0.490625 0.39700996677740863 0.485625 0.3953488372093023 0.4775 0.40448504983388706 0.47 0.4186046511627907 0.468125
1 0.40448504983388706 0.386875 0.41777408637873753 0.395 0.41777408637873753 0.40375 0.40780730897009965 0.410625 0.39368770764119604 0.4075 0.3853820598006645 0.398125 0.3853820598006645 0.39375 0.3903654485049834 0.389375 0.3961794019933555 0.386875 0.40365448504983387 0.386875
0 0.22757475083056478 0.28625 0.24501661129568106 0.2925 0.2549833887043189 0.29875 0.26245847176079734 0.309375 0.2649501661129568 0.324375 0.26245847176079734 0.3325 0.2516611295681063 0.345 0.2441860465116279 0.349375 0.22757475083056478 0.354375 0.20514950166112958 0.353125 0.19269102990033224 0.34875 0.17857142857142858 0.3375 0.1719269102990033 0.324375 0.17275747508305647 0.31125 0.1777408637873754 0.301875 0.18438538205980065 0.295625 0.20348837209302326 0.2875 0.22674418604651161 0.28625