1 0.301875 0.20431893687707642 0.31 0.20764119601328904 0.319375 0.2059800664451827 0.325 0.20016611295681064 0.329375 0.19102990033222592 0.329375 0.1760797342192691 0.3275 0.1719269102990033 0.318125 0.1611295681063123 0.30375 0.16196013289036545 0.29375 0.17691029900332225 0.29375 0.19019933554817275 0.301875 0.20431893687707642
1 0.403125 0.6943521594684385 0.405 0.7051495016611296 0.41375 0.7134551495016611 0.42625 0.7134551495016611 0.439375 0.6910299003322259 0.439375 0.6810631229235881 0.430625 0.6677740863787376 0.418125 0.6677740863787376 0.4075 0.6769102990033222 0.405 0.6827242524916943 0.403125 0.6943521594684385
1 0.5625 0.5290697674418605 0.56375 0.542358803986711 0.57125 0.5498338870431894 0.581875 0.5498338870431894 0.593125 0.532392026578073 0.59375 0.5166112956810631 0.581875 0.5058139534883721 0.578125 0.5058139534883721 0.56875 0.5149501661129569 0.565 0.5224252491694352 0.5625 0.5290697674418605
1 0.4625 0.7209302325581395 0.461875 0.7250830564784053 0.4625 0.7367109634551495 0.466875 0.7450166112956811 0.48125 0.7583056478405316 0.495 0.7583056478405316 0.49875 0.7549833887043189 0.505 0.7441860465116279 0.505 0.7300664451827242 0.5025 0.7225913621262459 0.490625 0.7117940199335548 0.485625 0.7101328903654485 0.47125 0.7117940199335548 0.4625 0.7209302325581395
1 0.613125 0.21096345514950166 0.610625 0.21677740863787376 0.613125 0.2350498338870432 0.61875 0.24086378737541528 0.625 0.24086378737541528 0.6375 0.23421926910299004 0.644375 0.22009966777408638 0.644375 0.19684385382059802 0.64 0.19269102990033224 0.630625 0.19186046511627908 0.623125 0.19684385382059802 0.6225 0.2009966777408638 0.613125 0.21096345514950166
1 0.449375 0.25830564784053156 0.455 0.2757475083056478 0.469375 0.28322259136212624 0.478125 0.28322259136212624 0.485625 0.276578073089701 0.48875 0.26827242524916944 0.488125 0.2558139534883721 0.485625 0.25083056478405313 0.470625 0.23920265780730898 0.45625 0.24003322259136212 0.449375 0.24916943521594684 0.449375 0.25830564784053156
1 0.46875 0.23172757475083056 0.474375 0.24086378737541528 0.484375 0.24916943521594684 0.49875 0.24916943521594684 0.515 0.23006644518272426 0.515 0.21926910299003322 0.5025 0.20514950166112958 0.484375 0.20514950166112958 0.47375 0.21179401993355482 0.46875 0.21926910299003322 0.46875 0.23172757475083056
1 0.3825 0.5440199335548173 0.391875 0.5523255813953488 0.404375 0.5514950166112956 0.4125 0.5448504983388704 0.41625 0.5382059800664452 0.418125 0.5232558139534884 0.41625 0.5174418604651163 0.40625 0.5083056478405316 0.390625 0.5074750830564784 0.381875 0.520764119601329 0.380625 0.5373754152823921 0.3825 0.5440199335548173
1 0.411875 0.48588039867109634 0.41875 0.5058139534883721 0.429375 0.5191029900332226 0.435625 0.5182724252491694 0.44125 0.5083056478405316 0.443125 0.4983388704318937 0.4425 0.4775747508305648 0.433125 0.45514950166112955 0.42125 0.4526578073089701 0.416875 0.45514950166112955 0.413125 0.46179401993355484 0.411875 0.48588039867109634
1 0.398125 0.7666112956810631 0.398125 0.7790697674418605 0.405 0.792358803986711 0.411875 0.7931893687707641 0.42 0.78156146179402 0.4275 0.7616279069767442 0.4275 0.7416943521594684 0.423125 0.7325581395348837 0.418125 0.728405315614618 0.41125 0.729235880398671 0.403125 0.7408637873754153 0.398125 0.7666112956810631
1 0.230625 0.5340531561461794 0.22875 0.5573089700996677 0.230625 0.5631229235880398 0.23375 0.5689368770764119 0.24125 0.5739202657807309 0.25 0.5739202657807309 0.26 0.5689368770764119 0.27 0.5539867109634552 0.271875 0.5456810631229236 0.27125 0.53156146179402 0.265 0.5199335548172758 0.25875 0.5157807308970099 0.24875 0.5132890365448505 0.240625 0.5174418604651163 0.230625 0.5340531561461794
1 0.41875 0.2898671096345515 0.428125 0.3014950166112957 0.4375 0.3014950166112957 0.45125 0.2840531561461794 0.4525 0.2649501661129568 0.44625 0.2558139534883721 0.433125 0.2574750830564784 0.42125 0.26993355481727577 0.41875 0.276578073089701 0.41875 0.2898671096345515
1 0.568125 0.47093023255813954 0.575625 0.48006644518272423 0.58625 0.4792358803986711 0.593125 0.473421926910299 0.59875 0.4642857142857143 0.59875 0.4476744186046512 0.591875 0.4410299003322259 0.58625 0.4393687707641196 0.575 0.4435215946843854 0.568125 0.4568106312292359 0.568125 0.47093023255813954
1 0.584375 0.4368770764119601 0.59 0.44019933554817275 0.59875 0.4435215946843854 0.610625 0.4418604651162791 0.619375 0.43521594684385384 0.6225 0.4260797342192691 0.621875 0.41362126245847175 0.610625 0.3995016611295681 0.591875 0.39867109634551495 0.581875 0.4111295681063123 0.580625 0.4277408637873754 0.584375 0.4368770764119601
1 0.246875 0.6046511627906976 0.241875 0.617109634551495 0.241875 0.6270764119601329 0.246875 0.6387043189368771 0.2525 0.643687707641196 0.27 0.643687707641196 0.28 0.6403654485049833 0.288125 0.6303986710963455 0.29 0.6137873754152824 0.288125 0.6038205980066446 0.28125 0.5938538205980066 0.276875 0.5913621262458472 0.261875 0.5921926910299004 0.246875 0.6046511627906976
1 0.441875 0.29983388704318936 0.439375 0.3073089700996678 0.439375 0.32475083056478404 0.4425 0.3313953488372093 0.4475 0.33554817275747506 0.455 0.33554817275747506 0.464375 0.3313953488372093 0.475625 0.313953488372093 0.478125 0.30398671096345514 0.4775 0.2931893687707641 0.470625 0.28488372093023256 0.464375 0.2815614617940199 0.453125 0.28488372093023256 0.45 0.28820598006644516 0.441875 0.29983388704318936
1 0.466875 0.12956810631229235 0.466875 0.14451827242524917 0.47125 0.16029900332225913 0.474375 0.16279069767441862 0.49 0.16029900332225913 0.49375 0.1569767441860465 0.49875 0.14534883720930233 0.498125 0.11794019933554817 0.490625 0.10714285714285714 0.48375 0.10631229235880399 0.479375 0.1079734219269103 0.469375 0.11877076411960133 0.466875 0.12956810631229235
1 0.591875 0.15033222591362128 0.586875 0.1760797342192691 0.59375 0.19933554817275748 0.599375 0.20681063122923588 0.60375 0.20930232558139536 0.60625 0.20182724252491693 0.613125 0.20514950166112958 0.62 0.20348837209302326 0.624375 0.19435215946843853 0.624375 0.1760797342192691 0.620625 0.16362126245847175 0.613125 0.14950166112956811 0.6025 0.14285714285714285 0.5975 0.14285714285714285 0.591875 0.15033222591362128
1 0.323125 0.6021594684385382 0.324375 0.6196013289036545 0.328125 0.6270764119601329 0.333125 0.6303986710963455 0.340625 0.6303986710963455 0.350625 0.622093023255814 0.3575 0.6004983388704319 0.355625 0.5838870431893688 0.3475 0.5714285714285714 0.335625 0.5730897009966778 0.331875 0.5772425249169435 0.325 0.590531561461794 0.323125 0.6021594684385382
1 0.630625 0.6611295681063123 0.63125 0.6735880398671097 0.6375 0.6843853820598007 0.6425 0.6877076411960132 0.64875 0.6901993355481728 0.65875 0.6893687707641196 0.66625 0.6802325581395349 0.66625 0.6619601328903655 0.654375 0.6461794019933554 0.649375 0.6428571428571429 0.63875 0.6420265780730897 0.6325 0.6511627906976745 0.630625 0.6611295681063123
1 0.618125 0.143687707641196 0.623125 0.15614617940199335 0.6275 0.1611295681063123 0.63625 0.1644518272425249 0.645625 0.1644518272425249 0.651875 0.1611295681063123 0.65875 0.14950166112956811 0.65875 0.13372093023255813 0.654375 0.12541528239202657 0.648125 0.12043189368770764 0.63625 0.11710963455149502 0.625 0.1212624584717608 0.618125 0.1345514950166113 0.618125 0.143687707641196
1 0.203125 0.6112956810631229 0.209375 0.6162790697674418 0.223125 0.617109634551495 0.235 0.6088039867109635 0.24 0.6021594684385382 0.241875 0.5938538205980066 0.241875 0.5772425249169435 0.23875 0.5730897009966778 0.22875 0.5672757475083057 0.224375 0.5672757475083057 0.208125 0.5764119601328903 0.2 0.5938538205980066 0.203125 0.6112956810631229
1 0.319375 0.13538205980066445 0.323125 0.14534883720930233 0.33 0.1553156146179402 0.3375 0.1611295681063123 0.355625 0.1611295681063123 0.35875 0.1553156146179402 0.36 0.1461794019933555 0.35875 0.1362126245847176 0.35125 0.1212624584717608 0.33875 0.10880398671096346 0.32875 0.1079734219269103 0.319375 0.12043189368770764 0.319375 0.13538205980066445
1 0.558125 0.6303986710963455 0.5625 0.6370431893687708 0.5725 0.6403654485049833 0.589375 0.6303986710963455 0.59625 0.6204318936877077 0.59625 0.6038205980066446 0.593125 0.5988372093023255 0.58875 0.5938538205980066 0.576875 0.5930232558139535 0.56375 0.6038205980066446 0.5575 0.6187707641196013 0.558125 0.6303986710963455
1 0.5 0.2574750830564784 0.5 0.27325581395348836 0.505625 0.28322259136212624 0.516875 0.28322259136212624 0.526875 0.27325581395348836 0.53125 0.2599667774086379 0.53125 0.23837209302325582 0.524375 0.23172757475083056 0.51625 0.23172757475083056 0.51 0.23588039867109634 0.50375 0.24501661129568106 0.5 0.2574750830564784
1 0.548125 0.33554817275747506 0.560625 0.34219269102990035 0.568125 0.3521594684385382 0.57125 0.35299003322259137 0.590625 0.33554817275747506 0.590625 0.3230897009966777 0.578125 0.31146179401993357 0.56125 0.31146179401993357 0.550625 0.3222591362126246 0.548125 0.3272425249169435 0.548125 0.33554817275747506
1 0.465625 0.17691029900332225 0.465625 0.19435215946843853 0.474375 0.20514950166112958 0.48875 0.20348837209302326 0.496875 0.18853820598006646 0.49625 0.17275747508305647 0.493125 0.1644518272425249 0.48875 0.1611295681063123 0.47375 0.16279069767441862 0.469375 0.1669435215946844 0.465625 0.17691029900332225
1 0.510625 0.36710963455149503 0.51125 0.3795681063122924 0.515 0.38870431893687707 0.5225 0.39700996677740863 0.539375 0.39700996677740863 0.544375 0.38953488372093026 0.544375 0.3696013289036545 0.53625 0.35631229235880396 0.52875 0.3521594684385382 0.51875 0.3521594684385382 0.5125 0.3588039867109635 0.510625 0.36710963455149503
1 0.591875 0.1079734219269103 0.59625 0.11710963455149502 0.60375 0.12209302325581395 0.610625 0.12292358803986711 0.621875 0.11627906976744186 0.6275 0.09717607973421927 0.6275 0.08471760797342193 0.625 0.07724252491694353 0.62 0.07142857142857142 0.610625 0.07059800664451828 0.59875 0.07807308970099668 0.591875 0.0946843853820598 0.591875 0.1079734219269103
1 0.51125 0.5398671096345515 0.51125 0.5514950166112956 0.513125 0.5581395348837209 0.519375 0.5672757475083057 0.53125 0.5672757475083057 0.53875 0.5556478405315615 0.54375 0.5431893687707641 0.544375 0.5240863787375415 0.539375 0.5141196013289037 0.53125 0.5124584717607974 0.521875 0.5166112956810631 0.515 0.5257475083056479 0.51125 0.5398671096345515
1 0.354375 0.7898671096345515 0.36 0.7940199335548173 0.38 0.7940199335548173 0.385 0.7898671096345515 0.391875 0.776578073089701 0.391875 0.7666112956810631 0.38875 0.7624584717607974 0.379375 0.7533222591362126 0.3625 0.7541528239202658 0.35125 0.7657807308970099 0.34875 0.7807308970099668 0.354375 0.7898671096345515
1 0.3175 0.38205980066445183 0.3175 0.3961794019933555 0.32 0.40282392026578073 0.325 0.4111295681063123 0.33625 0.4169435215946844 0.34875 0.4161129568106312 0.358125 0.4111295681063123 0.36375 0.4003322259136213 0.363125 0.3903654485049834 0.3525 0.37375415282392027 0.3425 0.36710963455149503 0.32875 0.36794019933554817 0.323125 0.37209302325581395 0.3175 0.38205980066445183
1 0.421875 0.09302325581395349 0.41875 0.09966777408637874 0.41875 0.11295681063122924 0.42375 0.12375415282392027 0.428125 0.1303986710963455 0.439375 0.13704318936877077 0.45125 0.1378737541528239 0.461875 0.13122923588039867 0.461875 0.11295681063122924 0.45875 0.10548172757475083 0.449375 0.09385382059800665 0.439375 0.08803986710963455 0.428125 0.08803986710963455 0.421875 0.09302325581395349
1 0.57625 0.29485049833887045 0.57625 0.3106312292358804 0.584375 0.3181063122923588 0.59125 0.31893687707641194 0.61 0.3106312292358804 0.614375 0.30398671096345514 0.615 0.28488372093023256 0.61 0.2782392026578073 0.6025 0.2749169435215947 0.594375 0.2749169435215947 0.585625 0.27906976744186046 0.57625 0.29485049833887045
1 0.548125 0.5813953488372093 0.548125 0.5880398671096345 0.55375 0.6013289036544851 0.565625 0.6021594684385382 0.579375 0.5880398671096345 0.584375 0.5730897009966778 0.58375 0.5581395348837209 0.5775 0.553156146179402 0.56625 0.5498338870431894 0.558125 0.5581395348837209 0.550625 0.5714285714285714 0.548125 0.5813953488372093
1 0.355625 0.5813953488372093 0.360625 0.584717607973422 0.370625 0.5872093023255814 0.381875 0.5855481727574751 0.389375 0.5780730897009967 0.391875 0.5714285714285714 0.391875 0.553156146179402 0.379375 0.5398671096345515 0.3625 0.5390365448504983 0.349375 0.5490033222591362 0.34875 0.5705980066445183 0.355625 0.5813953488372093
1 0.49875 0.19352159468438537 0.50125 0.20182724252491693 0.515625 0.2217607973421927 0.52125 0.22093023255813954 0.526875 0.21345514950166114 0.526875 0.18023255813953487 0.51875 0.16611295681063123 0.513125 0.16279069767441862 0.505 0.16362126245847175 0.49875 0.1719269102990033 0.49875 0.19352159468438537
1 0.516875 0.6179401993355482 0.52625 0.6262458471760798 0.54625 0.6262458471760798 0.554375 0.6154485049833887 0.554375 0.6021594684385382 0.5475 0.5913621262458472 0.5275 0.5913621262458472 0.521875 0.5938538205980066 0.516875 0.6029900332225914 0.516875 0.6179401993355482
1 0.573125 0.3803986710963455 0.578125 0.3920265780730897 0.583125 0.39700996677740863 0.591875 0.3978405315614618 0.596875 0.3911960132890365 0.60125 0.36710963455149503 0.599375 0.35299003322259137 0.59125 0.3430232558139535 0.584375 0.34219269102990035 0.575625 0.3488372093023256 0.5725 0.3546511627906977 0.573125 0.3803986710963455
1 0.60375 0.510797342192691 0.60625 0.5174418604651163 0.614375 0.5274086378737541 0.62875 0.53156146179402 0.641875 0.5257475083056479 0.64875 0.5157807308970099 0.650625 0.5041528239202658 0.6475 0.5 0.6375 0.49169435215946844 0.620625 0.489202657807309 0.60625 0.4983388704318937 0.604375 0.5008305647840532 0.60375 0.510797342192691
1 0.349375 0.2815614617940199 0.34875 0.3073089700996678 0.35625 0.3164451827242525 0.361875 0.31727574750830567 0.376875 0.3064784053156146 0.385 0.292358803986711 0.386875 0.2749169435215947 0.385 0.26827242524916944 0.380625 0.26411960132890366 0.370625 0.26245847176079734 0.36375 0.26411960132890366 0.3575 0.26993355481727577 0.349375 0.2815614617940199
1 0.50375 0.07724252491694353 0.50375 0.09136212624584718 0.50875 0.11046511627906977 0.513125 0.11544850498338871 0.52625 0.11627906976744186 0.53625 0.09966777408637874 0.53625 0.06727574750830564 0.53375 0.059800664451827246 0.52375 0.05398671096345515 0.515625 0.05564784053156146 0.50875 0.06312292358803986 0.50375 0.07724252491694353
1 0.16875 0.5016611295681063 0.16875 0.5124584717607974 0.178125 0.5232558139534884 0.195 0.5232558139534884 0.2075 0.510797342192691 0.211875 0.5024916943521595 0.211875 0.4867109634551495 0.199375 0.47674418604651164 0.1925 0.47674418604651164 0.18625 0.48006644518272423 0.17375 0.49169435215946844 0.16875 0.5016611295681063
1 0.486875 0.3313953488372093 0.486875 0.34136212624584716 0.49125 0.36212624584717606 0.495625 0.36710963455149503 0.50625 0.3654485049833887 0.515 0.3521594684385382 0.515 0.3280730897009967 0.50875 0.3131229235880399 0.505 0.3089700996677741 0.49875 0.30980066445182725 0.490625 0.31893687707641194 0.486875 0.3313953488372093
1 0.35875 0.6453488372093024 0.365625 0.654485049833887 0.3725 0.6586378737541528 0.391875 0.6586378737541528 0.401875 0.6445182724252492 0.401875 0.6262458471760798 0.394375 0.617109634551495 0.3725 0.6179401993355482 0.366875 0.6212624584717608 0.35875 0.6320598006644518 0.35875 0.6453488372093024
1 0.470625 0.4717607973421927 0.474375 0.48255813953488375 0.48125 0.4867109634551495 0.48875 0.4867109634551495 0.495625 0.4850498338870432 0.5 0.48006644518272423 0.505 0.4642857142857143 0.5025 0.45016611295681064 0.495625 0.43853820598006643 0.48875 0.43521594684385384 0.4775 0.4410299003322259 0.470625 0.457641196013289 0.470625 0.4717607973421927
1 0.575 0.07724252491694353 0.581875 0.08471760797342193 0.593125 0.0872093023255814 0.599375 0.07724252491694353 0.60625 0.07225913621262459 0.606875 0.05398671096345515 0.599375 0.044850498338870434 0.59 0.044850498338870434 0.581875 0.04983388704318937 0.575 0.0606312292358804 0.575 0.07724252491694353
1 0.436875 0.7317275747508306 0.4475 0.729235880398671 0.459375 0.7159468438538206 0.4625 0.7059800664451827 0.461875 0.6943521594684385 0.4575 0.6901993355481728 0.44 0.6926910299003323 0.43125 0.7059800664451827 0.429375 0.7200996677740864 0.436875 0.7317275747508306
1 0.39 0.5813953488372093 0.390625 0.5897009966777409 0.394375 0.5988372093023255 0.400625 0.6046511627906976 0.410625 0.6046511627906976 0.42625 0.5963455149501661 0.433125 0.5830564784053156 0.4325 0.5631229235880398 0.42 0.553156146179402 0.41125 0.553156146179402 0.400625 0.5589700996677741 0.393125 0.5714285714285714 0.39 0.5813953488372093
1 0.35625 0.7259136212624585 0.360625 0.7350498338870431 0.36875 0.7408637873754153 0.37625 0.7441860465116279 0.385 0.7433554817275747 0.395 0.7367109634551495 0.401875 0.7267441860465116 0.401875 0.7084717607973422 0.391875 0.6976744186046512 0.37625 0.6943521594684385 0.35875 0.7084717607973422 0.35625 0.7159468438538206 0.35625 0.7259136212624585
1 0.36375 0.6735880398671097 0.36375 0.6852159468438538 0.37125 0.6926910299003323 0.395 0.6960132890365448 0.404375 0.6868770764119602 0.404375 0.6769102990033222 0.40125 0.6677740863787376 0.395 0.6611295681063123 0.37375 0.6602990033222591 0.36625 0.6677740863787376 0.36375 0.6735880398671097
1 0.315 0.329734219269103 0.3175 0.3380398671096346 0.328125 0.3521594684385382 0.341875 0.35299003322259137 0.3475 0.34634551495016613 0.350625 0.3181063122923588 0.348125 0.30066445182724255 0.339375 0.29069767441860467 0.326875 0.2898671096345515 0.318125 0.2956810631229236 0.315 0.303156146179402 0.315 0.329734219269103
1 0.428125 0.770764119601329 0.428125 0.7915282392026578 0.435 0.8073089700996677 0.443125 0.8114617940199336 0.45 0.8114617940199336 0.45875 0.803156146179402 0.461875 0.7790697674418605 0.45875 0.7674418604651163 0.449375 0.7549833887043189 0.443125 0.7524916943521595 0.438125 0.7541528239202658 0.43125 0.7632890365448505 0.428125 0.770764119601329
1 0.215 0.4318936877076412 0.22125 0.4410299003322259 0.230625 0.446843853820598 0.23875 0.446843853820598 0.24875 0.4368770764119601 0.24875 0.41362126245847175 0.23875 0.39867109634551495 0.219375 0.39700996677740863 0.2125 0.4069767441860465 0.2125 0.4227574750830565 0.215 0.4318936877076412
1 0.53875 0.36046511627906974 0.545 0.37209302325581395 0.546875 0.38205980066445183 0.560625 0.3862126245847176 0.57 0.3795681063122924 0.57 0.3538205980066445 0.56 0.34219269102990035 0.550625 0.3380398671096346 0.541875 0.3446843853820598 0.53875 0.3521594684385382 0.53875 0.36046511627906974
1 0.443125 0.05564784053156146 0.441875 0.07225913621262459 0.445 0.08139534883720931 0.450625 0.08637873754152824 0.465625 0.0872093023255814 0.470625 0.08554817275747509 0.4825 0.0739202657807309 0.485625 0.06727574750830564 0.485 0.059800664451827246 0.478125 0.049003322259136214 0.4725 0.044850498338870434 0.45625 0.044850498338870434 0.448125 0.049003322259136214 0.443125 0.05564784053156146
1 0.193125 0.5498338870431894 0.2 0.5581395348837209 0.2075 0.5606312292358804 0.2175 0.5598006644518272 0.225625 0.5556478405315615 0.2275 0.553156146179402 0.230625 0.5307308970099668 0.224375 0.521594684385382 0.209375 0.5141196013289037 0.204375 0.5141196013289037 0.2 0.5174418604651163 0.1925 0.5299003322259136 0.193125 0.5498338870431894
0 0.5321431249999999 0.8009019933554817 0.507143125 0.7902234219269103 0.4625 0.7997151162790698 0.43928562499999996 0.8246320598006645 0.43482125000000005 0.8590415282392027 0.43482125000000005 0.8815855481727576 0.44375 0.9112483388704319 0.45892874999999994 0.927859634551495 0.495535625 0.9326054817275747 0.51875 0.9171810631229237 0.5303568750000001 0.9017558139534884 0.538393125 0.8839584717607973 0.542856875 0.8626004983388703 0.538393125 0.834124584717608 0.5321431249999999 0.8009019933554817