1 0.7275 0.3222591362126246 0.7325 0.3280730897009967 0.73375 0.3338870431893688 0.7325 0.34219269102990035 0.7275 0.34717607973421927 0.72 0.34551495016611294 0.715625 0.3380398671096346 0.71625 0.3272425249169435 0.72125 0.3222591362126246 0.726875 0.3222591362126246
1 0.466875 0.5506644518272426 0.47125 0.5548172757475083 0.47125 0.563953488372093 0.4675 0.5697674418604651 0.46 0.5730897009966778 0.454375 0.5730897009966778 0.449375 0.5697674418604651 0.446875 0.5664451827242525 0.446875 0.5598006644518272 0.455625 0.5514950166112956 0.46625 0.5506644518272426
1 0.643125 0.34219269102990035 0.6475 0.3488372093023256 0.646875 0.3554817275747508 0.64375 0.36046511627906974 0.636875 0.3637873754152824 0.626875 0.36212624584717606 0.624375 0.3588039867109635 0.625 0.3488372093023256 0.6325 0.34219269102990035 0.6425 0.34219269102990035
1 0.501875 0.606312292358804 0.514375 0.6137873754152824 0.51625 0.6196013289036545 0.515 0.6320598006644518 0.51 0.6378737541528239 0.504375 0.6387043189368771 0.5 0.6370431893687708 0.494375 0.6303986710963455 0.491875 0.6229235880398671 0.4925 0.6137873754152824 0.49625 0.6079734219269103 0.50125 0.6071428571428571
1 0.605625 0.43853820598006643 0.613125 0.44601328903654486 0.614375 0.45182724252491696 0.613125 0.46096345514950166 0.606875 0.4676079734219269 0.59875 0.4642857142857143 0.5925 0.4526578073089701 0.594375 0.4418604651162791 0.599375 0.43853820598006643 0.605 0.43853820598006643
1 0.570625 0.3230897009966777 0.574375 0.32558139534883723 0.576875 0.3388704318936877 0.574375 0.34634551495016613 0.56875 0.35132890365448505 0.56375 0.35132890365448505 0.56 0.34717607973421927 0.556875 0.3347176079734219 0.56125 0.32558139534883723 0.57 0.3230897009966777
1 0.47375 0.4368770764119601 0.475625 0.4393687707641196 0.475 0.45016611295681064 0.47125 0.4568106312292359 0.465 0.46096345514950166 0.459375 0.46096345514950166 0.455 0.45598006644518274 0.455625 0.446843853820598 0.46375 0.4368770764119601 0.473125 0.4368770764119601
1 0.368125 0.5332225913621262 0.37125 0.5357142857142857 0.373125 0.5465116279069767 0.37125 0.553156146179402 0.3625 0.5614617940199336 0.355 0.5573089700996677 0.35375 0.5448504983388704 0.359375 0.5348837209302325 0.3675 0.5332225913621262
1 0.493125 0.48754152823920266 0.50125 0.49750830564784054 0.501875 0.5058139534883721 0.49875 0.5116279069767442 0.491875 0.5166112956810631 0.481875 0.5124584717607974 0.4775 0.5041528239202658 0.4775 0.49750830564784054 0.480625 0.4908637873754153 0.4925 0.48754152823920266
1 0.509375 0.5224252491694352 0.5125 0.5290697674418605 0.511875 0.542358803986711 0.506875 0.5498338870431894 0.498125 0.5539867109634552 0.49375 0.5539867109634552 0.48625 0.5465116279069767 0.486875 0.5357142857142857 0.494375 0.5249169435215947 0.5025 0.521594684385382 0.50875 0.5224252491694352
1 0.681875 0.4717607973421927 0.691875 0.48006644518272423 0.69375 0.48588039867109634 0.693125 0.4950166112956811 0.685625 0.5 0.6775 0.4958471760797342 0.6725 0.4867109634551495 0.67125 0.47674418604651164 0.675 0.47259136212624586 0.68125 0.4717607973421927
1 0.66875 0.473421926910299 0.6725 0.47674418604651164 0.6725 0.4908637873754153 0.6625 0.49750830564784054 0.655 0.4941860465116279 0.654375 0.4833887043189369 0.660625 0.47591362126245845 0.668125 0.473421926910299
1 0.618125 0.5980066445182725 0.624375 0.6054817275747508 0.625 0.6162790697674418 0.62125 0.6237541528239202 0.615625 0.6270764119601329 0.6075 0.6204318936877077 0.605625 0.6079734219269103 0.60875 0.6013289036544851 0.6175 0.5980066445182725
1 0.4475 0.4435215946843854 0.45125 0.4485049833887043 0.4525 0.46096345514950166 0.44625 0.4717607973421927 0.436875 0.4692691029900332 0.434375 0.462624584717608 0.434375 0.45514950166112955 0.43875 0.44601328903654486 0.446875 0.4435215946843854
1 0.491875 0.5838870431893688 0.49625 0.5880398671096345 0.498125 0.5988372093023255 0.496875 0.6054817275747508 0.490625 0.6104651162790697 0.481875 0.6096345514950167 0.476875 0.606312292358804 0.474375 0.5946843853820598 0.483125 0.5838870431893688 0.49125 0.5838870431893688
1 0.53 0.5689368770764119 0.533125 0.5739202657807309 0.5325 0.5863787375415282 0.53125 0.590531561461794 0.5225 0.5996677740863787 0.518125 0.595514950166113 0.515 0.5805647840531561 0.5225 0.5689368770764119 0.529375 0.5689368770764119
1 0.394375 0.5539867109634552 0.39875 0.5581395348837209 0.400625 0.5681063122923588 0.39875 0.574750830564784 0.39125 0.5805647840531561 0.385 0.5789036544850499 0.38125 0.5730897009966778 0.38 0.5656146179401993 0.38625 0.5556478405315615 0.39375 0.5539867109634552
1 0.468125 0.5764119601328903 0.47375 0.5813953488372093 0.47375 0.5921926910299004 0.46625 0.6021594684385382 0.458125 0.6054817275747508 0.45125 0.6021594684385382 0.450625 0.5897009966777409 0.45625 0.579734219269103 0.4675 0.5764119601328903
1 0.425625 0.4377076411960133 0.43125 0.4426910299003322 0.4325 0.45348837209302323 0.429375 0.46511627906976744 0.423125 0.4700996677740864 0.418125 0.4700996677740864 0.41375 0.4659468438538206 0.41125 0.4601328903654485 0.41125 0.44933554817275745 0.41625 0.4410299003322259 0.425 0.4377076411960133
1 0.671875 0.40282392026578073 0.676875 0.4053156146179402 0.68 0.4111295681063123 0.680625 0.4227574750830565 0.67875 0.4277408637873754 0.671875 0.43272425249169433 0.666875 0.43023255813953487 0.66375 0.42524916943521596 0.66375 0.41029900332225916 0.67125 0.40365448504983387
1 0.5184375 0.4277408637873754 0.020625 0.029900332225913623
1 0.451875 0.48754152823920266 0.45625 0.49169435215946844 0.458125 0.5016611295681063 0.45625 0.5116279069767442 0.450625 0.5157807308970099 0.445625 0.5141196013289037 0.441875 0.5091362126245847 0.44 0.4950166112956811 0.441875 0.4908637873754153 0.45125 0.48754152823920266
1 0.485625 0.5490033222591362 0.49125 0.5573089700996677 0.490625 0.5656146179401993 0.48625 0.574750830564784 0.480625 0.5780730897009967 0.4725 0.5714285714285714 0.47125 0.5622923588039868 0.4725 0.5564784053156147 0.478125 0.5498338870431894 0.485 0.5490033222591362
1 0.589375 0.42940199335548174 0.59375 0.43521594684385384 0.59375 0.4418604651162791 0.586875 0.4526578073089701 0.581875 0.45514950166112955 0.573125 0.45099667774086377 0.5725 0.44019933554817275 0.576875 0.4318936877076412 0.5825 0.42857142857142855 0.58875 0.42940199335548174
1 0.629375 0.40946843853820597 0.6325 0.4169435215946844 0.6325 0.4260797342192691 0.62875 0.4368770764119601 0.62125 0.4435215946843854 0.616875 0.4426910299003322 0.611875 0.4377076411960133 0.609375 0.43023255813953487 0.609375 0.41943521594684385 0.61375 0.4111295681063123 0.61875 0.40780730897009965 0.625625 0.4069767441860465 0.62875 0.40946843853820597
1 0.50875 0.5789036544850499 0.51375 0.5822259136212624 0.519375 0.5980066445182725 0.51875 0.6046511627906976 0.513125 0.6104651162790697 0.503125 0.606312292358804 0.49875 0.5980066445182725 0.49875 0.584717607973422 0.508125 0.5789036544850499
1 0.38 0.489202657807309 0.385 0.49335548172757476 0.3875 0.5058139534883721 0.385625 0.5141196013289037 0.3775 0.5191029900332226 0.37125 0.5166112956810631 0.366875 0.5116279069767442 0.365 0.5008305647840532 0.369375 0.49169435215946844 0.379375 0.489202657807309
1 0.55 0.5722591362126246 0.555 0.5780730897009967 0.555625 0.5855481727574751 0.5525 0.5921926910299004 0.548125 0.5946843853820598 0.539375 0.5921926910299004 0.535625 0.5880398671096345 0.535 0.5813953488372093 0.540625 0.5730897009966778 0.549375 0.5722591362126246
1 0.5375 0.6245847176079734 0.548125 0.632890365448505 0.548125 0.6411960132890365 0.54375 0.6470099667774086 0.53375 0.643687707641196 0.53 0.6370431893687708 0.529375 0.632890365448505 0.531875 0.6270764119601329 0.536875 0.6245847176079734
1 0.4425 0.5656146179401993 0.445625 0.5664451827242525 0.4525 0.5755813953488372 0.45 0.5888704318936877 0.4425 0.5946843853820598 0.434375 0.5880398671096345 0.43375 0.5739202657807309 0.43875 0.5672757475083057 0.441875 0.5664451827242525
1 0.591875 0.4684385382059801 0.5975 0.473421926910299 0.5975 0.48421926910299 0.59375 0.49335548172757476 0.585625 0.5016611295681063 0.579375 0.5008305647840532 0.575625 0.4941860465116279 0.575625 0.48754152823920266 0.58 0.4775747508305648 0.58375 0.47259136212624586 0.59125 0.4692691029900332
1 0.5575 0.303156146179402 0.56125 0.30980066445182725 0.560625 0.31727574750830567 0.55 0.32558139534883723 0.54125 0.32059800664451826 0.54 0.3106312292358804 0.5425 0.30564784053156147 0.548125 0.3023255813953488 0.556875 0.303156146179402
1 0.713125 0.45182724252491696 0.71875 0.45598006644518274 0.72 0.4634551495016611 0.715625 0.4717607973421927 0.709375 0.4750830564784053 0.701875 0.47259136212624586 0.699375 0.46511627906976744 0.704375 0.45514950166112955 0.7125 0.45182724252491696
1 0.686875 0.5689368770764119 0.69 0.5739202657807309 0.690625 0.5805647840531561 0.686875 0.590531561461794 0.683125 0.5930232558139535 0.67625 0.5880398671096345 0.674375 0.5772425249169435 0.678125 0.5689368770764119 0.68625 0.5689368770764119
1 0.588125 0.5074750830564784 0.59 0.5116279069767442 0.588125 0.5232558139534884 0.580625 0.5340531561461794 0.575625 0.5365448504983389 0.57125 0.5357142857142857 0.5675 0.5307308970099668 0.566875 0.5224252491694352 0.56875 0.5149501661129569 0.578125 0.5066445182724253 0.5875 0.5074750830564784
1 0.53125 0.5166112956810631 0.53625 0.5240863787375415 0.53625 0.5348837209302325 0.53 0.5431893687707641 0.525625 0.5431893687707641 0.521875 0.5398671096345515 0.51875 0.5340531561461794 0.518125 0.5249169435215947 0.521875 0.5174418604651163 0.530625 0.5166112956810631
1 0.53625 0.5913621262458472 0.543125 0.5963455149501661 0.543125 0.6054817275747508 0.538125 0.6162790697674418 0.53 0.6229235880398671 0.525625 0.6229235880398671 0.52125 0.6187707641196013 0.520625 0.6071428571428571 0.524375 0.5988372093023255 0.53 0.5930232558139535 0.535625 0.5913621262458472
1 0.559375 0.6079734219269103 0.563125 0.6154485049833887 0.561875 0.6229235880398671 0.55125 0.6312292358803987 0.54625 0.6303986710963455 0.539375 0.6245847176079734 0.5375 0.617109634551495 0.54 0.6104651162790697 0.545 0.606312292358804 0.553125 0.6054817275747508 0.55875 0.6079734219269103
1 0.595625 0.34717607973421927 0.6025 0.3546511627906977 0.604375 0.36129568106312293 0.6025 0.3712624584717608 0.596875 0.3754152823920266 0.5875 0.3729235880398671 0.581875 0.36046511627906974 0.581875 0.3554817275747508 0.585 0.3496677740863787 0.59125 0.34634551495016613 0.595 0.34717607973421927
1 0.66125 0.44435215946843853 0.664375 0.45016611295681064 0.664375 0.45930232558139533 0.66 0.4692691029900332 0.654375 0.4742524916943522 0.648125 0.4742524916943522 0.644375 0.47093023255813954 0.64375 0.4584717607973422 0.650625 0.44601328903654486 0.654375 0.4435215946843854 0.660625 0.44435215946843853
1 0.62875 0.2865448504983389 0.6325 0.2898671096345515 0.633125 0.30066445182724255 0.63 0.3081395348837209 0.624375 0.3122923588039867 0.6175 0.3106312292358804 0.615625 0.3014950166112957 0.62125 0.28820598006644516 0.628125 0.2865448504983389
1 0.686875 0.44518272425249167 0.691875 0.45348837209302323 0.6925 0.4659468438538206 0.690625 0.4717607973421927 0.68625 0.4742524916943522 0.678125 0.47093023255813954 0.67375 0.4601328903654485 0.674375 0.45182724252491696 0.678125 0.44601328903654486 0.68625 0.44518272425249167
1 0.4675 0.4746677740863787 0.0225 0.03239202657807309
1 0.57125 0.2898671096345515 0.57625 0.29651162790697677 0.5775 0.303156146179402 0.570625 0.3106312292358804 0.563125 0.3089700996677741 0.55875 0.3014950166112957 0.561875 0.2915282392026578 0.570625 0.2898671096345515
1 0.59875 0.5838870431893688 0.6025 0.5897009966777409 0.6025 0.5996677740863787 0.6 0.606312292358804 0.593125 0.6129568106312292 0.585 0.6088039867109635 0.58375 0.5980066445182725 0.588125 0.5880398671096345 0.59375 0.5838870431893688 0.598125 0.5838870431893688
1 0.549375 0.28322259136212624 0.551875 0.2857142857142857 0.553125 0.2931893687707641 0.550625 0.29900332225913623 0.541875 0.30481727574750833 0.533125 0.3014950166112957 0.53 0.29651162790697677 0.53 0.2898671096345515 0.53625 0.2823920265780731 0.54875 0.28322259136212624
0 0.763393125 0.5742765780730896 0.775 0.5588513289036544 0.775 0.5434269102990033 0.775 0.530374584717608 0.7696431250000001 0.5185099667774086 0.758035625 0.511390365448505 0.742856875 0.5054576411960133 0.739285625 0.5054576411960133 0.7214287500000001 0.511390365448505 0.7151787500000001 0.5208828903654485 0.70892875 0.5363073089700997 0.70892875 0.5434269102990033 0.70892875 0.5541054817275748 0.710714375 0.5564784053156147 0.714285625 0.5707167774086379 0.717856875 0.5790224252491695 0.723214375 0.5837682724252491 0.74107125 0.587328073089701 0.763393125 0.5742765780730896