1 0.7886178861788617 0.75875 0.8008130081300813 0.758125 0.8170731707317073 0.75125 0.8143631436314364 0.7425 0.8035230352303523 0.74 0.7886178861788617 0.740625 0.7764227642276422 0.745 0.7737127371273713 0.754375 0.7886178861788617 0.75875
1 0.6219512195121951 0.560625 0.6355013550135501 0.561875 0.6490514905149052 0.556875 0.6544715447154471 0.5525 0.6544715447154471 0.540625 0.6504065040650406 0.538125 0.6327913279132791 0.53625 0.6246612466124661 0.5375 0.6165311653116531 0.5425 0.6138211382113821 0.556875 0.6219512195121951 0.560625
1 0.8143631436314364 0.51125 0.8252032520325203 0.505 0.8224932249322493 0.498125 0.7926829268292683 0.4975 0.7818428184281843 0.50375 0.7818428184281843 0.508125 0.7967479674796748 0.51375 0.8143631436314364 0.51125
1 0.8468834688346883 0.449375 0.8523035230352304 0.446875 0.8523035230352304 0.438125 0.8468834688346883 0.435 0.8143631436314364 0.43 0.8035230352303523 0.43375 0.8035230352303523 0.439375 0.8224932249322493 0.446875 0.8468834688346883 0.449375
1 0.33604336043360433 0.31 0.3428184281842818 0.315 0.34959349593495936 0.316875 0.36585365853658536 0.316875 0.37262872628726285 0.314375 0.3821138211382114 0.3075 0.3794037940379404 0.29375 0.3712737127371274 0.29125 0.35501355013550134 0.29125 0.34146341463414637 0.295625 0.33604336043360433 0.3025 0.33604336043360433 0.31
1 0.6598915989159891 0.69375 0.6707317073170732 0.69875 0.6897018970189702 0.70125 0.7113821138211383 0.694375 0.7113821138211383 0.686875 0.7059620596205962 0.683125 0.6924119241192412 0.680625 0.6734417344173442 0.680625 0.6598915989159891 0.685625 0.6598915989159891 0.69375
1 0.8685636856368564 0.45875 0.8739837398373984 0.470625 0.8929539295392954 0.47625 0.9146341463414634 0.476875 0.9254742547425474 0.473125 0.9227642276422764 0.4625 0.9092140921409214 0.45625 0.8956639566395664 0.45375 0.8821138211382114 0.45375 0.8726287262872628 0.455625 0.8685636856368564 0.45875
1 0.521680216802168 0.359375 0.537940379403794 0.358125 0.5460704607046071 0.353125 0.5433604336043361 0.34375 0.535230352303523 0.33875 0.510840108401084 0.33875 0.502710027100271 0.3425 0.502710027100271 0.350625 0.521680216802168 0.359375
1 0.513550135501355 0.3375 0.5298102981029811 0.338125 0.5487804878048781 0.3325 0.5487804878048781 0.320625 0.537940379403794 0.3175 0.5257452574525745 0.3175 0.508130081300813 0.321875 0.508130081300813 0.33375 0.513550135501355 0.3375
1 0.502710027100271 0.335625 0.505420054200542 0.325625 0.5 0.321875 0.48509485094850946 0.316875 0.46747967479674796 0.3175 0.46883468834688347 0.333125 0.48509485094850946 0.3375 0.502710027100271 0.335625
1 0.2018970189701897 0.375 0.21951219512195122 0.375 0.23035230352303523 0.37125 0.23035230352303523 0.35625 0.2140921409214092 0.349375 0.1978319783197832 0.351875 0.19241192411924118 0.355625 0.1951219512195122 0.3725 0.2018970189701897 0.375
1 0.33604336043360433 0.34375 0.34146341463414637 0.34125 0.34146341463414637 0.3275 0.3333333333333333 0.324375 0.3170731707317073 0.324375 0.3116531165311653 0.326875 0.3143631436314363 0.343125 0.33604336043360433 0.34375
1 0.7628726287262872 0.345625 0.7655826558265583 0.33625 0.7547425474254743 0.33125 0.7249322493224932 0.33125 0.7168021680216802 0.335 0.7195121951219512 0.3425 0.7357723577235772 0.348125 0.7628726287262872 0.345625
1 0.510840108401084 0.369375 0.518970189701897 0.36375 0.518970189701897 0.358125 0.5094850948509485 0.353125 0.4878048780487805 0.349375 0.4715447154471545 0.35125 0.4715447154471545 0.36375 0.48509485094850946 0.369375 0.510840108401084 0.369375
1 0.12195121951219512 0.6725 0.13956639566395665 0.6775 0.17073170731707318 0.6775 0.17886178861788618 0.675 0.17886178861788618 0.665625 0.17479674796747968 0.663125 0.16802168021680217 0.660625 0.14905149051490515 0.659375 0.12466124661246612 0.660625 0.11924119241192412 0.665625 0.12195121951219512 0.6725
1 0.7425474254742548 0.3075 0.7655826558265583 0.306875 0.7791327913279132 0.3 0.7764227642276422 0.289375 0.7682926829268293 0.286875 0.7439024390243902 0.28875 0.7303523035230353 0.295625 0.7330623306233063 0.304375 0.7425474254742548 0.3075
1 0.5230352303523035 0.71375 0.5460704607046071 0.71375 0.5474254742547425 0.7025 0.5271002710027101 0.691875 0.513550135501355 0.691875 0.502710027100271 0.696875 0.502710027100271 0.70625 0.5230352303523035 0.71375
1 0.20596205962059622 0.544375 0.21951219512195122 0.545 0.23306233062330622 0.540625 0.23848238482384823 0.535625 0.23848238482384823 0.52625 0.23306233062330622 0.521875 0.2140921409214092 0.520625 0.1978319783197832 0.524375 0.19241192411924118 0.5275 0.1937669376693767 0.540625 0.20596205962059622 0.544375
1 0.7357723577235772 0.50625 0.7547425474254743 0.506875 0.7682926829268293 0.503125 0.7682926829268293 0.4925 0.7574525745257452 0.4875 0.7330623306233063 0.4875 0.7249322493224932 0.491875 0.7249322493224932 0.50125 0.7357723577235772 0.50625
1 0.7195121951219512 0.660625 0.7479674796747967 0.65875 0.7574525745257452 0.6475 0.7533875338753387 0.6425 0.7411924119241192 0.639375 0.7195121951219512 0.64 0.7113821138211383 0.64625 0.7113821138211383 0.655625 0.7195121951219512 0.660625
1 0.5989159891598916 0.735 0.6165311653116531 0.735 0.6327913279132791 0.728125 0.6300813008130082 0.71875 0.6084010840108401 0.715 0.6029810298102981 0.71625 0.5894308943089431 0.723125 0.5894308943089431 0.731875 0.5989159891598916 0.735
1 0.34010840108401086 0.435 0.36585365853658536 0.431875 0.36585365853658536 0.415625 0.35501355013550134 0.410625 0.33875338753387535 0.410625 0.33062330623306235 0.41375 0.33062330623306235 0.43 0.34010840108401086 0.435
1 0.9092140921409214 0.5525 0.9146341463414634 0.5475 0.9146341463414634 0.5375 0.9037940379403794 0.5325 0.8848238482384824 0.5325 0.8739837398373984 0.539375 0.8739837398373984 0.55 0.8848238482384824 0.555625 0.9092140921409214 0.5525
1 0.6978319783197832 0.4275 0.7059620596205962 0.431875 0.7222222222222222 0.4325 0.7357723577235772 0.42875 0.7439024390243902 0.4225 0.7411924119241192 0.41375 0.7330623306233063 0.41125 0.7154471544715447 0.41125 0.7032520325203252 0.414375 0.6978319783197832 0.418125 0.6978319783197832 0.4275
1 0.8143631436314364 0.581875 0.8387533875338753 0.58125 0.8495934959349594 0.57625 0.8495934959349594 0.566875 0.8333333333333334 0.5625 0.8116531165311653 0.564375 0.8035230352303523 0.5675 0.8035230352303523 0.57875 0.8143631436314364 0.581875
1 0.8672086720867209 0.535 0.8875338753387534 0.53125 0.8929539295392954 0.525625 0.8902439024390244 0.51625 0.8766937669376694 0.511875 0.8577235772357723 0.514375 0.8495934959349594 0.52125 0.8509485094850948 0.530625 0.8672086720867209 0.535
1 0.7655826558265583 0.5375 0.7791327913279132 0.539375 0.8008130081300813 0.5325 0.8035230352303523 0.519375 0.7981029810298103 0.515625 0.7723577235772358 0.514375 0.7628726287262872 0.51875 0.7574525745257452 0.52375 0.7574525745257452 0.5325 0.7655826558265583 0.5375
1 0.42276422764227645 0.605 0.44715447154471544 0.6075 0.45528455284552843 0.600625 0.45257452574525747 0.593125 0.43902439024390244 0.584375 0.42276422764227645 0.584375 0.4173441734417344 0.58875 0.4173441734417344 0.6 0.42276422764227645 0.605
1 0.6869918699186992 0.58125 0.6978319783197832 0.575625 0.6978319783197832 0.560625 0.6761517615176151 0.558125 0.6626016260162602 0.56375 0.6598915989159891 0.574375 0.6707317073170732 0.58125 0.6869918699186992 0.58125
1 0.25203252032520324 0.6025 0.2764227642276423 0.601875 0.2926829268292683 0.59375 0.29132791327913277 0.5875 0.28184281842818426 0.58375 0.26287262872628725 0.584375 0.24661246612466126 0.59375 0.24661246612466126 0.59875 0.25203252032520324 0.6025
1 0.5650406504065041 0.3025 0.5718157181571816 0.305 0.5948509485094851 0.304375 0.6111111111111112 0.294375 0.6084010840108401 0.284375 0.6029810298102981 0.281875 0.5826558265582655 0.28125 0.5718157181571816 0.285 0.5650406504065041 0.290625 0.5650406504065041 0.3025
1 0.33604336043360433 0.545 0.35501355013550134 0.546875 0.3685636856368564 0.5425 0.3712737127371274 0.533125 0.36720867208672087 0.53 0.3523035230352303 0.525625 0.33604336043360433 0.525625 0.33062330623306235 0.5275 0.32791327913279134 0.5375 0.33604336043360433 0.545
1 0.8157181571815718 0.429375 0.8333333333333334 0.43 0.8468834688346883 0.425 0.8468834688346883 0.408125 0.8387533875338753 0.405625 0.8238482384823849 0.405 0.8062330623306233 0.409375 0.8035230352303523 0.419375 0.8157181571815718 0.429375
1 0.25745257452574527 0.566875 0.26287262872628725 0.564375 0.26558265582655827 0.550625 0.2601626016260163 0.546875 0.23848238482384823 0.545625 0.23035230352303523 0.55 0.23035230352303523 0.55875 0.24932249322493225 0.566875 0.25745257452574527 0.566875
1 0.6490514905149052 0.4675 0.6734417344173442 0.468125 0.6788617886178862 0.46125 0.6761517615176151 0.451875 0.6626016260162602 0.445625 0.6517615176151762 0.445 0.6436314363143631 0.4475 0.6382113821138211 0.45625 0.6490514905149052 0.4675
1 0.6869918699186992 0.413125 0.6978319783197832 0.408125 0.6978319783197832 0.4 0.6937669376693767 0.396875 0.6653116531165312 0.39375 0.6490514905149052 0.400625 0.6517615176151762 0.408125 0.6626016260162602 0.413125 0.6869918699186992 0.413125
1 1 0.63625 0.9959349593495935 0.634375 0.9715447154471545 0.633125 0.9579945799457995 0.635 0.9471544715447154 0.64375 0.9498644986449865 0.64875 0.9769647696476965 0.651875 1 0.650625 1 0.63625
1 0.8062330623306233 0.3975 0.8252032520325203 0.39625 0.8360433604336044 0.386875 0.8333333333333334 0.380625 0.8224932249322493 0.375 0.8021680216802168 0.375 0.7926829268292683 0.381875 0.7953929539295393 0.39375 0.8062330623306233 0.3975
1 0.13821138211382114 0.603125 0.16531165311653118 0.603125 0.17344173441734417 0.59875 0.17073170731707318 0.58875 0.15176151761517614 0.584375 0.13821138211382114 0.585 0.12466124661246612 0.59 0.12466124661246612 0.598125 0.13821138211382114 0.603125
1 0.7195121951219512 0.6775 0.7276422764227642 0.6825 0.7466124661246613 0.685 0.7574525745257452 0.680625 0.7574525745257452 0.664375 0.7493224932249323 0.659375 0.7235772357723578 0.660625 0.7195121951219512 0.6625 0.7168021680216802 0.671875 0.7195121951219512 0.6775
1 0.45528455284552843 0.59375 0.4715447154471545 0.59375 0.48509485094850946 0.588125 0.4823848238482385 0.5725 0.4715447154471545 0.569375 0.453929539295393 0.56875 0.4444444444444444 0.5725 0.4444444444444444 0.58625 0.45528455284552843 0.59375
1 0.7466124661246613 0.568125 0.7628726287262872 0.570625 0.7750677506775068 0.568125 0.7845528455284553 0.560625 0.7818428184281843 0.546875 0.7710027100271003 0.543125 0.7574525745257452 0.543125 0.7439024390243902 0.54875 0.7411924119241192 0.56375 0.7466124661246613 0.568125
1 0.8333333333333334 0.654375 0.8550135501355014 0.660625 0.8766937669376694 0.659375 0.8766937669376694 0.649375 0.8550135501355014 0.6425 0.8360433604336044 0.6425 0.8279132791327913 0.64625 0.8279132791327913 0.65125 0.8333333333333334 0.654375
1 0.7588075880758808 0.371875 0.7818428184281843 0.37125 0.7899728997289973 0.3675 0.7899728997289973 0.36125 0.7845528455284553 0.35625 0.7737127371273713 0.353125 0.7520325203252033 0.354375 0.7439024390243902 0.356875 0.7439024390243902 0.36625 0.7588075880758808 0.371875
1 0.7113821138211383 0.571875 0.7384823848238482 0.571875 0.7384823848238482 0.556875 0.7249322493224932 0.5525 0.7059620596205962 0.5525 0.6978319783197832 0.56 0.7005420054200542 0.566875 0.7113821138211383 0.571875
1 0.7479674796747967 0.61 0.7655826558265583 0.610625 0.7737127371273713 0.6075 0.7737127371273713 0.598125 0.7682926829268293 0.591875 0.7520325203252033 0.58375 0.7384823848238482 0.584375 0.7303523035230353 0.589375 0.7303523035230353 0.6 0.7479674796747967 0.61
1 0.2899728997289973 0.6775 0.3143631436314363 0.675 0.3170731707317073 0.665 0.31029810298102983 0.66125 0.2953929539295393 0.659375 0.27371273712737126 0.660625 0.26558265582655827 0.6675 0.2682926829268293 0.6725 0.2899728997289973 0.6775
1 0.6355013550135501 0.398125 0.6544715447154471 0.39875 0.6680216802168022 0.393125 0.6653116531165312 0.3825 0.6544715447154471 0.379375 0.6273712737127372 0.380625 0.6192411924119241 0.386875 0.6219512195121951 0.39375 0.6355013550135501 0.398125
1 0.23306233062330622 0.46375 0.2682926829268293 0.463125 0.2764227642276423 0.45875 0.2764227642276423 0.4525 0.2682926829268293 0.448125 0.25203252032520324 0.445 0.22899728997289973 0.445 0.21951219512195122 0.449375 0.21951219512195122 0.458125 0.23306233062330622 0.46375
1 0.3970189701897019 0.309375 0.4065040650406504 0.30875 0.4281842818428184 0.3025 0.43089430894308944 0.293125 0.42276422764227645 0.289375 0.4010840108401084 0.290625 0.3875338753387534 0.295625 0.38482384823848237 0.305 0.3888888888888889 0.3075 0.3970189701897019 0.309375
1 0.7899728997289973 0.495 0.8116531165311653 0.495 0.8224932249322493 0.491875 0.8279132791327913 0.48625 0.8252032520325203 0.47875 0.8197831978319783 0.475625 0.7926829268292683 0.47625 0.7791327913279132 0.485 0.7845528455284553 0.493125 0.7899728997289973 0.495
1 0.3888888888888889 0.400625 0.4065040650406504 0.400625 0.4146341463414634 0.3975 0.4146341463414634 0.384375 0.4010840108401084 0.379375 0.38346883468834686 0.379375 0.37398373983739835 0.385 0.3794037940379404 0.398125 0.3888888888888889 0.400625
1 0.45528455284552843 0.350625 0.46612466124661245 0.353125 0.4742547425474255 0.350625 0.4878048780487805 0.350625 0.4878048780487805 0.33625 0.47696476964769646 0.33375 0.45799457994579945 0.33375 0.44715447154471544 0.33875 0.4444444444444444 0.344375 0.45528455284552843 0.350625
1 0.3170731707317073 0.478125 0.34417344173441733 0.47875 0.35907859078590787 0.47375 0.3685636856368564 0.473125 0.36720867208672087 0.466875 0.34417344173441733 0.46125 0.3170731707317073 0.46125 0.3062330623306233 0.46875 0.3062330623306233 0.471875 0.3170731707317073 0.478125
1 0.7005420054200542 0.384375 0.7140921409214093 0.379375 0.7195121951219512 0.375 0.7195121951219512 0.36625 0.7113821138211383 0.3625 0.6978319783197832 0.3625 0.6829268292682927 0.365625 0.6707317073170732 0.375 0.6761517615176151 0.383125 0.7005420054200542 0.384375
1 0.6680216802168022 0.75625 0.6842818428184282 0.75625 0.6978319783197832 0.748125 0.6951219512195121 0.7375 0.6869918699186992 0.733125 0.6598915989159891 0.73375 0.6490514905149052 0.740625 0.6517615176151762 0.75 0.6680216802168022 0.75625
1 0.3523035230352303 0.285625 0.36585365853658536 0.28625 0.3794037940379404 0.280625 0.3794037940379404 0.26625 0.3685636856368564 0.261875 0.35907859078590787 0.261875 0.34146341463414637 0.268125 0.34146341463414637 0.278125 0.3523035230352303 0.285625
1 0.6626016260162602 0.65375 0.6734417344173442 0.650625 0.6815718157181572 0.644375 0.6788617886178862 0.634375 0.6626016260162602 0.63 0.6463414634146342 0.63125 0.6355013550135501 0.639375 0.6395663956639567 0.650625 0.6626016260162602 0.65375
1 0.559620596205962 0.345625 0.573170731707317 0.345625 0.5867208672086721 0.338125 0.5840108401084011 0.33 0.5704607046070461 0.323125 0.5555555555555556 0.325 0.5487804878048781 0.3325 0.5487804878048781 0.34125 0.559620596205962 0.345625
1 0.6869918699186992 0.63625 0.7059620596205962 0.636875 0.7113821138211383 0.635 0.7222222222222222 0.62625 0.7195121951219512 0.618125 0.7140921409214093 0.615 0.6897018970189702 0.61625 0.6788617886178862 0.625 0.6788617886178862 0.63125 0.6869918699186992 0.63625
1 0.8902439024390244 0.56875 0.8983739837398373 0.57375 0.9119241192411924 0.57875 0.9214092140921409 0.579375 0.9363143631436315 0.579375 0.9417344173441734 0.57625 0.9390243902439024 0.564375 0.9281842818428184 0.558125 0.9092140921409214 0.55375 0.8929539295392954 0.55625 0.8875338753387534 0.5625 0.8902439024390244 0.56875
1 0.8577235772357723 0.726875 0.8712737127371274 0.731875 0.8929539295392954 0.7325 0.9065040650406504 0.726875 0.9024390243902439 0.7175 0.8848238482384824 0.711875 0.8712737127371274 0.711875 0.8672086720867209 0.718125 0.8577235772357723 0.7225 0.8577235772357723 0.726875
1 0.2872628726287263 0.410625 0.3035230352303523 0.418125 0.3143631436314363 0.418125 0.3252032520325203 0.414375 0.33604336043360433 0.403125 0.3333333333333333 0.39375 0.32791327913279134 0.39125 0.3143631436314363 0.39 0.3035230352303523 0.39125 0.2926829268292683 0.39625 0.2872628726287263 0.410625
1 0.8956639566395664 0.3275 0.9065040650406504 0.324375 0.9092140921409214 0.314375 0.9037940379403794 0.31 0.8875338753387534 0.31 0.8712737127371274 0.315 0.8712737127371274 0.324375 0.8780487804878049 0.3275 0.8956639566395664 0.3275
1 0.21544715447154472 0.424375 0.23035230352303523 0.424375 0.24525745257452575 0.42 0.24932249322493225 0.41625 0.24932249322493225 0.408125 0.24390243902439024 0.40375 0.2181571815718157 0.403125 0.2086720867208672 0.405 0.2005420054200542 0.410625 0.20596205962059622 0.421875 0.21544715447154472 0.424375
1 0.6761517615176151 0.33125 0.6951219512195121 0.324375 0.6951219512195121 0.31 0.6815718157181572 0.3075 0.6626016260162602 0.3125 0.6544715447154471 0.323125 0.6612466124661247 0.330625 0.6761517615176151 0.33125
1 0.8387533875338753 0.676875 0.8550135501355014 0.681875 0.8658536585365854 0.681875 0.8739837398373984 0.6775 0.8712737127371274 0.6675 0.8631436314363143 0.6625 0.8468834688346883 0.659375 0.8346883468834688 0.660625 0.8306233062330624 0.664375 0.8387533875338753 0.676875
1 0.4037940379403794 0.561875 0.4254742547425474 0.56 0.43089430894308944 0.555 0.4281842818428184 0.545625 0.4146341463414634 0.540625 0.39295392953929537 0.540625 0.38482384823848237 0.546875 0.38482384823848237 0.556875 0.4037940379403794 0.561875
1 0.592140921409214 0.32875 0.6138211382113821 0.326875 0.6219512195121951 0.321875 0.6192411924119241 0.3125 0.6084010840108401 0.306875 0.5894308943089431 0.3075 0.5785907859078591 0.3125 0.5813008130081301 0.324375 0.592140921409214 0.32875
1 0.18699186991869918 0.605 0.20596205962059622 0.605625 0.21680216802168023 0.601875 0.2140921409214092 0.58875 0.2086720867208672 0.585 0.1951219512195122 0.581875 0.17886178861788618 0.584375 0.17615176151761516 0.598125 0.18699186991869918 0.605
1 0.38482384823848237 0.62 0.41192411924119243 0.62 0.42276422764227645 0.615 0.4173441734417344 0.605 0.4037940379403794 0.600625 0.3875338753387534 0.600625 0.37669376693766937 0.605 0.37398373983739835 0.614375 0.38482384823848237 0.62
1 0.6720867208672087 0.53125 0.7005420054200542 0.530625 0.7113821138211383 0.525625 0.7086720867208672 0.51875 0.6951219512195121 0.514375 0.6761517615176151 0.515 0.6653116531165312 0.521875 0.6653116531165312 0.529375 0.6720867208672087 0.53125
1 0.28184281842818426 0.57125 0.3089430894308943 0.56875 0.3143631436314363 0.5625 0.3130081300813008 0.55625 0.3062330623306233 0.5525 0.2791327913279133 0.550625 0.2682926829268293 0.553125 0.26558265582655827 0.564375 0.28184281842818426 0.57125
1 0.6029810298102981 0.425 0.6192411924119241 0.431875 0.6463414634146342 0.4325 0.6598915989159891 0.42875 0.6598915989159891 0.418125 0.6436314363143631 0.411875 0.6219512195121951 0.411875 0.6124661246612466 0.413125 0.6029810298102981 0.418125 0.6029810298102981 0.425
1 0.6924119241192412 0.355625 0.7140921409214093 0.355625 0.7222222222222222 0.35125 0.7195121951219512 0.34125 0.7086720867208672 0.33625 0.6869918699186992 0.33625 0.6761517615176151 0.34125 0.6761517615176151 0.34625 0.6924119241192412 0.355625
1 0.34146341463414637 0.403125 0.3604336043360434 0.409375 0.37669376693766937 0.40625 0.37669376693766937 0.395625 0.35772357723577236 0.3875 0.34417344173441733 0.3875 0.33604336043360433 0.39125 0.33604336043360433 0.3975 0.34146341463414637 0.403125
1 0.4105691056910569 0.75875 0.42005420054200543 0.76125 0.4444444444444444 0.76125 0.44986449864498645 0.759375 0.44715447154471544 0.748125 0.43089430894308944 0.743125 0.41192411924119243 0.743125 0.4037940379403794 0.74625 0.4037940379403794 0.75375 0.4105691056910569 0.75875
1 0.2899728997289973 0.586875 0.3062330623306233 0.58625 0.3224932249322493 0.58125 0.3224932249322493 0.5725 0.3116531165311653 0.56875 0.2899728997289973 0.569375 0.2791327913279133 0.574375 0.28184281842818426 0.584375 0.2899728997289973 0.586875
1 0.8387533875338753 0.72 0.8577235772357723 0.721875 0.8672086720867209 0.718125 0.8712737127371274 0.713125 0.8685636856368564 0.706875 0.8577235772357723 0.6975 0.8346883468834688 0.695625 0.8252032520325203 0.701875 0.8252032520325203 0.711875 0.8387533875338753 0.72
1 0.25474254742547425 0.439375 0.26287262872628725 0.443125 0.2791327913279133 0.445625 0.3062330623306233 0.445 0.3143631436314363 0.441875 0.3116531165311653 0.434375 0.2953929539295393 0.4275 0.2764227642276423 0.425 0.2682926829268293 0.425 0.25474254742547425 0.42875 0.25474254742547425 0.439375
1 0.5677506775067751 0.7225 0.5867208672086721 0.7225 0.6002710027100271 0.716875 0.6084010840108401 0.71 0.6070460704607046 0.703125 0.592140921409214 0.700625 0.5636856368563685 0.701875 0.551490514905149 0.704375 0.5487804878048781 0.71375 0.5677506775067751 0.7225
1 0.3143631436314363 0.5575 0.32791327913279134 0.556875 0.33604336043360433 0.550625 0.33604336043360433 0.545 0.32791327913279134 0.5375 0.3252032520325203 0.535625 0.31029810298102983 0.535 0.3008130081300813 0.544375 0.3008130081300813 0.551875 0.3143631436314363 0.5575
1 0.7289972899728997 0.44375 0.7655826558265583 0.444375 0.7764227642276422 0.439375 0.7723577235772358 0.4325 0.7574525745257452 0.43 0.7384823848238482 0.43 0.7289972899728997 0.433125 0.7249322493224932 0.438125 0.7289972899728997 0.44375
1 0.4796747967479675 0.285625 0.505420054200542 0.285625 0.521680216802168 0.27875 0.521680216802168 0.27375 0.5149051490514905 0.269375 0.505420054200542 0.2675 0.4823848238482385 0.26875 0.4715447154471545 0.27375 0.46883468834688347 0.28 0.4796747967479675 0.285625
1 0.7764227642276422 0.72375 0.7926829268292683 0.73 0.8116531165311653 0.730625 0.8197831978319783 0.728125 0.8197831978319783 0.716875 0.8130081300813008 0.71125 0.7953929539295393 0.706875 0.7818428184281843 0.706875 0.7737127371273713 0.71125 0.7764227642276422 0.72375
1 0.7222222222222222 0.408125 0.7384823848238482 0.405625 0.7493224932249323 0.3975 0.7466124661246613 0.39 0.7384823848238482 0.386875 0.7168021680216802 0.388125 0.7059620596205962 0.395 0.7059620596205962 0.40375 0.7222222222222222 0.408125
1 0.25745257452574527 0.545 0.26558265582655827 0.550625 0.2791327913279133 0.551875 0.2981029810298103 0.546875 0.3062330623306233 0.535625 0.3035230352303523 0.5325 0.2953929539295393 0.529375 0.27371273712737126 0.52875 0.26287262872628725 0.5325 0.25745257452574527 0.5375 0.25745257452574527 0.545
1 0.7764227642276422 0.588125 0.7926829268292683 0.58375 0.7926829268292683 0.571875 0.7710027100271003 0.569375 0.7601626016260162 0.5725 0.7520325203252033 0.581875 0.7628726287262872 0.58875 0.7764227642276422 0.588125
1 0.34427642276422765 0.448986875 0.34271138211382113 0.45548375 0.34271138211382113 0.4590925 0.35679539295392954 0.464145625 0.37714092140921407 0.46198 0.38183604336043364 0.45404000000000005 0.3740108401084011 0.444655625 0.36618563685636857 0.44321187500000003 0.35836043360433606 0.44393375 0.34427642276422765 0.448986875