1 0.2175 0.7317275747508306 0.22875 0.71843853820598 0.230625 0.7117940199335548 0.22875 0.6976744186046512 0.225625 0.6910299003322259 0.216875 0.6835548172757475 0.2025 0.6827242524916943 0.18625 0.696843853820598 0.18625 0.71843853820598 0.19875 0.7325581395348837 0.2075 0.7342192691029901 0.2175 0.7317275747508306
1 0.4 0.4543189368770764 0.40875 0.462624584717608 0.42125 0.46096345514950166 0.430625 0.45514950166112955 0.4375 0.4393687707641196 0.439375 0.42940199335548174 0.4375 0.4119601328903654 0.433125 0.4053156146179402 0.42625 0.4003322259136213 0.420625 0.3995016611295681 0.411875 0.40282392026578073 0.403125 0.4127906976744186 0.398125 0.42524916943521596 0.398125 0.4485049833887043 0.4 0.4543189368770764
1 0.413125 0.3696013289036545 0.42625 0.36794019933554817 0.430625 0.36295681063122925 0.435625 0.3496677740863787 0.435625 0.3330564784053156 0.433125 0.3222591362126246 0.4275 0.3106312292358804 0.418125 0.30564784053156147 0.409375 0.30564784053156147 0.398125 0.31561461794019935 0.395 0.33970099667774084 0.3975 0.35299003322259137 0.405 0.36627906976744184 0.413125 0.3696013289036545
1 0.530625 0.4808970099667774 0.545 0.48255813953488375 0.5525 0.48006644518272423 0.5625 0.47093023255813954 0.565 0.45016611295681064 0.560625 0.4410299003322259 0.548125 0.43023255813953487 0.539375 0.4269102990033223 0.5275 0.42857142857142855 0.521875 0.43438538205980065 0.516875 0.44518272425249167 0.516875 0.45598006644518274 0.521875 0.47093023255813954 0.530625 0.4808970099667774
1 0.285625 0.7799003322259136 0.29125 0.7774086378737541 0.295625 0.771594684385382 0.2975 0.7657807308970099 0.29625 0.7524916943521595 0.28625 0.7383720930232558 0.273125 0.7308970099667774 0.268125 0.7308970099667774 0.2575 0.7416943521594684 0.2575 0.7591362126245847 0.265625 0.7749169435215947 0.275 0.7799003322259136 0.285625 0.7799003322259136
1 0.343125 0.6179401993355482 0.35625 0.6196013289036545 0.365625 0.617109634551495 0.36875 0.6146179401993356 0.373125 0.6038205980066446 0.373125 0.5888704318936877 0.36375 0.5755813953488372 0.355625 0.5697674418604651 0.34625 0.5647840531561462 0.335 0.5647840531561462 0.3275 0.5739202657807309 0.3275 0.5930232558139535 0.329375 0.6021594684385382 0.335625 0.6121262458471761 0.343125 0.6179401993355482
1 0.635 0.675249169435216 0.645625 0.6602990033222591 0.646875 0.6478405315614618 0.644375 0.6420265780730897 0.6375 0.6345514950166113 0.62875 0.6337209302325582 0.620625 0.6387043189368771 0.610625 0.6519933554817275 0.60875 0.6686046511627907 0.613125 0.6785714285714286 0.623125 0.6810631229235881 0.635 0.675249169435216
1 0.303125 0.6112956810631229 0.308125 0.6112956810631229 0.319375 0.5996677740863787 0.325 0.5880398671096345 0.32625 0.5764119601328903 0.3225 0.5622923588039868 0.3175 0.5556478405315615 0.30875 0.5548172757475083 0.299375 0.5606312292358804 0.29625 0.5656146179401993 0.29125 0.5789036544850499 0.290625 0.5930232558139535 0.294375 0.6046511627906976 0.303125 0.6112956810631229
1 0.29875 0.420265780730897 0.308125 0.42524916943521596 0.314375 0.42441860465116277 0.3275 0.4119601328903654 0.329375 0.40780730897009965 0.3275 0.38787375415282394 0.31625 0.3704318936877076 0.31125 0.36794019933554817 0.296875 0.36794019933554817 0.290625 0.37375415282392027 0.288125 0.3803986710963455 0.288125 0.4003322259136213 0.291875 0.4111295681063123 0.29875 0.420265780730897
1 0.4575 0.5406976744186046 0.4575 0.5348837209302325 0.459375 0.532392026578073 0.459375 0.5066445182724253 0.446875 0.49169435215946844 0.43625 0.4925249169435216 0.42875 0.5 0.42375 0.5099667774086378 0.42375 0.5398671096345515 0.433125 0.5548172757475083 0.43875 0.5573089700996677 0.449375 0.5556478405315615 0.4575 0.5406976744186046
1 0.4175 0.21760797342192692 0.425625 0.21511627906976744 0.429375 0.2059800664451827 0.430625 0.19269102990033224 0.428125 0.1818936877076412 0.418125 0.16777408637873753 0.40875 0.16362126245847175 0.401875 0.16362126245847175 0.396875 0.16528239202657807 0.390625 0.17358803986710963 0.39 0.19186046511627908 0.398125 0.20514950166112958 0.4175 0.21760797342192692
1 0.5075 0.7649501661129569 0.52875 0.7649501661129569 0.53875 0.7541528239202658 0.54125 0.7466777408637874 0.54125 0.7367109634551495 0.53625 0.7267441860465116 0.526875 0.7217607973421927 0.506875 0.7242524916943521 0.5025 0.7275747508305648 0.49375 0.7416943521594684 0.496875 0.7541528239202658 0.50125 0.760797342192691 0.5075 0.7649501661129569
1 0.404375 0.5888704318936877 0.41 0.5855481727574751 0.413125 0.5780730897009967 0.413125 0.5556478405315615 0.401875 0.5299003322259136 0.391875 0.5257475083056479 0.384375 0.5257475083056479 0.37625 0.5307308970099668 0.370625 0.5490033222591362 0.37375 0.5714285714285714 0.3875 0.5880398671096345 0.404375 0.5888704318936877
1 0.25375 0.9177740863787376 0.265 0.9102990033222591 0.268125 0.9053156146179402 0.27 0.8953488372093024 0.266875 0.8878737541528239 0.264375 0.8837209302325582 0.256875 0.8803986710963455 0.245625 0.8803986710963455 0.23875 0.8837209302325582 0.230625 0.8953488372093024 0.23125 0.9111295681063123 0.241875 0.9186046511627907 0.25375 0.9177740863787376
1 0.2525 0.5274086378737541 0.26375 0.5274086378737541 0.271875 0.5240863787375415 0.2775 0.5141196013289037 0.279375 0.5049833887043189 0.273125 0.49169435215946844 0.259375 0.48255813953488375 0.251875 0.48172757475083056 0.240625 0.48588039867109634 0.236875 0.4900332225913621 0.23375 0.49916943521594687 0.23625 0.5132890365448505 0.24625 0.5240863787375415 0.2525 0.5274086378737541
1 0.195 0.4119601328903654 0.204375 0.4269102990033223 0.21 0.43023255813953487 0.235 0.4318936877076412 0.243125 0.42524916943521596 0.250625 0.4111295681063123 0.251875 0.4019933554817276 0.245625 0.3853820598006645 0.238125 0.3770764119601329 0.228125 0.3712624584717608 0.2175 0.3704318936877076 0.208125 0.3729235880398671 0.2 0.3795681063122924 0.1925 0.3920265780730897 0.1925 0.40365448504983387 0.195 0.4119601328903654
1 0.46875 0.3961794019933555 0.47625 0.4061461794019934 0.481875 0.40946843853820597 0.495625 0.4111295681063123 0.50625 0.4053156146179402 0.51 0.39867109634551495 0.51 0.38704318936877075 0.503125 0.3787375415282392 0.4975 0.36627906976744184 0.485625 0.3596345514950166 0.47375 0.3596345514950166 0.464375 0.36627906976744184 0.4625 0.3704318936877076 0.4625 0.3812292358803987 0.46875 0.3961794019933555
1 0.23375 0.6287375415282392 0.23875 0.6262458471760798 0.245625 0.6137873754152824 0.24625 0.5913621262458472 0.24 0.5722591362126246 0.22875 0.5622923588039868 0.2175 0.5647840531561462 0.21 0.574750830564784 0.2075 0.5838870431893688 0.2075 0.6029900332225914 0.2125 0.6162790697674418 0.220625 0.6262458471760798 0.23375 0.6287375415282392
1 0.530625 0.38870431893687707 0.53875 0.3862126245847176 0.545625 0.38205980066445183 0.555 0.36710963455149503 0.555 0.3446843853820598 0.551875 0.33970099667774084 0.536875 0.3280730897009967 0.51625 0.3280730897009967 0.505 0.33637873754152825 0.49875 0.34717607973421927 0.49875 0.36710963455149503 0.50625 0.3812292358803987 0.515625 0.38787375415282394 0.530625 0.38870431893687707
1 0.470625 0.6303986710963455 0.47375 0.6362126245847176 0.47875 0.6420265780730897 0.486875 0.6420265780730897 0.5 0.6270764119601329 0.5025 0.6162790697674418 0.5025 0.6046511627906976 0.49875 0.5980066445182725 0.49875 0.5938538205980066 0.495 0.5888704318936877 0.490625 0.5880398671096345 0.479375 0.5888704318936877 0.475625 0.5921926910299004 0.470625 0.6021594684385382 0.470625 0.6303986710963455
1 0.54375 0.6495016611295681 0.558125 0.6478405315614618 0.561875 0.6461794019933554 0.565 0.6395348837209303 0.56625 0.6204318936877077 0.5575 0.6054817275747508 0.536875 0.6004983388704319 0.53125 0.6029900332225914 0.526875 0.6096345514950167 0.524375 0.617109634551495 0.524375 0.6262458471760798 0.529375 0.6395348837209303 0.53625 0.6470099667774086 0.54375 0.6495016611295681
1 0.47625 0.5398671096345515 0.488125 0.53156146179402 0.495625 0.5174418604651163 0.498125 0.5083056478405316 0.49625 0.4958471760797342 0.49 0.4867109634551495 0.47875 0.48588039867109634 0.47125 0.49169435215946844 0.464375 0.5033222591362126 0.460625 0.5149501661129569 0.460625 0.5290697674418605 0.46875 0.5382059800664452 0.47625 0.5398671096345515
1 0.486875 0.48006644518272423 0.5025 0.4950166112956811 0.50625 0.4941860465116279 0.515 0.48588039867109634 0.516875 0.48006644518272423 0.518125 0.46096345514950166 0.515 0.44518272425249167 0.51 0.436046511627907 0.49875 0.42441860465116277 0.49375 0.42358803986710963 0.486875 0.4277408637873754 0.48125 0.4368770764119601 0.480625 0.4418604651162791 0.48125 0.4684385382059801 0.486875 0.48006644518272423
1 0.41125 0.9310631229235881 0.423125 0.9310631229235881 0.43375 0.9269102990033222 0.4425 0.915282392026578 0.444375 0.9061461794019934 0.44125 0.8953488372093024 0.433125 0.8870431893687708 0.4225 0.882890365448505 0.405 0.8878737541528239 0.3975 0.8953488372093024 0.391875 0.909468438538206 0.393125 0.9169435215946844 0.398125 0.925249169435216 0.41125 0.9310631229235881
1 0.266875 0.3023255813953488 0.2825 0.29401993355481726 0.285625 0.28903654485049834 0.288125 0.2840531561461794 0.288125 0.26411960132890366 0.279375 0.25083056478405313 0.264375 0.24750830564784054 0.2575 0.25083056478405313 0.2525 0.25664451827242524 0.25 0.26411960132890366 0.25 0.2807308970099668 0.25625 0.29651162790697677 0.266875 0.3023255813953488
1 0.2475 0.5897009966777409 0.253125 0.5930232558139535 0.26 0.5930232558139535 0.27 0.5872093023255814 0.285 0.5672757475083057 0.288125 0.5589700996677741 0.288125 0.542358803986711 0.279375 0.5299003322259136 0.26625 0.5290697674418605 0.261875 0.5299003322259136 0.255625 0.5365448504983389 0.246875 0.5506644518272426 0.24375 0.5581395348837209 0.241875 0.574750830564784 0.2475 0.5897009966777409
1 0.59875 0.6478405315614618 0.59875 0.6295681063122923 0.591875 0.6212624584717608 0.5825 0.6212624584717608 0.575625 0.6245847176079734 0.568125 0.6345514950166113 0.565625 0.6453488372093024 0.568125 0.6561461794019934 0.57625 0.6636212624584718 0.590625 0.6611295681063123 0.59875 0.6478405315614618
1 0.53375 0.5149501661129569 0.53375 0.48754152823920266 0.52875 0.4808970099667774 0.518125 0.4808970099667774 0.5025 0.5 0.50125 0.5132890365448505 0.503125 0.5232558139534884 0.513125 0.5348837209302325 0.520625 0.5340531561461794 0.528125 0.5282392026578073 0.53375 0.5149501661129569
1 0.3275 0.5174418604651163 0.331875 0.5049833887043189 0.331875 0.4958471760797342 0.3225 0.48421926910299 0.3125 0.48255813953488375 0.301875 0.4867109634551495 0.29625 0.49169435215946844 0.288125 0.5099667774086378 0.28875 0.526578073089701 0.296875 0.5332225913621262 0.3175 0.5282392026578073 0.3275 0.5174418604651163
1 0.569375 0.6179401993355482 0.576875 0.6204318936877077 0.59375 0.6187707641196013 0.59875 0.6112956810631229 0.599375 0.590531561461794 0.593125 0.579734219269103 0.588125 0.5764119601328903 0.580625 0.5739202657807309 0.57 0.574750830564784 0.56125 0.579734219269103 0.558125 0.584717607973422 0.558125 0.6029900332225914 0.5625 0.6121262458471761 0.569375 0.6179401993355482
1 0.555 0.579734219269103 0.56 0.579734219269103 0.5725 0.5730897009966778 0.57625 0.5689368770764119 0.575 0.5647840531561462 0.579375 0.5581395348837209 0.580625 0.5473421926910299 0.5775 0.5348837209302325 0.5725 0.5274086378737541 0.565 0.5232558139534884 0.550625 0.5257475083056479 0.54375 0.5332225913621262 0.53875 0.5473421926910299 0.54 0.5689368770764119 0.546875 0.5764119601328903 0.555 0.579734219269103
1 0.259375 0.696843853820598 0.264375 0.6943521594684385 0.275 0.6794019933554817 0.27625 0.6686046511627907 0.274375 0.6644518272425249 0.26625 0.6619601328903655 0.251875 0.6495016611295681 0.24125 0.6553156146179402 0.23375 0.6661129568106312 0.235 0.686046511627907 0.239375 0.6918604651162791 0.24875 0.696843853820598 0.259375 0.696843853820598
1 0.37125 0.48588039867109634 0.380625 0.49169435215946844 0.39 0.489202657807309 0.395 0.4833887043189369 0.39625 0.45930232558139533 0.391875 0.44518272425249167 0.381875 0.43521594684385384 0.376875 0.4335548172757475 0.370625 0.4368770764119601 0.36375 0.44518272425249167 0.361875 0.4543189368770764 0.361875 0.46677740863787376 0.365625 0.4792358803986711 0.37125 0.48588039867109634
1 0.2075 0.6744186046511628 0.21875 0.6727574750830565 0.223125 0.6661129568106312 0.2225 0.6345514950166113 0.213125 0.6204318936877077 0.204375 0.6129568106312292 0.195625 0.6121262458471761 0.19 0.6146179401993356 0.184375 0.6212624584717608 0.183125 0.6411960132890365 0.1875 0.6586378737541528 0.1925 0.6661129568106312 0.2075 0.6744186046511628
1 0.245625 0.4377076411960133 0.24875 0.45099667774086377 0.2575 0.46511627906976744 0.26625 0.47093023255813954 0.276875 0.47093023255813954 0.2825 0.4676079734219269 0.288125 0.4584717607973422 0.29 0.4526578073089701 0.29 0.44019933554817275 0.288125 0.43106312292358806 0.279375 0.4152823920265781 0.27 0.40780730897009965 0.261875 0.40780730897009965 0.251875 0.4119601328903654 0.24875 0.4161129568106312 0.245625 0.4269102990033223 0.245625 0.4377076411960133
1 0.40875 0.5157807308970099 0.420625 0.5157807308970099 0.424375 0.5066445182724253 0.441875 0.4867109634551495 0.441875 0.47259136212624586 0.435625 0.46096345514950166 0.426875 0.4601328903654485 0.420625 0.4642857142857143 0.40875 0.46677740863787376 0.403125 0.4742524916943522 0.4 0.4850498338870432 0.4 0.5016611295681063 0.401875 0.5091362126245847 0.40875 0.5157807308970099
1 0.466875 0.7774086378737541 0.47875 0.7832225913621262 0.485 0.7807308970099668 0.490625 0.7749169435215947 0.490625 0.770764119601329 0.495625 0.7599667774086378 0.493125 0.7408637873754153 0.485625 0.7317275747508306 0.4775 0.7267441860465116 0.46875 0.7275747508305648 0.46125 0.7350498338870431 0.459375 0.739202657807309 0.459375 0.7632890365448505 0.466875 0.7774086378737541
1 0.626875 0.8189368770764119 0.641875 0.8172757475083057 0.65375 0.8039867109634552 0.655625 0.7973421926910299 0.65375 0.7848837209302325 0.65125 0.7799003322259136 0.644375 0.7749169435215947 0.628125 0.771594684385382 0.615625 0.7807308970099668 0.613125 0.7857142857142857 0.613125 0.8023255813953488 0.615625 0.8081395348837209 0.626875 0.8189368770764119
1 0.374375 0.39867109634551495 0.3875 0.39867109634551495 0.391875 0.3978405315614618 0.396875 0.3903654485049834 0.3975 0.38205980066445183 0.395 0.3696013289036545 0.38375 0.3521594684385382 0.375625 0.34551495016611294 0.365625 0.3446843853820598 0.35625 0.35299003322259137 0.354375 0.3596345514950166 0.35625 0.3787375415282392 0.366875 0.3953488372093023 0.374375 0.39867109634551495
1 0.423125 0.7799003322259136 0.429375 0.7890365448504983 0.435 0.792358803986711 0.44125 0.7915282392026578 0.454375 0.7799003322259136 0.456875 0.7740863787375415 0.45875 0.7558139534883721 0.4575 0.7450166112956811 0.454375 0.7383720930232558 0.444375 0.7275747508305648 0.44 0.7259136212624585 0.43375 0.7267441860465116 0.42375 0.7358803986710963 0.41875 0.7466777408637874 0.418125 0.7657807308970099 0.423125 0.7799003322259136
1 0.38 0.7774086378737541 0.3875 0.7790697674418605 0.395 0.776578073089701 0.40625 0.7591362126245847 0.41 0.7475083056478405 0.41 0.7267441860465116 0.401875 0.7126245847176079 0.395 0.7059800664451827 0.384375 0.7059800664451827 0.3775 0.7093023255813954 0.373125 0.7134551495016611 0.366875 0.7259136212624585 0.366875 0.7616279069767442 0.37375 0.7732558139534884 0.38 0.7774086378737541
1 0.2625 0.6586378737541528 0.271875 0.6627906976744186 0.27875 0.6619601328903655 0.290625 0.6445182724252492 0.29 0.6237541528239202 0.279375 0.6088039867109635 0.275 0.6054817275747508 0.264375 0.6038205980066446 0.2575 0.606312292358804 0.251875 0.6129568106312292 0.24875 0.6229235880398671 0.24875 0.6345514950166113 0.251875 0.6461794019933554 0.2625 0.6586378737541528
1 0.418125 0.2807308970099668 0.430625 0.2616279069767442 0.43125 0.24833887043189368 0.428125 0.23920265780730898 0.413125 0.2292358803986711 0.405625 0.23089700996677742 0.399375 0.2367109634551495 0.391875 0.2541528239202658 0.393125 0.27408637873754155 0.40375 0.28488372093023256 0.41 0.28488372093023256 0.418125 0.2807308970099668
1 0.31125 0.7300664451827242 0.321875 0.7333887043189369 0.331875 0.7317275747508306 0.33875 0.7225913621262459 0.339375 0.7059800664451827 0.33375 0.6935215946843853 0.324375 0.6827242524916943 0.3125 0.6769102990033222 0.3 0.6777408637873754 0.293125 0.6827242524916943 0.29 0.7009966777408638 0.29375 0.7126245847176079 0.29875 0.7200996677740864 0.31125 0.7300664451827242
1 0.22125 0.48421926910299 0.22875 0.48421926910299 0.23375 0.48172757475083056 0.240625 0.4700996677740864 0.24125 0.46096345514950166 0.23875 0.4485049833887043 0.228125 0.43272425249169433 0.215625 0.4318936877076412 0.205625 0.4418604651162791 0.203125 0.45016611295681064 0.203125 0.4601328903654485 0.205625 0.4676079734219269 0.214375 0.48006644518272423 0.22125 0.48421926910299
1 0.255 0.39700996677740863 0.27 0.4011627906976744 0.279375 0.39368770764119604 0.28625 0.3803986710963455 0.28625 0.36212624584717606 0.28 0.34219269102990035 0.27 0.33056478405315615 0.2625 0.3280730897009967 0.25625 0.3289036544850498 0.24875 0.33637873754152825 0.24375 0.3521594684385382 0.24375 0.37209302325581395 0.246875 0.3845514950166113 0.255 0.39700996677740863
0 0.55625 0.1018031561461794 0.548214375 0.13502574750830565 0.548214375 0.16943521594684385 0.56517875 0.20384468438538206 0.59017875 0.22520182724252488 0.619643125 0.2346935215946844 0.641964375 0.22282890365448504 0.669643125 0.18841943521594684 0.675 0.16350249169435216 0.67857125 0.11010880398671097 0.6625 0.0875656146179402 0.64375 0.06383471760797342 0.611606875 0.05196926910299003 0.599106875 0.057901993355481726 0.56607125 0.07095431893687708 0.55625 0.1018031561461794